/*--------------------------------*- C++ -*----------------------------------*\
| =========                 |                                                 |
| \\      /  F ield         | OpenFOAM: The Open Source CFD Toolbox           |
|  \\    /   O peration     | Version:  2412                                  |
|   \\  /    A nd           | Website:  www.openfoam.com                      |
|    \\/     M anipulation  |                                                 |
\*---------------------------------------------------------------------------*/
FoamFile
{
    version     2.0;
    format      ascii;
    arch        "LSB;label=32;scalar=64";
    note        "nPoints:3052  nCells:2634  nFaces:9427  nInternalFaces:3743";
    class       labelList;
    location    "constant/polyMesh";
    object      neighbour;
}
// * * * * * * * * * * * * * * * * * * * * * * * * * * * * * * * * * * * * * //


3743
(
161
196
647
162
197
648
56
347
2351
57
348
2352
50
2066
2134
145
1509
2222
176
716
2132
132
320
1208
133
321
1207
67
1125
1343
252
772
2579
70
1370
1463
95
333
1036
231
1233
2330
237
1234
2331
40
400
1094
73
778
1346
74
777
1372
94
891
1029
263
925
2030
264
924
2029
129
546
1765
140
564
1067
139
565
1066
81
408
1121
80
407
1122
496
1861
2427
497
1862
2428
86
688
1375
87
687
1374
232
368
1779
233
367
1778
242
1531
2633
142
211
1579
143
212
1578
88
183
2419
89
182
2420
90
148
1351
91
149
1350
199
312
1336
886
2276
257
345
1269
258
346
1268
215
841
1929
110
983
1525
111
982
1524
322
1419
1761
115
1366
1454
114
1367
1455
82
1018
1772
322
1005
147
933
1185
146
934
1184
65
171
1332
201
544
989
200
545
988
149
1285
148
1286
150
252
502
99
135
512
98
136
513
100
209
591
293
606
1616
179
581
1873
180
582
1874
968
1225
269
921
1394
689
241
415
731
219
1958
2276
726
386
995
1481
385
994
1482
709
710
152
1082
1611
153
1081
1610
586
973
1006
340
604
2517
236
886
1936
2018
2206
2017
2207
1130
1656
222
253
2354
223
254
2355
100
279
431
900
899
1066
1549
1067
1550
883
884
106
1380
2301
107
1381
2300
1072
1674
1071
1673
542
765
2563
543
764
2564
164
719
165
720
198
451
679
1640
452
680
1641
166
1205
1806
670
712
2439
671
713
2438
193
1821
194
1822
167
1657
1691
168
1658
1692
781
1768
782
1769
534
1283
1945
535
1284
1946
953
954
568
763
2562
727
1697
1886
728
1698
1885
198
1764
1811
766
1385
1431
380
1424
1924
481
526
790
482
527
789
459
622
866
220
498
2142
221
379
499
246
1749
1978
247
1750
1979
1616
207
1360
1495
206
1356
1496
1997
2574
1998
2573
208
714
1344
154
246
155
247
177
1308
2138
178
1309
2137
489
488
216
1347
1747
611
1714
612
1715
261
1753
2055
262
756
1217
2052
1218
2053
874
873
163
261
228
1363
1847
856
1766
857
1767
405
441
406
440
238
1208
1357
239
1207
1353
197
303
939
196
304
938
245
838
1345
172
967
173
966
402
470
300
2573
299
2574
351
2058
1965
2207
1964
2206
211
2181
2184
212
2182
2185
662
717
1688
2329
1689
2328
463
684
1691
464
683
1692
2244
2498
1578
1579
1181
1192
1180
1193
755
2143
2612
2050
2090
2049
2091
293
2187
2280
278
2178
2613
618
2036
2076
619
2037
2077
427
509
826
428
510
825
537
595
705
536
596
706
632
644
742
810
1666
811
1667
209
262
431
1152
1151
891
763
1594
263
1178
264
1179
267
521
1724
268
520
1723
511
1140
1536
704
1139
1535
1031
1032
1033
962
645
740
748
1309
1308
305
1223
2483
306
1224
2482
1690
2032
1039
486
1226
1470
487
1227
1471
1814
2296
630
1288
631
1287
483
560
484
561
301
1184
1376
302
1185
1348
414
458
844
413
457
845
1065
288
561
1725
287
560
1726
1518
1712
808
2171
807
2172
318
1516
2317
319
1517
2318
1754
1994
1523
1720
1083
1084
495
1678
2155
984
1760
2153
327
1269
1371
328
1268
1369
1097
877
876
500
831
1530
806
1704
2486
416
908
1178
417
909
1179
558
1517
1771
1516
1770
342
935
1484
490
1333
1815
765
1708
764
1709
457
861
1962
458
860
1963
875
1055
2565
2566
460
803
1117
461
867
1005
1912
2241
1913
2240
1529
2059
501
885
1563
469
880
1146
468
881
1145
403
961
1098
411
969
1168
412
970
1167
537
858
1245
536
859
1246
1988
2102
462
529
1006
2133
912
1081
1109
913
1082
1108
325
927
2526
326
928
2525
538
940
1260
539
941
1259
2249
2354
2250
2355
323
2424
324
2423
607
1285
1476
608
1286
1477
1765
550
707
946
549
708
945
547
944
1153
548
947
1154
341
502
1318
405
2312
406
2311
1100
1099
826
2545
825
2546
854
1466
853
1465
568
791
1521
421
1358
1394
422
1361
1754
542
799
1515
543
800
1514
2007
2562
360
553
662
902
949
1490
901
948
1489
646
862
1494
644
863
1506
2204
2227
2205
2226
720
2408
719
2407
2404
1250
1397
1251
1396
2422
2467
2421
2468
1119
1120
361
763
814
485
725
2296
349
964
1056
350
965
1057
1840
2174
643
956
1523
645
955
1518
465
1336
1373
466
1337
1354
650
967
1152
649
966
1151
895
1029
772
833
559
1389
381
1311
2095
382
1310
2096
2026
2563
2027
2564
1511
2113
1510
2112
480
499
498
2197
571
2239
362
829
905
363
830
904
818
1197
2392
819
1198
2393
701
936
1670
700
937
1671
397
764
843
396
765
842
855
1560
791
1003
1047
1296
1046
1295
964
999
1186
965
1000
1705
852
1052
1342
913
1197
912
1198
544
1791
2347
545
1792
2348
692
747
2252
693
746
2253
394
649
1021
395
650
1022
702
986
1683
703
985
1682
579
864
1201
580
865
1202
480
2057
2134
2173
851
1115
850
1114
681
774
1137
682
773
1138
889
974
890
975
474
1959
473
1960
998
2298
987
2299
446
815
1522
652
839
1575
651
840
1574
850
1812
851
1813
799
1011
800
1012
564
2203
565
2202
1958
562
1920
558
1974
470
794
875
1964
1965
506
1919
505
1918
1980
1981
1746
1745
673
1853
530
531
425
1292
1615
426
1293
1614
605
1006
1130
1131
771
957
1140
770
958
1139
797
1744
798
1743
633
634
532
2321
533
2322
553
1956
732
1009
1205
588
2333
587
2334
663
2316
664
2315
731
1015
1129
733
1016
1105
471
472
689
2254
726
2132
710
2350
709
2349
1163
1795
820
2003
2372
821
2002
2371
735
1077
1839
734
1078
1838
1274
1470
1275
1471
788
992
1299
787
993
1300
610
1985
609
1986
1896
1895
1228
1719
1699
1700
891
894
869
1664
868
1663
1161
1162
822
1039
1203
1776
1775
834
876
835
877
1383
1406
1382
1405
498
1637
2223
499
1636
2224
789
1013
1317
790
1014
1316
1956
2232
1186
1144
1143
1995
1996
815
2035
1850
2365
1851
2366
631
1636
630
1637
2155
2463
513
569
960
512
570
959
853
1156
1608
854
1150
1609
2008
2382
1784
2487
1785
2488
1646
1645
1753
519
929
1790
518
930
1789
542
2264
543
2263
682
830
1069
681
829
1070
1339
1338
1483
2395
1749
1750
792
2329
793
2328
818
1865
2388
819
1866
2389
770
1183
771
1182
2269
2270
2023
2265
2024
2266
783
2343
784
2342
1188
1930
1189
1931
762
2031
761
804
1111
805
1110
1417
1426
1418
1427
2065
2379
2064
2380
1595
1596
556
1175
1226
557
1176
1227
909
908
1177
1703
1633
1634
2358
2359
808
2309
807
2310
1430
1919
2228
1918
2229
2365
2366
2289
592
962
568
2260
817
838
2288
2420
2419
1445
2409
585
1219
1493
719
991
720
990
1818
2397
1009
2381
1016
2383
1015
2382
993
2316
992
2315
1013
2366
1014
2365
1465
2493
1466
2494
1235
2275
1236
2274
1155
1206
1631
766
2302
2178
1036
2174
1441
1461
1442
1462
900
2340
899
2339
592
1764
1164
863
2334
862
2333
1048
2307
1049
2308
954
2203
953
2202
884
2023
883
2024
714
832
2287
958
2299
957
2298
2031
897
1036
1128
1999
873
1174
874
1173
1440
1443
1439
1444
1980
2384
1981
2385
955
2310
956
2309
1180
1185
2053
1181
1184
2052
1030
1342
2154
1260
1527
1259
1526
936
2322
937
2321
1118
2532
985
2342
986
2343
1145
1861
1879
1146
1862
1880
1650
2132
1231
1875
2370
1232
1876
2369
1665
2088
1510
1741
1511
1742
1032
2337
1031
2338
1084
2335
1083
2336
1065
2409
1039
2383
1033
2381
1097
2382
1545
1548
666
2546
665
2545
873
884
874
883
1578
1981
1579
1980
1103
1648
2248
1104
1647
2247
1483
1661
1937
944
2335
947
2336
946
2337
945
2338
1392
1540
1677
1541
1676
1104
1701
1103
1702
1920
2259
966
2328
967
2329
1488
1967
1487
1968
831
2254
963
1804
1675
2178
1100
2418
1119
2411
1120
2412
1099
2417
1589
1825
1590
1826
1964
1965
1212
2348
1213
2347
828
1599
827
1600
2256
859
2349
858
2350
736
738
737
739
1131
2235
1161
2414
1162
2429
1130
2479
1272
2412
1273
2411
1857
1858
1497
1498
1735
2430
1024
1023
1050
2620
1051
2619
1687
1686
885
2302
1960
1959
1206
803
2479
2360
2413
855
1256
1327
2414
940
2340
941
2339
801
952
1475
802
951
1474
1958
2413
1969
2111
1970
2110
848
1159
1274
849
1160
1275
1751
1672
1144
1143
1001
1842
1002
1841
759
1364
760
1365
1718
2083
1616
1974
1172
1150
1650
844
2269
845
2270
1214
1251
1215
1250
1187
880
2418
881
2417
1156
1675
1000
1626
999
1327
867
2429
2302
2344
962
1484
866
1091
1817
1626
2235
1213
1212
1505
2121
1508
1977
2612
1938
1985
1939
1986
872
963
1080
1425
910
2431
911
2432
1995
2100
1996
2099
1058
2039
1059
2038
908
2348
909
2347
1413
2122
1414
2123
1546
1832
1547
1831
949
1273
948
1272
1554
1555
1890
1561
2399
1562
2400
1172
1138
2278
1137
2277
1606
1607
1903
1902
1281
1473
1282
1472
2601
1023
1024
2254
2510
1558
1559
1116
1420
1713
1276
1971
1277
1972
930
1106
1270
929
1107
1271
1026
1565
1008
1187
1258
1382
2436
2435
1682
1781
1683
1780
1384
1747
1242
2277
1243
2278
2045
2046
971
2320
972
2319
2510
1383
1404
1027
1621
1432
1433
1058
1448
2367
1059
1449
2368
1635
1173
1794
1174
1793
1586
1917
1044
1612
1045
1613
2621
2622
904
1587
1838
905
1588
1839
1825
2604
1826
2603
1391
1390
984
1877
1485
2108
1486
2109
2569
2570
1721
2536
1722
2537
2512
2511
1629
1628
1220
2584
1756
1755
1403
1716
2005
1402
1717
2006
1030
1209
1043
1112
1113
1250
2252
1251
2253
2587
2588
998
1068
2101
2344
1581
1261
1625
1262
1624
1492
1491
1230
1456
1915
1229
1457
1916
1492
1620
1307
1619
1491
2007
2260
2282
2281
1472
1473
1909
2289
1069
1070
2027
2263
2026
2264
1126
2375
1127
2376
2435
2436
1440
2300
1439
2301
1383
2287
1382
2288
987
1085
1478
1221
1341
1534
1222
1340
1533
961
1358
1475
1809
1950
1474
1810
1949
1429
1827
1428
1828
1062
1312
1573
2338
2502
2337
2503
1434
1435
1101
1850
2072
1102
1851
2073
970
1348
969
1376
1591
2085
2522
2521
1338
2095
1339
2096
2402
2401
1998
2311
1997
2312
2010
2502
2503
2011
1785
1784
1010
1247
1994
1238
1305
1239
1306
1297
1298
2629
2630
2395
2430
1321
1415
1322
1416
1447
1580
2042
1418
1538
1417
1539
2089
2192
1398
1399
1124
1821
1971
1123
1822
1972
1112
1663
2362
1113
1664
2361
1078
2423
1077
2424
1211
1278
1210
1279
1447
2555
2554
2609
1304
1828
1303
1827
1061
2016
1060
2015
2577
2578
1308
2461
1309
2460
1272
1785
2519
1273
1784
2520
2602
1760
1761
2119
2500
2120
2499
1467
1507
1149
1333
1583
1797
1419
2066
2332
2259
2507
2624
1379
1581
1459
1569
1460
1568
1851
1850
2008
2492
1220
1400
1438
1394
2059
1418
2320
1417
2319
1433
1432
1694
1693
1513
1551
2078
1313
1467
1331
1379
1735
1816
2028
1811
1447
2422
2421
1155
1430
2341
1544
1602
2071
1193
1618
2053
1192
1617
2052
1171
1632
2059
1214
1396
1468
1215
1397
1469
1522
2035
1334
1459
1335
1460
1554
1555
1614
1993
1615
1992
1737
2610
1736
2611
1095
1818
1510
2352
1511
2351
2222
1624
1625
2509
2508
1322
1377
1321
1378
1330
1528
1381
1429
1443
1380
1428
1444
1852
1871
1872
1898
1126
1127
1481
1491
1482
1492
1279
1453
1479
1278
1452
1480
1165
1297
1455
1166
1298
1454
2516
2515
1258
1405
1464
1672
1411
1412
1500
1501
1908
1105
1388
2618
1561
2370
1562
2369
1505
2356
1508
2357
1438
2211
1547
2368
1546
2367
1936
1445
1327
1760
2550
1678
1529
2291
2209
2210
1316
1623
1317
1622
2469
2470
1989
1488
2188
1487
2189
1407
1778
1408
1779
1519
1597
1520
1598
2145
2146
1755
1756
1401
2179
1531
2225
1847
1852
1757
1758
1934
1935
1290
1325
1291
1326
1901
2471
1982
1983
1974
2291
1266
1853
2448
1329
1633
1328
1634
1461
2363
1462
2364
1445
1818
2567
2614
2615
1789
1790
1436
1501
1697
1437
1500
1698
1588
1587
2477
2478
1238
2358
1239
2359
1196
1420
1513
1812
1813
1556
1955
1557
1954
2208
1544
1268
1566
1758
1269
1567
1757
1175
1355
1176
1352
1773
1783
1545
1199
1577
1222
2505
1221
2504
1218
2385
1217
2384
1407
1412
1590
1408
1411
1589
1313
1772
1734
1542
1543
1548
1598
1597
2209
2210
1497
1498
2153
1748
1295
2106
1296
2105
1559
2393
1558
2392
1335
1334
1541
2388
1540
2389
1401
1502
1558
1559
1389
1395
1263
1537
1631
1646
1645
1914
2198
1219
1368
2009
2398
2056
1867
1868
1751
1834
1926
1835
1925
2499
2500
1841
1842
1256
1312
1332
1948
1947
1537
1863
1864
1745
1746
2403
2462
1274
1275
1603
2107
1377
1904
1378
1905
1455
2505
1454
2504
2590
2629
2591
2630
1880
2044
1879
2043
1404
1406
1571
1810
1809
1324
1448
1926
1323
1449
1925
1277
1696
1276
1695
1446
1923
2583
1526
2307
1527
2308
1331
2199
1759
1878
2221
1294
1977
2623
1314
1451
1842
1315
1450
1841
1738
1801
2598
1739
1802
2599
1740
1532
1601
2121
1953
2306
2305
2163
2265
2164
2266
1400
2056
1387
1770
1836
1386
1771
1837
2544
2618
1336
1586
1773
1858
1857
2449
2450
1585
1584
1337
1679
1783
1490
2261
1489
2262
1567
1975
1566
1976
2248
2247
1699
1700
1393
1395
2118
1314
2069
1315
2070
1595
1596
1630
2616
1587
1588
1651
1652
1622
1932
1623
1933
1666
2301
1667
2300
1314
2119
1315
2120
1775
1776
1840
2232
1339
1338
1601
1642
1930
1931
1379
2186
1427
1538
1638
1426
1539
1639
1456
1457
1831
2246
1832
2245
1451
1504
1450
1503
1472
1474
1473
1475
1961
2117
1649
1528
1984
1659
1660
2290
1763
2141
1762
2140
2397
2356
2287
2288
2368
1898
1800
2222
2351
2352
2364
1998
1909
2363
1934
1997
2389
2393
1935
1936
2388
2392
1908
2252
2253
2369
2370
2341
2027
2357
2026
2367
2007
2319
2320
1684
1685
1439
1440
1572
2410
1800
1517
2529
1516
2530
1804
1853
1564
2145
2362
2146
2361
2403
2627
1564
1655
1630
2104
2103
2229
2461
2228
2460
1571
1937
2115
2303
2116
2304
2056
2169
2170
1906
1907
1442
1669
2062
1441
1668
2063
1640
1641
2037
2092
2036
2093
1657
1799
1658
1798
2473
1572
1584
1605
1802
1585
1604
1801
1502
1583
1953
1679
1973
1576
2582
2158
2159
1990
1991
2627
1509
1891
2145
2146
2150
2386
2149
2387
2010
2335
2011
2336
2028
2136
2135
2029
2030
1977
2191
1546
1547
1468
1469
1604
1638
1605
1639
1553
1552
1463
1777
2118
1618
1617
2632
2631
2518
1502
1823
1849
1848
1632
1730
1729
1921
1922
1533
1648
1534
1647
1788
1897
1807
1834
1808
1835
2548
2547
2495
1891
2021
2073
2022
2072
2488
2487
2394
2613
1712
2084
1820
2457
1819
2456
2150
2149
1635
1678
2129
1868
1867
1593
1884
1592
1883
2628
1720
2088
1782
1999
2623
1800
1815
1989
2551
1582
1919
2067
1918
2068
2083
1743
2485
1744
2484
1920
2082
1734
2087
2038
2508
2039
2509
2092
2093
1580
2126
1957
2139
1878
2297
2628
1543
1542
1967
2426
1968
2425
1719
2313
2314
1866
1865
2047
2048
1627
2151
2152
1653
1888
1654
1887
1910
2051
1798
2001
1799
2000
2106
2105
1969
2610
1970
2611
1956
2094
1875
1876
2051
2144
1591
1594
1917
1709
1708
1714
2060
1715
2061
1626
1761
2473
1944
1984
2004
2297
1900
2023
1899
2024
1662
2290
1987
2191
1824
2251
1650
2244
2129
1768
1769
1594
1668
1669
1803
1972
2040
1971
2041
1992
1993
2200
2201
2075
2314
2074
2313
2190
1957
2054
2058
2239
2313
2314
1938
2484
1939
2485
1849
2071
1848
2078
1927
2435
1928
2436
1708
1975
1709
1976
1693
1694
1948
1947
1644
1673
1643
1674
1662
1973
2021
2022
2224
2223
1675
1988
2100
2607
2099
2608
2191
1733
2126
1950
1949
1953
1872
1871
1952
1951
1767
1766
1854
1917
2138
2137
2237
2238
1762
1763
1833
1973
2049
2212
2050
2213
1732
2163
1731
2164
2014
2360
1759
2561
1749
1750
1874
1975
1873
1976
1805
2179
1679
1979
1978
1795
2151
1695
1696
1711
1710
1781
2168
1780
2167
1804
2548
2547
1928
2108
1927
2109
1697
1786
2390
1698
1787
2391
2166
2165
1786
1886
1787
1885
2039
2122
2038
2123
2284
2399
2283
2400
2550
2633
1978
1979
1743
1744
2057
1752
1762
2283
1763
2284
1718
1748
2117
2256
2197
2404
1727
1770
1996
1728
1771
1995
1906
2161
1907
2162
2444
2214
2410
1902
1903
2012
2605
2013
2606
2152
1889
2445
1745
2483
1746
2482
2327
2326
2324
2325
1962
2490
1963
2491
1883
2097
1884
2098
1872
2224
1871
2223
1889
2377
1795
2531
1954
2295
1955
2294
1940
2076
1941
2077
2089
2190
2046
2112
2045
2113
2323
2466
2154
1797
2142
1814
1966
2361
2362
2065
2064
2160
1987
2466
1922
1921
1941
1940
2160
2032
1805
2298
2395
2262
2261
2360
2413
2217
2218
2415
2416
2126
2291
2173
2015
2016
1817
2558
2188
2189
2119
2500
2120
2499
1888
2091
1887
2090
2086
2279
2448
2404
2206
2207
2074
2075
2014
2114
2602
2377
2624
1855
1951
1856
1952
2294
2295
2451
2096
2095
2186
1914
1911
2211
2532
1942
2422
1943
2421
1990
1991
1937
2180
1961
2025
2063
2062
2069
2070
2241
2258
2240
2257
2592
2593
1924
2255
2245
2246
1962
2157
1963
2156
1982
1983
2549
2196
2250
2195
2249
2195
2205
2196
2204
2514
2237
2238
2107
1929
2160
2033
2371
2034
2372
2386
2387
2219
2271
2220
2272
2572
2571
2047
2050
2048
2049
1928
1927
2390
2391
2205
2231
2204
2230
1946
1945
2124
2125
2089
2177
2601
2588
2587
2219
2233
2220
2234
2528
2527
2216
2215
1899
1900
2058
1999
2187
2600
1911
2299
2430
2230
2233
2231
2234
2156
2606
2157
2605
1908
2514
2183
2541
2540
2004
2256
2181
2182
2215
2468
2216
2467
2019
2020
2437
2244
2501
2609
2005
2147
2006
2148
1984
1942
2580
1943
2581
2072
2073
2031
2517
2066
2508
2509
2221
1933
1932
2105
2106
2523
2524
2597
2596
2036
2037
2467
2468
2028
2236
2043
2044
2061
2060
1954
1955
2285
2286
2273
2267
2268
2486
2079
2448
2188
2189
2010
2011
2080
2081
2293
2292
2583
2054
2492
2070
2069
2305
2306
2079
2017
2580
2018
2581
2538
2554
2539
2555
2117
2346
2345
2544
2378
2394
2157
2194
2156
2193
2498
2407
2408
2523
2524
2217
2330
2218
2331
2577
2578
2102
2396
2292
2293
2474
2245
2538
2246
2539
2055
2243
2450
2242
2449
2102
2585
2572
2571
2469
2470
2090
2091
2353
2396
2296
2225
2384
2385
2631
2632
2476
2475
2181
2533
2182
2534
2139
2281
2282
2402
2401
2144
2586
2175
2515
2176
2516
2187
2535
2084
2152
2143
2600
2235
2473
2088
2151
2569
2570
2177
2549
2103
2176
2104
2175
2490
2491
2183
2214
2459
2458
2472
2442
2443
2130
2611
2131
2610
2247
2248
2143
2433
2148
2272
2147
2271
2616
2133
2452
2453
2373
2399
2374
2400
2258
2271
2257
2272
2155
2526
2619
2525
2620
2192
2584
2161
2464
2162
2465
2548
2547
2238
2374
2504
2373
2505
2197
2237
2258
2257
2166
2165
2225
2398
2285
2480
2286
2481
2405
2406
2540
2541
2167
2168
2386
2387
2180
2267
2236
2268
2440
2591
2441
2590
2506
2177
2375
2376
2513
2495
2323
2460
2533
2461
2534
2251
2192
2529
2556
2530
2557
2226
2227
2383
2492
2255
2586
2566
2626
2565
2625
2212
2213
2377
2434
2274
2275
2558
2419
2420
2513
2525
2526
2590
2591
2304
2303
2633
2354
2355
2533
2534
2317
2318
2549
2553
2552
2531
2567
2327
2326
2431
2615
2432
2614
2325
2324
2276
2332
2535
2562
2477
2478
2564
2563
2540
2541
2438
2439
2345
2346
2489
2510
2496
2497
2455
2454
2332
2586
2507
2535
2598
2599
2374
2373
2446
2447
2579
2437
2575
2576
2359
2358
2471
2556
2557
2308
2307
2440
2441
2573
2574
2442
2443
2560
2559
2480
2481
2410
2405
2406
2464
2465
2542
2543
2589
2595
2594
2353
2621
2622
2453
2452
2433
2617
2568
2604
2603
2446
2447
2527
2528
2403
2589
2427
2572
2428
2571
2434
2407
2408
2462
2489
2398
2542
2543
2444
2445
2472
2475
2476
2474
2446
2521
2447
2522
2496
2497
2458
2459
2438
2495
2439
2531
2520
2519
2506
2527
2528
2501
2624
2582
2630
2629
2577
2578
2512
2511
2454
2455
2517
2583
2569
2570
2615
2614
2523
2580
2524
2581
2515
2516
2585
2544
2551
2512
2511
2507
2546
2545
2617
2567
2550
2520
2519
2487
2488
2561
2521
2522
2493
2494
2625
2626
2489
2537
2536
2608
2607
2588
2587
2501
2619
2620
2584
2602
2532
2568
2616
2559
2560
2607
2608
2593
2592
2599
2598
2618
2556
2559
2557
2560
2594
2595
2609
2601
2576
2575
2623
2596
2597
2582
2613
2627
2595
2594
2626
2625
2612
2631
2632
2622
2621
2628
)


// ************************************************************************* //
