/*--------------------------------*- C++ -*----------------------------------*\
| =========                 |                                                 |
| \\      /  F ield         | OpenFOAM: The Open Source CFD Toolbox           |
|  \\    /   O peration     | Version:  2412                                  |
|   \\  /    A nd           | Website:  www.openfoam.com                      |
|    \\/     M anipulation  |                                                 |
\*---------------------------------------------------------------------------*/
FoamFile
{
    version     2.0;
    format      ascii;
    arch        "LSB;label=32;scalar=64";
    note        "nPoints:841  nCells:2825  nFaces:6310  nInternalFaces:4990";
    class       labelList;
    location    "constant/polyMesh";
    object      neighbour;
}
// * * * * * * * * * * * * * * * * * * * * * * * * * * * * * * * * * * * * * //


4990
(
60
61
895
949
70
170
187
390
18
28
45
2732
57
62
77
112
74
236
1251
2712
28
87
89
532
21
395
428
1013
61
147
209
808
12
14
672
1552
42
2687
2752
2778
19
24
80
404
15
69
121
201
20
682
995
22
54
524
652
20
145
511
110
495
900
29
37
992
2188
19
71
80
30
365
505
34
277
175
219
51
188
583
184
441
2808
48
166
237
2722
351
426
448
31
70
133
579
33
52
434
444
47
68
309
1039
86
1767
37
46
58
212
318
844
207
562
621
55
124
158
433
52
252
358
71
877
1738
36
234
319
996
91
112
863
425
443
56
122
613
655
87
98
366
382
176
366
1018
2771
59
218
300
415
292
2738
2780
53
84
88
662
49
129
131
256
87
212
1118
58
430
432
104
304
339
195
2725
257
622
1543
157
417
2708
2733
134
754
1062
656
1041
345
438
228
298
645
90
983
1320
103
221
380
319
724
1960
1469
2764
67
107
1073
61
176
908
954
226
239
1135
113
339
747
2700
96
120
123
132
106
116
250
865
205
210
474
1271
85
218
1279
104
1798
2487
284
484
743
173
475
904
1947
97
136
143
501
78
224
649
1206
360
439
2712
82
142
585
1204
79
217
236
1148
239
353
1838
267
756
1505
336
584
1117
1185
1269
151
186
508
619
294
480
1382
97
342
605
917
312
629
752
107
1598
1061
2731
1233
438
964
1000
502
905
1061
124
487
817
268
1113
189
190
240
291
103
146
156
262
101
222
599
2724
108
117
409
1379
120
699
1730
902
922
458
1118
1485
153
356
427
469
134
395
397
815
373
634
974
111
174
183
146
1460
838
1852
118
127
261
532
115
116
2698
671
904
114
405
1364
154
160
273
580
121
1653
128
167
994
268
1340
1159
2699
117
1497
1610
582
2697
940
1071
312
1384
127
357
2768
137
457
534
835
1454
1898
971
1201
380
462
1424
132
587
1724
1152
1741
171
383
388
466
223
470
474
568
850
1032
242
354
1315
131
554
1316
140
141
215
2735
162
337
163
208
207
289
597
1330
200
369
383
774
293
342
1391
272
488
1565
561
592
697
2716
327
396
435
751
141
783
1479
149
225
287
855
1052
193
317
2139
315
378
464
802
216
306
1528
466
657
176
458
565
182
379
424
882
225
1306
159
206
745
1634
698
764
1037
295
378
510
514
167
684
1883
414
546
279
282
1060
2726
194
221
707
552
1261
2734
165
412
840
264
352
1644
414
1087
1420
169
199
398
2706
249
337
550
208
1413
1714
208
461
939
1396
718
1288
2753
232
367
2726
183
356
326
604
2711
1265
2705
475
2192
348
657
2126
247
255
290
1012
289
375
2621
242
481
280
641
926
233
325
1028
2713
179
253
496
2718
846
2717
230
244
415
1353
197
545
1277
2744
275
413
1940
481
1275
298
495
1642
238
331
478
564
497
659
1205
375
544
428
687
933
553
832
1241
589
730
959
399
767
2122
2696
202
235
506
1027
293
1256
262
635
769
237
1710
263
305
307
717
384
734
1302
203
584
618
1421
398
1112
1320
571
1529
2714
284
441
2049
459
552
972
386
517
1148
259
285
1621
1721
210
288
989
264
329
960
818
2460
461
229
954
1462
308
2728
218
243
1688
959
1964
314
394
831
1362
422
522
864
1569
1368
1664
2736
968
1057
1512
436
598
1360
243
280
1470
2132
402
424
530
732
509
2167
265
634
1451
335
420
1546
267
568
1347
1098
1575
437
636
724
251
270
313
322
408
504
566
668
808
1381
303
1235
1982
487
587
699
1930
726
767
2721
281
875
1125
386
873
982
459
1140
326
436
674
1990
385
736
1370
1956
553
589
270
296
313
341
576
1358
876
1273
301
854
1698
334
399
1374
2696
302
332
537
1216
274
1019
2745
258
343
468
620
534
540
901
582
1359
1858
322
1249
416
453
526
450
768
1658
445
709
1469
2764
349
451
2096
257
898
2354
472
2047
343
803
1454
368
557
1773
276
1177
1313
2719
321
1066
1209
1476
647
1213
1730
1780
2152
2723
376
498
664
1345
1737
2054
2145
525
1350
1673
2784
1436
2740
282
390
544
296
791
1146
546
1109
1486
507
1180
2746
465
577
984
1404
2720
426
877
371
602
1026
1225
390
1513
2694
1645
2153
338
758
350
661
311
410
430
432
1325
1604
368
663
1818
299
483
561
1901
294
316
388
422
866
881
536
349
673
885
730
832
2737
2751
1777
1051
492
514
663
360
457
364
446
895
949
547
363
815
1123
1073
1353
1707
303
1386
1938
642
1328
1796
1072
309
1159
614
667
1255
511
965
614
647
2284
2727
1244
2815
320
324
628
2256
410
551
1556
345
1571
1146
403
985
1215
455
510
573
388
1090
821
892
1854
365
665
2782
873
1727
324
339
838
1047
1144
1484
377
2691
329
333
942
1086
918
1848
338
1671
2082
1117
581
638
1232
335
740
1958
2730
333
967
374
1324
2707
385
1339
560
642
1603
1687
2729
2232
2559
2695
1158
2729
598
1067
884
1366
1952
1609
362
503
1620
2732
360
439
1304
558
812
482
485
2086
2692
1384
437
788
1237
1321
372
454
2734
2762
388
1153
1897
523
1493
2703
404
1350
1712
786
910
962
746
1960
2800
694
906
1834
392
452
518
1884
1082
1370
1997
2238
2767
526
2348
2773
363
483
823
2130
389
407
874
1264
516
2731
2775
535
1162
755
1511
1987
2221
458
1523
615
644
1722
907
1503
449
466
707
419
631
888
1210
669
968
1080
595
1505
2733
643
1797
2724
700
2202
2708
418
2362
1606
1650
1725
1191
2689
896
1621
465
646
1184
785
995
443
608
1961
2064
905
1563
1801
1119
1596
731
1133
1735
469
1272
473
863
417
882
1870
2708
639
1595
2748
2192
517
607
836
856
680
1128
2752
406
421
533
1552
477
1271
1607
1123
1411
638
681
849
597
778
784
667
1400
2084
2629
452
870
1017
1142
442
490
605
2174
570
1034
1137
690
961
1607
1079
1595
409
857
1375
476
720
810
1372
2747
567
2080
2702
2337
1305
1812
728
842
988
1879
433
2753
577
1324
2707
609
1472
1035
1355
453
637
1176
972
1293
527
625
2187
427
761
1418
740
1525
476
513
2391
837
1937
489
2405
2714
2787
1048
1295
443
1776
2066
1399
1667
617
1046
946
1389
541
593
691
703
1307
1698
472
1390
2132
2692
825
1617
984
1718
575
1602
2774
581
668
2820
515
2740
721
1491
797
878
2740
555
710
880
2749
524
2266
456
1580
1599
790
575
1561
2100
780
1620
2255
611
816
2389
1248
1783
2282
2771
563
920
1014
1028
1332
2714
496
996
1727
512
529
1438
590
2072
1792
1338
2761
464
796
897
467
493
1089
901
1192
868
1096
2766
612
1044
1239
2425
2191
482
549
1029
578
660
725
991
1164
2688
675
2746
785
670
1040
1981
620
902
1081
683
1950
1158
1206
1271
500
539
572
1977
1436
2691
618
982
1175
1227
1091
2395
2398
627
1441
2367
736
1085
1539
2707
2733
486
932
1051
632
2720
853
1390
1007
531
1570
1636
742
1029
653
1214
1246
915
1633
791
1154
1125
2713
493
800
616
862
1706
2716
951
1260
677
519
753
762
1804
1219
1646
1337
1769
702
712
1357
765
893
1023
538
658
1202
2073
503
1307
1556
821
922
1614
696
1521
572
928
567
943
2417
1534
2732
744
1140
1451
556
596
1973
659
827
896
613
1431
2006
573
1260
1839
529
969
1674
533
2006
2046
2330
2493
2268
2739
928
2776
626
1709
590
787
548
1203
1649
521
707
1332
2167
766
1031
2002
866
1224
2161
544
603
1243
1847
542
1068
1452
1567
603
1535
1948
574
624
1286
1334
848
970
722
1137
2717
998
1325
2025
696
1110
2002
2167
1155
1916
823
937
1058
625
818
560
1136
1825
559
1326
1811
772
894
1220
550
1433
2123
691
723
1740
1056
1167
1323
639
714
975
1463
588
600
734
1000
1957
566
1696
680
1373
1426
655
853
1342
825
2136
633
2024
772
1889
622
1572
600
640
1356
595
1398
1958
569
907
993
812
1283
1550
658
1076
1284
2115
1007
1181
713
1465
2244
957
1179
1712
1085
1403
2102
868
1881
1276
2612
1365
903
1525
602
706
1559
610
1134
1733
594
2180
1534
2043
2369
1379
1406
2790
623
1706
1063
2720
2755
1587
801
1296
1091
1465
1087
1109
737
2822
936
1092
754
1010
1795
1067
1428
855
1246
1751
622
711
1366
2047
1099
2530
599
600
744
844
1927
1845
685
695
1163
1294
609
676
2715
703
1401
1700
2147
2713
596
1338
1539
1859
653
1807
744
1870
822
681
719
751
1969
686
1752
2079
2703
1238
1892
2709
800
1304
918
1009
1847
2099
654
1585
2135
790
1858
2579
676
1472
1069
1302
1887
755
1033
693
1044
2703
1915
648
760
726
925
733
824
2715
683
761
1428
764
773
947
678
1412
713
1259
1513
977
704
1013
1411
1199
1406
2238
1351
836
1421
831
1659
2258
747
1629
2322
964
1610
1971
650
1065
1103
2020
670
980
1266
2239
2719
1027
1261
1310
2736
759
1431
721
1768
2318
1176
1561
1749
1469
2188
874
1217
710
1292
1533
682
1705
1011
1443
805
845
1314
925
1060
2334
652
1263
1049
1295
1704
804
1624
736
760
941
930
1124
1532
719
1392
2031
700
890
1870
2724
2098
2311
932
1149
856
1237
2235
1460
1041
1070
1544
1153
1476
1020
2594
2023
2065
801
1603
1971
1668
2725
909
1016
951
1503
1023
2033
2074
1005
2781
792
1385
1549
2760
770
1923
1462
2820
741
1618
1786
677
1962
921
1035
995
1057
2167
934
1019
1722
1756
2293
1049
1608
1911
1329
1592
919
1447
1677
789
1114
1188
1427
787
1670
1065
1311
1885
2085
1272
1046
1275
695
1136
2412
741
1008
1253
1601
2231
808
849
959
1118
715
843
1121
1189
1043
1124
2008
1466
1666
701
779
1002
1764
2198
2704
994
1894
1906
1258
1492
1209
1123
1420
1706
896
929
1354
983
2499
1054
1300
811
841
2010
1435
1893
2065
1597
1739
1168
1602
1604
782
1106
1506
2060
993
1008
1600
708
766
769
811
1169
1240
2763
1084
2128
977
1470
1734
1037
1435
2116
2228
763
1217
2016
876
1638
1707
816
891
1102
1823
770
1213
750
840
2055
1986
1999
771
799
810
1074
927
1048
807
1389
1691
923
1890
1228
1250
1296
1683
753
841
1527
1731
935
1174
2042
803
806
1252
1453
809
1282
1635
2656
2744
882
1302
1723
824
1480
1658
1723
781
945
1297
941
1850
2110
2821
1160
1174
1224
1729
851
1280
1887
2205
2332
1753
2035
2690
834
900
1498
972
786
1580
1614
913
1628
2800
1965
826
872
1173
1981
802
827
896
1060
1167
1805
1880
1287
2586
801
909
1744
1236
1308
2053
1732
2379
1131
1833
2039
774
1119
1196
875
1363
769
781
945
2011
1036
1713
787
1236
765
975
1516
1855
1053
1516
1770
2010
1683
2440
846
1586
2081
1851
1400
799
1622
2090
911
1554
1374
1422
1513
779
1529
879
931
1507
1890
869
1865
2529
2742
781
1161
1297
1770
899
979
1001
811
1196
1240
1485
1774
1583
986
1361
2357
1193
1306
2710
1001
1108
794
795
866
2114
1074
1433
2519
1488
1928
2246
1617
2329
813
906
1385
794
795
2082
2132
995
1028
855
1390
1303
1917
2505
823
878
1278
851
961
1280
1726
1482
1875
1611
1896
1239
2688
922
1003
830
1126
2133
1337
1346
1760
1003
2058
2161
861
1253
1980
1194
886
1130
1282
1589
2048
1268
1806
883
1178
859
2343
2538
2766
1108
2101
1033
1378
852
915
1274
1829
2738
983
1082
1255
1730
898
1059
1360
1751
1444
1879
974
1182
1356
1278
1377
1557
2233
976
1409
1746
1259
1513
858
1464
1964
2782
839
946
1401
1420
919
1156
1624
985
2154
1103
1558
871
1262
1555
1566
862
973
1995
966
1154
1299
1204
1474
1632
2728
2298
2491
1486
1700
2770
1517
1308
1395
1003
1545
1550
948
1467
1591
1005
1554
1346
1797
2247
854
1380
2004
2786
970
1869
2796
1111
1241
956
1144
1619
1006
2409
1112
1274
1882
950
981
912
1355
2383
1059
1751
1375
1497
1102
1319
1860
2144
2765
1004
1183
1514
2172
1285
2138
1139
1480
1709
1160
1632
2131
1359
1738
1904
1024
889
1138
1326
1364
2017
1765
2741
987
1489
1719
1857
2445
2794
1038
1538
2114
1045
2291
1463
1512
2271
1121
1273
1341
2698
1978
966
1289
1299
1664
2358
2749
989
1440
2370
1291
906
1358
1155
1543
934
938
1344
891
1120
1194
953
1101
1165
1607
1266
1672
1813
952
1195
1996
1054
1257
1314
1378
1383
969
1256
1537
1053
1910
911
1042
2786
1018
1823
1094
1303
2393
901
1436
1095
1652
1995
2075
1321
917
1781
1227
1347
921
1579
1521
2439
1894
2541
926
2250
1896
1141
1440
1968
1889
1938
2785
1133
1218
1658
948
992
1311
2213
1099
1015
1150
1522
1963
1716
1701
1983
1412
1665
1179
1185
1947
1580
1045
1192
1321
937
964
2162
2770
1354
2401
2282
1809
2717
1578
1407
1953
2251
944
1131
1289
1458
1715
2194
1393
1601
1791
1941
1050
2267
1092
1235
1461
1157
2769
942
1086
1391
1396
1582
1071
1151
2117
2127
1785
1941
1263
1784
2376
1124
1508
1841
1123
2769
1343
1501
1187
1427
1922
2242
981
2385
1818
1228
1254
1625
1180
1184
2367
1886
957
978
1867
2706
1032
1055
1963
978
1014
1075
1446
2172
2182
1194
967
1634
1754
2285
1038
1107
1644
1044
1526
1535
2780
1486
968
1423
1750
1831
1785
1786
1376
1808
2418
1349
1779
2172
1954
1139
1652
2356
1368
1760
1728
1828
1038
1787
2206
1923
1095
1234
1455
1036
1329
1214
1510
1631
1763
1404
2375
2755
2285
1506
1681
2073
1211
1527
1689
1050
1854
1992
1170
1021
1288
1320
1991
1250
1584
1100
1698
1773
2029
1113
1943
1207
1247
1588
2058
1064
1590
2774
1009
1699
1866
1874
1016
1911
1736
1395
1888
1879
1432
1446
1660
1927
2092
2196
1978
1849
1905
2435
1542
1577
2040
1109
1388
1443
1180
1438
1641
1577
2100
1399
1281
1518
2790
1957
1425
1489
1840
1055
1233
1973
1445
1803
1315
1370
2102
1116
1164
1621
1686
2181
1025
1444
1614
1271
1441
1641
1423
1622
1752
1540
1057
1408
1202
1679
1935
2203
1080
1225
2340
1233
1464
1861
1134
1929
1982
1832
1953
1416
1327
1519
1798
1089
1746
2327
1478
1822
1977
2785
1215
1955
2226
1148
1251
1672
1129
1520
1643
1940
2468
2459
2278
1090
1934
2141
2016
2430
1970
1987
1068
2077
2312
1332
1157
1162
1951
1148
1321
1239
2527
1330
1791
2249
2756
2481
2773
1241
2213
1484
1997
2194
2166
1733
1735
1909
1792
1819
2414
1235
1386
1738
1828
1623
1367
1568
2699
1445
1562
2218
1711
1815
1902
2276
1079
1317
1738
1828
1226
1728
1332
2787
1283
1781
1404
1418
1115
1132
1577
2070
2365
2750
1145
1872
1614
1641
1122
1684
1487
1493
2423
2704
2406
1596
2089
2275
2254
1312
1331
2168
2794
1267
1373
1468
2266
2808
2301
2765
1188
1490
1766
2188
1575
1695
1714
1187
1353
2064
1184
1280
1291
1383
1697
1392
1558
1483
1635
2802
1244
1394
1835
2386
1361
1375
1747
1141
1416
1901
1388
1767
2768
1307
1469
1620
1265
1882
2081
1536
1778
2274
1208
1757
2515
1318
1721
1873
2304
1620
2126
1130
1871
2421
1504
1176
1448
1684
1955
2262
1156
1713
2127
1405
1541
1689
1893
1142
1164
2687
1500
2052
2300
2270
1508
2521
1208
1245
1919
1635
2169
2189
1340
1491
1853
2351
2247
1254
1610
1811
2294
1430
1439
2068
1686
2023
1191
2026
2146
2689
1195
2052
1172
1179
1872
2323
1251
1479
2291
2710
1214
1807
1518
1548
1931
1348
1904
1939
1633
1718
2278
1745
1565
2463
1200
1605
1398
1641
2264
1581
2554
1387
1583
1989
2101
1475
1594
1761
1373
1206
1398
1505
1394
1660
1835
2792
1821
2452
1577
2179
2248
1240
1933
2456
1175
1440
1290
2051
2747
1179
2011
1409
1692
2230
1581
2267
1546
1448
1868
2375
2610
2760
1398
2294
2716
1658
1727
1960
1837
2143
2240
1702
2019
1200
1605
1775
1707
2246
1457
1928
1591
1638
1303
1429
2037
2323
1251
1831
2437
2709
1823
1228
1648
2164
1231
1419
1511
2061
1284
1335
1662
1924
1296
1334
1414
1415
1951
1349
1636
1803
1976
1297
1322
1804
1382
1799
1343
1357
2382
1607
1242
1616
1974
1876
1643
1418
1962
2339
1405
1771
2454
1245
1434
1655
2310
1413
2333
1510
1471
1294
1328
1971
2564
1437
1586
1628
1642
2075
1241
1307
2004
1237
1491
1585
1230
1250
1369
2413
1335
1984
1996
2059
1444
1879
1559
2090
1350
1449
1593
2284
1369
1276
1574
1696
2372
1675
1946
1499
1681
1949
1490
2462
2822
1964
1651
2807
1461
1845
2402
1270
1309
1892
1900
1569
1794
2161
1609
2049
2700
1327
2816
1477
2179
1360
1390
1616
1693
1748
2631
2772
2086
2739
1946
1450
1454
1898
1285
2387
1294
1971
1320
1370
1674
1333
1809
2718
1492
1625
2118
2023
2687
2416
2408
1553
1961
2352
2257
1269
1372
1826
2314
2327
1429
1626
1899
1396
1442
1806
1579
2019
1309
1336
1402
2175
2566
2279
2438
2080
2518
1954
2163
2742
2474
1417
1463
1598
2041
2030
2789
2482
2453
1562
2245
2585
2537
2789
1986
2819
1315
1805
2469
1906
2063
2748
1293
2041
1458
1531
2108
1505
2039
1475
1929
1414
1322
1531
1782
1846
2802
1916
2202
2723
1371
1385
2181
2041
2419
1386
1397
1812
2130
2436
2304
2437
2735
1427
2188
1449
1682
1914
1459
1868
2317
1333
1834
1572
2259
2316
1449
1904
2168
1373
1649
2234
1522
1697
2434
1350
1805
1991
2430
1602
2309
1573
1924
1891
1486
1700
2044
2349
1975
2074
2219
1337
1744
1827
2014
1402
1763
2291
2001
2009
1403
2051
1920
2513
2697
1433
2259
2364
1391
1777
1606
1828
2168
1402
1690
1532
1802
2117
2784
2240
2381
1535
2738
1415
1509
1679
2162
1359
1407
2038
1688
1368
2108
2097
2249
2064
1436
2273
1471
2443
2728
1366
1734
1573
1648
1965
2702
2512
1932
2701
1479
1675
2050
1385
1516
2107
2442
2036
2084
1747
1537
2217
2289
1557
1590
2774
2421
1571
1678
1524
1685
1936
1496
1871
2819
2272
2482
2474
1397
1669
2005
2046
2476
1401
2100
2419
2270
2003
2104
2769
2378
2492
1864
1442
2503
2176
2193
1561
1690
2442
2747
2317
2296
2347
1619
1648
2397
1424
1817
1925
2814
1419
1662
1783
2018
1706
1995
2545
1582
2193
2501
1509
1775
2173
1463
2566
2133
1499
2475
1561
2272
1501
2036
2156
1680
1885
1915
1640
2023
2498
1670
1899
2434
1985
2361
1979
1439
1966
2749
2320
1502
2120
2591
1623
1912
1919
2798
1647
1663
1676
2169
1441
2367
2269
2068
1808
1942
2281
1808
2623
1568
2591
1592
1665
1716
2281
2784
1962
1981
2230
1540
2178
2297
2783
1580
1981
2114
1677
1651
1742
1859
1495
1515
1661
1694
1547
1778
1717
2128
1564
1810
2239
2360
2513
1850
1522
2032
2496
1666
1711
1980
1504
1524
2093
1626
1755
2234
1528
1877
1895
2488
1613
2325
2767
1799
2135
1811
2276
2558
1551
1627
2229
1551
1720
2056
1831
1498
1544
1757
1772
2100
1875
2211
1782
2743
1675
2069
2017
2083
1657
2198
2399
1536
1725
2604
2542
1547
2125
2236
1668
1788
2089
2159
2479
1515
1755
2368
1886
1908
1637
2021
1570
2546
1520
2106
2215
2165
2112
2143
2598
2603
1685
1573
1863
1715
1768
1816
2062
2804
1637
1708
2360
1907
1922
1759
2087
1793
1837
1959
1875
1878
2107
1741
1821
2562
1655
1800
2331
2528
2313
2030
1563
2772
2020
2213
2158
2226
2779
1719
1864
1759
2403
1765
2210
2538
2741
1717
1918
2652
1918
2210
2743
1554
2464
2237
1612
1794
2173
1587
2152
1758
1994
2199
1795
2070
2283
1998
2026
1819
2121
2042
2227
2810
1968
2462
1732
2060
2067
1593
1728
1834
1942
1992
2076
2121
1589
2085
1560
1928
2324
1857
2303
1578
2503
2488
2514
1721
2199
1566
1988
2014
2465
1813
2339
2814
2446
2793
2508
2773
2264
1937
1974
1590
1744
2512
1863
1779
2182
2806
1750
2091
1702
1789
2185
2796
2136
1826
2214
2333
2320
1603
2115
1920
1676
2341
2746
2319
2390
2809
1839
2071
2224
1611
2044
1805
2758
1761
2094
2218
1728
1993
2180
1739
1749
2195
1826
1630
1634
2174
1758
1849
2057
2207
2056
2476
1995
2266
1615
1944
1707
2246
2096
2745
1847
2331
2162
1716
1692
1824
2032
2380
2768
1944
2003
2015
1790
2078
1753
2253
2788
1648
1963
2065
1680
2211
1921
2545
2050
2059
1669
1703
1876
2121
1838
1654
1983
2574
1634
2406
1836
1943
2443
1930
2287
1708
2021
1650
2533
1656
1748
1862
2183
1840
2116
2223
2280
2313
2471
1705
2146
2690
1653
1696
1663
1773
2129
1731
1770
1910
2510
2609
1736
2507
1779
1784
1965
2201
1912
2013
1693
1820
1710
1756
2286
1729
1926
2154
1959
2791
1694
2416
2197
2245
2057
1695
2269
2463
2641
1673
1972
2176
1710
1842
1989
2526
1952
2147
2817
2124
2166
2190
1897
2069
2359
1962
2133
2337
2790
1976
2490
1839
1903
2373
1975
2448
2757
2038
2508
1688
1689
2065
2517
2730
1873
2328
1772
2138
2823
2111
2392
2319
1818
2022
2358
1931
2004
1742
2040
2248
2276
1848
1905
1704
2205
1842
2034
2185
2388
2035
2273
1920
1814
2355
1991
2102
1832
2175
2336
2432
2432
2540
1845
1844
2076
2812
2368
2473
1870
2718
2160
2191
2810
2033
2466
1743
1754
2196
1760
1808
2028
2133
1873
2010
1861
2305
2359
1759
1909
2169
2449
2158
2220
2762
1796
2500
2109
2824
2279
2137
2600
1865
2163
2804
1750
2091
1787
2511
2384
2111
2299
2088
2371
2576
2354
2541
2549
2008
2034
2393
2335
2486
1772
1876
2243
2252
2291
1902
2560
1820
1930
1945
2151
1836
2361
1888
1967
2403
2644
2066
2125
2324
2221
1921
2607
1943
2001
2005
2296
2542
2823
2129
2083
2535
2490
2480
2763
1897
2617
2140
1968
2729
2139
1918
2197
2307
2265
2302
2550
2087
2471
2338
2678
2184
2795
1794
1824
2003
2088
1830
2012
2346
2624
2231
2353
2371
2522
2455
1934
1891
2012
2119
2083
2439
1939
2783
2400
2516
2613
2268
2525
2458
2813
1935
2254
2124
2212
1843
1980
1843
2027
2635
1921
2123
1885
2035
2022
2428
1862
1945
2312
1844
2348
1964
2111
1853
2353
2290
2506
2509
2737
2241
2309
2812
1890
2551
2054
2144
2765
1993
2264
2328
2587
2145
2072
1851
2516
2216
2387
2811
2626
2801
1866
2491
2549
1881
2048
2558
2298
2487
2412
2237
2350
2038
2084
2150
2636
2806
2007
2497
2078
2414
2053
2543
2781
1931
2426
2499
2061
2067
2454
2529
2803
2248
2310
2583
2705
2426
2458
2217
2795
1908
2431
2539
2199
1905
2148
2798
1878
2153
2206
2394
1913
2055
2504
2171
2336
1950
2029
2509
2751
2461
2242
2092
2189
2620
2548
2108
2378
2522
2097
2252
2596
2563
2727
2556
2058
2299
1979
2547
2043
2334
2363
2449
2355
2618
1949
2357
2445
2029
2063
1949
2379
2544
2630
2533
1978
2455
2045
2424
2758
2113
2149
2374
2186
2123
2037
2575
2777
2410
2250
2011
1996
2018
2392
2813
2028
2415
2543
1988
2388
2151
2080
2182
2110
2261
2456
2467
2162
2295
2548
2786
2370
2578
2007
2209
2525
2577
2227
2349
2540
2570
2584
2079
2664
2051
2552
2615
2608
2039
2766
2563
2318
2799
2556
2009
2517
2225
2108
2303
2444
2067
2343
2750
2177
2260
2340
1985
2157
2422
2018
2052
2771
2190
2698
2577
2306
2222
2308
2578
2595
2584
2429
2215
2290
2407
2071
2274
2431
2061
2067
2658
2547
2293
2677
2706
2453
2102
2748
2243
2260
2347
2052
2570
2095
2206
2031
2157
2177
2204
2263
2787
2328
2005
2090
2015
2213
2234
2186
2288
2209
2497
2804
2332
2340
2225
2377
2119
2229
2200
2666
2637
2261
2061
2539
2093
2514
2552
2589
2301
2762
2241
2287
2481
2095
2446
2104
2203
2295
2289
2494
2457
2536
2105
2457
2611
2394
2232
2489
2163
2137
2484
2163
2568
2427
2670
2551
2448
2757
2216
2288
2082
2132
2164
2436
2172
2346
2118
2622
2137
2220
2495
2179
2309
2252
2810
2236
2407
2305
2384
2644
2803
2564
2352
2444
2480
2673
2528
2396
2520
2170
2510
2569
2308
2373
2222
2611
2356
2447
2314
2602
2705
2254
2606
2341
2383
2461
2385
2271
2195
2338
2483
2368
2329
2630
2536
2200
2236
2531
2418
2420
2099
2257
2663
2429
2435
2349
2155
2235
2316
2354
2207
2581
2380
2782
2215
2590
2596
2195
2428
2171
2593
2441
2120
2675
2297
2451
2783
2161
2413
2223
2244
2190
2351
2633
2553
2440
2629
2438
2676
2625
2175
2469
2608
2329
2214
2306
2184
2258
2557
2795
2582
2567
2515
2350
2381
2805
2404
2467
2818
2159
2232
2315
2479
2344
2521
2341
2531
2277
2484
2797
2451
2794
2679
2805
2650
2408
2531
2554
2345
2627
2817
2165
2228
2659
2170
2321
2433
2659
2530
2809
2625
2646
2602
2445
2224
2261
2673
2550
2583
2260
2263
2269
2736
2310
2404
2208
2477
2366
2441
2502
2468
2391
2362
2664
2470
2227
2561
2336
2272
2616
2506
2573
2340
2218
2265
2619
2408
2400
2581
2661
2788
2470
2502
2387
2222
2759
2634
2365
2589
2511
2814
2568
2472
2398
2534
2618
2658
2793
2301
2380
2532
2536
2378
2575
2496
2601
2447
2299
2339
2585
2638
2565
2764
2368
2402
2523
2459
2325
2501
2438
2344
2597
2292
2587
2389
2661
2460
2546
2352
2359
2266
2610
2475
2330
2342
2397
2262
2271
2535
2565
2775
2322
2657
2302
2415
2649
2478
2524
2788
2405
2655
2494
2385
2431
2308
2422
2464
2395
2588
2295
2404
2818
2360
2555
2507
2808
2371
2307
2396
2484
2652
2649
2335
2662
2597
2320
2450
2534
2686
2647
2811
2632
2449
2770
2420
2452
2657
2499
2465
2590
2772
2429
2579
2361
2571
2390
2475
2346
2331
2663
2807
2555
2465
2555
2433
2614
2478
2627
2339
2499
2607
2650
2332
2761
2667
2446
2444
2537
2366
2458
2592
2511
2342
2493
2346
2613
2473
2660
2632
2562
2588
2603
2572
2628
2523
2818
2524
2647
2453
2413
2445
2500
2383
2560
2507
2571
2576
2654
2425
2427
2643
2382
2646
2572
2426
2796
2427
2505
2624
2518
2636
2594
2448
2504
2653
2417
2655
2633
2812
2571
2628
2498
2681
2817
2562
2492
2651
2470
2544
2485
2461
2592
2416
2398
2665
2410
2401
2423
2662
2635
2660
2519
2405
2471
2472
2502
2649
2797
2598
2605
2640
2642
2634
2557
2648
2468
2550
2681
2544
2586
2685
2495
2610
2573
2674
2653
2824
2525
2626
2678
2547
2600
2516
2522
2580
2668
2592
2539
2554
2633
2459
2494
2497
2504
2620
2639
2645
2537
2569
2617
2551
2466
2510
2582
2576
2622
2486
2552
2556
2640
2806
2519
2561
2645
2647
2543
2496
2659
2568
2809
2643
2671
2508
2595
2777
2666
2639
2684
2670
2754
2532
2680
2641
2570
2578
2674
2631
2569
2615
2584
2548
2520
2577
2683
2585
2672
2582
2620
2595
2752
2580
2775
2622
2656
2650
2601
2637
2557
2580
2572
2672
2653
2589
2680
2613
2594
2661
2791
2625
2638
2682
2642
2693
2652
2596
2567
2637
2776
2643
2619
2667
2674
2634
2666
2602
2617
2597
2686
2640
2676
2821
2669
2675
2606
2685
2704
2609
2646
2608
2611
2658
2669
2679
2805
2626
2663
2648
2683
2638
2627
2630
2656
2623
2654
2665
2635
2673
2669
2682
2686
2798
2642
2672
2676
2816
2670
2721
2815
2722
2681
2792
2688
2778
2690
2691
2692
2692
2694
2695
2696
2726
2696
2698
2700
2701
2702
2702
2704
2706
2708
2710
2711
2712
2712
2714
2716
2718
2720
2722
2724
2726
2728
2730
2732
2734
2736
2738
2740
2742
2743
2744
2744
2746
2748
2750
2752
2754
2755
2756
2756
2758
2759
2760
2760
2762
2764
2766
2768
2770
2772
2774
2776
2778
2779
2780
2780
2782
2784
2786
2788
2790
2792
2794
2796
2798
2800
2801
2802
2802
2804
2806
2808
2810
2812
2814
2816
2818
2820
2822
2824
)


// ************************************************************************* //
