/*--------------------------------*- C++ -*----------------------------------*\
| =========                 |                                                 |
| \\      /  F ield         | OpenFOAM: The Open Source CFD Toolbox           |
|  \\    /   O peration     | Version:  2412                                  |
|   \\  /    A nd           | Website:  www.openfoam.com                      |
|    \\/     M anipulation  |                                                 |
\*---------------------------------------------------------------------------*/
FoamFile
{
    version     2.0;
    format      ascii;
    arch        "LSB;label=32;scalar=64";
    note        "nPoints:2790  nCells:2638  nFaces:9309  nInternalFaces:3881";
    class       labelList;
    location    "constant/polyMesh";
    object      neighbour;
}
// * * * * * * * * * * * * * * * * * * * * * * * * * * * * * * * * * * * * * //


3881
(
25
846
2316
67
182
1087
29
234
557
75
492
2151
274
524
2196
82
784
1722
512
1838
2631
20
61
765
341
378
1351
198
1284
2536
160
815
2373
35
1645
1823
16
201
1595
94
313
476
202
317
683
168
180
254
157
1800
33
700
1288
100
682
2574
24
155
543
1195
1809
29
1367
1769
131
335
1459
176
199
420
573
1386
79
252
133
344
2004
61
698
786
52
77
79
566
142
304
2508
77
89
294
96
815
1845
576
2074
312
526
2513
231
813
66
227
2175
132
533
1444
256
401
455
180
282
1969
217
378
2629
423
693
1339
187
481
50
247
1570
108
458
2022
154
395
478
291
592
1305
246
1516
2269
232
354
2010
145
310
1470
250
705
171
1321
1958
112
1870
577
1784
2304
150
366
669
140
166
1494
65
440
462
115
143
740
72
203
803
128
278
403
217
408
761
1197
757
778
2632
70
577
2382
89
122
470
448
860
431
519
1145
1398
115
138
179
153
347
1526
327
878
148
359
401
229
1175
238
1999
2556
1250
2215
2634
1327
1619
135
156
322
1662
127
431
622
555
261
1282
2185
780
1284
2033
664
847
680
1968
2537
100
846
1220
356
757
1305
137
1452
102
331
643
703
2201
2452
654
210
467
2216
293
305
1025
112
294
331
369
1586
1596
129
2168
181
514
1231
588
1762
183
656
2541
219
337
908
404
635
1382
2518
170
174
1402
107
2308
174
186
556
159
170
549
648
1880
2417
128
442
1925
1747
2580
137
1472
214
403
471
193
538
2564
428
512
1334
1747
266
369
1395
192
2283
2321
714
130
539
258
587
2096
330
1662
2391
186
262
521
769
2408
2635
155
347
392
211
1247
205
470
2334
259
286
510
286
326
328
264
322
358
403
787
544
398
492
352
631
147
1909
782
2017
327
783
138
358
372
459
844
511
522
690
976
1644
213
372
377
328
374
540
650
711
1374
1704
253
308
175
569
632
754
1162
196
537
1797
1240
1410
426
876
309
613
857
434
496
156
374
507
340
590
595
628
2630
355
1204
406
1494
466
1715
249
616
2601
257
704
388
1259
311
432
443
221
332
697
371
896
2354
247
440
484
402
634
1997
436
2183
223
755
2602
483
417
474
1399
1140
1864
1991
297
2209
2524
821
2305
2617
759
1781
1900
1830
2615
435
477
2169
265
1435
2507
213
2180
341
469
661
1565
307
565
327
1208
1679
655
1684
2139
736
293
1600
593
665
2058
242
1150
2114
287
1200
2367
434
439
564
645
1285
320
2160
342
366
517
485
645
676
354
1530
236
435
2470
407
1616
395
841
229
529
1086
460
1780
661
779
638
1227
259
342
725
426
1433
220
1856
2255
285
306
1466
367
1156
2207
276
452
1505
1459
2375
518
1433
555
1220
2171
2399
1567
2109
419
1103
1347
750
791
1391
1299
810
1784
2630
409
512
709
2095
237
302
601
651
1521
452
680
373
396
2592
241
1532
1564
320
441
1860
787
1474
568
772
1657
662
257
269
1283
493
836
649
1139
308
2248
2282
244
1392
1533
1611
2636
325
805
345
708
1808
2476
329
361
636
742
1448
2263
1342
1437
1209
1734
559
685
1544
523
924
300
381
743
1334
1733
411
323
375
742
296
1757
301
2300
574
1423
2627
584
2019
378
1465
339
1887
352
389
1084
618
1581
1399
486
1302
1656
273
676
1577
755
1480
315
888
1222
1720
1976
541
1644
726
2538
1243
1825
334
497
2413
274
622
2246
430
585
570
669
1885
279
1090
2555
291
1500
2322
414
1732
1343
543
560
1853
466
1800
783
930
1208
586
651
1518
2583
484
1281
2406
659
1482
2005
494
1410
559
971
1463
412
647
1668
349
1595
1357
357
1156
552
2091
2346
393
1465
1828
291
356
2428
571
942
1413
2059
715
1355
2208
1542
2521
797
346
1523
1812
536
684
1298
899
2157
484
1563
696
1294
413
547
561
1717
1955
408
950
926
1661
810
1526
2629
627
2229
472
2262
502
617
1500
1796
621
870
405
532
1252
453
486
333
369
1511
1350
1377
400
1510
2000
534
935
2361
2035
671
770
2358
1475
531
1962
717
1689
1690
550
2411
365
436
1896
505
646
654
1821
1682
603
2087
616
2264
644
2064
673
820
518
694
1251
1838
2312
665
1263
1755
1262
2561
601
1867
2438
2042
497
814
951
911
2034
585
2087
1839
2002
543
506
1813
1843
1166
1800
389
576
631
1284
2052
2586
568
2045
2556
807
1670
2312
2633
753
2362
1889
618
1620
414
479
674
367
753
473
1586
1615
432
731
2387
611
1517
2595
510
627
1656
1333
554
569
707
817
1288
2565
916
2057
1590
477
1579
1497
527
2263
542
719
1383
396
2008
760
863
1686
406
615
834
1457
1208
1749
2493
482
726
2110
720
792
1769
515
2044
2228
671
1698
1995
661
1308
1350
1258
2477
738
1617
1915
2569
412
896
1880
628
823
714
829
1169
1224
1566
2040
2399
487
782
1368
446
1587
598
1360
1414
1804
2207
763
445
1510
1266
1451
442
2508
1083
1476
2581
1600
830
1274
422
640
1163
448
1693
2531
449
966
894
450
1757
2482
475
675
791
704
800
563
845
2548
489
668
1244
1315
562
1393
2311
437
2637
652
2229
425
1326
1945
1365
2612
490
533
1482
2517
830
1733
566
578
2173
549
1384
2246
1721
480
581
2128
796
2412
1687
515
1236
498
662
803
800
879
2406
643
983
612
1685
2363
453
528
1302
504
666
621
918
491
699
1139
2062
567
1680
1641
2082
657
832
1611
2079
994
591
606
745
629
641
789
827
1256
1595
1650
1728
2157
541
2053
1511
1676
508
777
816
1607
2527
712
1479
2045
499
1783
2085
502
699
731
2385
673
1819
706
1090
2289
691
2628
2059
586
1552
537
715
1596
1632
564
2552
1537
1636
639
1552
2111
1244
1549
853
1381
672
956
786
1022
845
1920
501
994
2235
2376
1560
1706
1712
1705
1820
2166
598
1143
763
2400
503
2199
499
1498
797
834
1218
1920
879
1201
1642
628
2046
1878
608
1571
1841
528
642
649
774
1333
1681
2118
1475
1608
1302
1782
642
1242
613
705
2015
673
812
1286
1306
1738
2292
521
556
695
1201
1238
1713
747
1971
540
545
1877
1560
844
1983
1314
1781
801
2113
609
1223
1373
1807
2421
536
1690
777
1234
794
2227
2589
799
2587
1285
1374
2498
1308
1972
935
1397
2604
2492
1248
1245
1667
1078
1674
1574
1986
854
1703
622
1343
681
1946
563
1828
2628
764
2292
629
679
2004
1269
1488
2588
737
1642
2120
570
689
578
677
889
1393
2567
664
578
1301
561
1680
2275
2449
656
1526
2637
1908
829
1926
1906
2160
1822
967
1078
1617
2288
796
1681
2088
1204
2040
2245
718
1411
1601
1978
672
744
1464
1679
626
1326
2298
773
793
1232
833
1689
687
1281
2156
1343
1925
1955
1263
1870
1509
1793
1631
2423
1259
1458
761
822
1312
639
870
760
1612
2289
2572
1759
2100
597
1266
1553
807
1341
721
781
1729
635
1274
734
692
1518
2285
729
1358
2355
1793
790
1347
2359
2241
2393
833
1432
1898
663
1336
1933
1594
653
1379
1569
1968
2512
670
1325
741
1646
2044
1557
1633
651
1539
725
660
728
752
823
1086
2170
776
2252
758
1974
2286
686
1377
2379
1503
641
678
2034
701
1805
1937
632
707
768
1336
1824
1339
2034
1204
1691
2205
700
924
1260
2230
2625
737
2310
830
1562
1631
711
1329
2109
1987
2188
1793
817
1894
996
2437
2214
776
1685
1723
789
1553
1999
1999
2569
2398
1264
1440
1848
2220
1334
2297
1844
866
2331
2445
762
1222
841
2048
2570
1537
1963
713
942
823
1379
1414
1402
2019
1449
1304
1702
2022
790
1569
1938
1772
1824
2506
1079
1572
1927
741
2215
1754
819
1996
2033
1317
2131
1505
1264
1731
770
804
2286
2379
1239
1659
1534
2233
1365
2457
1427
1563
745
795
1335
1340
1884
2053
2403
1738
1929
1315
2615
2176
2320
837
1492
847
1718
922
1412
2179
2547
1312
1345
771
748
2595
736
759
1633
885
2069
809
722
1789
2625
1384
1625
1761
2203
1422
1486
1705
1567
723
2616
981
1881
1390
1797
1246
1461
1504
833
1665
1651
1853
1335
2231
1277
1688
739
838
2089
2560
851
1424
848
2111
2573
1979
2475
1369
1396
1736
808
843
1460
1580
766
2149
2552
2260
806
1369
1484
831
859
1507
1174
1223
736
888
1863
774
775
2012
825
886
2180
2248
2619
1199
1218
2265
838
1081
1303
1959
2348
1527
2487
1557
1799
759
1140
1517
1636
1817
901
1259
1483
802
1076
2290
1248
1439
2174
891
1653
2167
2433
1400
2112
1776
2629
2504
2546
1317
1205
2228
1345
1396
1283
1399
1860
2159
2497
819
1740
2154
2597
1674
2275
1919
2139
892
1554
951
825
862
1189
2026
2478
1398
1980
1905
1978
1237
2636
1418
2234
1233
1546
1415
1497
1613
822
2109
849
880
905
1562
2297
1815
856
872
1286
1819
866
1228
854
1884
1240
884
1085
1168
1282
1548
2122
1955
2152
839
2020
1278
2506
1579
1692
1820
2103
1916
1409
1419
1140
1832
2522
813
1401
1854
1289
1575
985
2007
2426
2009
1540
874
934
1203
1301
1289
1871
1891
2568
1600
865
972
1212
1237
1444
1817
1827
1558
1865
831
872
1277
1911
1902
1951
1654
883
1007
1493
1215
1655
1247
2116
956
843
850
852
869
1750
1016
893
980
1432
941
2121
2137
2466
2124
1422
2169
861
893
1126
2123
2529
877
1554
1663
1380
870
1341
1394
1405
2047
2142
1162
1453
1550
877
2328
2417
887
1075
1082
1084
1594
2562
1241
1734
2086
871
1127
1442
1309
1361
1939
1657
1944
2484
1389
890
1296
898
1002
1666
912
1091
882
905
1606
1338
1433
1531
1756
2004
1892
1448
1543
970
1006
1243
904
1010
895
904
1420
1525
1253
1857
1081
1082
1125
1262
2066
919
1108
2078
2440
1362
2018
1421
1478
1683
900
1070
1888
928
948
964
940
1013
979
1728
1124
1200
1258
913
932
1648
1213
2073
1328
1125
972
978
1886
921
1123
1670
1988
1492
1613
1673
912
1011
1851
1996
2234
1501
917
1566
926
1129
1454
1121
1144
1169
2390
933
1198
1502
1624
934
1370
1087
1088
1603
1067
1571
1254
1438
995
1119
1301
970
986
1378
977
978
1085
1279
933
982
1013
1120
1857
2069
1017
1118
993
1004
993
1102
2236
1002
1114
1291
1003
1131
1922
1111
1117
1112
1116
1005
1696
1008
1408
1419
959
1014
1430
1093
1154
1320
979
1093
1457
984
1094
1261
1095
1110
1346
1304
1737
990
1098
1231
1098
1299
1089
1485
1655
1132
1133
977
986
1466
959
992
1137
1634
1134
1138
1235
1333
1133
1077
1079
2128
1175
1227
2132
1141
1146
1147
1149
1198
1831
1145
1148
1727
1735
1727
1234
1672
1151
1152
995
1214
2165
1130
1153
1155
1157
1158
1159
1160
982
987
1135
1136
1141
1075
1077
1074
1076
1472
1682
1858
997
1149
1376
1498
1142
993
1122
1073
1074
1292
1295
1534
2563
1153
1306
1000
1105
1112
1364
1621
1262
1057
1581
1905
1178
1330
1071
1073
1436
1012
1128
1297
1114
1593
1164
1255
1615
1165
1111
1226
1128
1276
1120
1246
1119
1395
1124
1985
1126
1651
1502
1587
1743
1070
1072
1069
1071
1113
1172
1053
1115
1132
1095
1161
1217
2040
2254
1056
1290
1172
1179
1160
1196
1195
1197
1158
1159
1197
1194
1196
1193
1195
1155
1192
1194
1191
1193
1157
1190
1188
1192
1187
1191
1152
1190
1153
1186
1185
1188
1184
1187
1182
1186
1149
1185
1181
1184
1148
1151
1146
1182
1180
1181
1147
1179
1176
1180
1134
1145
1133
1176
1138
1173
1132
1171
1170
1173
1112
1171
1111
1170
1141
1452
1116
1165
1117
1164
1165
1118
1164
1120
1211
1119
1142
1121
1136
1135
1142
1130
1136
1129
1135
1122
1172
1127
1130
1123
1129
1108
1127
1102
1108
1124
1091
1102
1091
1125
1126
1411
1386
1121
1134
1138
1580
1275
1323
2256
1094
1167
1229
1146
1147
1181
1104
1109
1188
1190
1551
1614
1155
1103
1143
1194
1158
1403
1532
1160
1174
1373
1177
1177
1469
1183
2056
1137
1161
1529
1348
2187
2444
1178
1375
1184
1206
1167
1387
1116
1183
1425
1371
2162
1128
1841
1170
1604
1176
2260
1207
1168
1219
2061
1610
2125
1924
2105
1182
1356
2129
1943
1640
1180
1742
1288
2275
1505
1661
1179
1230
2184
1183
1990
1207
1234
1192
1185
1496
1216
1947
1618
2150
1207
1866
2197
2587
1873
2148
1211
1230
1246
1463
1544
1391
1735
1216
1310
2204
2416
1344
1508
2579
1219
1491
1741
1380
1653
1752
2580
1275
1878
2083
1332
1623
2110
2500
1499
1882
2578
2636
1360
1648
2489
1359
1792
2313
1371
1850
1318
1675
1931
1293
1490
1582
1351
1416
1663
2456
2477
1449
2207
1894
2071
1720
1610
1904
1611
1902
1871
2119
2216
1591
1627
1462
2394
1858
1928
1844
1695
1389
1984
1807
2154
1673
1932
1536
1539
1785
2611
1758
2038
1257
1371
1462
1780
1632
2082
1546
1794
2130
1293
1426
1778
2067
1405
2006
1668
1447
1506
1760
1540
1951
2504
1402
1722
1455
1712
1309
1314
2545
1456
1770
1440
1567
1710
2274
2279
1417
1967
1639
1488
2500
1420
1759
1802
1937
2261
1847
2223
1509
1561
1450
1406
1407
1583
1524
1395
1489
1599
1698
1324
1881
2080
1625
1766
2308
2449
1467
1491
1417
1431
1962
2307
1351
1366
1385
1485
2273
2411
1472
2544
1496
1460
1604
2534
2163
2153
1486
2166
1659
1975
2492
2282
1785
1963
2610
1316
2072
1385
1392
2392
1477
2350
1362
2093
2369
1528
2084
1609
2386
1383
1849
1879
1366
1907
1471
1843
1403
1564
2503
1587
1716
1669
2011
1474
2036
1426
1578
1366
1367
1392
1346
2025
1612
2270
1354
1833
2094
1713
1930
1687
2126
2306
2010
1945
2467
2001
2175
2146
1486
1469
1424
1903
1476
1794
2621
2280
1357
1885
1896
1693
1724
2484
1601
2364
1638
2226
1428
1496
1938
1603
1874
1442
1675
1933
1385
1407
1842
1492
1626
2116
1430
2029
2281
1688
1455
2017
2190
1463
1467
1937
2014
2250
1640
2283
1578
1868
1383
1429
2510
1462
1650
2631
1478
1765
1545
2326
2024
1746
1431
1490
1522
1531
1878
2078
1644
1647
1513
2450
1503
2387
2249
2383
2623
2061
1512
1614
1429
1473
1640
1406
1519
2206
1822
1447
1538
1409
2268
2051
2372
1746
1664
2547
1843
1881
1569
1608
1626
1450
1982
2098
1834
2452
2136
2058
1448
1898
2025
1862
2364
1917
1649
1791
2200
1637
2507
1738
2084
2231
1649
2401
2128
1779
2117
2551
1563
2300
1471
1851
1551
1753
1739
1766
1550
1697
1814
1495
1568
1701
1876
1652
1725
1742
2517
1541
1573
1812
2169
2446
2624
1481
1510
1573
1940
2238
1728
1629
1652
1694
1841
1456
1515
1528
1699
1816
2127
2164
1582
2479
1976
2012
2438
1650
2165
1473
1523
1541
1868
1592
1677
1813
1751
2001
1719
2525
1706
1834
1678
1919
2195
2079
2108
1597
1953
2610
1699
2367
1618
1970
1538
1493
1630
2174
1598
1586
2162
1788
2049
2011
2121
1900
2145
2191
1849
1691
2557
2532
1544
2233
2070
1721
1696
2349
1801
1839
1522
1639
1790
2435
1709
1825
1753
1897
1514
1817
1515
2277
1827
2297
2514
2442
2496
1538
1823
1971
2196
2485
1638
2258
2279
1854
1686
2104
1582
2178
1707
2130
1654
1621
1623
2381
2398
2085
1943
1659
1729
1941
1568
1629
1786
1561
1763
2634
2258
2309
1671
1989
2448
1606
2197
1940
2192
2124
1704
1903
2075
2108
2158
1622
2284
1829
1943
1710
2476
2030
1556
2007
1947
1711
1559
2009
1855
1748
2251
1772
1603
2163
1893
2068
2015
2063
1985
1577
2210
1575
1859
2036
1700
1697
1826
1840
2376
2140
2037
1990
2133
1939
1953
1585
2006
2066
1589
1984
2073
1856
1993
1908
1742
1768
1698
1883
2023
2264
1678
1801
1692
1910
1666
2358
2303
1989
2236
2623
1990
1718
1873
2362
1669
1888
2590
2599
1835
2149
2042
2003
1949
2105
2162
1978
2221
1657
2083
1628
2032
1930
1991
2325
1670
2213
2439
1721
2363
2366
2554
1895
2432
1787
1861
1767
2327
2602
2290
2482
1708
1729
1975
2121
2183
2422
2005
1702
1737
1867
2081
1875
2374
2337
1934
2285
2473
2206
2515
2071
2377
1911
1986
1967
2348
2596
1918
1703
2031
1823
1938
1837
1914
2310
1739
1845
1946
1694
2567
1795
1833
2038
1898
2263
1773
1756
2622
2531
2295
1700
1776
1712
2132
2276
1680
2409
2170
2194
1774
1973
1852
1872
2319
2177
1725
1901
2347
2589
2065
1700
2041
1907
1975
2492
1779
2027
2063
1968
1810
2381
1773
1810
1775
1767
1846
2480
1879
1811
2573
2132
2175
2324
1777
1863
1835
2087
2168
1777
1803
1935
2065
2070
2363
2194
2218
1787
1837
1903
1966
1855
1889
2430
2012
2024
1748
1774
2220
2320
1732
2019
2316
2443
1770
1745
1852
1953
1806
1845
1768
2326
2141
2277
1809
1970
2156
2426
2052
2462
1886
2100
1764
1837
1805
1950
2013
1786
2224
2016
2351
2069
2365
2085
2266
1776
2003
2016
2542
2467
1768
1774
2049
2100
2131
2267
1946
2189
1886
2002
2206
1993
2459
1806
1861
2226
2242
2120
2360
1795
1801
1942
1829
1822
2277
1910
1956
2391
2298
2353
1804
2050
2494
2106
2542
2575
1825
2545
2090
2423
1849
2237
2436
2202
1918
2099
2107
2566
2130
2487
2232
2315
1959
2056
1818
2235
2324
1921
2465
2468
1916
1805
2014
2101
1913
1950
2442
2595
1913
2181
2129
2032
2345
2529
2616
2150
1895
2115
2283
1982
1899
2151
2199
2228
2619
1861
2097
1954
2415
2144
2495
2095
2335
1933
1829
1923
2017
2438
2211
2570
2156
2397
2122
2442
2559
2201
2241
1909
1913
2127
2117
1921
1992
2311
2030
2523
2420
1923
2222
2299
2397
2314
2347
1875
2082
1936
1901
2607
2515
2096
2008
2293
2092
1877
2378
2214
1948
2244
2561
2241
2278
2009
2090
1893
2410
1916
2359
2116
2420
2549
2106
2209
2188
2493
2124
2163
2361
1922
1954
2608
2189
2440
2328
2245
2323
1890
2056
1926
2091
1969
2239
2328
1993
1959
1995
2211
2473
2250
2261
2259
2161
1992
2191
2112
2457
1936
1941
2222
1918
2143
2114
2272
2627
2035
2609
2081
1992
2212
2171
2247
2186
2196
2535
1997
2099
2062
2417
2075
2195
2331
2548
1982
2534
2395
1974
1981
2508
1960
2030
2614
2131
2392
2031
2084
1958
1977
2182
1935
2039
2026
2568
2077
2233
2224
2458
2118
2352
2373
2220
2314
2298
2064
2179
2393
2317
2346
2301
2339
2210
2313
2409
2447
2027
2095
2368
2389
2495
2077
2126
2425
2126
2414
2520
2155
2333
2125
2243
2416
2466
2518
2585
2152
2427
2172
2372
2150
2246
2280
2323
2262
2351
2105
2546
2093
2240
2047
2338
1981
2286
2061
2422
2469
2167
2327
2434
2350
2460
2253
2274
2271
2219
2011
2174
2185
2273
1998
2000
2408
2462
2050
2357
2515
2231
2517
2173
2064
2037
2302
2119
2141
2272
2469
2106
2144
2369
2188
2304
2248
2257
2511
2138
2524
2456
2446
2526
2255
2054
2269
2486
2418
2530
2483
2067
2586
2159
2357
2255
2516
2306
2520
2176
2183
2338
2180
2257
2318
2619
2616
2304
2630
2243
2404
2491
2455
2097
2076
2419
2380
2434
2326
2341
2299
2406
2527
2238
2531
2443
2177
2318
2399
2620
2484
2336
2413
2173
2151
2153
2224
2360
2332
2461
2505
2167
2546
2565
2102
2471
2541
2571
2266
2481
2107
2486
2279
2103
2204
2369
2136
2342
2403
2528
2251
2317
2334
2400
2217
2134
2232
2294
2099
2287
2502
2114
2141
2115
2447
2166
2209
2562
2341
2605
2538
2592
2379
2186
2388
2415
2205
2563
2375
2310
2261
2444
2553
2338
2301
2367
2371
2627
2378
2516
2412
2418
2470
2419
2247
2528
2265
2291
2314
2463
2514
2227
2539
2307
2433
2216
2153
2545
2501
2511
2182
2227
2243
2250
2272
2519
2405
2344
2158
2632
2265
2526
2584
2429
2309
2428
2330
2355
2455
2199
2540
2500
2287
2489
2613
2334
2443
2585
2431
2212
2239
2472
2259
2354
2295
2505
2329
2427
2516
2495
2509
2317
2341
2451
2214
2308
2577
2296
2598
2533
2259
2356
2576
2463
2486
2474
2293
2635
2335
2549
2217
2312
2242
2262
2614
2606
2372
2253
2384
2421
2472
2305
2606
2252
2340
2303
2435
2288
2533
2587
2238
2390
2402
2258
2593
2465
2532
2303
2424
2321
2453
2266
2440
2494
2409
2523
2351
2340
2371
2396
2543
2501
2509
2423
2371
2553
2271
2396
2485
2535
2490
2302
2601
2521
2618
2471
2596
2463
2551
2631
2404
2588
2558
2306
2346
2340
2393
2578
2557
2575
2511
2329
2550
2583
2402
2450
2555
2294
2480
2538
2637
2424
2362
2533
2491
2600
2356
2560
2375
2387
2385
2632
2633
2395
2376
2357
2378
2466
2389
2497
2577
2336
2415
2332
2513
2453
2579
2418
2591
2512
2384
2383
2464
2608
2428
2634
2635
2420
2488
2360
2413
2433
2633
2497
2584
2451
2458
2502
2345
2380
2468
2593
2530
2370
2574
2474
2366
2477
2574
2597
2590
2604
2410
2597
2514
2604
2431
2460
2474
2456
2573
2620
2479
2518
2426
2464
2618
2421
2513
2536
2432
2436
2622
2618
2444
2481
2414
2571
2405
2461
2499
2489
2567
2400
2461
2550
2450
2453
2410
2437
2502
2566
2458
2543
2448
2407
2427
2550
2424
2441
2624
2519
2472
2626
2613
2519
2552
2522
2564
2459
2599
2559
2437
2543
2525
2522
2446
2591
2470
2530
2471
2607
2598
2540
2580
2566
2498
2468
2536
2581
2542
2612
2582
2493
2586
2534
2621
2612
2488
2615
2528
2560
2558
2544
2583
2585
2507
2617
2601
2548
2628
2487
2613
2499
2501
2540
2561
2505
2535
2611
2509
2551
2575
2565
2588
2557
2578
2537
2571
2623
2614
2562
2579
2603
2576
2594
2572
2602
2589
2593
2609
2555
2559
2582
2594
2582
2599
2569
2594
2577
2622
2603
2600
2625
2590
2621
2626
2624
2620
2607
2608
2606
2605
2617
2626
2611
)


// ************************************************************************* //
