/*--------------------------------*- C++ -*----------------------------------*\
| =========                 |                                                 |
| \\      /  F ield         | OpenFOAM: The Open Source CFD Toolbox           |
|  \\    /   O peration     | Version:  2412                                  |
|   \\  /    A nd           | Website:  www.openfoam.com                      |
|    \\/     M anipulation  |                                                 |
\*---------------------------------------------------------------------------*/
FoamFile
{
    version     2.0;
    format      ascii;
    arch        "LSB;label=32;scalar=64";
    class       vectorField;
    location    "constant/polyMesh";
    object      points;
}
// * * * * * * * * * * * * * * * * * * * * * * * * * * * * * * * * * * * * * //


2790
(
(0 0 0)
(-10 -10 0)
(20 -10 0)
(-10 10 0)
(20 10 0)
(-10 -10 0.001)
(20 -10 0.001)
(-10 10 0.001)
(20 10 0.001)
(0 0 0.001)
(0.01350571564 0.01361293105 0)
(0.03250460894 0.01907002617 0)
(0.05220426312 0.02116779497 0)
(0.07201960388 0.02150032405 0)
(0.09182345541 0.02069589721 0)
(0.11157777 0.01907145015 0)
(0.1312700211 0.01681257382 0)
(0.1508967269 0.01403981855 0)
(0.1704580158 0.01083718752 0)
(0.1899555559 0.007266457689 0)
(0.2093916821 0.003374999086 0)
(0.2287689983 -0.0007996486266 0)
(0.2480901879 -0.005226938329 0)
(0.2673579198 -0.00988147122 0)
(0.2865748016 -0.01474175163 0)
(0.3057433563 -0.01978931924 0)
(0.3248660105 -0.0250081279 0)
(0.3439450882 -0.03038409559 0)
(0.3629828052 -0.03590477167 0)
(0.3819812726 -0.04155906342 0)
(0.4009424977 -0.04733703273 0)
(0.4198683839 -0.05322973918 0)
(0.4387607283 -0.05922912485 0)
(0.4576212219 -0.06532791254 0)
(0.4764514545 -0.07151950972 0)
(0.4952529149 -0.07779794179 0)
(0.5140269889 -0.08415780354 0)
(0.5327749582 -0.09059421627 0)
(0.5514980049 -0.09710277547 0)
(0.5701972114 -0.1036795178 0)
(0.5888735597 -0.1103208969 0)
(0.6075279296 -0.1170237636 0)
(0.6261611019 -0.1237853356 0)
(0.6447737588 -0.1306031792 0)
(0.6633664835 -0.1374751946 0)
(0.6819397591 -0.144399605 0)
(0.7004939693 -0.1513749415 0)
(0.7190293996 -0.1584000299 0)
(0.7375462367 -0.165473982 0)
(0.756044568 -0.1725961862 0)
(0.7745243819 -0.1797663004 0)
(0.7929855669 -0.1869842437 0)
(0.8114279118 -0.1942501895 0)
(0.8298511049 -0.2015645592 0)
(0.8482547336 -0.2089280156 0)
(0.8666382835 -0.2163414575 0)
(0.8850011367 -0.2238060163 0)
(0.9033425742 -0.2313230418 0)
(0.9216617838 -0.2388940749 0)
(0.9399579419 -0.2465206459 0)
(0.9582263991 -0.2542132515 0)
(0.9372902457 -0.2564835671 0)
(0.9176317327 -0.2539425687 0)
(0.8979812803 -0.2513399374 0)
(0.8783386141 -0.2486791733 0)
(0.8587036377 -0.2459622415 0)
(0.8390762944 -0.2431907028 0)
(0.8194565554 -0.2403658344 0)
(0.7998444165 -0.2374886734 0)
(0.7802399036 -0.2345600003 0)
(0.7606430759 -0.2315803355 0)
(0.7410540298 -0.2285499352 0)
(0.7214729019 -0.2254687848 0)
(0.7018998737 -0.2223365941 0)
(0.682335175 -0.2191527896 0)
(0.6627790884 -0.2159165089 0)
(0.6432319538 -0.2126265923 0)
(0.6236941731 -0.209281576 0)
(0.6041662165 -0.2058796796 0)
(0.5846486287 -0.2024187932 0)
(0.5651420359 -0.1988964679 0)
(0.545647153 -0.1953099039 0)
(0.5261647925 -0.1916559341 0)
(0.5066958774 -0.1879309963 0)
(0.4872414516 -0.184131117 0)
(0.467802694 -0.1802518907 0)
(0.4483809337 -0.1762884517 0)
(0.4289776732 -0.1722354259 0)
(0.4095946105 -0.1680868949 0)
(0.390233665 -0.1638363546 0)
(0.3708970107 -0.1594766573 0)
(0.3515871204 -0.1549999262 0)
(0.3323068157 -0.150397467 0)
(0.3130593273 -0.1456596695 0)
(0.2938483733 -0.1407758718 0)
(0.2746782599 -0.1357341835 0)
(0.2555540155 -0.1305212474 0)
(0.2364815615 -0.125121954 0)
(0.2174679429 -0.119519055 0)
(0.1985216491 -0.1136926311 0)
(0.179653068 -0.1076193522 0)
(0.160875149 -0.1012714228 0)
(0.1422044063 -0.09461503123 0)
(0.1236625023 -0.08760798754 0)
(0.1052788795 -0.0801959588 0)
(0.08709542692 -0.07230613456 0)
(0.06917543172 -0.06383586013 0)
(0.05162253169 -0.05463067988 0)
(0.03462813059 -0.04443515875 0)
(0.01861646809 -0.03276880869 0)
(0.004890933602 -0.01854386231 0)
(-8 -10 0)
(-6 -10 0)
(-4 -10 0)
(-2 -10 0)
(0 -10 0)
(2 -10 0)
(4 -10 0)
(6 -10 0)
(8 -10 0)
(10 -10 0)
(12 -10 0)
(14 -10 0)
(16 -10 0)
(18 -10 0)
(-10 8 0)
(-10 6 0)
(-10 4 0)
(-10 2 0)
(-10 0 0)
(-10 -2 0)
(-10 -4 0)
(-10 -6 0)
(-10 -8 0)
(20 -8 0)
(20 -6 0)
(20 -4 0)
(20 -2 0)
(20 0 0)
(20 2 0)
(20 4 0)
(20 6 0)
(20 8 0)
(18 10 0)
(16 10 0)
(14 10 0)
(12 10 0)
(10 10 0)
(8 10 0)
(6 10 0)
(4 10 0)
(2 10 0)
(0 10 0)
(-2 10 0)
(-4 10 0)
(-6 10 0)
(-8 10 0)
(-8 -10 0.001)
(-6 -10 0.001)
(-4 -10 0.001)
(-2 -10 0.001)
(0 -10 0.001)
(2 -10 0.001)
(4 -10 0.001)
(6 -10 0.001)
(8 -10 0.001)
(10 -10 0.001)
(12 -10 0.001)
(14 -10 0.001)
(16 -10 0.001)
(18 -10 0.001)
(-10 8 0.001)
(-10 6 0.001)
(-10 4 0.001)
(-10 2 0.001)
(-10 0 0.001)
(-10 -2 0.001)
(-10 -4 0.001)
(-10 -6 0.001)
(-10 -8 0.001)
(20 -8 0.001)
(20 -6 0.001)
(20 -4 0.001)
(20 -2 0.001)
(20 0 0.001)
(20 2 0.001)
(20 4 0.001)
(20 6 0.001)
(20 8 0.001)
(18 10 0.001)
(16 10 0.001)
(14 10 0.001)
(12 10 0.001)
(10 10 0.001)
(8 10 0.001)
(6 10 0.001)
(4 10 0.001)
(2 10 0.001)
(0 10 0.001)
(-2 10 0.001)
(-4 10 0.001)
(-6 10 0.001)
(-8 10 0.001)
(0.01350571564 0.01361293105 0.001)
(0.03250460894 0.01907002617 0.001)
(0.05220426312 0.02116779497 0.001)
(0.07201960388 0.02150032405 0.001)
(0.09182345541 0.02069589721 0.001)
(0.11157777 0.01907145015 0.001)
(0.1312700211 0.01681257382 0.001)
(0.1508967269 0.01403981855 0.001)
(0.1704580158 0.01083718752 0.001)
(0.1899555559 0.007266457689 0.001)
(0.2093916821 0.003374999086 0.001)
(0.2287689983 -0.0007996486266 0.001)
(0.2480901879 -0.005226938329 0.001)
(0.2673579198 -0.00988147122 0.001)
(0.2865748016 -0.01474175163 0.001)
(0.3057433563 -0.01978931924 0.001)
(0.3248660105 -0.0250081279 0.001)
(0.3439450882 -0.03038409559 0.001)
(0.3629828052 -0.03590477167 0.001)
(0.3819812726 -0.04155906342 0.001)
(0.4009424977 -0.04733703273 0.001)
(0.4198683839 -0.05322973918 0.001)
(0.4387607283 -0.05922912485 0.001)
(0.4576212219 -0.06532791254 0.001)
(0.4764514545 -0.07151950972 0.001)
(0.4952529149 -0.07779794179 0.001)
(0.5140269889 -0.08415780354 0.001)
(0.5327749582 -0.09059421627 0.001)
(0.5514980049 -0.09710277547 0.001)
(0.5701972114 -0.1036795178 0.001)
(0.5888735597 -0.1103208969 0.001)
(0.6075279296 -0.1170237636 0.001)
(0.6261611019 -0.1237853356 0.001)
(0.6447737588 -0.1306031792 0.001)
(0.6633664835 -0.1374751946 0.001)
(0.6819397591 -0.144399605 0.001)
(0.7004939693 -0.1513749415 0.001)
(0.7190293996 -0.1584000299 0.001)
(0.7375462367 -0.165473982 0.001)
(0.756044568 -0.1725961862 0.001)
(0.7745243819 -0.1797663004 0.001)
(0.7929855669 -0.1869842437 0.001)
(0.8114279118 -0.1942501895 0.001)
(0.8298511049 -0.2015645592 0.001)
(0.8482547336 -0.2089280156 0.001)
(0.8666382835 -0.2163414575 0.001)
(0.8850011367 -0.2238060163 0.001)
(0.9033425742 -0.2313230418 0.001)
(0.9216617838 -0.2388940749 0.001)
(0.9399579419 -0.2465206459 0.001)
(0.9582263991 -0.2542132515 0.001)
(0.9372902457 -0.2564835671 0.001)
(0.9176317327 -0.2539425687 0.001)
(0.8979812803 -0.2513399374 0.001)
(0.8783386141 -0.2486791733 0.001)
(0.8587036377 -0.2459622415 0.001)
(0.8390762944 -0.2431907028 0.001)
(0.8194565554 -0.2403658344 0.001)
(0.7998444165 -0.2374886734 0.001)
(0.7802399036 -0.2345600003 0.001)
(0.7606430759 -0.2315803355 0.001)
(0.7410540298 -0.2285499352 0.001)
(0.7214729019 -0.2254687848 0.001)
(0.7018998737 -0.2223365941 0.001)
(0.682335175 -0.2191527896 0.001)
(0.6627790884 -0.2159165089 0.001)
(0.6432319538 -0.2126265923 0.001)
(0.6236941731 -0.209281576 0.001)
(0.6041662165 -0.2058796796 0.001)
(0.5846486287 -0.2024187932 0.001)
(0.5651420359 -0.1988964679 0.001)
(0.545647153 -0.1953099039 0.001)
(0.5261647925 -0.1916559341 0.001)
(0.5066958774 -0.1879309963 0.001)
(0.4872414516 -0.184131117 0.001)
(0.467802694 -0.1802518907 0.001)
(0.4483809337 -0.1762884517 0.001)
(0.4289776732 -0.1722354259 0.001)
(0.4095946105 -0.1680868949 0.001)
(0.390233665 -0.1638363546 0.001)
(0.3708970107 -0.1594766573 0.001)
(0.3515871204 -0.1549999262 0.001)
(0.3323068157 -0.150397467 0.001)
(0.3130593273 -0.1456596695 0.001)
(0.2938483733 -0.1407758718 0.001)
(0.2746782599 -0.1357341835 0.001)
(0.2555540155 -0.1305212474 0.001)
(0.2364815615 -0.125121954 0.001)
(0.2174679429 -0.119519055 0.001)
(0.1985216491 -0.1136926311 0.001)
(0.179653068 -0.1076193522 0.001)
(0.160875149 -0.1012714228 0.001)
(0.1422044063 -0.09461503123 0.001)
(0.1236625023 -0.08760798754 0.001)
(0.1052788795 -0.0801959588 0.001)
(0.08709542692 -0.07230613456 0.001)
(0.06917543172 -0.06383586013 0.001)
(0.05162253169 -0.05463067988 0.001)
(0.03462813059 -0.04443515875 0.001)
(0.01861646809 -0.03276880869 0.001)
(0.004890933602 -0.01854386231 0.001)
(9.119936868 8.430573115 0)
(8.747110804 -8.315991771 0)
(18.38591186 1.145237053 0)
(-8.248396092 2.665497019 0)
(-2.76581658 8.176775463 0)
(-8.298849054 -3.034946774 0)
(-3.102096756 -8.325720005 0)
(3.251385147 8.464685829 0)
(0.6969700337 -0.1326019553 0)
(3.127091075 -8.234200089 0)
(12.96467381 8.297709372 0)
(12.9159598 -8.055898962 0)
(18.36752511 -3.046361078 0)
(18.28054681 4.978975306 0)
(16.98763736 -8.393614897 0)
(-6.926834779 -8.217669863 0)
(-8.267949192 7 0)
(16.96967778 8.335372714 0)
(-4.939897387 -8.37542382 0)
(-3.995073376 -6.808643663 0)
(-2.418343324 -6.761303825 0)
(0.6691175765 -0.233951105 0)
(-3.150303827 -5.49106801 0)
(-1.851820643 -5.448031546 0)
(-2.475841748 -4.43010046 0)
(0.4157185886 -0.1869370538 0)
(-1.402080806 -4.371905425 0)
(-1.895328603 -3.564656444 0)
(-1.052982028 -3.500115079 0)
(-1.441321512 -2.85901184 0)
(0.2012069119 -0.1346583783 0)
(-0.7745148997 -2.800679361 0)
(-1.051068721 -2.213857465 0)
(-1.726509912 -2.269895418 0)
(-1.358611248 -1.692701432 0)
(-1.983919708 -1.727325997 0)
(-1.693481878 -1.238497709 0)
(-2.284895108 -1.227742477 0)
(-1.982490972 -0.727455778 0)
(-0.4790160711 -2.255722597 0)
(-0.1788466248 -2.668907395 0)
(0.01382980947 -2.123114974 0)
(0.3362311241 -2.580519487 0)
(0.4984102706 -2.125638709 0)
(0.8465144719 -0.2614360156 0)
(0.81175647 -2.502967603 0)
(0.9568779719 -2.015690048 0)
(1.268611597 -2.419215814 0)
(1.407251946 -1.998696246 0)
(1.707130733 -2.302276774 0)
(-2.587839246 -0.6983827641 0)
(-2.201132745 -0.132091831 0)
(-3.08247867 -1.176332485 0)
(0.6539403557 -2.986174996 0)
(-0.3081709597 -1.806070676 0)
(0.07442453581 -0.0847158419 0)
(-2.9303289 -0.1181557583 0)
(-2.577246468 0.5021821304 0)
(1.191317433 -1.675898899 0)
(1.539883624 -1.638865248 0)
(1.323083083 -1.384002424 0)
(1.650119921 -1.326508136 0)
(1.03221931 -1.404801887 0)
(1.137792279 -1.165885464 0)
(0.8986445178 -1.181909716 0)
(0.9900319681 -0.9552929471 0)
(1.211206875 -0.9512863307 0)
(0.7885030911 -0.9931236094 0)
(-3.360363729 0.4615252003 0)
(-2.909065292 1.209854379 0)
(-2.08637909 1.131091483 0)
(-2.452045118 1.884020839 0)
(-1.693220177 1.827384514 0)
(0.4155065198 -0.03384636584 0)
(0.2812014651 0.004368028092 0)
(0.5478024323 -0.07760911843 0)
(-1.995561875 2.554812573 0)
(-1.12485347 2.397694302 0)
(-2.735034488 2.599639368 0)
(0.8508314027 -0.8229348194 0)
(0.5327217416 -0.2103899705 0)
(0.4741561315 -0.1990705728 0)
(0.591405243 -0.2210738737 0)
(0.673122227 -0.8319957827 0)
(-1.532847104 3.26113042 0)
(-0.6670868203 3.203970124 0)
(-0.2764474533 2.431099933 0)
(0.1931722804 3.116373706 0)
(0.5451400718 2.309887448 0)
(0.9102513452 2.943563796 0)
(1.252023503 2.295071317 0)
(1.639307147 2.859468013 0)
(1.912127576 2.19648372 0)
(2.36697097 2.774772081 0)
(2.668094604 2.057089608 0)
(3.196384016 2.689507084 0)
(3.543486381 1.862352809 0)
(4.139674362 2.632591687 0)
(4.492404583 1.670596213 0)
(5.187656205 2.542861823 0)
(5.59211348 1.423094632 0)
(6.3489776 2.404316692 0)
(6.816752189 1.235724385 0)
(5.975525262 0.249411244 0)
(7.288720225 -6.911022194e-05 0)
(6.415937183 -0.9834515073 0)
(8.175475086 1.01448059 0)
(8.684966961 -0.3107925263 0)
(9.666887918 0.7769214799 0)
(10.19905896 -0.5905033693 0)
(2.912067925 1.250749921 0)
(-0.07633467492 4.075496137 0)
(-1.430873293 -0.755397816 0)
(0.1644554811 -0.1208584809 0)
(0.6010785092 -1.00016578 0)
(0.5078866506 -0.8474877142 0)
(0.2413320222 -0.1443407734 0)
(0.3185370673 -0.1647283163 0)
(0.7643332625 -0.7033522014 0)
(0.8917121242 -0.6831405379 0)
(1.498244794 1.64228825 0)
(0.8638760172 -0.1966885259 0)
(0.2798866426 -0.1548621574 0)
(0.3573521817 -0.1739808729 0)
(0.8858218643 -0.2670610385 0)
(0.9249129686 -0.2724544344 0)
(0.6305714651 -0.2279106652 0)
(0.8063014578 -0.2562770602 0)
(0.7482241492 -0.247029747 0)
(0.708973831 -0.240853429 0)
(0.1145314474 1.76809489 0)
(5.874633224 3.544411098 0)
(2.122814198 3.462024703 0)
(9.252648498 -1.550302302 0)
(1.908197281 -1.5958192 0)
(11.21899936 0.5467691862 0)
(0.8164556013 -0.5813724858 0)
(0.7066769071 -0.5982244621 0)
(0.9269961823 -0.5671418908 0)
(11.72150732 -0.975479814 0)
(-1.34885639 1.179596465 0)
(-3.783542606 1.270813106 0)
(-4.269913858 0.3926700176 0)
(0.4178444675 -1.009451693 0)
(0.3147593174 -0.858924875 0)
(7.144974625 3.42369761 0)
(10.64195283 1.929490306 0)
(0.74302956 -0.5063959899 0)
(0.6543387054 -0.5130551934 0)
(-0.8060609658 -5.232907366 0)
(12.29315282 1.785522395 0)
(-3.637008175 -4.333829491 0)
(3.713431297 3.500386845 0)
(0.2289503482 -1.014129435 0)
(0.1331301247 -0.8504308301 0)
(0.2350231154 -0.6980032171 0)
(0.05329490125 -0.6950115588 0)
(-0.05430514312 -0.848697357 0)
(-0.1264240864 -0.6475943912 0)
(-0.2727678852 -0.8537072019 0)
(-0.3399248001 -0.6457988826 0)
(0.1398321022 -0.5423371931 0)
(-0.2328091064 -0.4799185049 0)
(-0.0003456287014 -0.03832322364 0)
(-0.4138460161 -0.4637073682 0)
(-0.3115883055 -0.3290055583 0)
(-0.4510647884 -0.3023316425 0)
(-0.3680022918 -0.1526250421 0)
(-0.5531730461 -0.1406501374 0)
(-0.4396127977 0.02425619354 0)
(-0.6624321259 0.03063463181 0)
(-0.4854838644 0.2196834838 0)
(5.097844718 -0.7540756165 0)
(5.573940243 -1.953643586 0)
(-0.1410085003 -0.3399790151 0)
(-0.3138647202 0.1833331599 0)
(0.1028009167 0.03758451083 0)
(0.04002225796 0.03713014674 0)
(-0.005859163296 0.01830635285 0)
(-0.379947129 0.3792708383 0)
(-0.2033682543 0.3588622027 0)
(-0.2652905169 0.4974176119 0)
(-0.1005802069 0.485137466 0)
(0.2760669633 -0.550303472 0)
(0.2202515648 -0.4468943551 0)
(0.3306628869 -0.4435652171 0)
(1.556019848 -2.823465768 0)
(2.107271622 -2.674064339 0)
(1.900703143 -3.322768163 0)
(2.629477332 -3.154091883 0)
(2.367662361 -3.917283253 0)
(3.17278281 -3.753829524 0)
(2.725922583 -2.421529719 0)
(0.6936592313 -0.4291230389 0)
(0.6185068804 -0.4417201387 0)
(0.7688981226 -0.429114763 0)
(0.5218803386 -1.140051022 0)
(0.270128329 -0.3550618091 0)
(0.1832729034 -0.3588459415 0)
(0.3481807928 -0.3631037145 0)
(-0.5037915689 -0.810052758 0)
(0.5588010108 -0.5027728991 0)
(6.598945562 4.641034567 0)
(7.988570727 4.532366677 0)
(1.439847157 -3.957329894 0)
(-0.1333846521 0.6427993662 0)
(0.05602542506 0.5885520058 0)
(0.1378649726 0.4458331029 0)
(0.2588778733 0.5347094238 0)
(0.1828250708 0.02552839569 0)
(0.1431395191 0.03289241838 0)
(0.2227444128 0.01809999535 0)
(0.3241816445 0.3958922143 0)
(0.4431218793 0.4840109218 0)
(0.5283991119 0.3274396542 0)
(0.6311108672 0.4586354997 0)
(0.6749754462 0.2763469765 0)
(0.7986796328 0.4128230374 0)
(0.8244104849 0.2292548362 0)
(0.9579202473 0.3576151212 0)
(0.5857222066 0.6596946194 0)
(0.7184572221 0.14744628 0)
(0.7900245825 -0.1673601821 0)
(0.6238087466 -0.1037908104 0)
(0.585056863 -0.09144517134 0)
(0.8269846269 -0.181926416 0)
(0.7528799299 -0.1532328444 0)
(0.8792395348 0.1013762459 0)
(-4.779268599 1.312962308 0)
(-5.318217703 0.3886748463 0)
(2.050713511 -4.744647595 0)
(0.6447998544 -0.3920540395 0)
(0.5936413097 -0.3799177008 0)
(-2.406139094 -2.198433218 0)
(0.2200902841 -0.283545464 0)
(0.1553210426 -0.2914905015 0)
(11.66875662 3.440194061 0)
(13.41588456 3.106710601 0)
(1.008901999 -0.6456863927 0)
(1.02948657 -0.5489898975 0)
(0.9719014618 -0.4768282713 0)
(1.056039834 -0.4585231936 0)
(1.126788632 -0.5257625029 0)
(1.144595005 -0.4284992106 0)
(1.240707527 -0.4916624743 0)
(-0.7503344712 0.2692427162 0)
(-0.5013695822 0.587957537 0)
(-0.9407909514 0.02195155279 0)
(-0.6205455466 -0.4159921058 0)
(0.1060452675 -0.350900971 0)
(0.07800869255 -0.2589216716 0)
(1.064471498 -0.3811724818 0)
(0.2278166852 0.7844842352 0)
(0.7730226857 0.0199872184 0)
(0.3755748932 0.2223414426 0)
(-0.1341167435 0.1784095005 0)
(14.00267112 1.45080882 0)
(-0.1788893865 -1.051468542 0)
(0.6075756365 -0.3350752885 0)
(0.5575503693 -0.331346055 0)
(0.5270846584 -0.381914535 0)
(0.5022885487 -0.3242535807 0)
(0.6677315604 -0.3222454095 0)
(-4.70145923 -0.5377218945 0)
(-5.841377796 -0.6014424752 0)
(-5.014313577 -1.570305795 0)
(0.1901695452 -0.2383956429 0)
(0.2526925373 -0.2404542356 0)
(-6.614965031 0.2488191654 0)
(-1.073680505 0.3311060523 0)
(-1.322044664 -0.02513047931 0)
(5.294723607 4.726993115 0)
(5.998889706 5.858403472 0)
(15.1424204 2.776273998 0)
(14.9336197 4.769560686 0)
(0.529091705 -0.2869128854 0)
(0.4721571846 -0.2886943462 0)
(0.3866282222 -0.532576621 0)
(-1.461414201 0.4015868824 0)
(0.6339682772 -0.2865796762 0)
(0.2239111069 -0.198073222 0)
(0.467890094 -0.3812768465 0)
(4.622530267 5.974099989 0)
(1.195474065 -0.6153194278 0)
(1.364303737 -0.6184230704 0)
(2.029433816 -1.212593533 0)
(1.377268434 -0.4400775395 0)
(1.139146326 -0.3373250168 0)
(1.085843098 -0.297716239 0)
(2.352113822 -1.530917179 0)
(2.462132944 -0.9682975869 0)
(2.911820202 -1.436051839 0)
(3.096335551 -0.8438217652 0)
(2.607559616 -0.3965529654 0)
(3.153274459 -0.1585290899 0)
(3.688916666 -1.407858078 0)
(0.5069031681 -0.2531231662 0)
(6.823583226 -2.267662295 0)
(5.913197699 -3.235841197 0)
(7.258429844 -3.594308133 0)
(6.268823453 -4.618152684 0)
(7.708230971 -4.984386716 0)
(6.651464816 -6.084690715 0)
(5.241100713 -5.638504955 0)
(1.123986151 -4.838378799 0)
(1.70412112 -5.684381297 0)
(2.842784445 -5.574411246 0)
(-1.081245565 -0.2854943448 0)
(-0.5781374536 1.834371308 0)
(0.1826450883 0.2514557353 0)
(-7.040504512 -0.9781027152 0)
(-0.07665528575 -0.4738924159 0)
(0.02528887407 -0.334703134 0)
(-0.005758350559 -0.2605498055 0)
(0.05008963414 -0.2033233126 0)
(-0.02738264982 -0.1911353615 0)
(0.02096675435 -0.1468274865 0)
(0.03271250574 -0.06412229806 0)
(1.725140698 -0.9716194417 0)
(1.52747274 -0.5132172624 0)
(1.54911655 -0.3209901059 0)
(1.745926976 -0.471092154 0)
(1.815399779 -0.2154323411 0)
(1.544623794 -0.04407080116 0)
(1.801660205 0.09607480589 0)
(1.534562108 0.2312163067 0)
(1.835761894 0.4272014892 0)
(1.523188994 0.5787830934 0)
(1.862691067 0.8130096659 0)
(1.327637573 0.1458718414 0)
(1.349940259 -0.1425332948 0)
(2.234770633 0.5766858917 0)
(-0.2903291117 1.276124194 0)
(-4.241792 2.232197589 0)
(-5.3510827 2.283607806 0)
(-4.715166418 3.339493368 0)
(-5.942277849 3.344969141 0)
(-5.256343054 4.457677694 0)
(-3.935413753 4.41976984 0)
(-4.418191655 5.575390862 0)
(-3.070809097 5.481314354 0)
(-6.666973525 4.575851293 0)
(5.571222115 -7.159291867 0)
(5.423123855 7.197941422 0)
(0.3190266813 -0.2927517252 0)
(0.3809541601 -0.2980884256 0)
(0.347822058 -0.2531297668 0)
(0.3969964968 -0.2557425746 0)
(0.7803248434 -1.415366172 0)
(0.7376758532 -0.3753889022 0)
(0.7927049654 -0.3668346319 0)
(0.8285695256 -0.4156262354 0)
(0.8414614592 -0.3639277492 0)
(0.7569310601 -0.3298370288 0)
(0.8801654024 -0.3938607684 0)
(0.8988989658 -0.3577910957 0)
(0.9286554755 -0.3806668087 0)
(0.9453643752 -0.3491921959 0)
(0.8653200824 -0.3138079198 0)
(0.868775368 -0.4582188421 0)
(0.9714804531 -0.3695756349 0)
(0.9888531889 -0.3372868544 0)
(0.9617109349 -0.3108873089 0)
(0.8092598927 -0.3225359578 0)
(0.7801227247 -0.2912601909 0)
(0.9163237768 -0.3153225473 0)
(1.304207244 0.3625253446 0)
(1.187753232 0.6714385446 0)
(-0.001916172115 0.2896600599 0)
(0.5579637104 0.1900646247 0)
(2.174097254 1.580216807 0)
(8.532646605 3.211036639 0)
(9.455154793 4.378431462 0)
(8.781642936 -3.919434457 0)
(9.257157486 -5.359369619 0)
(10.4073512 -4.191476511 0)
(10.90530476 -5.674724467 0)
(12.04215579 -4.472804254 0)
(0.6676171163 1.760288054 0)
(8.881185385 5.728946939 0)
(10.42602648 5.595795712 0)
(0.11810497 -0.2182710822 0)
(0.0899394157 -0.1663775303 0)
(0.1055353827 -0.1012030156 0)
(-0.2697467847 -0.009909821279 0)
(-0.2241001353 -0.1465170033 0)
(0.1136930897 1.319253046 0)
(0.7088164851 1.220049657 0)
(0.2632310346 -1.765857486 0)
(-0.0518322279 -1.416031878 0)
(4.655071695 -2.787349061 0)
(6.835704934 7.102514547 0)
(1.425766693 1.058758597 0)
(0.4995621105 -0.4416058734 0)
(-0.9079707251 -1.740459563 0)
(-1.197877574 -1.19016469 0)
(-0.9775165567 -0.8375353814 0)
(-0.8150459444 -1.165258612 0)
(0.5291398659 -4.162767175 0)
(0.04405230582 -0.4414661703 0)
(15.63605777 1.034724953 0)
(14.54473554 -0.2037300042 0)
(16.23173044 -0.6601964333 0)
(14.84036297 -1.863222279 0)
(-1.118314778 -8.082747042 0)
(0.6899144221 -8.239262843 0)
(-2.884175341 -3.476537933 0)
(-3.988138971 -3.285249173 0)
(-4.797192065 -4.067456822 0)
(0.6866517779 -5.829126918 0)
(0.6456284954 -0.6930293427 0)
(0.4724159684 -0.6939143245 0)
(1.412188863 -1.112650594 0)
(1.426381775 -0.8658928335 0)
(-0.07839931059 -0.2501370816 0)
(-0.09081734339 -0.1682089592 0)
(-0.04643177522 -0.1358322494 0)
(-0.09478814118 -0.1090366982 0)
(-0.05198020748 -0.07626594602 0)
(-8.761927433 1.153590434 0)
(-6.623421401 2.292284058 0)
(0.9707819895 0.1898918897 0)
(0.9708732608 0.04640911421 0)
(0.9557684508 -0.2345027286 0)
(0.9190879866 -0.2192102673 0)
(-2.487274011 4.192297806 0)
(-1.712009473 5.32431598 0)
(0.01499020879 -0.05159131917 0)
(0.01259803127 -0.07129130676 0)
(0.02962665757 -0.08499407631 0)
(-0.004715867205 -0.05687681392 0)
(-0.01938889787 -0.04315021617 0)
(-0.007242229924 -0.07783112941 0)
(-0.01537503997 -0.01312979351 0)
(0.009323312449 -0.09230315899 0)
(0.02734952326 -0.1039668841 0)
(0.04707872689 -0.09947384288 0)
(0.01348882713 -0.1190983735 0)
(-0.3930052973 -4.154544926 0)
(-2.240902359 6.567328698 0)
(-0.9141599626 6.279291128 0)
(-0.9080874907 8.501925911 0)
(0.7964245416 8.378897508 0)
(1.769743305 6.83979411 0)
(1.250084428 -0.3811901362 0)
(1.217461067 -0.283188848 0)
(4.71997499 0.4746272096 0)
(0.8830183448 -0.001166657511 0)
(0.9859123189 -0.0364568597 0)
(0.9055593575 -0.09277124831 0)
(1.06168041 -0.006116877412 0)
(1.077976251 -0.09401987746 0)
(0.9881541712 -0.1382485726 0)
(1.151417417 -0.04605015877 0)
(1.14993806 -0.1411918677 0)
(1.076079171 -0.1821184363 0)
(0.9741194304 -0.2422106462 0)
(0.9765797926 -0.2620046021 0)
(0.9925127728 -0.2499803669 0)
(0.9949516219 -0.2698402188 0)
(0.9896078941 -0.2302098789 0)
(1.011098763 -0.2574235817 0)
(1.013416908 -0.2776202061 0)
(0.997360909 -0.2897154192 0)
(1.017599825 -0.3009870061 0)
(1.031295115 -0.2663660397 0)
(1.028513823 -0.2423088825 0)
(1.052889622 -0.2527433533 0)
(0.9640258274 -0.2732978792 0)
(-0.1531937989 -0.2126906953 0)
(1.075636568 0.1219529512 0)
(0.5808538019 -0.2885658109 0)
(1.265515116 -3.327765212 0)
(2.156111968 -1.977679483 0)
(0.420088953 -0.4407899084 0)
(2.173634258 -0.1034989164 0)
(1.107468297 -0.8298986121 0)
(12.57772816 -6.101260916 0)
(13.78147824 -4.83564341 0)
(14.35597935 -6.585130325 0)
(15.50072492 -5.281515921 0)
(13.40096078 -3.154927586 0)
(0.4507642031 -0.3262172989 0)
(-0.8081510038 0.5809222641 0)
(-0.6225105779 0.9210347245 0)
(-3.985694912 -1.356169836 0)
(7.054316334 -7.588740276 0)
(3.947273521 -6.640808331 0)
(10.97089268 8.396862901 0)
(1.048267673 -0.2197878416 0)
(1.083799788 -0.2297701424 0)
(1.020981411 -0.2167856474 0)
(2.461278123 -6.767311983 0)
(-0.02370105462 -0.06178845328 0)
(-0.0395785988 -0.04623958418 0)
(-4.864697309 8.108768946 0)
(-8.31669354 -4.912110182 0)
(-6.931149678 -4.105080641 0)
(-6.791654739 -5.707381404 0)
(-6.796503364 -2.439539967 0)
(0.04149383324 -0.1277503115 0)
(0.0651711312 -0.1168537064 0)
(0.07135808083 -0.1426304025 0)
(0.08582103763 -0.1268401231 0)
(0.08484013501 -0.1062426976 0)
(0.3505617151 -0.6388995906 0)
(-4.486830286 -5.422748767 0)
(10.80860027 -8.369511637 0)
(3.878800033 4.652669983 0)
(3.060411492 6.012008552 0)
(2.635224366 4.914077205 0)
(0.617498638 -1.70372724 0)
(-1.660595197 -0.3267494653 0)
(0.2976987319 -0.2532421089 0)
(0.3240325403 -0.2172325647 0)
(0.05264999837 -0.07867528392 0)
(-1.057771772 -6.405675934 0)
(12.00103409 6.676815915 0)
(13.93434809 6.534292433 0)
(-0.4402384531 5.147489813 0)
(0.4725248971 5.985999893 0)
(0.689351046 4.839868203 0)
(4.946199561 -4.132395348 0)
(-0.7959100302 1.336338174 0)
(14.97742653 8.283216619 0)
(16.01147518 6.714949011 0)
(-0.3486056717 -3.302511998 0)
(-3.129309537 -2.680777206 0)
(16.71910003 3.893249234 0)
(3.773228184 1.003700443 0)
(0.9553250409 0.5407721404 0)
(0.391910865 -1.489191328 0)
(0.1261052735 -0.1074170494 0)
(0.1120412385 -0.1204609028 0)
(0.1296628436 -0.127263142 0)
(0.1135512159 -0.139412795 0)
(0.1324622279 -0.1475586993 0)
(0.148575431 -0.1344635276 0)
(0.1532159771 -0.1552865572 0)
(0.1357253302 -0.1695616345 0)
(0.1579927544 -0.1795014825 0)
(0.1770165909 -0.1602467369 0)
(0.1821393786 -0.186119588 0)
(0.1974544938 -0.1682640447 0)
(0.1608491612 -0.2111920881 0)
(0.428464599 -0.278260985 0)
(0.4389718597 -0.2460670171 0)
(0.4087410966 -0.2201759792 0)
(-8.117273566 -6.731791581 0)
(1.124141624 -0.2053226882 0)
(1.129468645 -0.2622019748 0)
(0.1452066109 -0.1143607446 0)
(0.1678855503 -0.1407853244 0)
(18.31753316 3.026355574 0)
(-1.138196185 4.238797238 0)
(0.1834389227 -0.1268644777 0)
(18.10989413 -0.8975997754 0)
(-5.247494064 -2.710881034 0)
(0.2221225021 -0.1387867717 0)
(0.2275917933 -0.1580382143 0)
(0.2464163676 -0.1636340385 0)
(0.2606060571 -0.1496827872 0)
(0.2657388636 -0.1689634532 0)
(0.2851668748 -0.1741842124 0)
(0.2695722607 -0.1899019685 0)
(0.290270663 -0.1942064843 0)
(0.2757304679 -0.2091240365 0)
(18.42416269 -4.945203692 0)
(0.2991632149 -0.1598987582 0)
(11.61309196 -2.70367188 0)
(0.3379448912 -0.1694208087 0)
(0.34375311 -0.1881954254 0)
(0.3631657209 -0.1930971731 0)
(0.3475955633 -0.2066781803 0)
(0.3691176172 -0.2123902061 0)
(0.3828705264 -0.1973857783 0)
(0.3242365824 -0.1835030301 0)
(0.304615703 -0.1791500571 0)
(1.007685212 -0.2358447155 0)
(0.3767978262 -0.1783911772 0)
(0.4351336631 -0.1911475578 0)
(0.421755744 -0.2059773425 0)
(0.441465698 -0.2096021671 0)
(-8.277884885 4.770504889 0)
(0.4546539366 -0.1950661292 0)
(0.461066858 -0.2136695732 0)
(0.4805791559 -0.2179051684 0)
(0.4674505249 -0.2376143633 0)
(0.4572885475 -0.2592187474 0)
(0.4936682222 -0.2029381926 0)
(0.5003216254 -0.220959372 0)
(0.5132206129 -0.2065529811 0)
(0.5522632772 -0.2140456661 0)
(0.5392865452 -0.2292226444 0)
(0.5590112906 -0.2329160595 0)
(0.545934239 -0.2481692787 0)
(0.5658658205 -0.2517484114 0)
(0.5718421746 -0.2176114181 0)
(0.9374396453 -0.2268292175 0)
(0.9532313778 -0.2148334329 0)
(1.009698707 -0.3657237349 0)
(0.9054767242 -0.2697547405 0)
(0.8933507723 -0.285410027 0)
(0.8742885325 -0.2823285698 0)
(0.9149716301 -0.2920089167 0)
(0.9327260628 -0.2902246547 0)
(0.9007126948 -0.211626699 0)
(0.9165530116 -0.1994301465 0)
(0.8980396821 -0.1918124566 0)
(0.9139059349 -0.1795680045 0)
(0.895280573 -0.1719558393 0)
(0.9327072619 -0.1871993365 0)
(0.9297171627 -0.1640550009 0)
(0.9508230206 -0.1738266965 0)
(0.9516016623 -0.1478420384 0)
(0.9187765191 -0.1367467523 0)
(0.9504343651 -0.1034200645 0)
(0.8840001933 -0.1221306932 0)
(0.8618394342 -0.08080078549 0)
(0.8342382516 -0.1067730214 0)
(0.815096596 -0.08311271552 0)
(0.7936068861 -0.09873705556 0)
(0.7800305999 -0.0709322014 0)
(0.7567336693 -0.08847313705 0)
(0.7437101898 -0.06294260994 0)
(0.7220010338 -0.07944519171 0)
(0.7097354286 -0.05571459325 0)
(0.6599006416 -0.1182639802 0)
(0.6832144734 -0.07385519585 0)
(0.6774051292 -0.04497871126 0)
(0.6589855222 -0.06807611195 0)
(0.6492327915 -0.04083775143 0)
(0.6699984453 -0.006546065285 0)
(0.6303669648 -0.009749880645 0)
(0.6078157851 -0.03094132992 0)
(0.4909960965 -0.0592919112 0)
(0.5960694505 -0.009131630252 0)
(0.4533758064 -0.0459311309 0)
(0.6078057286 0.03205414485 0)
(0.5641112002 0.04471418476 0)
(0.5438614707 -0.005939926421 0)
(0.5267694123 0.02314072816 0)
(0.504397757 -0.0005377058269 0)
(0.4843345037 0.01995799325 0)
(0.3581597109 -0.01708838695 0)
(0.3191798316 -0.005980012027 0)
(0.4960092176 0.06371332431 0)
(0.4456617591 0.04867053157 0)
(0.4671564701 0.1049956558 0)
(0.415972559 0.0934597896 0)
(0.4045483351 0.05788448572 0)
(0.3725338657 0.07642031133 0)
(0.3577603591 0.04626858064 0)
(0.3335654394 0.06446015637 0)
(0.4334290984 0.01742990416 0)
(0.5239027369 -0.03314279764 0)
(0.7293249506 -0.1121544572 0)
(0.338485713 0.1100418722 0)
(0.2952314443 0.09647298333 0)
(0.3027144618 0.1455618595 0)
(0.2587999305 0.1214416066 0)
(0.2485445215 0.08244868159 0)
(0.2135604304 0.09968219734 0)
(0.2831943497 0.0628244154 0)
(0.2099633861 0.06760938394 0)
(0.386521578 0.01318062087 0)
(0.4648374887 -0.007341353706 0)
(0.3222185917 0.03641490432 0)
(0.8460022859 -0.1472286012 0)
(0.3440469997 0.01512084802 0)
(0.8049608147 -0.135856743 0)
(0.2159819105 0.1425339859 0)
(0.1727804183 0.1212467178 0)
(0.7671565508 -0.1238672481 0)
(0.4891284666 -0.0312429093 0)
(0.7020778905 -0.1038002834 0)
(0.6666620403 -0.08951326862 0)
(0.6427554477 -0.0897834336 0)
(0.6355044536 -0.06623370074 0)
(0.5874595247 0.08940302935 0)
(0.5689348757 -0.03538002172 0)
(0.5861072287 -0.05987266229 0)
(0.1772802657 0.08975658222 0)
(0.1366324054 0.1130821929 0)
(0.1340066696 0.1478339549 0)
(0.1065904727 0.1143868841 0)
(0.09171478096 0.1467201004 0)
(0.05190062482 0.1282690514 0)
(0.06826224152 0.08626528882 0)
(0.02661664107 0.1049047789 0)
(0.01686027736 0.1424234132 0)
(-0.009026493183 0.1086410122 0)
(-0.02630448329 0.1511119133 0)
(-0.04950102973 0.1120811692 0)
(-0.03779802981 0.07740979739 0)
(-0.0767653411 0.07934162029 0)
(-0.06495241995 0.04324315902 0)
(-0.09730589472 0.04285807412 0)
(-0.08154174201 0.02128888748 0)
(-0.1152003556 0.01605626465 0)
(-0.1055048204 -0.0212807266 0)
(-0.1410725139 0.05801577598 0)
(0.1042105079 0.08361337797 0)
(-0.0497248638 0.01272381063 0)
(-0.1492163012 -0.01555875512 0)
(0.1467354485 0.06990741724 0)
(0.03820663077 0.07280846228 0)
(0.001113074887 0.07261657509 0)
(-0.02783324988 0.04148666135 0)
(-0.07203877487 -0.0245563535 0)
(-0.09032279103 -0.04643138845 0)
(0.01008522105 0.2028840525 0)
(-0.05539774545 0.2100360663 0)
(0.08330561823 0.2403579712 0)
(0.8126264838 -0.03058943465 0)
(0.1221196885 0.1917472895 0)
(0.4196417123 0.1560329117 0)
(-0.1054586192 0.1170614375 0)
(0.3004437049 -0.0006604680566 0)
(0.2946524822 0.01842199905 0)
(0.2756017379 0.02339692727 0)
(0.3147251377 0.01566241113 0)
(0.261793541 0.00914114474 0)
(0.2560242404 0.0282155865 0)
(0.2422690158 0.01372008856 0)
(0.2362983405 0.03277822011 0)
(0.2163051123 0.03524943199 0)
(0.2269177773 0.05134120153 0)
(0.194669135 0.05141066154 0)
(0.202736387 0.02068836452 0)
(0.3381206204 -0.01190935828 0)
(0.3773785098 -0.02232837048 0)
(0.4345073537 -0.03982131974 0)
(0.430186551 -0.02036731285 0)
(0.4110471626 -0.01443789944 0)
(0.4492353376 -0.02551702525 0)
(0.4445673352 -0.006063089695 0)
(0.4718982677 -0.05323640393 0)
(0.5100634665 -0.0649340426 0)
(0.5042817494 -0.04441880178 0)
(0.3964621701 -0.02801283198 0)
(0.3917845246 -0.008223001481 0)
(0.4065332681 0.005083065439 0)
(0.372764459 -0.002822593301 0)
(0.6413917602 -0.1110208857 0)
(0.6109782608 -0.2245301492 0)
(0.6177661904 -0.2432791002 0)
(0.637489154 -0.2465989983 0)
(0.6250212981 -0.2631968611 0)
(0.6050004744 -0.2584101196 0)
(0.6104579029 -0.2785188362 0)
(0.8823020841 -0.2041197751 0)
(0.678078989 -0.1263813901 0)
(0.6500527028 -0.2311310498 0)
(0.7155860789 -0.1395044845 0)
(0.7122177819 -0.1194326729 0)
(0.8454439559 -0.1892739483 0)
(0.861314902 -0.1773230321 0)
(0.8266714426 -0.2588594017 0)
(0.8143323288 -0.2745983099 0)
(0.7927626182 -0.2732206087 0)
(0.7999269132 -0.2956697862 0)
(0.8235650438 -0.2979138419 0)
(0.7711393497 -0.2721753068 0)
(0.7597416919 -0.2961005219 0)
(0.8406365629 -0.3264310611 0)
(0.7497345821 -0.2689644343 0)
(0.7363342514 -0.2869493743 0)
(0.730181575 -0.2652229021 0)
(0.7151065635 -0.2824074512 0)
(0.7197752576 -0.3050449897 0)
(0.7848641618 -0.254867232 0)
(0.8483854567 -0.2975019208 0)
(0.7075476433 -0.2620141323 0)
(0.6937089747 -0.278544735 0)
(0.6871972083 -0.2583199127 0)
(0.6753140529 -0.2730800141 0)
(0.8352045938 -0.2779721848 0)
(0.6887453361 -0.2393390233 0)
(0.73415103 -0.1465940393 0)
(0.7505376916 -0.1349565836 0)
(0.8085078746 -0.1746266148 0)
(0.8241067282 -0.1621924891 0)
(0.7285951114 -0.2439671141 0)
(0.7713936452 -0.1604429335 0)
(0.7878469959 -0.1480781558 0)
(-0.01485888004 -0.105397582 0)
(0.9791669653 -0.2817668123 0)
(0.9797431316 -0.3007368612 0)
(0.8662937015 -0.2640661663 0)
(0.5289401497 -0.07124291179 0)
(0.543736618 -0.05881067041 0)
(0.561439624 -0.0663043815 0)
(0.5660435659 -0.08522440277 0)
(0.5785825719 -0.2363176481 0)
(0.2525456652 0.1866236148 0)
(0.6041666026 -0.09749715392 0)
(0.5989712434 -0.07553071488 0)
(0.6192989229 -0.08459008624 0)
(0.5982035132 -0.2396849003 0)
(0.9715585584 -0.2224713199 0)
(0.9874677734 -0.2102665726 0)
(0.8439278522 -0.1694827275 0)
(-6.944579626 8.388276269 0)
(-6.337638479 6.950131177 0)
(-3.589667751 6.78612698 0)
(1.023818661 -0.3330814898 0)
(0.8795884114 -0.1844804451 0)
(0.934913696 -0.2071328958 0)
(0.5199144661 -0.2245599181 0)
(0.8065030198 -0.1549297423 0)
(0.6571269789 -0.2497824293 0)
(4.285744904 -0.3438428011 0)
(0.2475862625 0.05297404632 0)
(0.3962995342 -0.1827070222 0)
(0.4909996623 -0.2376620595 0)
(0.7338357116 -0.01849530037 0)
(0.7082180371 0.03865594909 0)
(0.6536423321 0.08494519785 0)
(0.2504857026 -0.1835298298 0)
(0.2331440035 -0.1748308697 0)
(0.2490338008 -0.2093129044 0)
(0.4025819886 -0.2016048744 0)
(0.6453542352 -0.2670014657 0)
(0.8257588419 -0.139073396 0)
(0.9688251693 -0.2031478333 0)
(0.984895772 -0.18862069 0)
(12.90466638 4.903133858 0)
(0.9156476393 -1.643096849 0)
(0.3116487751 -0.1982784548 0)
(1.006114385 -0.4112953374 0)
(0.8358502508 3.89811371 0)
(1.738852965 4.293961755 0)
(1.663353338 5.513379584 0)
(-0.03090882359 -0.08134560063 0)
(0.5256560801 -0.2429428589 0)
(3.862527041 -4.827164085 0)
(0.7869192287 -0.1257515514 0)
(1.236836157 -0.7637672382 0)
(15.03586265 -8.333045997 0)
(0.9505333873 -0.1953295737 0)
(12.81976354 0.2437961634 0)
(-0.0183984099 0.004928911785 0)
(-0.03042208657 -0.008374388701 0)
(-0.02291367318 0.02307240208 0)
(2.586369099 0.1506319305 0)
(3.150354792 0.543024938 0)
(-3.749336988 -0.5824522912 0)
(0.4714551149 -0.03132814596 0)
(0.3893586757 -0.2161617029 0)
(0.37496776 -0.2366677949 0)
(-0.01050743196 0.03676405426 0)
(-0.01881892528 0.05842346052 0)
(0.005727672501 0.05050145693 0)
(0.0201981431 0.03381597102 0)
(0.02592060049 0.05181286744 0)
(0.1937433609 -0.1512777107 0)
(0.8768175833 -0.1649894926 0)
(0.8933261735 -0.1502881381 0)
(18.14106649 -6.923084998 0)
(-5.64566166 -6.742955591 0)
(0.5854883386 -0.254498511 0)
(18.10382909 6.86150332 0)
(0.5522961188 -0.2683204517 0)
(-0.05515593479 1.049014054 0)
(-0.0315273494 -0.02632991929 0)
(0.1518289514 -4.986052543 0)
(8.190220068 -6.532499018 0)
(0.8813531189 -0.3008527422 0)
(3.969014026 7.220036338 0)
(0.5249146811 -0.05236604704 0)
(0.5047750704 -0.02248582377 0)
(0.3621584893 0.02037235952 0)
(1.177372497 -0.2184536813 0)
(-0.1232041319 -0.06266884105 0)
(-0.1840884604 -0.05716973222 0)
(-0.1450320018 -0.1260486549 0)
(0.9625294806 -0.2903815946 0)
(0.6124238977 -0.5902327717 0)
(4.565995786 -1.644078725 0)
(1.026564209 0.9880285214 0)
(0.4555352091 0.01403373434 0)
(0.9974155666 -0.313578925 0)
(1.045737006 -0.308648154 0)
(1.053684139 -0.2798324791 0)
(0.8554460669 -0.2797231327 0)
(0.7694556737 -0.1410548861 0)
(0.7487303949 -0.1126787273 0)
(2.142464848 -0.5091480393 0)
(0.6167615566 -0.06569657081 0)
(7.651498464 2.223810842 0)
(4.580866759 -8.27906947 0)
(7.436052326 5.821578779 0)
(0.6808741892 -0.2965623076 0)
(7.71046559 -1.240769115 0)
(3.257812846 -2.039608439 0)
(3.5038146 -2.847346887 0)
(-8.533089593 -1.459236645 0)
(9.895647402 -6.872576765 0)
(0.7649185393 -0.2539068265 0)
(4.792636856 8.568631811 0)
(13.15673702 -1.442872567 0)
(2.839959045 4.005793384 0)
(1.105904627 0.2790730036 0)
(0.8995654865 -0.3033695197 0)
(0.8901117683 -0.3237153123 0)
(0.6567000039 0.03221355329 0)
(0.5130829261 -0.5920396076 0)
(4.772376411 3.513965571 0)
(0.9456469126 -0.2764201751 0)
(0.4830364181 -0.2604739924 0)
(2.273010783 1.043074927 0)
(-5.98672174 1.300364982 0)
(0.3477529736 -0.2283822133 0)
(0.09143487199 -0.08893272968 0)
(-0.04581353971 -0.3168579332 0)
(0.813845691 -0.4848227963 0)
(0.865668876 -0.5237291771 0)
(-0.04136935301 0.02937412163 0)
(6.281514115 8.473407544 0)
(0.6384996471 0.1576412217 0)
(9.952015524 6.982533509 0)
(-0.1136299463 0.2733629271 0)
(0.4092402605 -0.3618473712 0)
(0.2992086275 -0.2195460549 0)
(16.84016259 -4.157257936 0)
(0.1141468688 -0.1579317868 0)
(-2.247130666 -2.84155201 0)
(-0.006717964373 -0.1459006623 0)
(-3.385646901 3.14449923 0)
(0.008315438013 -0.5670103168 0)
(0.2296410868 -3.115384162 0)
(15.19129973 -3.591492313 0)
(16.16989467 -6.874689886 0)
(-0.9516882924 0.9354502718 0)
(0.3517715491 0.000884023979 0)
(1.005445085 -0.1991509375 0)
(1.004137891 -0.1718153728 0)
(1.031681572 -0.1899268362 0)
(1.038658345 -0.1422260173 0)
(1.751945834 -1.900846853 0)
(-3.240000501 1.945546143 0)
(0.03536695009 -1.02731235 0)
(0.1297292215 -1.211020641 0)
(1.111168677 -2.811917878 0)
(0.269395219 0.04450802508 0)
(0.2893056179 0.03904906994 0)
(0.3068825161 0.05298340998 0)
(16.68855799 -2.314023595 0)
(0.04377922588 0.05414769995 0)
(0.05902736471 0.04312786211 0)
(0.080734193 0.04081479499 0)
(0.07261610874 0.06009828663 0)
(0.0940719697 0.05545148658 0)
(0.1146910335 0.05266456334 0)
(0.1230558098 0.03508210076 0)
(0.1348540382 0.05155407144 0)
(0.1546739206 0.04945772552 0)
(0.1214582227 0.06938326885 0)
(0.1628003107 0.03001884742 0)
(0.1768861629 0.04581328059 0)
(0.1866562058 0.06668955959 0)
(0.01676345603 0.06772698097 0)
(0.08848613222 0.07388017618 0)
(0.9741068666 -0.167731129 0)
(1.25362772 -6.8632469 0)
(0.111402731 -6.882759082 0)
(0.4659952154 -0.5162899215 0)
(-4.092470546 -2.248886296 0)
(0.918732569 -0.43892554 0)
(16.86683431 2.068391598 0)
(0.2104469365 -0.1525380715 0)
(-0.05178365191 -0.0319687211 0)
(-0.06183350784 -0.05271087438 0)
(0.1368144022 -0.1957496882 0)
(-2.403722665 3.188211484 0)
(0.4251526831 -0.003671066478 0)
(-0.7896384216 -0.2135342536 0)
(-0.8867540353 -0.5065442405 0)
(-0.7043645412 -0.6866290926 0)
(0.5245168831 0.1136131177 0)
(0.6972085343 -0.3198726263 0)
(0.7244193948 -0.3337072842 0)
(0.2643402762 0.06562676532 0)
(-1.983877064 0.416196548 0)
(1.102222078 0.4422848309 0)
(0.6872957023 -0.3602750296 0)
(1.821710582 1.235525482 0)
(0.9470613047 -0.2995583465 0)
(0.9403593169 -0.321830528 0)
(8.317339977 -2.563562825 0)
(-0.1650101425 0.1126689586 0)
(-0.2199722366 0.0630827118 0)
(0.8603788804 -0.1610318983 0)
(9.08456692 2.020191362 0)
(1.343431247 -0.297986184 0)
(-1.112737689 1.763928155 0)
(-0.03381950791 7.232613865 0)
(0.6930422339 -1.183165994 0)
(-0.5164944946 -0.6044360414 0)
(2.859294034 -4.563467141 0)
(0.6726796035 -0.1081743364 0)
(0.9102012726 -0.160522747 0)
(0.4293135908 -0.2248244835 0)
(-1.225990487 0.7093422011 0)
(0.3432864572 -1.218910413 0)
(1.031766131 -0.2854554362 0)
(-5.739188295 -4.956978271 0)
(0.7009708791 -0.2985515779 0)
(0.06424608105 -0.09831221856 0)
(0.3786025454 0.1179412975 0)
(0.5403612285 -0.04341097334 0)
(0.5289583242 -0.2630061525 0)
(0.6866657108 -0.09635175619 0)
(0.6255392774 -0.04629231974 0)
(0.7299221215 -0.129674789 0)
(0.9842097892 -0.7632581676 0)
(0.7405588171 -0.3090444675 0)
(-7.088320202 5.757394929 0)
(1.906382268 -8.020804363 0)
(0.4632321832 0.2328583291 0)
(0.05334449609 -0.1665469161 0)
(10.03201843 3.222563052 0)
(1.248502881 -0.1091257495 0)
(-1.68850377 0.8118174069 0)
(2.046697179 -0.8697130325 0)
(0.05502769443 0.0672847467 0)
(0.5585993118 -0.4314518689 0)
(0.01334007628 0.08944927563 0)
(0.86871561 -0.1451401555 0)
(9.918166952 -2.788157666 0)
(1.44796638 -0.2041149448 0)
(0.5795328362 -0.0740901544 0)
(1.110960691 -0.7033856347 0)
(0.2732879462 -0.2766368591 0)
(0.448653205 -0.2293298975 0)
(0.8271370536 0.03858769856 0)
(0.4164195504 -0.2414743505 0)
(0.5369630668 0.06842751948 0)
(0.3330797024 0.005999195339 0)
(0.1663607334 0.06859130885 0)
(-2.565008835 -1.677652235 0)
(-0.03453743797 0.007626555145 0)
(0.1361735498 -0.4245358476 0)
(6.086335248 -8.39546877 0)
(-0.701331453 -0.9344588344 0)
(-0.4691910566 -1.077310489 0)
(-0.5716248808 -1.480382783 0)
(-0.255491017 -1.275289025 0)
(-0.2316253333 0.1418721076 0)
(-0.3017889896 0.06202736744 0)
(2.66544097 -1.888212942 0)
(0.8694323735 -0.3465889844 0)
(0.1781515931 0.174704317 0)
(0.297523714 0.2738341371 0)
(10.65097123 4.390936731 0)
(0.3055568691 0.03250635889 0)
(0.3302533142 -0.1987775311 0)
(1.416088418 3.481496299 0)
(3.784841181 0.2001269777 0)
(7.710034711 8.214540336 0)
(8.322488291 7.046781204 0)
(0.7841662258 0.6043136398 0)
(0.7637530848 0.8552705839 0)
(0.4934765637 0.8753323289 0)
(1.102889236 1.423967787 0)
(1.084059676 1.849427095 0)
(-3.189872217 -1.889934734 0)
(0.6550496135 -0.1027812543 0)
(0.5561935372 -0.2929340893 0)
(4.028079141 -3.669616981 0)
(0.05892669618 0.1756428722 0)
(-0.2110259799 0.2330472883 0)
(0.4094471961 0.02999951552 0)
(0.6729398363 -0.2523170655 0)
(0.4018030416 0.6676463058 0)
(-8.115564302 -0.02085902329 0)
(0.2019703066 -0.1868254012 0)
(0.09567731401 -0.144830294 0)
(0.222393449 -0.2290694492 0)
(-0.3157502841 0.8073933707 0)
(0.7174936305 -0.1001321091 0)
(0.5225293365 -0.01285308625 0)
(-8.535898385 8.535898385 0)
(-8.535898385 -8.535898385 0)
(0.8652319938 -0.2969375554 0)
(-7.15179075 3.52982128 0)
(0.1556936712 -3.638789939 0)
(-1.150484787 -0.5558971471 0)
(0.7690998902 -0.03031672273 0)
(0.556829826 -0.04733923757 0)
(18.53589838 8.535898385 0)
(18.53589838 -8.535898385 0)
(1.002568655 -0.2184253747 0)
(-0.04776522778 -0.01006144242 0)
(-0.06547616598 0.003675893146 0)
(0.9593768688 -0.4154583185 0)
(0.6998385504 -0.01741574422 0)
(0.6920069854 -0.1163956257 0)
(1.189762785 0.06253633635 0)
(0.1734114968 -1.468132421 0)
(0.1462184467 -0.2457486593 0)
(3.934322319 -2.145248238 0)
(0.7824998054 -0.3176025864 0)
(0.1133974673 -0.1849496951 0)
(1.198220574 0.1820992154 0)
(0.403917364 0.3134559104 0)
(0.01390993737 -0.1771129211 0)
(2.649612197 0.7326302915 0)
(-0.07310864949 0.1550757833 0)
(0.3761293534 -0.7474459443 0)
(0.4530910343 -0.2430575063 0)
(0.2800911135 -0.2347658116 0)
(0.6582330679 -0.2890271806 0)
(0.9777329694 -0.3187252906 0)
(0.9262728469 -0.04470108354 0)
(0.085653817 -0.2018064484 0)
(0.08527417843 0.09104828814 0)
(0.07511605363 0.1107843773 0)
(-0.2422249426 -0.24078824 0)
(0.5720664885 -0.2712156609 0)
(1.256629235 -0.1995383219 0)
(1.60974932 -0.70113673 0)
(0.3821616372 0.0406876456 0)
(0.7363323115 -0.09263770538 0)
(0.196865072 0.08093443077 0)
(0.5907734013 -0.2702417877 0)
(-1.725812774 0.06676233095 0)
(-0.9768310182 -1.443113003 0)
(0.1065881608 0.3299347256 0)
(0.2179469089 0.3719432232 0)
(1.322823733 -0.009184312659 0)
(0.8219631726 -0.3452926919 0)
(-0.2089285257 -0.0009346392921 0)
(10.64580199 -1.735872081 0)
(0.9200868153 -0.3409104431 0)
(-0.06422329197 -1.196224487 0)
(17.01520227 -5.636350487 0)
(-0.01264332306 -0.02856762833 0)
(0.9642502064 -0.3345829688 0)
(0.5481209986 -0.0271361351 0)
(0.2157531068 -0.1730949706 0)
(0.6352349305 -0.3137096281 0)
(0.6393798323 -0.3505461827 0)
(-0.03410715506 -0.3899711929 0)
(11.44914884 -6.994818331 0)
(0.9094320073 -0.4932598864 0)
(-4.95634721 6.641248287 0)
(-0.2662535957 -0.07200853606 0)
(0.4854472498 -0.04454407004 0)
(-0.01853544811 0.0825156873 0)
(0.2787148795 1.059489698 0)
(0.5875645629 -0.03959582772 0)
(0.0114112445 -0.2186376535 0)
(0.004297277447 0.03064822309 0)
(-0.08074417695 -0.07743103293 0)
(-5.787302354 5.659615707 0)
(11.63577756 5.235357606 0)
(0.7721962216 -0.1034066535 0)
(1.099709212 -0.6102347052 0)
(-0.04458955317 0.05487980337 0)
(-0.5850572101 0.4074153679 0)
(0.5037392248 -0.2794106872 0)
(0.81078674 -0.114477284 0)
(-5.843694479 -3.675706068 0)
(0.8534257695 -0.1235244421 0)
(0.3417306592 0.03414235135 0)
(0.5615578399 -0.666435096 0)
(0.01359103831 0.4061272242 0)
(-0.07968758661 0.3647821099 0)
(-0.2907109952 -1.528095299 0)
(1.017135977 -0.08674804482 0)
(1.071988455 -0.3336647308 0)
(-0.05328533408 -0.09755151819 0)
(0.5718934853 -0.05449311846 0)
(2.841159531 3.28718606 0)
(-0.03337364032 -1.684550456 0)
(0.3173060861 0.1986135113 0)
(-7.391832666 1.273282772 0)
(-0.3329593161 -0.03972139926 0)
(3.696706217 -0.5996427194 0)
(4.206079759 -1.009663349 0)
(0.6037932757 -0.05298823756 0)
(-0.5963224974 -1.901687466 0)
(0.195747294 0.03560607168 0)
(0.3972967159 -0.2340444804 0)
(-5.988038663 -1.660054397 0)
(0.9658368432 -0.1857311845 0)
(-0.3000161261 0.2859092027 0)
(0.5082437748 -0.2358724071 0)
(0.05083397706 0.09380407036 0)
(0.3751851187 -0.2609071405 0)
(0.2100019629 0.05095809302 0)
(0.4864880669 -0.01216299088 0)
(0.2293144756 0.07081110214 0)
(0.7122962087 -3.531368563 0)
(16.92920548 5.465327823 0)
(0.10512592 0.06694307583 0)
(0.1285932424 0.09004940483 0)
(0.6617936343 -0.2662416311 0)
(0.4865021918 0.1595129278 0)
(0.6042734864 -0.3056325491 0)
(0.3553875686 0.1584221491 0)
(1.081137058 -0.2644528377 0)
(0.4130058866 1.439052374 0)
(1.436831694 0.0775649384 0)
(-0.08691442222 -0.002317700019 0)
(0.5727656143 -0.01723925373 0)
(0.5685638128 0.01126637456 0)
(-3.139680609 -0.6481239507 0)
(0.5678221032 -1.368379662 0)
(0.09717028761 -0.1170513158 0)
(0.9511271525 0.7323883088 0)
(2.857382982 7.159360861 0)
(0.9304030553 -0.3047291741 0)
(2.064133768 8.109917028 0)
(0.183147682 -0.1418467107 0)
(0.001459722937 0.8228113706 0)
(0.7031566746 -0.08568961998 0)
(-0.2223182441 -5.945183082 0)
(0.1946557815 -0.2089969106 0)
(0.3225902688 -0.2440474056 0)
(0.5682605264 -0.7545987287 0)
(0.7884141697 0.09588470471 0)
(-0.02829482193 0.09540281551 0)
(1.082827653 -0.1386323339 0)
(0.1011039153 -0.1301573997 0)
(0.3783308619 -0.4045420509 0)
(-0.04160043847 -0.0636700917 0)
(0.6987461097 -0.2507925144 0)
(0.4350457439 -0.5979592011 0)
(-1.37255718 7.351587013 0)
(0.4173558057 -0.3161035202 0)
(2.105832113 0.2307928145 0)
(17.01198366 0.53544659 0)
(-0.05971403183 0.02386209294 0)
(0.1547304189 0.09210560396 0)
(-6.870356186 -6.849949609 0)
(1.853995804 -0.7045418795 0)
(-1.342473211 -0.3910995941 0)
(0.3308258186 0.02194418443 0)
(0.2722107962 0.08547867703 0)
(7.19118635 -8.885812184 0)
(9.119936868 8.430573115 0.001)
(8.747110804 -8.315991771 0.001)
(18.38591186 1.145237053 0.001)
(-8.248396092 2.665497019 0.001)
(-2.76581658 8.176775463 0.001)
(-8.298849054 -3.034946774 0.001)
(-3.102096756 -8.325720005 0.001)
(3.251385147 8.464685829 0.001)
(0.6969700337 -0.1326019553 0.001)
(3.127091075 -8.234200089 0.001)
(12.96467381 8.297709372 0.001)
(12.9159598 -8.055898962 0.001)
(18.36752511 -3.046361078 0.001)
(18.28054681 4.978975306 0.001)
(16.98763736 -8.393614897 0.001)
(-6.926834779 -8.217669863 0.001)
(-8.267949192 7 0.001)
(16.96967778 8.335372714 0.001)
(-4.939897387 -8.37542382 0.001)
(-3.995073376 -6.808643663 0.001)
(-2.418343324 -6.761303825 0.001)
(0.6691175765 -0.233951105 0.001)
(-3.150303827 -5.49106801 0.001)
(-1.851820643 -5.448031546 0.001)
(-2.475841748 -4.43010046 0.001)
(0.4157185886 -0.1869370538 0.001)
(-1.402080806 -4.371905425 0.001)
(-1.895328603 -3.564656444 0.001)
(-1.052982028 -3.500115079 0.001)
(-1.441321512 -2.85901184 0.001)
(0.2012069119 -0.1346583783 0.001)
(-0.7745148997 -2.800679361 0.001)
(-1.051068721 -2.213857465 0.001)
(-1.726509912 -2.269895418 0.001)
(-1.358611248 -1.692701432 0.001)
(-1.983919708 -1.727325997 0.001)
(-1.693481878 -1.238497709 0.001)
(-2.284895108 -1.227742477 0.001)
(-1.982490972 -0.727455778 0.001)
(-0.4790160711 -2.255722597 0.001)
(-0.1788466248 -2.668907395 0.001)
(0.01382980947 -2.123114974 0.001)
(0.3362311241 -2.580519487 0.001)
(0.4984102706 -2.125638709 0.001)
(0.8465144719 -0.2614360156 0.001)
(0.81175647 -2.502967603 0.001)
(0.9568779719 -2.015690048 0.001)
(1.268611597 -2.419215814 0.001)
(1.407251946 -1.998696246 0.001)
(1.707130733 -2.302276774 0.001)
(-2.587839246 -0.6983827641 0.001)
(-2.201132745 -0.132091831 0.001)
(-3.08247867 -1.176332485 0.001)
(0.6539403557 -2.986174996 0.001)
(-0.3081709597 -1.806070676 0.001)
(0.07442453581 -0.0847158419 0.001)
(-2.9303289 -0.1181557583 0.001)
(-2.577246468 0.5021821304 0.001)
(1.191317433 -1.675898899 0.001)
(1.539883624 -1.638865248 0.001)
(1.323083083 -1.384002424 0.001)
(1.650119921 -1.326508136 0.001)
(1.03221931 -1.404801887 0.001)
(1.137792279 -1.165885464 0.001)
(0.8986445178 -1.181909716 0.001)
(0.9900319681 -0.9552929471 0.001)
(1.211206875 -0.9512863307 0.001)
(0.7885030911 -0.9931236094 0.001)
(-3.360363729 0.4615252003 0.001)
(-2.909065292 1.209854379 0.001)
(-2.08637909 1.131091483 0.001)
(-2.452045118 1.884020839 0.001)
(-1.693220177 1.827384514 0.001)
(0.4155065198 -0.03384636584 0.001)
(0.2812014651 0.004368028092 0.001)
(0.5478024323 -0.07760911843 0.001)
(-1.995561875 2.554812573 0.001)
(-1.12485347 2.397694302 0.001)
(-2.735034488 2.599639368 0.001)
(0.8508314027 -0.8229348194 0.001)
(0.5327217416 -0.2103899705 0.001)
(0.4741561315 -0.1990705728 0.001)
(0.591405243 -0.2210738737 0.001)
(0.673122227 -0.8319957827 0.001)
(-1.532847104 3.26113042 0.001)
(-0.6670868203 3.203970124 0.001)
(-0.2764474533 2.431099933 0.001)
(0.1931722804 3.116373706 0.001)
(0.5451400718 2.309887448 0.001)
(0.9102513452 2.943563796 0.001)
(1.252023503 2.295071317 0.001)
(1.639307147 2.859468013 0.001)
(1.912127576 2.19648372 0.001)
(2.36697097 2.774772081 0.001)
(2.668094604 2.057089608 0.001)
(3.196384016 2.689507084 0.001)
(3.543486381 1.862352809 0.001)
(4.139674362 2.632591687 0.001)
(4.492404583 1.670596213 0.001)
(5.187656205 2.542861823 0.001)
(5.59211348 1.423094632 0.001)
(6.3489776 2.404316692 0.001)
(6.816752189 1.235724385 0.001)
(5.975525262 0.249411244 0.001)
(7.288720225 -6.911022194e-05 0.001)
(6.415937183 -0.9834515073 0.001)
(8.175475086 1.01448059 0.001)
(8.684966961 -0.3107925263 0.001)
(9.666887918 0.7769214799 0.001)
(10.19905896 -0.5905033693 0.001)
(2.912067925 1.250749921 0.001)
(-0.07633467492 4.075496137 0.001)
(-1.430873293 -0.755397816 0.001)
(0.1644554811 -0.1208584809 0.001)
(0.6010785092 -1.00016578 0.001)
(0.5078866506 -0.8474877142 0.001)
(0.2413320222 -0.1443407734 0.001)
(0.3185370673 -0.1647283163 0.001)
(0.7643332625 -0.7033522014 0.001)
(0.8917121242 -0.6831405379 0.001)
(1.498244794 1.64228825 0.001)
(0.8638760172 -0.1966885259 0.001)
(0.2798866426 -0.1548621574 0.001)
(0.3573521817 -0.1739808729 0.001)
(0.8858218643 -0.2670610385 0.001)
(0.9249129686 -0.2724544344 0.001)
(0.6305714651 -0.2279106652 0.001)
(0.8063014578 -0.2562770602 0.001)
(0.7482241492 -0.247029747 0.001)
(0.708973831 -0.240853429 0.001)
(0.1145314474 1.76809489 0.001)
(5.874633224 3.544411098 0.001)
(2.122814198 3.462024703 0.001)
(9.252648498 -1.550302302 0.001)
(1.908197281 -1.5958192 0.001)
(11.21899936 0.5467691862 0.001)
(0.8164556013 -0.5813724858 0.001)
(0.7066769071 -0.5982244621 0.001)
(0.9269961823 -0.5671418908 0.001)
(11.72150732 -0.975479814 0.001)
(-1.34885639 1.179596465 0.001)
(-3.783542606 1.270813106 0.001)
(-4.269913858 0.3926700176 0.001)
(0.4178444675 -1.009451693 0.001)
(0.3147593174 -0.858924875 0.001)
(7.144974625 3.42369761 0.001)
(10.64195283 1.929490306 0.001)
(0.74302956 -0.5063959899 0.001)
(0.6543387054 -0.5130551934 0.001)
(-0.8060609658 -5.232907366 0.001)
(12.29315282 1.785522395 0.001)
(-3.637008175 -4.333829491 0.001)
(3.713431297 3.500386845 0.001)
(0.2289503482 -1.014129435 0.001)
(0.1331301247 -0.8504308301 0.001)
(0.2350231154 -0.6980032171 0.001)
(0.05329490125 -0.6950115588 0.001)
(-0.05430514312 -0.848697357 0.001)
(-0.1264240864 -0.6475943912 0.001)
(-0.2727678852 -0.8537072019 0.001)
(-0.3399248001 -0.6457988826 0.001)
(0.1398321022 -0.5423371931 0.001)
(-0.2328091064 -0.4799185049 0.001)
(-0.0003456287014 -0.03832322364 0.001)
(-0.4138460161 -0.4637073682 0.001)
(-0.3115883055 -0.3290055583 0.001)
(-0.4510647884 -0.3023316425 0.001)
(-0.3680022918 -0.1526250421 0.001)
(-0.5531730461 -0.1406501374 0.001)
(-0.4396127977 0.02425619354 0.001)
(-0.6624321259 0.03063463181 0.001)
(-0.4854838644 0.2196834838 0.001)
(5.097844718 -0.7540756165 0.001)
(5.573940243 -1.953643586 0.001)
(-0.1410085003 -0.3399790151 0.001)
(-0.3138647202 0.1833331599 0.001)
(0.1028009167 0.03758451083 0.001)
(0.04002225796 0.03713014674 0.001)
(-0.005859163296 0.01830635285 0.001)
(-0.379947129 0.3792708383 0.001)
(-0.2033682543 0.3588622027 0.001)
(-0.2652905169 0.4974176119 0.001)
(-0.1005802069 0.485137466 0.001)
(0.2760669633 -0.550303472 0.001)
(0.2202515648 -0.4468943551 0.001)
(0.3306628869 -0.4435652171 0.001)
(1.556019848 -2.823465768 0.001)
(2.107271622 -2.674064339 0.001)
(1.900703143 -3.322768163 0.001)
(2.629477332 -3.154091883 0.001)
(2.367662361 -3.917283253 0.001)
(3.17278281 -3.753829524 0.001)
(2.725922583 -2.421529719 0.001)
(0.6936592313 -0.4291230389 0.001)
(0.6185068804 -0.4417201387 0.001)
(0.7688981226 -0.429114763 0.001)
(0.5218803386 -1.140051022 0.001)
(0.270128329 -0.3550618091 0.001)
(0.1832729034 -0.3588459415 0.001)
(0.3481807928 -0.3631037145 0.001)
(-0.5037915689 -0.810052758 0.001)
(0.5588010108 -0.5027728991 0.001)
(6.598945562 4.641034567 0.001)
(7.988570727 4.532366677 0.001)
(1.439847157 -3.957329894 0.001)
(-0.1333846521 0.6427993662 0.001)
(0.05602542506 0.5885520058 0.001)
(0.1378649726 0.4458331029 0.001)
(0.2588778733 0.5347094238 0.001)
(0.1828250708 0.02552839569 0.001)
(0.1431395191 0.03289241838 0.001)
(0.2227444128 0.01809999535 0.001)
(0.3241816445 0.3958922143 0.001)
(0.4431218793 0.4840109218 0.001)
(0.5283991119 0.3274396542 0.001)
(0.6311108672 0.4586354997 0.001)
(0.6749754462 0.2763469765 0.001)
(0.7986796328 0.4128230374 0.001)
(0.8244104849 0.2292548362 0.001)
(0.9579202473 0.3576151212 0.001)
(0.5857222066 0.6596946194 0.001)
(0.7184572221 0.14744628 0.001)
(0.7900245825 -0.1673601821 0.001)
(0.6238087466 -0.1037908104 0.001)
(0.585056863 -0.09144517134 0.001)
(0.8269846269 -0.181926416 0.001)
(0.7528799299 -0.1532328444 0.001)
(0.8792395348 0.1013762459 0.001)
(-4.779268599 1.312962308 0.001)
(-5.318217703 0.3886748463 0.001)
(2.050713511 -4.744647595 0.001)
(0.6447998544 -0.3920540395 0.001)
(0.5936413097 -0.3799177008 0.001)
(-2.406139094 -2.198433218 0.001)
(0.2200902841 -0.283545464 0.001)
(0.1553210426 -0.2914905015 0.001)
(11.66875662 3.440194061 0.001)
(13.41588456 3.106710601 0.001)
(1.008901999 -0.6456863927 0.001)
(1.02948657 -0.5489898975 0.001)
(0.9719014618 -0.4768282713 0.001)
(1.056039834 -0.4585231936 0.001)
(1.126788632 -0.5257625029 0.001)
(1.144595005 -0.4284992106 0.001)
(1.240707527 -0.4916624743 0.001)
(-0.7503344712 0.2692427162 0.001)
(-0.5013695822 0.587957537 0.001)
(-0.9407909514 0.02195155279 0.001)
(-0.6205455466 -0.4159921058 0.001)
(0.1060452675 -0.350900971 0.001)
(0.07800869255 -0.2589216716 0.001)
(1.064471498 -0.3811724818 0.001)
(0.2278166852 0.7844842352 0.001)
(0.7730226857 0.0199872184 0.001)
(0.3755748932 0.2223414426 0.001)
(-0.1341167435 0.1784095005 0.001)
(14.00267112 1.45080882 0.001)
(-0.1788893865 -1.051468542 0.001)
(0.6075756365 -0.3350752885 0.001)
(0.5575503693 -0.331346055 0.001)
(0.5270846584 -0.381914535 0.001)
(0.5022885487 -0.3242535807 0.001)
(0.6677315604 -0.3222454095 0.001)
(-4.70145923 -0.5377218945 0.001)
(-5.841377796 -0.6014424752 0.001)
(-5.014313577 -1.570305795 0.001)
(0.1901695452 -0.2383956429 0.001)
(0.2526925373 -0.2404542356 0.001)
(-6.614965031 0.2488191654 0.001)
(-1.073680505 0.3311060523 0.001)
(-1.322044664 -0.02513047931 0.001)
(5.294723607 4.726993115 0.001)
(5.998889706 5.858403472 0.001)
(15.1424204 2.776273998 0.001)
(14.9336197 4.769560686 0.001)
(0.529091705 -0.2869128854 0.001)
(0.4721571846 -0.2886943462 0.001)
(0.3866282222 -0.532576621 0.001)
(-1.461414201 0.4015868824 0.001)
(0.6339682772 -0.2865796762 0.001)
(0.2239111069 -0.198073222 0.001)
(0.467890094 -0.3812768465 0.001)
(4.622530267 5.974099989 0.001)
(1.195474065 -0.6153194278 0.001)
(1.364303737 -0.6184230704 0.001)
(2.029433816 -1.212593533 0.001)
(1.377268434 -0.4400775395 0.001)
(1.139146326 -0.3373250168 0.001)
(1.085843098 -0.297716239 0.001)
(2.352113822 -1.530917179 0.001)
(2.462132944 -0.9682975869 0.001)
(2.911820202 -1.436051839 0.001)
(3.096335551 -0.8438217652 0.001)
(2.607559616 -0.3965529654 0.001)
(3.153274459 -0.1585290899 0.001)
(3.688916666 -1.407858078 0.001)
(0.5069031681 -0.2531231662 0.001)
(6.823583226 -2.267662295 0.001)
(5.913197699 -3.235841197 0.001)
(7.258429844 -3.594308133 0.001)
(6.268823453 -4.618152684 0.001)
(7.708230971 -4.984386716 0.001)
(6.651464816 -6.084690715 0.001)
(5.241100713 -5.638504955 0.001)
(1.123986151 -4.838378799 0.001)
(1.70412112 -5.684381297 0.001)
(2.842784445 -5.574411246 0.001)
(-1.081245565 -0.2854943448 0.001)
(-0.5781374536 1.834371308 0.001)
(0.1826450883 0.2514557353 0.001)
(-7.040504512 -0.9781027152 0.001)
(-0.07665528575 -0.4738924159 0.001)
(0.02528887407 -0.334703134 0.001)
(-0.005758350559 -0.2605498055 0.001)
(0.05008963414 -0.2033233126 0.001)
(-0.02738264982 -0.1911353615 0.001)
(0.02096675435 -0.1468274865 0.001)
(0.03271250574 -0.06412229806 0.001)
(1.725140698 -0.9716194417 0.001)
(1.52747274 -0.5132172624 0.001)
(1.54911655 -0.3209901059 0.001)
(1.745926976 -0.471092154 0.001)
(1.815399779 -0.2154323411 0.001)
(1.544623794 -0.04407080116 0.001)
(1.801660205 0.09607480589 0.001)
(1.534562108 0.2312163067 0.001)
(1.835761894 0.4272014892 0.001)
(1.523188994 0.5787830934 0.001)
(1.862691067 0.8130096659 0.001)
(1.327637573 0.1458718414 0.001)
(1.349940259 -0.1425332948 0.001)
(2.234770633 0.5766858917 0.001)
(-0.2903291117 1.276124194 0.001)
(-4.241792 2.232197589 0.001)
(-5.3510827 2.283607806 0.001)
(-4.715166418 3.339493368 0.001)
(-5.942277849 3.344969141 0.001)
(-5.256343054 4.457677694 0.001)
(-3.935413753 4.41976984 0.001)
(-4.418191655 5.575390862 0.001)
(-3.070809097 5.481314354 0.001)
(-6.666973525 4.575851293 0.001)
(5.571222115 -7.159291867 0.001)
(5.423123855 7.197941422 0.001)
(0.3190266813 -0.2927517252 0.001)
(0.3809541601 -0.2980884256 0.001)
(0.347822058 -0.2531297668 0.001)
(0.3969964968 -0.2557425746 0.001)
(0.7803248434 -1.415366172 0.001)
(0.7376758532 -0.3753889022 0.001)
(0.7927049654 -0.3668346319 0.001)
(0.8285695256 -0.4156262354 0.001)
(0.8414614592 -0.3639277492 0.001)
(0.7569310601 -0.3298370288 0.001)
(0.8801654024 -0.3938607684 0.001)
(0.8988989658 -0.3577910957 0.001)
(0.9286554755 -0.3806668087 0.001)
(0.9453643752 -0.3491921959 0.001)
(0.8653200824 -0.3138079198 0.001)
(0.868775368 -0.4582188421 0.001)
(0.9714804531 -0.3695756349 0.001)
(0.9888531889 -0.3372868544 0.001)
(0.9617109349 -0.3108873089 0.001)
(0.8092598927 -0.3225359578 0.001)
(0.7801227247 -0.2912601909 0.001)
(0.9163237768 -0.3153225473 0.001)
(1.304207244 0.3625253446 0.001)
(1.187753232 0.6714385446 0.001)
(-0.001916172115 0.2896600599 0.001)
(0.5579637104 0.1900646247 0.001)
(2.174097254 1.580216807 0.001)
(8.532646605 3.211036639 0.001)
(9.455154793 4.378431462 0.001)
(8.781642936 -3.919434457 0.001)
(9.257157486 -5.359369619 0.001)
(10.4073512 -4.191476511 0.001)
(10.90530476 -5.674724467 0.001)
(12.04215579 -4.472804254 0.001)
(0.6676171163 1.760288054 0.001)
(8.881185385 5.728946939 0.001)
(10.42602648 5.595795712 0.001)
(0.11810497 -0.2182710822 0.001)
(0.0899394157 -0.1663775303 0.001)
(0.1055353827 -0.1012030156 0.001)
(-0.2697467847 -0.009909821279 0.001)
(-0.2241001353 -0.1465170033 0.001)
(0.1136930897 1.319253046 0.001)
(0.7088164851 1.220049657 0.001)
(0.2632310346 -1.765857486 0.001)
(-0.0518322279 -1.416031878 0.001)
(4.655071695 -2.787349061 0.001)
(6.835704934 7.102514547 0.001)
(1.425766693 1.058758597 0.001)
(0.4995621105 -0.4416058734 0.001)
(-0.9079707251 -1.740459563 0.001)
(-1.197877574 -1.19016469 0.001)
(-0.9775165567 -0.8375353814 0.001)
(-0.8150459444 -1.165258612 0.001)
(0.5291398659 -4.162767175 0.001)
(0.04405230582 -0.4414661703 0.001)
(15.63605777 1.034724953 0.001)
(14.54473554 -0.2037300042 0.001)
(16.23173044 -0.6601964333 0.001)
(14.84036297 -1.863222279 0.001)
(-1.118314778 -8.082747042 0.001)
(0.6899144221 -8.239262843 0.001)
(-2.884175341 -3.476537933 0.001)
(-3.988138971 -3.285249173 0.001)
(-4.797192065 -4.067456822 0.001)
(0.6866517779 -5.829126918 0.001)
(0.6456284954 -0.6930293427 0.001)
(0.4724159684 -0.6939143245 0.001)
(1.412188863 -1.112650594 0.001)
(1.426381775 -0.8658928335 0.001)
(-0.07839931059 -0.2501370816 0.001)
(-0.09081734339 -0.1682089592 0.001)
(-0.04643177522 -0.1358322494 0.001)
(-0.09478814118 -0.1090366982 0.001)
(-0.05198020748 -0.07626594602 0.001)
(-8.761927433 1.153590434 0.001)
(-6.623421401 2.292284058 0.001)
(0.9707819895 0.1898918897 0.001)
(0.9708732608 0.04640911421 0.001)
(0.9557684508 -0.2345027286 0.001)
(0.9190879866 -0.2192102673 0.001)
(-2.487274011 4.192297806 0.001)
(-1.712009473 5.32431598 0.001)
(0.01499020879 -0.05159131917 0.001)
(0.01259803127 -0.07129130676 0.001)
(0.02962665757 -0.08499407631 0.001)
(-0.004715867205 -0.05687681392 0.001)
(-0.01938889787 -0.04315021617 0.001)
(-0.007242229924 -0.07783112941 0.001)
(-0.01537503997 -0.01312979351 0.001)
(0.009323312449 -0.09230315899 0.001)
(0.02734952326 -0.1039668841 0.001)
(0.04707872689 -0.09947384288 0.001)
(0.01348882713 -0.1190983735 0.001)
(-0.3930052973 -4.154544926 0.001)
(-2.240902359 6.567328698 0.001)
(-0.9141599626 6.279291128 0.001)
(-0.9080874907 8.501925911 0.001)
(0.7964245416 8.378897508 0.001)
(1.769743305 6.83979411 0.001)
(1.250084428 -0.3811901362 0.001)
(1.217461067 -0.283188848 0.001)
(4.71997499 0.4746272096 0.001)
(0.8830183448 -0.001166657511 0.001)
(0.9859123189 -0.0364568597 0.001)
(0.9055593575 -0.09277124831 0.001)
(1.06168041 -0.006116877412 0.001)
(1.077976251 -0.09401987746 0.001)
(0.9881541712 -0.1382485726 0.001)
(1.151417417 -0.04605015877 0.001)
(1.14993806 -0.1411918677 0.001)
(1.076079171 -0.1821184363 0.001)
(0.9741194304 -0.2422106462 0.001)
(0.9765797926 -0.2620046021 0.001)
(0.9925127728 -0.2499803669 0.001)
(0.9949516219 -0.2698402188 0.001)
(0.9896078941 -0.2302098789 0.001)
(1.011098763 -0.2574235817 0.001)
(1.013416908 -0.2776202061 0.001)
(0.997360909 -0.2897154192 0.001)
(1.017599825 -0.3009870061 0.001)
(1.031295115 -0.2663660397 0.001)
(1.028513823 -0.2423088825 0.001)
(1.052889622 -0.2527433533 0.001)
(0.9640258274 -0.2732978792 0.001)
(-0.1531937989 -0.2126906953 0.001)
(1.075636568 0.1219529512 0.001)
(0.5808538019 -0.2885658109 0.001)
(1.265515116 -3.327765212 0.001)
(2.156111968 -1.977679483 0.001)
(0.420088953 -0.4407899084 0.001)
(2.173634258 -0.1034989164 0.001)
(1.107468297 -0.8298986121 0.001)
(12.57772816 -6.101260916 0.001)
(13.78147824 -4.83564341 0.001)
(14.35597935 -6.585130325 0.001)
(15.50072492 -5.281515921 0.001)
(13.40096078 -3.154927586 0.001)
(0.4507642031 -0.3262172989 0.001)
(-0.8081510038 0.5809222641 0.001)
(-0.6225105779 0.9210347245 0.001)
(-3.985694912 -1.356169836 0.001)
(7.054316334 -7.588740276 0.001)
(3.947273521 -6.640808331 0.001)
(10.97089268 8.396862901 0.001)
(1.048267673 -0.2197878416 0.001)
(1.083799788 -0.2297701424 0.001)
(1.020981411 -0.2167856474 0.001)
(2.461278123 -6.767311983 0.001)
(-0.02370105462 -0.06178845328 0.001)
(-0.0395785988 -0.04623958418 0.001)
(-4.864697309 8.108768946 0.001)
(-8.31669354 -4.912110182 0.001)
(-6.931149678 -4.105080641 0.001)
(-6.791654739 -5.707381404 0.001)
(-6.796503364 -2.439539967 0.001)
(0.04149383324 -0.1277503115 0.001)
(0.0651711312 -0.1168537064 0.001)
(0.07135808083 -0.1426304025 0.001)
(0.08582103763 -0.1268401231 0.001)
(0.08484013501 -0.1062426976 0.001)
(0.3505617151 -0.6388995906 0.001)
(-4.486830286 -5.422748767 0.001)
(10.80860027 -8.369511637 0.001)
(3.878800033 4.652669983 0.001)
(3.060411492 6.012008552 0.001)
(2.635224366 4.914077205 0.001)
(0.617498638 -1.70372724 0.001)
(-1.660595197 -0.3267494653 0.001)
(0.2976987319 -0.2532421089 0.001)
(0.3240325403 -0.2172325647 0.001)
(0.05264999837 -0.07867528392 0.001)
(-1.057771772 -6.405675934 0.001)
(12.00103409 6.676815915 0.001)
(13.93434809 6.534292433 0.001)
(-0.4402384531 5.147489813 0.001)
(0.4725248971 5.985999893 0.001)
(0.689351046 4.839868203 0.001)
(4.946199561 -4.132395348 0.001)
(-0.7959100302 1.336338174 0.001)
(14.97742653 8.283216619 0.001)
(16.01147518 6.714949011 0.001)
(-0.3486056717 -3.302511998 0.001)
(-3.129309537 -2.680777206 0.001)
(16.71910003 3.893249234 0.001)
(3.773228184 1.003700443 0.001)
(0.9553250409 0.5407721404 0.001)
(0.391910865 -1.489191328 0.001)
(0.1261052735 -0.1074170494 0.001)
(0.1120412385 -0.1204609028 0.001)
(0.1296628436 -0.127263142 0.001)
(0.1135512159 -0.139412795 0.001)
(0.1324622279 -0.1475586993 0.001)
(0.148575431 -0.1344635276 0.001)
(0.1532159771 -0.1552865572 0.001)
(0.1357253302 -0.1695616345 0.001)
(0.1579927544 -0.1795014825 0.001)
(0.1770165909 -0.1602467369 0.001)
(0.1821393786 -0.186119588 0.001)
(0.1974544938 -0.1682640447 0.001)
(0.1608491612 -0.2111920881 0.001)
(0.428464599 -0.278260985 0.001)
(0.4389718597 -0.2460670171 0.001)
(0.4087410966 -0.2201759792 0.001)
(-8.117273566 -6.731791581 0.001)
(1.124141624 -0.2053226882 0.001)
(1.129468645 -0.2622019748 0.001)
(0.1452066109 -0.1143607446 0.001)
(0.1678855503 -0.1407853244 0.001)
(18.31753316 3.026355574 0.001)
(-1.138196185 4.238797238 0.001)
(0.1834389227 -0.1268644777 0.001)
(18.10989413 -0.8975997754 0.001)
(-5.247494064 -2.710881034 0.001)
(0.2221225021 -0.1387867717 0.001)
(0.2275917933 -0.1580382143 0.001)
(0.2464163676 -0.1636340385 0.001)
(0.2606060571 -0.1496827872 0.001)
(0.2657388636 -0.1689634532 0.001)
(0.2851668748 -0.1741842124 0.001)
(0.2695722607 -0.1899019685 0.001)
(0.290270663 -0.1942064843 0.001)
(0.2757304679 -0.2091240365 0.001)
(18.42416269 -4.945203692 0.001)
(0.2991632149 -0.1598987582 0.001)
(11.61309196 -2.70367188 0.001)
(0.3379448912 -0.1694208087 0.001)
(0.34375311 -0.1881954254 0.001)
(0.3631657209 -0.1930971731 0.001)
(0.3475955633 -0.2066781803 0.001)
(0.3691176172 -0.2123902061 0.001)
(0.3828705264 -0.1973857783 0.001)
(0.3242365824 -0.1835030301 0.001)
(0.304615703 -0.1791500571 0.001)
(1.007685212 -0.2358447155 0.001)
(0.3767978262 -0.1783911772 0.001)
(0.4351336631 -0.1911475578 0.001)
(0.421755744 -0.2059773425 0.001)
(0.441465698 -0.2096021671 0.001)
(-8.277884885 4.770504889 0.001)
(0.4546539366 -0.1950661292 0.001)
(0.461066858 -0.2136695732 0.001)
(0.4805791559 -0.2179051684 0.001)
(0.4674505249 -0.2376143633 0.001)
(0.4572885475 -0.2592187474 0.001)
(0.4936682222 -0.2029381926 0.001)
(0.5003216254 -0.220959372 0.001)
(0.5132206129 -0.2065529811 0.001)
(0.5522632772 -0.2140456661 0.001)
(0.5392865452 -0.2292226444 0.001)
(0.5590112906 -0.2329160595 0.001)
(0.545934239 -0.2481692787 0.001)
(0.5658658205 -0.2517484114 0.001)
(0.5718421746 -0.2176114181 0.001)
(0.9374396453 -0.2268292175 0.001)
(0.9532313778 -0.2148334329 0.001)
(1.009698707 -0.3657237349 0.001)
(0.9054767242 -0.2697547405 0.001)
(0.8933507723 -0.285410027 0.001)
(0.8742885325 -0.2823285698 0.001)
(0.9149716301 -0.2920089167 0.001)
(0.9327260628 -0.2902246547 0.001)
(0.9007126948 -0.211626699 0.001)
(0.9165530116 -0.1994301465 0.001)
(0.8980396821 -0.1918124566 0.001)
(0.9139059349 -0.1795680045 0.001)
(0.895280573 -0.1719558393 0.001)
(0.9327072619 -0.1871993365 0.001)
(0.9297171627 -0.1640550009 0.001)
(0.9508230206 -0.1738266965 0.001)
(0.9516016623 -0.1478420384 0.001)
(0.9187765191 -0.1367467523 0.001)
(0.9504343651 -0.1034200645 0.001)
(0.8840001933 -0.1221306932 0.001)
(0.8618394342 -0.08080078549 0.001)
(0.8342382516 -0.1067730214 0.001)
(0.815096596 -0.08311271552 0.001)
(0.7936068861 -0.09873705556 0.001)
(0.7800305999 -0.0709322014 0.001)
(0.7567336693 -0.08847313705 0.001)
(0.7437101898 -0.06294260994 0.001)
(0.7220010338 -0.07944519171 0.001)
(0.7097354286 -0.05571459325 0.001)
(0.6599006416 -0.1182639802 0.001)
(0.6832144734 -0.07385519585 0.001)
(0.6774051292 -0.04497871126 0.001)
(0.6589855222 -0.06807611195 0.001)
(0.6492327915 -0.04083775143 0.001)
(0.6699984453 -0.006546065285 0.001)
(0.6303669648 -0.009749880645 0.001)
(0.6078157851 -0.03094132992 0.001)
(0.4909960965 -0.0592919112 0.001)
(0.5960694505 -0.009131630252 0.001)
(0.4533758064 -0.0459311309 0.001)
(0.6078057286 0.03205414485 0.001)
(0.5641112002 0.04471418476 0.001)
(0.5438614707 -0.005939926421 0.001)
(0.5267694123 0.02314072816 0.001)
(0.504397757 -0.0005377058269 0.001)
(0.4843345037 0.01995799325 0.001)
(0.3581597109 -0.01708838695 0.001)
(0.3191798316 -0.005980012027 0.001)
(0.4960092176 0.06371332431 0.001)
(0.4456617591 0.04867053157 0.001)
(0.4671564701 0.1049956558 0.001)
(0.415972559 0.0934597896 0.001)
(0.4045483351 0.05788448572 0.001)
(0.3725338657 0.07642031133 0.001)
(0.3577603591 0.04626858064 0.001)
(0.3335654394 0.06446015637 0.001)
(0.4334290984 0.01742990416 0.001)
(0.5239027369 -0.03314279764 0.001)
(0.7293249506 -0.1121544572 0.001)
(0.338485713 0.1100418722 0.001)
(0.2952314443 0.09647298333 0.001)
(0.3027144618 0.1455618595 0.001)
(0.2587999305 0.1214416066 0.001)
(0.2485445215 0.08244868159 0.001)
(0.2135604304 0.09968219734 0.001)
(0.2831943497 0.0628244154 0.001)
(0.2099633861 0.06760938394 0.001)
(0.386521578 0.01318062087 0.001)
(0.4648374887 -0.007341353706 0.001)
(0.3222185917 0.03641490432 0.001)
(0.8460022859 -0.1472286012 0.001)
(0.3440469997 0.01512084802 0.001)
(0.8049608147 -0.135856743 0.001)
(0.2159819105 0.1425339859 0.001)
(0.1727804183 0.1212467178 0.001)
(0.7671565508 -0.1238672481 0.001)
(0.4891284666 -0.0312429093 0.001)
(0.7020778905 -0.1038002834 0.001)
(0.6666620403 -0.08951326862 0.001)
(0.6427554477 -0.0897834336 0.001)
(0.6355044536 -0.06623370074 0.001)
(0.5874595247 0.08940302935 0.001)
(0.5689348757 -0.03538002172 0.001)
(0.5861072287 -0.05987266229 0.001)
(0.1772802657 0.08975658222 0.001)
(0.1366324054 0.1130821929 0.001)
(0.1340066696 0.1478339549 0.001)
(0.1065904727 0.1143868841 0.001)
(0.09171478096 0.1467201004 0.001)
(0.05190062482 0.1282690514 0.001)
(0.06826224152 0.08626528882 0.001)
(0.02661664107 0.1049047789 0.001)
(0.01686027736 0.1424234132 0.001)
(-0.009026493183 0.1086410122 0.001)
(-0.02630448329 0.1511119133 0.001)
(-0.04950102973 0.1120811692 0.001)
(-0.03779802981 0.07740979739 0.001)
(-0.0767653411 0.07934162029 0.001)
(-0.06495241995 0.04324315902 0.001)
(-0.09730589472 0.04285807412 0.001)
(-0.08154174201 0.02128888748 0.001)
(-0.1152003556 0.01605626465 0.001)
(-0.1055048204 -0.0212807266 0.001)
(-0.1410725139 0.05801577598 0.001)
(0.1042105079 0.08361337797 0.001)
(-0.0497248638 0.01272381063 0.001)
(-0.1492163012 -0.01555875512 0.001)
(0.1467354485 0.06990741724 0.001)
(0.03820663077 0.07280846228 0.001)
(0.001113074887 0.07261657509 0.001)
(-0.02783324988 0.04148666135 0.001)
(-0.07203877487 -0.0245563535 0.001)
(-0.09032279103 -0.04643138845 0.001)
(0.01008522105 0.2028840525 0.001)
(-0.05539774545 0.2100360663 0.001)
(0.08330561823 0.2403579712 0.001)
(0.8126264838 -0.03058943465 0.001)
(0.1221196885 0.1917472895 0.001)
(0.4196417123 0.1560329117 0.001)
(-0.1054586192 0.1170614375 0.001)
(0.3004437049 -0.0006604680566 0.001)
(0.2946524822 0.01842199905 0.001)
(0.2756017379 0.02339692727 0.001)
(0.3147251377 0.01566241113 0.001)
(0.261793541 0.00914114474 0.001)
(0.2560242404 0.0282155865 0.001)
(0.2422690158 0.01372008856 0.001)
(0.2362983405 0.03277822011 0.001)
(0.2163051123 0.03524943199 0.001)
(0.2269177773 0.05134120153 0.001)
(0.194669135 0.05141066154 0.001)
(0.202736387 0.02068836452 0.001)
(0.3381206204 -0.01190935828 0.001)
(0.3773785098 -0.02232837048 0.001)
(0.4345073537 -0.03982131974 0.001)
(0.430186551 -0.02036731285 0.001)
(0.4110471626 -0.01443789944 0.001)
(0.4492353376 -0.02551702525 0.001)
(0.4445673352 -0.006063089695 0.001)
(0.4718982677 -0.05323640393 0.001)
(0.5100634665 -0.0649340426 0.001)
(0.5042817494 -0.04441880178 0.001)
(0.3964621701 -0.02801283198 0.001)
(0.3917845246 -0.008223001481 0.001)
(0.4065332681 0.005083065439 0.001)
(0.372764459 -0.002822593301 0.001)
(0.6413917602 -0.1110208857 0.001)
(0.6109782608 -0.2245301492 0.001)
(0.6177661904 -0.2432791002 0.001)
(0.637489154 -0.2465989983 0.001)
(0.6250212981 -0.2631968611 0.001)
(0.6050004744 -0.2584101196 0.001)
(0.6104579029 -0.2785188362 0.001)
(0.8823020841 -0.2041197751 0.001)
(0.678078989 -0.1263813901 0.001)
(0.6500527028 -0.2311310498 0.001)
(0.7155860789 -0.1395044845 0.001)
(0.7122177819 -0.1194326729 0.001)
(0.8454439559 -0.1892739483 0.001)
(0.861314902 -0.1773230321 0.001)
(0.8266714426 -0.2588594017 0.001)
(0.8143323288 -0.2745983099 0.001)
(0.7927626182 -0.2732206087 0.001)
(0.7999269132 -0.2956697862 0.001)
(0.8235650438 -0.2979138419 0.001)
(0.7711393497 -0.2721753068 0.001)
(0.7597416919 -0.2961005219 0.001)
(0.8406365629 -0.3264310611 0.001)
(0.7497345821 -0.2689644343 0.001)
(0.7363342514 -0.2869493743 0.001)
(0.730181575 -0.2652229021 0.001)
(0.7151065635 -0.2824074512 0.001)
(0.7197752576 -0.3050449897 0.001)
(0.7848641618 -0.254867232 0.001)
(0.8483854567 -0.2975019208 0.001)
(0.7075476433 -0.2620141323 0.001)
(0.6937089747 -0.278544735 0.001)
(0.6871972083 -0.2583199127 0.001)
(0.6753140529 -0.2730800141 0.001)
(0.8352045938 -0.2779721848 0.001)
(0.6887453361 -0.2393390233 0.001)
(0.73415103 -0.1465940393 0.001)
(0.7505376916 -0.1349565836 0.001)
(0.8085078746 -0.1746266148 0.001)
(0.8241067282 -0.1621924891 0.001)
(0.7285951114 -0.2439671141 0.001)
(0.7713936452 -0.1604429335 0.001)
(0.7878469959 -0.1480781558 0.001)
(-0.01485888004 -0.105397582 0.001)
(0.9791669653 -0.2817668123 0.001)
(0.9797431316 -0.3007368612 0.001)
(0.8662937015 -0.2640661663 0.001)
(0.5289401497 -0.07124291179 0.001)
(0.543736618 -0.05881067041 0.001)
(0.561439624 -0.0663043815 0.001)
(0.5660435659 -0.08522440277 0.001)
(0.5785825719 -0.2363176481 0.001)
(0.2525456652 0.1866236148 0.001)
(0.6041666026 -0.09749715392 0.001)
(0.5989712434 -0.07553071488 0.001)
(0.6192989229 -0.08459008624 0.001)
(0.5982035132 -0.2396849003 0.001)
(0.9715585584 -0.2224713199 0.001)
(0.9874677734 -0.2102665726 0.001)
(0.8439278522 -0.1694827275 0.001)
(-6.944579626 8.388276269 0.001)
(-6.337638479 6.950131177 0.001)
(-3.589667751 6.78612698 0.001)
(1.023818661 -0.3330814898 0.001)
(0.8795884114 -0.1844804451 0.001)
(0.934913696 -0.2071328958 0.001)
(0.5199144661 -0.2245599181 0.001)
(0.8065030198 -0.1549297423 0.001)
(0.6571269789 -0.2497824293 0.001)
(4.285744904 -0.3438428011 0.001)
(0.2475862625 0.05297404632 0.001)
(0.3962995342 -0.1827070222 0.001)
(0.4909996623 -0.2376620595 0.001)
(0.7338357116 -0.01849530037 0.001)
(0.7082180371 0.03865594909 0.001)
(0.6536423321 0.08494519785 0.001)
(0.2504857026 -0.1835298298 0.001)
(0.2331440035 -0.1748308697 0.001)
(0.2490338008 -0.2093129044 0.001)
(0.4025819886 -0.2016048744 0.001)
(0.6453542352 -0.2670014657 0.001)
(0.8257588419 -0.139073396 0.001)
(0.9688251693 -0.2031478333 0.001)
(0.984895772 -0.18862069 0.001)
(12.90466638 4.903133858 0.001)
(0.9156476393 -1.643096849 0.001)
(0.3116487751 -0.1982784548 0.001)
(1.006114385 -0.4112953374 0.001)
(0.8358502508 3.89811371 0.001)
(1.738852965 4.293961755 0.001)
(1.663353338 5.513379584 0.001)
(-0.03090882359 -0.08134560063 0.001)
(0.5256560801 -0.2429428589 0.001)
(3.862527041 -4.827164085 0.001)
(0.7869192287 -0.1257515514 0.001)
(1.236836157 -0.7637672382 0.001)
(15.03586265 -8.333045997 0.001)
(0.9505333873 -0.1953295737 0.001)
(12.81976354 0.2437961634 0.001)
(-0.0183984099 0.004928911785 0.001)
(-0.03042208657 -0.008374388701 0.001)
(-0.02291367318 0.02307240208 0.001)
(2.586369099 0.1506319305 0.001)
(3.150354792 0.543024938 0.001)
(-3.749336988 -0.5824522912 0.001)
(0.4714551149 -0.03132814596 0.001)
(0.3893586757 -0.2161617029 0.001)
(0.37496776 -0.2366677949 0.001)
(-0.01050743196 0.03676405426 0.001)
(-0.01881892528 0.05842346052 0.001)
(0.005727672501 0.05050145693 0.001)
(0.0201981431 0.03381597102 0.001)
(0.02592060049 0.05181286744 0.001)
(0.1937433609 -0.1512777107 0.001)
(0.8768175833 -0.1649894926 0.001)
(0.8933261735 -0.1502881381 0.001)
(18.14106649 -6.923084998 0.001)
(-5.64566166 -6.742955591 0.001)
(0.5854883386 -0.254498511 0.001)
(18.10382909 6.86150332 0.001)
(0.5522961188 -0.2683204517 0.001)
(-0.05515593479 1.049014054 0.001)
(-0.0315273494 -0.02632991929 0.001)
(0.1518289514 -4.986052543 0.001)
(8.190220068 -6.532499018 0.001)
(0.8813531189 -0.3008527422 0.001)
(3.969014026 7.220036338 0.001)
(0.5249146811 -0.05236604704 0.001)
(0.5047750704 -0.02248582377 0.001)
(0.3621584893 0.02037235952 0.001)
(1.177372497 -0.2184536813 0.001)
(-0.1232041319 -0.06266884105 0.001)
(-0.1840884604 -0.05716973222 0.001)
(-0.1450320018 -0.1260486549 0.001)
(0.9625294806 -0.2903815946 0.001)
(0.6124238977 -0.5902327717 0.001)
(4.565995786 -1.644078725 0.001)
(1.026564209 0.9880285214 0.001)
(0.4555352091 0.01403373434 0.001)
(0.9974155666 -0.313578925 0.001)
(1.045737006 -0.308648154 0.001)
(1.053684139 -0.2798324791 0.001)
(0.8554460669 -0.2797231327 0.001)
(0.7694556737 -0.1410548861 0.001)
(0.7487303949 -0.1126787273 0.001)
(2.142464848 -0.5091480393 0.001)
(0.6167615566 -0.06569657081 0.001)
(7.651498464 2.223810842 0.001)
(4.580866759 -8.27906947 0.001)
(7.436052326 5.821578779 0.001)
(0.6808741892 -0.2965623076 0.001)
(7.71046559 -1.240769115 0.001)
(3.257812846 -2.039608439 0.001)
(3.5038146 -2.847346887 0.001)
(-8.533089593 -1.459236645 0.001)
(9.895647402 -6.872576765 0.001)
(0.7649185393 -0.2539068265 0.001)
(4.792636856 8.568631811 0.001)
(13.15673702 -1.442872567 0.001)
(2.839959045 4.005793384 0.001)
(1.105904627 0.2790730036 0.001)
(0.8995654865 -0.3033695197 0.001)
(0.8901117683 -0.3237153123 0.001)
(0.6567000039 0.03221355329 0.001)
(0.5130829261 -0.5920396076 0.001)
(4.772376411 3.513965571 0.001)
(0.9456469126 -0.2764201751 0.001)
(0.4830364181 -0.2604739924 0.001)
(2.273010783 1.043074927 0.001)
(-5.98672174 1.300364982 0.001)
(0.3477529736 -0.2283822133 0.001)
(0.09143487199 -0.08893272968 0.001)
(-0.04581353971 -0.3168579332 0.001)
(0.813845691 -0.4848227963 0.001)
(0.865668876 -0.5237291771 0.001)
(-0.04136935301 0.02937412163 0.001)
(6.281514115 8.473407544 0.001)
(0.6384996471 0.1576412217 0.001)
(9.952015524 6.982533509 0.001)
(-0.1136299463 0.2733629271 0.001)
(0.4092402605 -0.3618473712 0.001)
(0.2992086275 -0.2195460549 0.001)
(16.84016259 -4.157257936 0.001)
(0.1141468688 -0.1579317868 0.001)
(-2.247130666 -2.84155201 0.001)
(-0.006717964373 -0.1459006623 0.001)
(-3.385646901 3.14449923 0.001)
(0.008315438013 -0.5670103168 0.001)
(0.2296410868 -3.115384162 0.001)
(15.19129973 -3.591492313 0.001)
(16.16989467 -6.874689886 0.001)
(-0.9516882924 0.9354502718 0.001)
(0.3517715491 0.000884023979 0.001)
(1.005445085 -0.1991509375 0.001)
(1.004137891 -0.1718153728 0.001)
(1.031681572 -0.1899268362 0.001)
(1.038658345 -0.1422260173 0.001)
(1.751945834 -1.900846853 0.001)
(-3.240000501 1.945546143 0.001)
(0.03536695009 -1.02731235 0.001)
(0.1297292215 -1.211020641 0.001)
(1.111168677 -2.811917878 0.001)
(0.269395219 0.04450802508 0.001)
(0.2893056179 0.03904906994 0.001)
(0.3068825161 0.05298340998 0.001)
(16.68855799 -2.314023595 0.001)
(0.04377922588 0.05414769995 0.001)
(0.05902736471 0.04312786211 0.001)
(0.080734193 0.04081479499 0.001)
(0.07261610874 0.06009828663 0.001)
(0.0940719697 0.05545148658 0.001)
(0.1146910335 0.05266456334 0.001)
(0.1230558098 0.03508210076 0.001)
(0.1348540382 0.05155407144 0.001)
(0.1546739206 0.04945772552 0.001)
(0.1214582227 0.06938326885 0.001)
(0.1628003107 0.03001884742 0.001)
(0.1768861629 0.04581328059 0.001)
(0.1866562058 0.06668955959 0.001)
(0.01676345603 0.06772698097 0.001)
(0.08848613222 0.07388017618 0.001)
(0.9741068666 -0.167731129 0.001)
(1.25362772 -6.8632469 0.001)
(0.111402731 -6.882759082 0.001)
(0.4659952154 -0.5162899215 0.001)
(-4.092470546 -2.248886296 0.001)
(0.918732569 -0.43892554 0.001)
(16.86683431 2.068391598 0.001)
(0.2104469365 -0.1525380715 0.001)
(-0.05178365191 -0.0319687211 0.001)
(-0.06183350784 -0.05271087438 0.001)
(0.1368144022 -0.1957496882 0.001)
(-2.403722665 3.188211484 0.001)
(0.4251526831 -0.003671066478 0.001)
(-0.7896384216 -0.2135342536 0.001)
(-0.8867540353 -0.5065442405 0.001)
(-0.7043645412 -0.6866290926 0.001)
(0.5245168831 0.1136131177 0.001)
(0.6972085343 -0.3198726263 0.001)
(0.7244193948 -0.3337072842 0.001)
(0.2643402762 0.06562676532 0.001)
(-1.983877064 0.416196548 0.001)
(1.102222078 0.4422848309 0.001)
(0.6872957023 -0.3602750296 0.001)
(1.821710582 1.235525482 0.001)
(0.9470613047 -0.2995583465 0.001)
(0.9403593169 -0.321830528 0.001)
(8.317339977 -2.563562825 0.001)
(-0.1650101425 0.1126689586 0.001)
(-0.2199722366 0.0630827118 0.001)
(0.8603788804 -0.1610318983 0.001)
(9.08456692 2.020191362 0.001)
(1.343431247 -0.297986184 0.001)
(-1.112737689 1.763928155 0.001)
(-0.03381950791 7.232613865 0.001)
(0.6930422339 -1.183165994 0.001)
(-0.5164944946 -0.6044360414 0.001)
(2.859294034 -4.563467141 0.001)
(0.6726796035 -0.1081743364 0.001)
(0.9102012726 -0.160522747 0.001)
(0.4293135908 -0.2248244835 0.001)
(-1.225990487 0.7093422011 0.001)
(0.3432864572 -1.218910413 0.001)
(1.031766131 -0.2854554362 0.001)
(-5.739188295 -4.956978271 0.001)
(0.7009708791 -0.2985515779 0.001)
(0.06424608105 -0.09831221856 0.001)
(0.3786025454 0.1179412975 0.001)
(0.5403612285 -0.04341097334 0.001)
(0.5289583242 -0.2630061525 0.001)
(0.6866657108 -0.09635175619 0.001)
(0.6255392774 -0.04629231974 0.001)
(0.7299221215 -0.129674789 0.001)
(0.9842097892 -0.7632581676 0.001)
(0.7405588171 -0.3090444675 0.001)
(-7.088320202 5.757394929 0.001)
(1.906382268 -8.020804363 0.001)
(0.4632321832 0.2328583291 0.001)
(0.05334449609 -0.1665469161 0.001)
(10.03201843 3.222563052 0.001)
(1.248502881 -0.1091257495 0.001)
(-1.68850377 0.8118174069 0.001)
(2.046697179 -0.8697130325 0.001)
(0.05502769443 0.0672847467 0.001)
(0.5585993118 -0.4314518689 0.001)
(0.01334007628 0.08944927563 0.001)
(0.86871561 -0.1451401555 0.001)
(9.918166952 -2.788157666 0.001)
(1.44796638 -0.2041149448 0.001)
(0.5795328362 -0.0740901544 0.001)
(1.110960691 -0.7033856347 0.001)
(0.2732879462 -0.2766368591 0.001)
(0.448653205 -0.2293298975 0.001)
(0.8271370536 0.03858769856 0.001)
(0.4164195504 -0.2414743505 0.001)
(0.5369630668 0.06842751948 0.001)
(0.3330797024 0.005999195339 0.001)
(0.1663607334 0.06859130885 0.001)
(-2.565008835 -1.677652235 0.001)
(-0.03453743797 0.007626555145 0.001)
(0.1361735498 -0.4245358476 0.001)
(6.086335248 -8.39546877 0.001)
(-0.701331453 -0.9344588344 0.001)
(-0.4691910566 -1.077310489 0.001)
(-0.5716248808 -1.480382783 0.001)
(-0.255491017 -1.275289025 0.001)
(-0.2316253333 0.1418721076 0.001)
(-0.3017889896 0.06202736744 0.001)
(2.66544097 -1.888212942 0.001)
(0.8694323735 -0.3465889844 0.001)
(0.1781515931 0.174704317 0.001)
(0.297523714 0.2738341371 0.001)
(10.65097123 4.390936731 0.001)
(0.3055568691 0.03250635889 0.001)
(0.3302533142 -0.1987775311 0.001)
(1.416088418 3.481496299 0.001)
(3.784841181 0.2001269777 0.001)
(7.710034711 8.214540336 0.001)
(8.322488291 7.046781204 0.001)
(0.7841662258 0.6043136398 0.001)
(0.7637530848 0.8552705839 0.001)
(0.4934765637 0.8753323289 0.001)
(1.102889236 1.423967787 0.001)
(1.084059676 1.849427095 0.001)
(-3.189872217 -1.889934734 0.001)
(0.6550496135 -0.1027812543 0.001)
(0.5561935372 -0.2929340893 0.001)
(4.028079141 -3.669616981 0.001)
(0.05892669618 0.1756428722 0.001)
(-0.2110259799 0.2330472883 0.001)
(0.4094471961 0.02999951552 0.001)
(0.6729398363 -0.2523170655 0.001)
(0.4018030416 0.6676463058 0.001)
(-8.115564302 -0.02085902329 0.001)
(0.2019703066 -0.1868254012 0.001)
(0.09567731401 -0.144830294 0.001)
(0.222393449 -0.2290694492 0.001)
(-0.3157502841 0.8073933707 0.001)
(0.7174936305 -0.1001321091 0.001)
(0.5225293365 -0.01285308625 0.001)
(-8.535898385 8.535898385 0.001)
(-8.535898385 -8.535898385 0.001)
(0.8652319938 -0.2969375554 0.001)
(-7.15179075 3.52982128 0.001)
(0.1556936712 -3.638789939 0.001)
(-1.150484787 -0.5558971471 0.001)
(0.7690998902 -0.03031672273 0.001)
(0.556829826 -0.04733923757 0.001)
(18.53589838 8.535898385 0.001)
(18.53589838 -8.535898385 0.001)
(1.002568655 -0.2184253747 0.001)
(-0.04776522778 -0.01006144242 0.001)
(-0.06547616598 0.003675893146 0.001)
(0.9593768688 -0.4154583185 0.001)
(0.6998385504 -0.01741574422 0.001)
(0.6920069854 -0.1163956257 0.001)
(1.189762785 0.06253633635 0.001)
(0.1734114968 -1.468132421 0.001)
(0.1462184467 -0.2457486593 0.001)
(3.934322319 -2.145248238 0.001)
(0.7824998054 -0.3176025864 0.001)
(0.1133974673 -0.1849496951 0.001)
(1.198220574 0.1820992154 0.001)
(0.403917364 0.3134559104 0.001)
(0.01390993737 -0.1771129211 0.001)
(2.649612197 0.7326302915 0.001)
(-0.07310864949 0.1550757833 0.001)
(0.3761293534 -0.7474459443 0.001)
(0.4530910343 -0.2430575063 0.001)
(0.2800911135 -0.2347658116 0.001)
(0.6582330679 -0.2890271806 0.001)
(0.9777329694 -0.3187252906 0.001)
(0.9262728469 -0.04470108354 0.001)
(0.085653817 -0.2018064484 0.001)
(0.08527417843 0.09104828814 0.001)
(0.07511605363 0.1107843773 0.001)
(-0.2422249426 -0.24078824 0.001)
(0.5720664885 -0.2712156609 0.001)
(1.256629235 -0.1995383219 0.001)
(1.60974932 -0.70113673 0.001)
(0.3821616372 0.0406876456 0.001)
(0.7363323115 -0.09263770538 0.001)
(0.196865072 0.08093443077 0.001)
(0.5907734013 -0.2702417877 0.001)
(-1.725812774 0.06676233095 0.001)
(-0.9768310182 -1.443113003 0.001)
(0.1065881608 0.3299347256 0.001)
(0.2179469089 0.3719432232 0.001)
(1.322823733 -0.009184312659 0.001)
(0.8219631726 -0.3452926919 0.001)
(-0.2089285257 -0.0009346392921 0.001)
(10.64580199 -1.735872081 0.001)
(0.9200868153 -0.3409104431 0.001)
(-0.06422329197 -1.196224487 0.001)
(17.01520227 -5.636350487 0.001)
(-0.01264332306 -0.02856762833 0.001)
(0.9642502064 -0.3345829688 0.001)
(0.5481209986 -0.0271361351 0.001)
(0.2157531068 -0.1730949706 0.001)
(0.6352349305 -0.3137096281 0.001)
(0.6393798323 -0.3505461827 0.001)
(-0.03410715506 -0.3899711929 0.001)
(11.44914884 -6.994818331 0.001)
(0.9094320073 -0.4932598864 0.001)
(-4.95634721 6.641248287 0.001)
(-0.2662535957 -0.07200853606 0.001)
(0.4854472498 -0.04454407004 0.001)
(-0.01853544811 0.0825156873 0.001)
(0.2787148795 1.059489698 0.001)
(0.5875645629 -0.03959582772 0.001)
(0.0114112445 -0.2186376535 0.001)
(0.004297277447 0.03064822309 0.001)
(-0.08074417695 -0.07743103293 0.001)
(-5.787302354 5.659615707 0.001)
(11.63577756 5.235357606 0.001)
(0.7721962216 -0.1034066535 0.001)
(1.099709212 -0.6102347052 0.001)
(-0.04458955317 0.05487980337 0.001)
(-0.5850572101 0.4074153679 0.001)
(0.5037392248 -0.2794106872 0.001)
(0.81078674 -0.114477284 0.001)
(-5.843694479 -3.675706068 0.001)
(0.8534257695 -0.1235244421 0.001)
(0.3417306592 0.03414235135 0.001)
(0.5615578399 -0.666435096 0.001)
(0.01359103831 0.4061272242 0.001)
(-0.07968758661 0.3647821099 0.001)
(-0.2907109952 -1.528095299 0.001)
(1.017135977 -0.08674804482 0.001)
(1.071988455 -0.3336647308 0.001)
(-0.05328533408 -0.09755151819 0.001)
(0.5718934853 -0.05449311846 0.001)
(2.841159531 3.28718606 0.001)
(-0.03337364032 -1.684550456 0.001)
(0.3173060861 0.1986135113 0.001)
(-7.391832666 1.273282772 0.001)
(-0.3329593161 -0.03972139926 0.001)
(3.696706217 -0.5996427194 0.001)
(4.206079759 -1.009663349 0.001)
(0.6037932757 -0.05298823756 0.001)
(-0.5963224974 -1.901687466 0.001)
(0.195747294 0.03560607168 0.001)
(0.3972967159 -0.2340444804 0.001)
(-5.988038663 -1.660054397 0.001)
(0.9658368432 -0.1857311845 0.001)
(-0.3000161261 0.2859092027 0.001)
(0.5082437748 -0.2358724071 0.001)
(0.05083397706 0.09380407036 0.001)
(0.3751851187 -0.2609071405 0.001)
(0.2100019629 0.05095809302 0.001)
(0.4864880669 -0.01216299088 0.001)
(0.2293144756 0.07081110214 0.001)
(0.7122962087 -3.531368563 0.001)
(16.92920548 5.465327823 0.001)
(0.10512592 0.06694307583 0.001)
(0.1285932424 0.09004940483 0.001)
(0.6617936343 -0.2662416311 0.001)
(0.4865021918 0.1595129278 0.001)
(0.6042734864 -0.3056325491 0.001)
(0.3553875686 0.1584221491 0.001)
(1.081137058 -0.2644528377 0.001)
(0.4130058866 1.439052374 0.001)
(1.436831694 0.0775649384 0.001)
(-0.08691442222 -0.002317700019 0.001)
(0.5727656143 -0.01723925373 0.001)
(0.5685638128 0.01126637456 0.001)
(-3.139680609 -0.6481239507 0.001)
(0.5678221032 -1.368379662 0.001)
(0.09717028761 -0.1170513158 0.001)
(0.9511271525 0.7323883088 0.001)
(2.857382982 7.159360861 0.001)
(0.9304030553 -0.3047291741 0.001)
(2.064133768 8.109917028 0.001)
(0.183147682 -0.1418467107 0.001)
(0.001459722937 0.8228113706 0.001)
(0.7031566746 -0.08568961998 0.001)
(-0.2223182441 -5.945183082 0.001)
(0.1946557815 -0.2089969106 0.001)
(0.3225902688 -0.2440474056 0.001)
(0.5682605264 -0.7545987287 0.001)
(0.7884141697 0.09588470471 0.001)
(-0.02829482193 0.09540281551 0.001)
(1.082827653 -0.1386323339 0.001)
(0.1011039153 -0.1301573997 0.001)
(0.3783308619 -0.4045420509 0.001)
(-0.04160043847 -0.0636700917 0.001)
(0.6987461097 -0.2507925144 0.001)
(0.4350457439 -0.5979592011 0.001)
(-1.37255718 7.351587013 0.001)
(0.4173558057 -0.3161035202 0.001)
(2.105832113 0.2307928145 0.001)
(17.01198366 0.53544659 0.001)
(-0.05971403183 0.02386209294 0.001)
(0.1547304189 0.09210560396 0.001)
(-6.870356186 -6.849949609 0.001)
(1.853995804 -0.7045418795 0.001)
(-1.342473211 -0.3910995941 0.001)
(0.3308258186 0.02194418443 0.001)
(0.2722107962 0.08547867703 0.001)
(7.19118635 -8.885812184 0.001)
)


// ************************************************************************* //
