/*--------------------------------*- C++ -*----------------------------------*\
| =========                 |                                                 |
| \\      /  F ield         | OpenFOAM: The Open Source CFD Toolbox           |
|  \\    /   O peration     | Version:  2412                                  |
|   \\  /    A nd           | Website:  www.openfoam.com                      |
|    \\/     M anipulation  |                                                 |
\*---------------------------------------------------------------------------*/
FoamFile
{
    version     2.0;
    format      ascii;
    arch        "LSB;label=32;scalar=64";
    note        "nPoints:11848  nCells:11678  nFaces:40958  nInternalFaces:17432";
    class       labelList;
    location    "constant/polyMesh";
    object      neighbour;
}
// * * * * * * * * * * * * * * * * * * * * * * * * * * * * * * * * * * * * * //


17432
(
175
373
10945
32
8509
8681
721
1270
10804
85
996
7063
440
858
9052
15
796
10600
143
736
864
257
258
5864
77
947
9173
433
558
10292
192
749
767
522
630
10050
318
1016
1836
103
10922
11385
21
25
9024
98
6232
551
10107
11660
28
8376
10255
308
1277
11674
459
10926
11220
405
528
1770
53
9060
93
460
6364
86
8224
8337
265
1563
11624
362
1130
64
333
632
311
357
3789
4921
9558
100
1226
1623
110
138
483
166
10417
11677
143
863
262
352
2947
109
9353
11655
226
402
8846
529
711
11477
92
443
1143
281
423
1785
535
1117
10836
244
10671
11650
211
382
8768
663
11109
11121
462
933
11632
1049
8388
11673
108
724
9898
120
654
8866
670
802
814
369
464
11304
97
381
1032
94
9753
11178
299
381
8589
118
471
2112
681
3400
123
925
926
663
10898
11450
516
943
1123
131
489
1714
228
588
11379
482
652
8611
158
525
952
588
1265
1339
165
814
9769
157
668
1062
512
1749
75
3969
10563
178
606
833
180
9785
10833
72
320
10596
270
341
1630
1189
1390
1642
154
8651
10114
225
9134
203
531
3870
76
146
5720
187
8753
100
1225
8842
8934
121
8807
9089
276
919
8352
148
924
9993
629
719
9427
370
8642
9083
170
707
991
332
10820
11231
208
559
855
9156
125
10452
11337
153
185
3753
101
7003
9364
1721
10388
10961
126
704
8821
11519
11669
884
9430
450
739
461
919
9113
840
1444
10193
1371
1898
106
8657
227
696
9122
3860
9410
9416
271
468
1791
1235
10766
317
350
11348
112
1028
1166
5253
9648
253
9105
11658
1331
9313
565
1787
240
9949
304
672
4373
8992
9358
430
488
8659
673
881
933
274
8777
11301
342
448
1858
172
704
1913
454
8231
354
759
2085
1228
8326
456
3314
261
8967
10122
431
1564
474
568
8684
343
10797
9605
9808
585
9211
11102
149
11077
11285
634
8359
11630
161
356
9821
8981
9183
133
5732
9601
440
5473
762
9856
11203
251
9022
9069
227
1367
9677
1698
9753
11548
8797
9332
167
874
974
1480
1819
8825
634
1147
9127
340
1335
4259
1534
591
8907
10550
543
9625
11340
160
8721
293
6523
8851
8583
10337
493
11291
195
407
11434
587
772
11299
485
547
619
1711
4829
504
11279
288
537
8295
445
810
2291
1004
8969
784
903
364
660
6445
432
4988
553
10665
239
1549
9938
971
11157
11478
463
721
850
9218
11289
228
936
545
1011
173
248
1560
199
11021
11661
1012
1013
322
9663
11452
1193
1985
781
11491
238
388
11505
734
10641
469
575
9289
393
9039
9953
321
1129
284
697
10548
775
11256
9141
9789
11664
1339
8951
9148
8873
11022
11101
538
556
2006
280
3511
245
9691
11500
194
8754
421
789
2106
589
1017
11641
525
689
10495
333
685
1594
703
10988
578
8857
11000
212
9013
9771
10080
1385
8595
9039
431
472
1744
263
1494
10129
200
10151
1611
11428
224
710
925
210
9296
10401
1020
4724
8590
11344
11397
8355
10859
11218
331
655
9468
282
11268
11657
286
9068
303
648
9045
10687
8533
9979
217
5597
266
948
977
367
2008
9006
272
815
1050
700
808
9903
779
9755
1825
10427
11547
416
477
10799
235
2194
10862
1064
1255
1783
327
6928
9772
577
625
9925
258
963
1263
11541
1165
10108
11670
11296
242
699
11412
844
8989
9845
335
1188
9877
365
1232
11046
659
9097
10431
307
1271
7170
8889
9619
520
847
6833
389
1803
9761
487
549
1173
9479
952
9086
530
643
1037
957
11073
244
449
725
9701
870
1083
584
889
11326
8994
9052
11658
819
9865
8555
9996
10393
801
1083
9211
1935
8635
452
922
10194
1218
9586
500
1042
1804
695
10907
11633
9011
11052
11663
6219
10034
6066
383
962
7067
558
1294
11194
9851
10142
1499
3686
408
9736
302
557
11407
524
10298
741
10686
268
9317
9360
1640
9257
358
1434
4995
1212
1248
1107
1370
299
1032
478
11652
397
11108
11659
11660
1332
9243
786
1262
10321
329
1800
11543
576
1186
8874
438
5515
9559
10712
579
11648
823
10134
10569
1598
10217
515
596
1827
1165
9284
527
832
995
8562
9455
295
561
9994
508
859
4564
455
506
9431
410
11402
11627
1729
9321
868
1176
11414
741
906
418
9417
9930
698
10233
11409
310
599
1375
8342
698
1485
11667
473
10012
10064
8746
11557
761
8447
2228
8984
972
1358
10009
744
1376
11075
313
8782
1646
11348
376
1285
4128
807
8290
1394
9155
467
916
2158
336
9323
659
1169
8776
8940
11209
11665
599
637
8532
742
11529
9765
10089
666
1734
11484
830
10339
832
1132
1264
10076
592
9908
11656
497
688
1951
486
799
1416
398
4580
10751
8870
9391
427
788
1661
10162
440
1015
8824
1557
5450
675
742
8621
573
666
10134
8736
9375
1765
8784
8861
11150
11671
345
3348
8655
1115
8647
11672
1732
9216
1164
1643
1016
10557
9303
11310
9646
10778
11662
609
10275
349
1397
5251
514
1081
4635
8380
10073
10405
780
8805
981
11536
475
789
1256
1732
9972
377
9452
9553
596
9511
798
8792
9109
10594
11343
9009
9852
9488
9494
396
9320
9644
1184
9298
11546
667
1111
6594
392
1754
476
2776
8786
1397
9304
9739
10143
641
1222
10329
9007
9486
598
8170
9259
881
10198
8679
9457
447
549
9833
1126
8555
9815
449
11650
547
945
9776
387
794
1339
6294
9223
9439
10042
627
1438
8606
622
1259
2036
1124
9303
11208
2141
1011
1044
1729
2952
682
8518
10789
804
4792
9159
435
8094
9545
1175
10225
1172
447
412
1116
1323
595
826
9092
9418
10027
871
9513
674
1113
1118
9134
9266
10150
1728
10304
630
10915
1139
9366
747
9668
11430
590
623
1848
671
8564
9058
1807
6058
499
1381
11064
481
9417
11113
10351
11405
491
852
1117
11548
457
3675
651
10661
10707
662
11498
496
1184
8669
8890
10731
838
908
8743
513
9432
11308
628
11066
11655
1259
1717
1404
11350
11422
10090
10460
1642
11111
11668
8925
11175
11666
590
9206
902
11653
1033
1163
8557
10990
11662
526
915
8652
1430
9217
10773
1561
8464
566
1116
3640
870
9584
11364
4239
8371
1206
453
8722
9769
11138
8551
11267
11603
1686
9968
866
877
9813
536
1865
9439
569
6693
544
1490
2031
444
1212
1213
9753
11036
11188
1766
11142
718
1863
9487
9492
582
2244
10325
10810
1912
8522
9253
494
805
9515
9201
9720
8928
9816
970
1006
8636
10324
498
10102
1179
10300
545
846
1206
966
1605
1847
9118
711
10389
1049
10198
9065
10161
8622
10206
539
9349
9594
575
10870
10932
1231
9866
1012
1045
9285
10512
726
803
10256
1377
10468
1013
1586
9677
10832
518
9061
8759
10492
1334
1917
1207
6087
565
670
879
1692
5277
676
840
10891
740
11203
9615
10309
9338
9854
693
1066
2331
9633
9714
925
1206
541
11654
6498
9295
992
8911
760
8687
9528
885
8418
752
1420
1822
904
11552
1281
10065
570
9503
9775
1175
11575
1247
1248
8996
9706
926
10669
793
8292
10321
10878
11675
626
1691
9229
9211
9702
11566
9800
11536
1234
8797
9274
9641
10826
638
1214
10261
5364
8870
542
691
1747
887
1159
8222
743
764
1791
572
1572
8669
9298
4024
8736
872
8386
9516
9947
518
9215
11068
1627
9886
11606
11667
8883
9331
813
1038
1195
776
10525
635
1004
1369
778
11264
10559
1550
10470
9370
11417
806
9985
1661
10471
1293
1324
3945
9711
863
864
4346
824
1472
8713
8932
9196
10639
8777
10106
1185
9280
1375
8350
1757
8700
1313
10785
999
1644
8489
9833
11187
709
1276
9992
10202
1030
1518
1744
8600
9473
10092
1622
683
714
9019
713
1284
1286
1227
10655
692
1047
9220
10481
10541
771
1316
9941
912
9776
11255
1830
9418
781
9028
716
604
9316
561
792
10549
10284
1156
11282
11307
1263
1721
8576
580
9138
10133
814
2348
8917
1196
8991
9516
8677
8795
1038
1291
9711
9986
577
1289
10013
969
1072
1109
10237
693
728
9179
659
2044
9962
9030
10165
11346
9958
11011
1193
9345
8815
9842
11655
9084
9197
593
9295
9496
1178
10458
928
11398
972
1122
9115
1721
9029
10225
1034
10292
2032
9285
10420
9688
9868
9812
10190
9340
10406
10921
4156
8635
1999
610
611
9212
1765
10334
1793
633
759
9036
1223
1293
1299
1152
8952
11006
809
822
9146
6043
9846
787
1133
10221
8806
9935
1158
1500
11024
785
1161
1268
757
9973
694
9213
967
9307
615
9674
9897
882
1131
6573
1220
11200
11302
1727
9557
754
1396
3717
664
1118
9335
771
1246
5823
3674
10654
641
1611
11331
830
9082
11113
1271
2177
1053
1356
646
1056
1353
1388
10100
1107
10847
1814
8804
9701
11271
678
682
9830
10503
11241
751
10831
1668
10547
10882
922
9178
1120
1149
9835
705
1703
1286
10877
793
876
8402
807
875
8469
9876
8369
8590
11362
674
8956
665
9477
10902
709
1377
1777
1317
1318
753
9160
9302
1215
8439
988
8955
9242
1224
9933
11071
10024
11280
10757
11471
954
970
1910
990
9547
3397
10744
10212
11118
11676
756
1026
1748
701
911
4449
8626
8842
708
1025
1322
9874
9881
10503
8979
9729
9146
10378
11057
1640
10218
987
8493
1022
1384
8481
6763
9081
9363
10063
10766
11469
1652
8380
9650
9997
11384
723
1173
10472
10985
11596
727
1048
1076
8867
9278
712
1052
11587
827
10341
839
1331
1364
8756
10831
1403
8922
10437
773
9268
10094
1212
1888
9684
11293
986
1634
11516
940
8252
1166
9847
2195
10019
10672
706
10555
1428
10776
7206
10474
1282
9180
11267
912
11150
975
8728
829
2357
8905
720
1736
8712
1110
1375
9728
11651
1045
1522
1046
1542
8231
769
799
10497
1251
8506
1024
1706
899
9251
1023
1024
1034
11413
8738
9254
10175
1077
1888
9120
10947
9712
9879
747
766
941
10301
1134
9227
1562
8674
10312
824
4272
1033
8453
2138
9037
941
9324
10467
835
1179
10642
813
1001
9917
733
1504
10541
8763
10594
1172
8611
10375
11517
9936
10485
937
953
1115
747
10161
11250
9057
11532
8702
10973
8618
8989
1369
1370
10466
11395
780
6089
9872
1079
1080
2123
776
10205
11387
1317
1683
980
1036
2200
9023
9362
1039
1814
9863
10088
1497
10334
935
1752
8246
932
1137
1087
8351
828
1101
8348
2187
10404
10818
1382
9645
9196
10973
851
1005
8529
1004
1679
1119
1633
8791
6581
10900
1154
1573
1127
8591
10293
959
6066
818
8938
11561
4026
8365
10896
10069
11390
800
9459
9567
1017
8344
791
9474
10379
8765
11431
886
9200
5654
11202
831
8679
9952
1144
9462
9638
1391
1392
954
1006
1201
9851
8774
10637
1322
8444
2196
9943
10021
10151
1550
9478
1609
1620
1398
905
11656
815
1210
1491
1558
2884
979
1423
9108
1775
9056
8486
9807
10187
897
11398
11503
11653
8503
11415
9480
9832
1647
10070
8918
9208
1677
1493
10628
1181
8417
8819
10442
1560
1562
8993
994
1074
1651
1820
846
1011
9002
1635
9005
10257
10240
11283
994
8993
1039
1106
1767
8664
10270
11189
10378
10863
8557
11035
10306
1075
1443
9190
1935
10146
1409
1733
1215
8229
2468
8656
11341
1800
10894
11221
880
1386
8926
10152
11424
1380
9647
977
1148
8410
975
1168
9381
1298
9745
1240
8674
9240
1043
1432
1618
8967
10007
11213
9931
10757
11644
9959
11231
1035
1239
11027
1416
8750
9706
1373
8797
10423
1219
6334
9410
10524
11017
895
1919
1314
8449
968
9382
9501
965
1103
10365
1018
8239
1113
8609
8956
935
1010
1424
10655
10777
8976
9675
932
9038
9102
906
930
8618
1300
1547
9146
6448
6206
4568
9030
9129
7957
11078
9253
10730
9845
11401
1114
1484
9736
10806
8903
11515
1091
1582
987
1090
1587
1086
1585
1229
1230
9177
10243
979
1489
1565
8931
10345
10182
11475
9154
1437
8981
884
1486
5980
6245
1440
9583
1167
9551
1688
10726
9579
11059
11295
10614
11426
1002
4551
9411
10234
10289
10569
1000
9804
10928
989
8622
10198
8888
8907
9191
1119
8781
1022
1150
1650
1147
9114
9127
11399
11635
6049
10026
1395
10169
11376
958
8717
8916
1074
11560
9836
10495
10024
11502
1479
8951
1620
9760
9785
10101
1079
1452
1026
1041
8445
1124
9435
11614
913
1667
10120
1145
1751
1177
1329
8538
1055
9438
8739
10741
8861
9909
10213
1007
9229
9531
1187
951
4537
9430
1157
1723
8447
9975
1227
9829
10277
10122
10996
963
1225
1226
5855
1261
9127
9845
10564
11446
1202
1842
6039
9835
11070
1735
11172
8535
11055
11538
8212
1265
11290
9282
9715
1019
10953
1070
8381
9188
1068
8382
10305
1182
9971
1653
8879
985
8763
11642
9291
9714
1243
1244
2234
10031
10250
1084
1826
1296
1411
1870
8555
8921
11115
1414
9944
8548
10060
11132
1697
1280
4619
10145
1142
1569
9777
10161
10476
1483
1855
6625
9326
1614
8745
9528
1694
1894
8643
9228
9751
9982
9204
9464
9581
10622
10638
9977
11217
993
9306
9740
11354
1320
8510
2072
9819
10511
11274
1272
1273
4506
1044
8495
1751
1205
1241
2069
8346
1555
11436
11472
1387
1080
1452
9800
10180
1153
1236
1849
9594
9631
10633
1622
9311
10624
9333
9997
1301
10917
1615
9165
9315
9599
10698
1583
8491
1586
8499
1588
8505
9402
10132
8083
10036
10164
9910
9911
1295
1298
1940
1217
1371
10815
1065
9076
8926
11526
1216
10845
1272
9385
1220
10531
11380
1670
9669
8291
10266
10297
1374
1403
9221
9244
9401
10078
1631
1863
9981
1564
1566
9738
11646
9523
10200
10175
11312
9355
10230
10312
8668
8900
1278
9406
10890
1653
1364
8085
8084
1027
1741
1570
1319
1936
1541
9847
1121
1572
1573
1057
1907
1061
1314
1906
1873
1574
11570
9725
9762
1243
1607
1552
1578
3879
1579
1084
1446
1447
9520
9534
1578
1636
1058
1059
1060
1580
7468
10544
1163
8408
10698
1236
1684
1649
9282
11619
1544
1673
1514
1681
1517
1676
9847
1515
1680
1519
1683
1538
1674
1540
1675
1531
1678
1512
1685
1546
1682
1539
1679
1200
1571
10347
8945
10550
1092
8654
9126
10248
1089
1582
1583
1095
1584
1094
1585
1586
1096
1589
1098
1587
1588
1105
1121
1155
1283
1590
9865
10403
10461
1134
11061
1604
8566
9158
9528
9704
2087
2207
9193
9840
1210
1481
8453
11643
1148
1454
8392
8783
1455
8420
1456
8430
1134
1457
8393
1458
8443
1459
8473
1460
8443
1461
8403
1462
8411
9841
1464
8420
1466
8412
1470
8406
1469
8394
9237
1471
8473
1171
1473
8440
1474
8429
9160
1467
8439
1475
8465
9708
1477
8425
1476
1668
8440
1478
8442
1631
1707
9990
1168
1591
1592
1451
10960
8562
10399
9181
9911
8609
8671
8837
4297
8845
10328
10634
8686
10128
9334
9169
9255
9634
1355
10127
10661
10396
10854
1819
1617
9611
10156
8365
10079
7967
10216
1303
10335
10817
10036
10171
1597
8946
8963
10835
8806
9678
8771
10733
1774
8608
8896
1306
9599
11518
1657
9102
1198
10574
11404
1274
9269
1504
8586
11623
9240
10362
10761
8592
10553
10005
10037
1813
8997
1413
8929
1240
1577
11398
8948
10843
8879
10258
1483
1604
9051
10057
10079
1350
1351
1347
1355
1345
1352
1261
11242
1260
1382
10701
11212
8962
9187
1686
9339
10131
1398
1520
1379
1380
2892
1245
9867
10352
4241
7633
1207
10739
10117
9289
10441
1415
1565
1942
1251
8854
9830
8490
1775
9309
10025
10975
11264
11431
1284
10709
9255
9690
6537
1439
10371
10781
1338
1286
8084
9549
10454
10645
1275
1453
1715
9192
10692
9805
10497
8106
11192
10481
11490
1354
1487
9530
8560
8769
9581
1554
9463
11537
9344
1329
9313
9556
4595
9061
10396
10853
9535
10648
11293
10854
11352
1758
8764
10624
6148
9488
10454
11059
1276
8645
1287
9103
10343
1300
1506
1570
1244
1607
5597
1315
9884
10885
1755
9428
10093
1574
8648
10180
11529
1630
1631
9627
11005
9782
1332
9012
10465
10588
9699
10830
9661
9788
11298
9394
10896
11651
9902
10792
9926
10176
10078
10096
6299
5202
10179
1817
8865
1465
8290
1463
8292
4503
11160
8695
9764
1840
1875
9459
10829
11043
1321
1399
8342
1342
7228
8894
8559
8850
10103
1250
10873
8085
1448
1632
1812
11301
2207
2771
1353
1659
1436
8677
1502
1639
9892
1448
1449
3461
9945
11092
9130
1366
9333
11029
9080
9895
10824
1283
1431
1663
8907
8949
1526
9206
1709
9246
9899
10309
10375
11225
9870
1326
9222
11259
10566
11578
11288
1634
10501
11254
7473
8371
8742
1323
1527
8347
1535
8345
1599
8894
9546
9340
11249
1717
6991
4043
10219
1688
9573
11185
11302
1648
9607
11470
8610
9859
8720
9493
10728
9101
9806
10205
8615
10077
1794
10261
9569
10111
9405
10092
1340
8562
9445
11095
11480
9959
10581
10677
1402
1651
1296
1608
9405
1652
8815
11215
1881
9744
1407
9822
10229
11432
2087
8817
10052
10038
11567
11636
1567
9432
10947
10371
10855
1413
8694
9264
9489
9759
11614
10060
10169
1410
1417
1853
1637
8741
10534
1727
8666
10702
1319
1322
8965
1445
1609
10323
1443
1559
6051
8820
10074
9681
1372
10231
1421
8642
9367
1658
1659
1660
1345
1749
9154
11528
10296
9676
9926
1568
1569
2121
1801
8916
10233
11519
11606
2036
9164
9682
9834
1485
9783
11408
9834
9805
1484
1581
5939
1357
8796
9893
10201
10043
10997
11356
8652
8701
9966
1468
10697
10284
10886
1649
8818
11427
6331
8680
1507
1673
1681
1508
8686
9642
1513
1516
1675
1677
1521
1683
1523
1676
1680
1524
1678
1679
1525
1682
1528
1684
1529
1674
1532
1533
1685
1536
1537
9206
1545
1771
8812
11139
9149
10768
10828
1383
3604
10543
1548
8985
9642
1595
6535
8757
1601
9354
9893
1706
1402
1689
9742
9783
9992
9128
11225
8248
9143
10071
9698
1691
2171
10335
10533
9888
10059
9685
10020
10636
10976
8811
1805
8839
9533
7007
9999
3473
9990
10847
1695
9094
10867
8479
9988
11019
11465
1666
10171
1415
1716
9858
11480
9214
10888
11319
11334
11452
9703
10265
1696
8548
1394
4809
10602
6002
9584
10605
9201
10356
9305
1697
9378
10612
9584
9629
11175
8957
10576
11158
6491
1556
10366
11151
1503
1613
4287
1852
8714
8793
1833
8588
1431
1705
8276
1702
9314
1602
7041
8300
9175
8882
9446
10259
9004
1596
1724
1600
1704
1449
1632
1426
1629
6467
1551
1762
8724
1438
1840
1894
8944
1627
9514
9662
9828
10165
1707
8627
1594
1663
1705
1624
1764
1672
9413
10761
9128
11239
9613
10524
10566
10531
11226
8260
1712
1779
1625
1626
4056
9056
9249
1436
8795
9403
9941
1714
8707
10320
10956
11170
1715
8885
1781
8598
8706
1813
5924
11520
8523
9343
10176
6658
11214
1746
8412
1748
8406
2771
4039
9129
9287
9900
9695
11124
8520
9583
10372
8488
8495
8487
8490
8491
8493
8492
8489
8497
8496
8499
8494
8500
8501
8508
8511
8498
8505
8503
8506
8504
8509
8507
8502
8510
9688
10598
1662
1664
8517
8206
9171
9286
8838
8521
10077
8676
9995
1511
9101
8353
8831
9170
8353
8830
8783
10816
1684
8517
1725
8837
9245
10264
10608
8845
9904
1917
8761
9863
1807
8594
8662
1625
9117
1704
8486
9315
8766
10455
8752
11522
8519
9383
10599
1575
8256
1614
8534
11441
8430
8466
9973
8445
8454
8400
8404
8407
8471
8429
8435
8796
8394
8422
9936
8436
8452
8423
8451
8419
8461
8404
8428
8426
8458
8415
8469
8413
8437
8392
8470
8434
8462
8402
8441
8459
8462
8398
8399
8426
8437
8396
8409
8438
8448
8414
8421
8390
8391
8405
8438
8433
8461
8403
8414
8759
8396
8398
8408
8434
8423
8436
8422
8467
8441
8463
8442
8459
8421
8428
8433
8470
8409
8457
8415
8450
8413
8456
8444
8451
8390
8407
10296
8397
8400
8432
8435
8448
8449
8417
8454
8471
8472
8446
8466
1792
1712
8328
9409
9676
1771
8502
10365
9625
11540
9958
11137
8299
10020
9070
11210
8871
9519
6074
9189
1647
1817
8965
10070
8788
11603
10669
8270
10945
10959
9937
10336
2084
10238
8063
1735
8711
11451
9023
1736
1738
8258
8663
9016
9634
9835
8083
9186
9784
1739
8971
1741
9341
4651
9737
1745
9312
1746
1747
1744
1743
10679
1748
10236
1749
8621
1751
9004
1750
9297
1866
8604
8697
8527
4124
8945
8687
10273
1754
9396
1898
1933
10178
10209
1861
8634
9554
10125
1689
6746
8695
8898
9074
1761
10507
10636
9368
9518
9961
2142
9692
9967
9709
9882
9884
11421
10021
1655
1713
1829
1720
4516
8552
1809
9665
1619
1699
6229
9626
9836
1725
8671
1730
1831
10174
1810
9202
10771
10654
10418
10705
1829
8904
2994
4054
9878
9917
9048
9118
9571
8317
8579
1767
1980
8855
11601
9255
10458
9112
9409
9257
10153
1808
6300
10327
9079
10687
4520
6455
8849
9801
9580
8908
10912
9544
9891
1703
1737
8199
11318
11536
9028
1776
1777
11544
1726
5561
9012
9729
10177
1916
8543
8568
1764
1838
1784
1921
8536
10236
10798
9275
9433
1785
1786
8625
10417
9435
10390
8621
9148
11254
8779
9388
10246
10332
11617
1781
8597
8854
1763
1782
2041
1693
10809
1713
1772
8363
10326
10484
9655
1794
8768
9220
1793
1791
1792
1795
1796
8565
9916
1718
1908
8575
7711
1798
1886
8514
8540
10266
9550
9897
9256
9553
9044
9224
1801
9502
1802
9740
1804
9253
10128
1808
6356
1742
8476
8603
7155
8582
8677
1811
9929
8110
8794
8526
10709
1814
1797
9358
9841
9697
10545
1728
8810
9230
10276
10808
8982
10506
1815
1816
9476
9828
4101
1831
10735
1773
1774
5259
1724
8552
1972
8485
8525
9046
6396
8982
1978
8481
2563
9319
9322
1908
8732
8913
8970
9664
5377
9251
9562
10283
10569
10551
9059
8323
8532
1820
9559
1821
1822
1789
1810
1909
1824
8553
8601
1809
9750
1827
9731
1826
8645
1828
9035
8627
9630
1768
1835
1846
1830
10463
11425
1948
8372
8389
2091
9145
4460
9480
2003
8379
8477
8934
8977
9693
1832
8249
1818
1835
1780
1788
1930
9117
10233
10573
8908
1772
8696
9000
9826
10792
10985
10992
9901
1838
5341
8895
5973
9249
1842
1843
10763
9443
10119
10608
8914
9112
2023
8368
8929
1954
8524
1799
4124
1844
8364
9041
1845
10615
8815
9769
1790
8561
1854
9896
8599
8954
8998
8787
1851
1848
10742
1849
1850
9525
10584
1853
1854
6310
8340
11677
1855
9265
10561
9057
11532
1857
1806
5698
7015
8869
9541
8639
1837
2070
1858
1859
11464
10147
1862
9279
1864
1865
9537
8530
8699
11195
1873
1874
9934
1875
2077
8358
8563
1876
1877
10164
10967
8653
1879
1880
1881
10570
1884
8639
1887
1888
1834
5519
1870
4103
8826
9254
10000
1890
8779
8567
2354
8475
8633
9705
9627
10597
10174
9612
10438
1896
1897
1899
9121
8363
8530
8975
10952
1905
8332
1904
1906
1907
8260
8822
9482
1909
9243
9176
1871
8298
8306
1910
9252
10089
1912
1913
1861
1942
5883
4763
1918
8822
8357
1919
9169
10042
8691
8798
2064
8297
8322
1878
8168
9187
1914
1989
8251
2135
2135
8300
2116
8301
8305
1933
1935
8840
9807
9009
9281
1936
1937
1883
8311
1938
1939
1940
8939
9347
1892
1923
2014
1911
2157
1944
10247
1891
1946
1947
1895
8571
1951
1952
1915
1916
5666
1959
10811
1924
2098
1947
2052
1900
4425
8280
9224
8476
8513
1967
8650
1968
8370
10465
1969
1970
2125
8261
1902
1924
2005
1941
1993
1953
8263
8279
8333
8338
1975
1977
1974
1976
10546
1980
1984
2125
8282
1985
10271
1923
8309
5209
8544
5690
3715
1988
9182
9256
1927
1928
1941
8370
8515
1927
1949
1993
8255
8310
1956
1958
5612
1932
1954
5629
6391
1955
2015
1955
1965
6391
8360
8579
1949
1962
5706
1966
2041
10668
1971
1972
3469
8646
1997
10098
1998
1999
9123
9574
2001
2098
8271
1957
2004
2005
2006
9156
1978
1979
3154
1953
2007
8309
8370
8617
4053
1981
1982
7522
8256
2009
8354
8310
5716
1956
5791
1962
1993
2014
2015
2018
10774
1991
1992
5166
1990
1994
8159
1987
1987
2020
2264
2000
8073
9242
1981
2092
1991
2099
2025
8373
8556
8571
8326
9537
2026
2027
6521
8484
4488
2002
2003
3752
8335
10756
9429
9582
2030
2031
2029
2032
4397
6916
8482
2034
5791
1994
7837
2010
2011
8049
2035
9393
10133
8263
8269
8285
8236
2037
10095
6757
8308
2010
2185
3562
2021
5553
2092
2021
2028
2100
2013
8171
8228
2045
8809
9492
10762
2046
8172
8242
2047
9078
3558
8378
5735
2049
8236
8284
2050
8286
8312
2038
2074
2051
8259
7837
2039
8079
6282
8261
8262
2043
7965
8192
2052
8120
8216
8226
2033
2039
8077
2056
10194
2256
8209
8217
7962
8228
2099
2023
2041
4601
6871
2038
2042
8113
2061
2062
2063
8316
8213
8816
8158
8207
8211
10220
8210
8287
2068
2067
2102
8176
2069
2070
2071
2072
9466
2075
2076
8011
2185
2043
6854
10726
2079
8200
8222
2066
8056
2083
2084
2085
10498
2086
2087
2059
2073
2101
2088
8273
2090
2091
2094
2095
2098
8064
8183
8188
2055
2080
2081
2065
2073
9201
10626
2077
2078
6340
2059
8154
9496
8150
2065
2101
2381
8553
8640
2104
10068
2105
8223
2115
8314
2320
8156
8157
2106
8219
2107
8218
2109
8178
2111
8186
2112
8169
2079
8071
2118
8201
2117
9147
4461
5109
8632
8173
2096
7933
2097
7931
2100
2110
7988
2120
2121
9277
2122
2123
9490
2124
2125
2096
2097
2103
8194
9855
2126
3811
2227
8163
8164
2128
9866
2127
8366
8058
8060
4601
7219
8151
8079
8204
8132
8133
2137
8798
2138
10673
2140
2139
10816
2113
9172
9304
2142
8182
8093
8158
2143
10290
8189
2130
2145
2130
2131
6784
8320
9280
8298
8303
2147
8205
9273
10246
2126
2149
9983
8138
8644
2153
2154
8858
2156
2157
8238
8195
9136
9161
2158
8275
2133
2148
2188
5294
2133
7970
2199
2202
10815
2145
2144
2146
8014
8303
2148
2151
7969
8560
9618
2164
2167
2169
2168
2170
2152
2171
2174
2176
8730
2202
7510
6025
2199
8046
2177
9466
6803
8034
8165
2175
7987
9380
8072
8074
8046
8114
2184
8141
2186
2187
2166
2189
5354
2190
9797
8171
2191
7971
8087
8095
2172
8117
8146
2165
2258
9576
8016
8147
8322
8067
8100
8102
2195
8237
2173
5358
6338
10693
2198
10489
2196
2197
8082
8234
8081
8233
2199
8108
10173
2178
7059
2200
9194
8028
8092
2201
8196
8782
2183
2224
7807
8086
8134
2193
7700
9546
9556
9578
8673
9555
2192
2219
2204
8063
8160
2205
2206
8066
8009
8074
7986
8126
2207
2208
2209
2210
2203
7519
8032
8033
7991
8059
2216
8052
2220
8088
2221
8089
8685
2225
2226
8106
8013
8015
2230
2231
8037
8665
2232
8070
2234
10044
2236
8739
8258
9657
2247
8005
8017
2217
2240
8008
2222
2224
5653
2233
4243
9589
2218
2235
6589
2246
5966
2287
7968
7968
8785
2222
2229
2249
8053
2250
9616
6675
7906
8025
9200
2258
2259
2260
8050
8606
8159
8160
2252
2277
7832
8013
8000
8155
2280
2281
2282
8041
7824
8012
2283
2287
2316
2294
9058
2238
2241
4648
2242
2276
2268
2277
2796
2247
8024
2252
9730
2251
7774
2261
3682
9436
2257
4048
2316
6143
7996
2330
2331
8036
2263
2334
9301
2347
7972
2348
2349
2285
6218
7778
2254
2261
2357
2279
2468
7648
7985
9361
8192
8255
2271
6158
7887
7989
8051
2371
8183
4442
2276
2296
6218
2278
3269
2300
5706
2289
2467
6106
2278
2312
6465
7172
8035
8239
2456
7778
2336
2378
7863
2273
2304
6253
2293
4479
2306
2318
4958
2305
10861
2275
2426
2431
2310
2739
7778
4743
2285
2352
6140
2445
8004
7957
8069
2446
2450
2453
10249
2295
2455
2456
3248
2305
5775
9540
8036
2292
2356
3516
2304
4744
2411
2483
7719
2338
2477
2298
5953
2362
6088
2478
10750
2428
2552
2456
6545
2341
2474
3790
2299
5417
2555
5548
2431
5892
2302
2313
4004
2332
2714
2360
2403
3856
2631
4744
2356
5417
2355
2889
2949
2313
6154
10257
2319
2405
2418
2407
5892
2314
2373
6645
2885
7224
9015
2317
5639
2476
2599
7767
8019
2322
6559
2740
7898
2341
6800
7166
7933
2403
7376
9887
2329
4483
2327
2359
5956
2461
2554
7625
2363
2621
6899
2340
2484
4805
2328
4615
2344
5390
2358
3161
2553
2564
7884
2375
6153
2343
6251
8593
2563
3248
2377
2636
6213
2467
2631
2389
2442
3354
7224
7927
2488
2603
7443
2353
3230
7862
2373
2379
3399
2379
5925
2345
7081
2475
4309
2388
2588
2596
2594
2595
2599
2476
8104
2397
2539
6297
2369
2427
3082
7645
7650
2365
4215
2413
6469
2588
2655
2366
10385
2420
4021
2397
3079
2455
3922
2409
2533
6225
2711
2739
2418
6682
2384
2490
4817
2374
6428
2396
7898
2440
2499
5093
2369
2372
4541
5829
2653
7528
7679
2623
7994
2470
6001
7231
2385
6944
2423
6332
2401
2519
6386
2412
2679
2396
3516
7757
2413
2549
3644
2441
7575
2390
2406
3029
2496
2503
5328
2409
7553
2390
4777
2428
2724
4643
2395
2459
5676
2392
6392
2655
2923
6924
2422
2529
5301
2424
3434
2439
2520
2650
2395
2560
4244
7008
7954
5948
2570
2934
5763
2401
2458
3900
2410
2419
7190
7551
2495
2661
4092
3701
2590
2703
7417
2521
4745
2414
6917
7486
7515
2526
2709
4901
7681
2513
7271
2889
7785
2417
3559
2681
2438
3072
2434
2523
5726
2437
2678
4864
2488
2893
6512
2429
6931
2558
2627
2430
2491
7567
2514
7367
2492
2809
2435
3585
2500
2525
7324
2706
2711
2768
6839
3922
2466
4064
2539
3079
7962
2443
2484
6333
2509
2606
5215
2480
6859
2451
4766
2926
3877
7404
2454
3378
2449
4313
2472
2972
2459
5224
2525
7166
2588
5003
2653
7506
2522
2637
4263
2746
7966
2759
8090
2462
2532
6250
2676
2768
6867
2708
5457
2754
9614
2471
3210
2462
2517
6017
2760
2771
2469
4088
2796
2458
6641
7934
5310
6395
2497
3946
5333
2621
7459
7388
4121
7740
7759
2486
2501
3429
2491
6293
7370
2489
3555
7954
2547
2515
3051
2503
3490
2482
6312
2512
3383
2627
2634
5562
2555
5953
2499
6395
7853
2885
8616
2849
8959
2506
2969
4428
2580
3006
2541
2573
5585
3597
7350
3368
6352
7508
2584
2787
4690
2504
3810
2581
2646
5206
7876
2524
3531
2815
3877
7585
2548
3906
2511
2531
2975
2504
2607
3348
7576
7733
2513
5622
2501
6472
2586
2632
2750
6411
7218
7706
3487
2583
3101
5682
4624
4082
6352
7538
7770
2550
6035
3375
6770
7389
2535
2537
4803
2517
4254
2514
2559
6510
2538
3822
2542
4100
3490
6596
2531
4349
2540
2615
4173
6172
2572
2931
6304
2678
6595
2558
2634
4939
6682
2541
4408
2570
5512
2557
2938
2814
2915
7747
2629
3226
5522
2578
2590
6542
2606
6172
2643
7056
7381
6678
2728
3493
2578
5454
2546
2786
7526
2787
4304
2605
2663
3648
2720
6715
2544
4587
7618
2565
6505
6329
2721
5142
2577
2618
8875
2568
6328
2597
2620
3977
3124
7497
5091
7650
2614
2856
6752
7585
2571
3065
2566
2669
5618
6545
7698
3064
7902
2636
4057
7735
2598
2630
6100
2601
4322
3495
7615
7765
2637
6329
2618
3068
9377
2626
7072
9853
3240
7897
7982
2712
3836
2603
3629
2686
2807
5714
2749
4815
2679
2893
3014
7796
2586
4642
2733
5984
2807
2953
2601
2823
2993
2726
2785
3327
2647
2708
7482
2619
3728
7192
2664
2860
4588
2705
3528
3974
8124
2617
2691
3319
2629
7409
2777
3232
2602
2700
2728
3227
2791
2948
10287
2887
2927
3170
7696
2914
2918
3954
2781
2848
5183
2597
2639
6344
7601
7839
3123
8068
2669
2949
5413
2856
3451
3113
2651
3054
3412
3733
2961
4188
7110
2758
2797
6383
2697
3489
7254
2848
9825
2659
7103
7691
2614
2809
3109
5218
6005
6430
2779
2863
3306
2936
3425
4775
2718
3043
7273
2630
5606
7109
2821
2844
2892
2658
6265
4178
2648
3058
4995
9308
6670
2651
2777
6405
3244
8188
2751
7564
7780
3034
3076
9770
2793
3610
6056
2704
2713
3504
7500
3584
2665
2683
6588
2817
3017
3339
5945
2693
2773
3798
6670
6851
2645
3046
6406
2690
6653
2762
2806
5011
2794
2896
4950
2700
3493
5009
3043
7572
2694
2764
5411
3726
6457
6792
6810
2969
7463
2966
6471
3093
4740
7760
2805
3636
3371
2774
4429
9376
7914
2710
3033
3234
7785
2793
2874
4012
2763
2922
5795
2692
3891
6091
6770
2867
2986
3347
3487
5333
2664
2897
3394
3149
8375
3204
4105
7798
2737
3274
3279
2903
3396
5232
2672
2719
3172
3434
2802
2905
4703
2784
3367
6290
2748
4513
2677
2755
4475
2692
2888
4836
2945
2970
6985
6383
7550
3036
6090
7604
4057
2732
7314
10719
3377
8612
2727
6793
7042
2741
3670
2705
2752
2835
2783
3314
8996
2748
3135
2876
3030
3809
2826
3426
7247
2765
2980
4597
3286
3317
6635
7112
3918
3000
3305
3292
6603
3056
3184
6736
2735
2922
4610
2837
3553
2836
7320
8582
2879
6005
7266
5814
2738
2850
6366
2995
3016
5737
2720
6980
2866
5910
3602
6854
7965
6285
6979
7624
7405
6074
6673
2794
3038
3708
2882
6390
2780
6905
6154
7316
2808
2869
6747
2904
2982
3820
2812
2819
5435
5684
7037
3118
3745
6542
2896
3038
3468
3767
7321
2859
3492
6266
7698
7944
3036
3037
6431
2935
4719
3121
6114
5692
2967
2979
4033
2845
2996
4208
3007
3351
4462
2776
3890
4319
9532
2786
6707
9716
2744
6948
2935
3127
3180
3118
4700
4241
9068
3197
5000
7159
2946
3747
2851
3413
7123
2800
2915
7409
2830
3615
3133
3572
3608
3393
3432
3151
3195
3270
2953
3465
4945
2773
4695
7587
7687
3002
5755
3274
4599
8941
3382
8054
2770
7232
2761
3189
3803
4890
6525
6906
3444
4939
3400
9024
3461
10418
2829
4778
8883
9512
2813
7099
3203
5403
2784
6584
2917
3451
6075
3476
6112
6402
7755
3199
3286
4897
5992
8898
2884
3070
4354
3670
3020
3074
2789
3118
5264
2831
4304
3178
3404
7440
3579
7171
2843
3580
5729
9144
2932
3004
3963
2845
6636
6530
6592
7423
4515
7492
3145
3192
5062
2890
4383
3047
4570
6457
5927
6558
3001
3015
5934
6456
5557
2987
3335
5525
3438
3285
7607
3323
7089
8130
5845
6550
6907
3520
6393
2957
2967
5488
3560
5902
2899
3250
3345
2836
3085
3740
3495
3793
3893
4072
4408
3111
7414
2871
2947
2963
4759
2968
2977
5494
3006
3602
2973
3732
6163
7183
2894
6600
3119
4704
6027
3030
5776
3318
4634
9478
2927
3599
3071
3096
4967
3473
6879
2944
3003
4491
3031
6387
2853
3576
6407
2900
3008
4487
3165
7384
3814
6463
7397
3576
4825
10583
2847
6184
3283
7140
3715
3828
2835
3528
5079
2877
4132
6447
2907
6089
10025
6817
4042
2937
4591
3661
3981
10244
2952
3005
6809
3465
3885
7088
3702
6680
9348
2850
2929
3862
3049
4691
3302
6721
3497
2912
7180
7472
3023
3294
5420
9747
9764
7032
3588
7238
3552
3885
4945
3834
7137
3223
3980
7304
3046
3405
7651
3532
3027
3105
3107
2894
3207
4419
2899
6764
4932
7349
2990
4509
7448
2976
3103
5871
3396
5936
2998
5844
7820
3171
3362
3896
2903
5936
3295
5285
2959
3974
10253
6348
6591
6353
7574
7683
3937
4401
3478
3603
5615
2895
2925
3885
3068
5426
6557
6606
7033
3170
7474
4440
6660
3604
3662
10534
7049
7636
3130
3205
4670
7853
7881
7934
3294
6624
2921
6763
9491
2913
3269
3159
3221
4980
3583
4317
3055
3579
7828
3293
4700
3086
3141
6297
6711
7110
3564
4015
4123
4548
3831
6544
3102
3623
6594
4171
6978
7632
3494
3635
6203
2958
3424
7791
5568
3854
5467
5448
8755
3067
3073
5214
3853
3861
2991
3127
3512
2956
3020
4262
3014
6322
7026
3198
3342
4062
7014
7869
6519
10221
6456
7072
3101
3523
7069
7653
2979
6100
3084
4003
3395
3939
4721
3011
3042
3744
4014
5963
4969
6550
6709
3341
3479
5834
3204
3831
6600
6858
6806
3025
3162
5122
3448
4025
3549
3612
3835
3680
7779
2981
7339
3027
3052
3611
5281
7576
6316
6610
7304
2997
5567
3045
3251
2965
5853
8609
6901
7379
7658
3166
3304
6393
3247
4608
5105
2999
4692
7184
3641
5172
3223
3440
3290
3683
3526
3782
6909
3629
2977
3569
4497
2981
3078
3578
6523
6098
2961
3424
3491
3059
3433
3665
3307
3411
3115
5931
4044
4343
3647
4911
3018
3661
10001
7018
3287
3402
4963
3686
5797
3136
5657
9719
4191
4297
3377
3644
7076
3881
4281
7399
6188
6544
3000
3059
3895
3066
5945
3106
4653
3092
3185
4074
3057
5265
3868
5691
10514
3087
5102
6404
3693
3614
6620
7318
4271
4562
3026
3435
3614
3106
3851
6450
3246
3349
5911
6408
9552
3702
5404
3156
3652
6710
3268
4760
9675
4096
4915
3679
8823
3099
5321
7332
3187
3994
3449
3717
4165
6935
3966
5621
3695
4214
3800
3907
7106
9152
6198
3659
9452
3819
5742
3920
6950
3153
3750
3061
7067
6633
3283
3849
3697
5273
3077
3267
4187
3125
3285
3911
3944
6549
3183
3864
4931
3091
3331
4104
7016
4190
6137
5243
6706
3864
7149
3804
4755
3230
4019
6428
6222
3481
3694
3901
3038
3089
6342
6390
6740
3990
5223
7811
4655
5480
3815
4435
4972
3359
4055
5614
3182
4207
6685
3332
3858
3039
3156
6359
3069
6342
3795
4443
3060
3320
4896
3557
3333
6500
3047
3726
3210
3597
5598
3206
4385
4930
3051
6678
7586
3452
3606
3832
3555
5805
6961
6710
3152
3596
6150
3245
7302
3065
4428
4887
3126
5388
6292
5850
5872
6562
3854
4562
3306
6112
3630
5600
4349
4528
3797
4178
3164
3336
5144
3986
4569
3369
3510
4590
3325
3769
4823
3601
7911
3243
4100
4702
5361
6663
3610
3619
4465
4905
6577
4852
4890
3257
4207
3087
4152
3307
3401
3543
3622
4246
3314
6732
3107
6873
4486
6749
7154
3441
3685
6415
3427
4560
6440
3177
5564
3143
4414
9985
7315
9191
4347
4594
3398
6013
4472
3330
6139
6872
5142
5397
3577
6509
6639
3956
5440
3576
8751
3868
6994
3144
3365
5652
3186
4535
10004
4540
6551
4040
5266
6914
3214
5202
10705
4010
4438
4764
5637
7739
4790
7025
9911
3712
6994
3343
4405
4566
3109
3584
4002
3676
4016
4185
7239
3611
3134
3201
5367
5102
6107
3366
3486
6388
3640
3757
4029
4660
8799
3392
4033
6603
7070
7265
4455
7705
9049
3583
6647
3350
3505
5798
3468
7578
6580
7421
7657
3827
7619
6505
7109
3719
4496
3378
5917
6659
3271
6197
6336
3284
3421
5401
5156
6257
3266
3973
9462
3386
3642
9268
4411
6623
3513
4020
3172
4556
4013
4290
3258
6418
9748
3537
3681
9278
3158
3556
3608
3173
3503
5739
5064
5948
4522
4561
10415
4308
4742
3899
5745
5815
6972
3263
5056
9640
3175
3613
3921
3437
3973
4396
3530
6705
3272
5741
8726
6305
6841
4072
4303
3416
4927
4372
6155
3363
3471
5298
3608
3340
3361
7090
4411
4964
4183
6701
3208
3436
3699
4161
6056
3425
3689
3200
3548
6379
3305
3407
6007
7434
5522
7409
3436
4725
8909
6417
7197
7265
3220
4403
4458
3929
3915
6160
5264
3634
4325
3310
4219
6681
4448
6004
4159
7448
7559
4541
5075
4405
7562
3568
3805
5914
3677
3788
3300
6553
8598
4211
4777
3982
4258
4152
6404
4718
6407
4369
5727
3858
4632
3290
3783
6376
3288
3294
3684
6053
7004
3352
3517
8834
5149
6820
3532
3906
4659
3228
4722
4749
3454
5492
3222
4067
6233
6696
7515
4184
5430
4108
6783
3959
6185
3330
6183
3242
3329
6823
4380
4954
7088
4444
6420
4536
5006
5643
5922
4363
5531
3595
5866
6504
4663
4316
7277
7437
3757
4357
7767
3237
5439
9758
4000
5022
3381
4646
5998
3252
4927
5257
3297
3386
10069
3515
3639
3755
3324
7305
8841
3539
7895
3366
5646
3246
6628
6676
3255
4583
5595
4122
5747
9087
6265
6635
3243
5373
4031
5445
3880
4426
6731
6333
3586
4113
9693
3371
5862
3338
3550
3774
3762
3866
3262
4376
4687
3693
4310
6075
4023
6176
4084
4210
7467
3928
6481
6909
5225
9897
4021
4483
5901
6575
7358
5396
3770
3806
3355
7290
3488
5132
6572
7411
3422
5046
5701
3554
4831
3707
3733
5962
6826
3460
6487
6668
3312
4523
5893
4326
10224
4333
5049
9509
3887
5457
3550
6020
4296
7065
7328
5063
6270
6746
3458
3527
6262
3520
5478
3627
6261
5011
6135
10560
3431
5853
8837
3534
4130
4085
5078
4564
4845
10793
3556
6844
3626
6052
3649
3996
3328
4970
5116
9780
3492
5667
10157
3672
4216
4266
3721
6795
7583
3346
6008
8859
3745
8961
4889
5170
8317
6435
6815
6981
3289
4110
5226
7501
3430
4374
7550
7377
5422
5856
4341
4481
3774
6640
6588
3356
5143
5774
3802
3837
3510
6989
4470
6982
3987
5487
6860
3687
4478
3337
4107
6486
3491
6019
6128
3699
6848
3548
7051
10086
3760
6288
3486
4194
8339
3430
6527
6612
3830
3376
3435
6196
6742
3530
3952
5744
3622
5920
4054
5025
7120
4329
5158
3524
6890
7176
3713
3755
8389
3457
3487
5097
5970
6280
6368
7195
3521
5036
4731
6702
4789
5886
10218
3462
4303
6104
3852
6615
3823
4125
5640
6515
3499
7095
7264
3923
6847
6227
7279
3358
3761
3433
3658
8814
3736
6748
4385
5904
3573
3857
9840
6159
6680
3637
5524
3603
6548
3735
4110
3809
7186
3736
6992
5822
6347
4355
6862
4034
4273
3364
5452
6425
3415
5730
4957
5613
3888
7098
3442
4684
6692
3981
5161
4719
7423
3403
6672
3514
4214
5257
3802
5411
3498
5020
6666
7252
3855
4005
5409
3464
4839
3799
6424
3447
3920
6496
3418
6748
3803
4481
5832
8719
6359
7208
7132
7480
6822
3499
7005
3546
4729
3777
4365
3784
4573
6257
3743
3380
3632
6637
3463
4612
4778
6358
6838
10502
3941
7240
3739
4038
3728
6595
3533
5470
7527
6061
6347
3909
3937
3780
10535
3636
4305
3794
3960
5888
3508
4672
6528
3574
3605
4961
6263
3629
7443
7828
4417
6605
10401
3587
5060
5312
3680
6606
7565
3676
4187
3939
3962
4722
6188
3432
7052
7398
3445
10738
6501
6750
5402
5639
9130
3594
4360
4853
6728
3992
5899
6877
7004
4250
6564
3558
5880
6272
3535
4493
6856
7272
7336
3772
6648
7365
3930
6490
6679
4196
4454
4292
6556
5139
7340
3434
4766
5076
3845
6144
3775
6713
7418
7628
7729
4138
4240
3866
3985
4765
3567
5242
8692
5205
6527
4122
9199
3537
4519
6526
6284
7629
3942
6736
6449
7414
3534
5943
6434
3480
5097
3968
4265
5560
8023
3628
7118
4398
4130
4151
3856
4164
3842
3990
5180
3873
5935
4891
5771
3810
5423
3477
4418
6320
7459
7749
3698
4289
4169
5393
5796
3667
6876
3581
5177
3971
5851
5686
7236
10433
6513
3470
3692
3519
5658
8540
4860
6579
3931
6346
6820
4712
4916
6226
4092
5119
4148
6450
3500
3874
6130
6957
8659
3860
5131
6164
5581
6184
5928
6420
7496
3674
6156
8542
3539
5211
7889
7702
4238
6700
4857
4885
4696
6656
3503
4288
4592
3801
3872
5806
9227
4083
4179
6599
5105
7537
5632
7276
3672
7309
3685
5318
4082
4851
7296
7430
3542
4184
7564
3707
6070
6816
5829
6001
7609
3544
4600
5849
4889
3663
5852
5567
8528
6351
4343
5950
7262
3549
7412
3678
3999
4037
9368
6889
8750
4331
4947
6584
3638
4657
4706
5088
5308
3536
3790
6762
6473
5568
6413
3661
4785
3609
5290
9143
3540
3949
4804
6364
8975
3798
4695
5026
5949
4189
9412
3788
4213
4708
4918
4375
6483
3865
4780
5753
5698
9609
3668
4736
5019
3741
5292
7747
4529
6831
3859
5439
9883
5014
6235
6666
6745
3566
4059
4442
5431
7283
3792
6602
3932
3732
4002
5840
4423
4140
4153
4230
3980
5028
6669
3665
5055
5990
6885
4987
5615
6548
7419
4620
5129
8877
3660
5162
8265
3737
3998
3563
5239
3847
6427
5628
6619
8376
4668
5459
3964
4018
6124
7145
3812
6966
3620
5650
10795
4123
6825
4334
5971
3845
3988
3817
3652
3653
6084
6662
3634
6473
3821
9010
4524
6017
7849
4577
5629
4252
5758
4817
6695
5809
6355
6642
3682
6004
4293
4533
3779
7035
6023
7191
3574
4402
4571
3615
3694
7501
6359
7464
3598
3805
4109
3792
4300
5463
6973
7392
6608
6756
3891
5910
7188
4448
5921
4194
4603
6388
6684
4133
3818
4663
4045
4278
6122
6691
4492
7127
3598
5339
5518
3592
4179
6370
3618
4681
5797
5783
7205
3624
5033
5813
4429
4606
4235
6921
3893
4951
5937
6268
3929
6216
3704
4046
7285
4154
7236
6216
7300
5254
4318
6321
6514
10138
4139
4289
5277
4735
4767
9598
4401
6768
7408
3682
9572
5669
6502
6839
6867
7780
4811
4859
5533
3706
9813
4421
6386
3969
4678
3702
4359
6108
6508
4676
7363
5366
7634
3838
6267
6688
4203
4732
3675
10129
3895
6706
4512
7013
3643
4422
7180
6646
6962
4048
4479
4580
7876
4759
7283
4508
3984
5287
5434
6248
3669
6442
8890
4704
4858
3806
4402
4623
5438
3748
3749
4282
5674
5460
5641
5651
4617
6657
4334
4423
6667
9823
3673
6029
9102
3808
5128
5340
6841
5061
6918
3715
6123
6267
4003
5077
5585
4272
7340
9907
3816
4685
7488
6361
9827
3759
4206
5237
5284
6097
10153
4067
4629
3771
4466
6062
6183
4842
5486
7095
3796
5594
5683
6816
3754
4998
6198
3927
6349
7281
7071
4771
6785
4792
5034
4133
3849
4719
3965
4021
6308
8999
6409
5210
6421
6214
6400
6888
7104
6654
3706
4527
6570
4119
5261
6563
4314
6983
5906
6012
7348
3723
6763
6925
6240
6987
7137
6694
4375
6065
4145
4328
4369
3938
7781
4648
9666
8706
6524
7073
7765
4221
10019
3988
6381
10035
4195
7039
7230
7348
8658
10243
7135
4479
7211
4988
5720
6270
3848
3992
5530
3758
6898
6954
4283
7454
4111
4780
3947
5800
6189
5670
6060
7303
4664
3799
3880
6419
4255
7607
4174
4202
4415
7275
7276
4232
4690
5862
7241
9467
7341
7420
7716
7097
7490
7581
7208
3978
5414
5457
8780
4114
4809
10017
5110
6977
7085
3886
4365
7288
5185
6797
3808
4195
5964
5182
6941
4068
4312
7780
5692
6250
7891
4196
4578
3753
5515
4849
8539
4342
4522
5322
3854
3898
5917
6926
6535
3766
4400
9561
5200
6289
5956
7154
4362
7826
4420
5127
4636
6573
10675
3924
6272
6249
4867
5031
4849
3770
4402
4484
4335
4118
4366
4340
9553
6410
6711
3851
4148
4378
4465
3938
5684
6441
3875
4450
5378
4061
5319
5778
6287
6335
5258
6114
4424
4451
4487
4737
7514
7997
5321
7571
5286
7616
4030
4294
6101
5583
5127
6585
5289
5516
6845
3951
6972
4319
4633
6372
4277
4342
3940
5810
3956
4461
8512
6300
6356
3972
6076
5338
6024
4058
5169
5454
4044
5460
5957
6244
9168
10217
5441
3820
4986
6913
4088
4843
4864
4389
6063
6571
4649
6842
6283
9209
3912
5974
4309
5390
6671
7024
5940
6054
4651
10642
6709
7031
4099
9757
6993
6382
4720
5856
10228
3947
4120
6472
4658
8162
5027
5577
4311
5894
9164
5453
7400
5389
6620
3958
4779
4407
6931
5134
6392
3943
6817
6002
4463
6578
4158
6744
3913
5772
4340
6488
8747
4619
5118
6037
3945
5523
5870
3935
9076
4618
6485
4163
6345
7511
4143
6402
6532
5954
7017
3846
6226
7207
4310
4825
5218
7266
3917
6011
4626
7265
5662
7057
4248
4505
5880
4141
4375
6006
4203
5690
8847
4688
5171
4568
6484
6708
3886
5479
6779
4912
5204
6864
4538
4579
4830
4865
6460
3916
5297
5378
6575
4311
5354
5280
9309
4234
9397
5955
4635
5914
4482
4499
6246
3892
5491
6330
3905
4094
4882
6598
10110
6827
5175
6016
5557
4085
4605
7808
4058
4777
4794
6428
5523
5801
4267
6006
6652
4070
10472
4716
6911
6999
7200
3878
5324
4171
6042
6266
7857
3916
9928
4042
5515
4752
5540
9503
5989
9307
10672
4487
6228
7688
4440
6049
9019
6346
5148
6360
3904
10779
5423
6209
9479
5565
6485
5036
4039
5720
9258
5352
7164
8483
4473
4572
5997
5507
9238
9628
5492
6305
6007
6503
4936
5397
6414
6502
5349
6168
6556
4009
7462
8810
5705
10308
4787
5177
6153
4279
7865
4913
9407
9788
6869
7864
4181
5446
5718
4356
6093
5750
6963
5906
6010
5178
5198
9678
5136
6219
8991
4295
6624
5205
6180
4113
5634
6241
5974
3991
5921
7376
4645
6316
5777
5942
4332
5707
6740
4234
5261
5804
5764
6970
4379
6356
4120
6644
6773
5267
5563
6181
6859
4061
6849
7054
5251
5654
7082
6319
9544
4586
4608
6477
6332
6401
4884
8040
10702
4688
6091
4152
5012
5543
6212
3983
6744
9986
4070
6479
5326
4231
4512
6996
3995
4682
4461
4894
5440
4971
6277
5023
6287
4260
6104
9339
4244
5077
4341
5121
6103
8813
4404
5514
7402
4991
6410
5409
6145
6422
6743
4832
6003
7010
6200
7983
6171
6912
6078
6191
6063
6443
4095
6197
4240
5351
6196
4376
5137
4112
4071
4921
9542
4056
5153
5941
7461
6394
4750
4144
5901
8240
4587
4815
5625
5731
6234
5148
7195
4785
5865
8709
5935
9481
4166
7149
4769
5043
4050
4117
4378
4627
5268
6494
4813
6205
4734
4219
5544
6210
5802
6618
10753
8835
4009
5469
7528
4322
5283
4032
8675
4089
6115
4259
5377
6324
5430
5601
4878
10010
5704
5824
6038
6349
7238
5967
8340
4471
7432
5308
7001
4524
5301
7872
4022
5713
9752
4470
5913
7284
9319
5247
7292
4420
6558
10695
5676
6211
4326
10002
4073
6605
4775
6532
7174
7221
4062
5222
6617
4561
4699
6295
6363
5038
6096
6252
6749
4469
9621
5167
9877
6278
6468
4638
8944
4110
4218
5864
4151
5709
6174
4607
9567
4469
9163
4880
6188
5021
10148
6613
5652
7562
4309
5426
6211
4298
4440
7007
4730
5744
4360
5609
7041
6018
7260
4128
5746
6509
4595
5425
6523
7908
5975
6241
6922
7294
4808
5450
6773
10723
4443
5109
5527
4879
7312
4120
5755
6540
4519
4977
5930
4658
4746
5965
5785
7054
4186
5918
6225
4924
6194
4463
6805
7068
5580
5860
4345
5310
5397
4153
7087
4960
6651
6973
4800
5260
6160
4611
5683
6387
4306
5774
5908
6209
6236
10727
5131
5017
5977
4871
7951
4408
5215
5559
5044
5537
9674
4093
5620
7584
4332
6390
6505
4609
5034
6261
4236
4278
5547
4465
5145
5987
5420
5015
5315
4810
7331
6325
4654
4798
6042
5757
6215
8725
5385
5995
6664
6117
6233
7177
5386
5772
6729
5281
4920
8630
6366
9324
5666
6052
5511
7675
4150
4909
5704
4115
5291
6111
4827
6690
4548
4705
7020
4536
4662
5088
4517
8304
5494
6173
4328
6253
4451
5179
6228
6317
6638
4738
5534
4478
6427
5400
8372
4924
9013
4268
5114
6579
4641
7334
4617
4912
4941
5144
6500
4585
5408
6378
6597
7073
7868
4434
4994
4812
4565
5178
5266
6694
6865
4250
4283
5598
6607
4570
5304
6560
5370
4552
4647
5325
4270
7488
6613
4159
7520
7703
5570
7060
7899
4959
5600
7066
4363
5176
5398
4597
5669
4648
7774
4322
5303
4733
6385
4689
5992
9074
4935
5936
4393
5391
4430
7798
5099
6078
6791
4574
6259
6832
5928
5537
5810
9557
4583
5022
6162
4923
4643
7964
5578
6880
7597
5745
6552
4288
5315
5356
4769
6328
5986
4464
6279
6722
4783
6559
4166
5861
5867
4909
6350
4743
6920
4773
5609
6105
4931
5085
6413
4436
5588
6156
5073
5876
4764
4881
5710
4701
4261
4321
5572
5153
6011
4718
4814
4826
6775
7139
4564
4686
5241
4399
5327
5383
5426
5262
4469
5015
5262
4766
6312
5468
6559
6645
4613
6121
5223
5247
7092
4961
5965
4504
6284
6683
5063
6693
6929
10410
5847
5887
4237
5004
5715
5164
5799
9153
5228
6189
4275
4776
5717
7516
4339
9335
9420
5362
6212
6687
4765
4902
5703
4270
4685
9680
6059
7598
9267
4535
5302
5783
5155
6061
6522
4228
6488
4352
4338
6434
4832
4840
5843
4510
4952
4346
5900
5047
5654
7504
5473
8824
5962
4539
6846
4237
6719
4744
4763
5406
6066
6231
6836
4783
5196
7885
5955
6453
4495
5365
5366
5938
7192
7696
5041
6643
10108
4299
7017
9577
4320
5569
8748
5261
5507
10509
5934
6516
4919
6536
7859
5125
6513
4560
6166
6560
6841
5084
7532
7809
9501
4639
5697
5975
6055
6170
4949
6115
5870
9219
5869
6470
4736
5045
5497
6625
6767
6789
4415
5488
6072
5976
7458
5120
5667
7393
5331
9751
5080
6367
7638
6406
5192
5288
8880
4621
5976
5890
5909
6185
4754
7388
5048
6437
4389
5106
5490
4582
5229
5833
5085
5861
6857
5932
6164
6236
10788
5139
6307
4754
5215
4774
4817
7681
4446
9245
5004
5830
4968
7117
9519
10411
5928
6256
6262
6125
4619
4986
5996
4388
4660
4991
5112
6486
5852
5911
4635
5167
6057
6151
10192
8977
5506
7998
5379
5817
6480
4928
6173
5195
7888
5937
6361
6703
7401
5522
6180
6527
4325
5288
5752
4793
6050
6167
10345
4872
5380
5602
6081
7068
5876
6405
4989
8778
4535
9939
5121
5604
7082
7504
4547
9605
9606
5461
5812
4709
6262
4326
5380
5767
4360
4773
5578
5245
5558
4345
5142
5734
5980
4336
6125
9071
5490
10269
7431
6338
4751
7204
5631
7482
4775
4994
4335
4485
5416
4494
6454
6027
7474
4840
6986
8722
4679
5056
5508
9398
4948
5598
6564
4427
5878
6835
6371
4711
5874
6335
9779
7381
7718
4780
5042
5348
4495
6998
7497
4929
5253
4399
9271
9363
10003
4404
5762
7373
5875
6197
5685
5825
10809
6624
10718
4966
4351
5623
6315
5743
4794
4534
6249
4490
5010
9550
5385
4539
5442
5477
6372
8927
5900
6360
4791
5121
6223
5500
6232
5222
5510
4944
5643
4485
6641
5323
5583
10196
5141
6583
4977
5079
6181
4506
6574
6848
4838
5581
8596
6989
4523
4866
4822
5560
7580
4634
5941
6376
9203
4669
4798
6757
4776
8831
8872
4795
6495
4743
7274
5834
6094
6393
5855
6315
6979
5345
5988
6229
5336
7477
5495
6215
8516
4999
9067
9893
4904
6779
5419
6365
7776
6883
4435
4630
7118
4494
5432
5979
4607
5346
4742
4761
4853
5161
4514
5487
5524
5949
6429
8942
4483
5639
6541
6947
7118
4545
5489
6286
5221
5655
4501
6495
5320
5888
5699
4711
6423
4646
5083
5468
5140
7002
5694
5919
6802
4675
6365
5575
6167
6670
4714
5028
5545
5074
4774
5381
6695
4847
5993
10692
5584
9208
7794
4484
4571
5399
5977
6996
5002
5362
5601
6781
6171
5145
6595
5133
6868
4992
5273
7684
5520
6282
5254
9415
4673
5231
4870
9525
5727
5990
5642
6780
6828
5250
5611
7006
4901
6073
8330
4652
5994
5138
4792
8744
4761
6728
10800
4771
5933
4474
7750
7756
5147
5235
6890
6140
5586
4839
5839
4937
5475
7369
4933
6837
6317
6487
6679
5316
4922
6656
4892
5157
7573
5932
6661
10183
4726
4771
5247
4498
6307
4657
5733
4968
5725
5819
4988
5063
8928
5675
7870
5645
7160
7980
5735
8637
6865
6914
5407
5792
5970
5068
7417
4866
5049
5893
4755
4827
8594
6146
6153
6239
6107
6663
5243
6289
5538
5562
6084
6362
4655
5248
5266
4815
4868
7496
5849
4671
5290
5863
6085
5472
6517
8022
6243
4641
5713
5741
6115
4626
5845
6709
5044
8690
4938
5719
4993
6349
4806
5846
5781
5813
4644
4944
7450
8900
5673
5852
4592
5739
4667
7575
8151
5561
9026
4768
5202
5824
4567
10517
5931
6325
4575
5410
6032
4993
5969
6832
5743
6571
5418
5986
4908
7057
4753
6515
7367
5603
4812
6535
4813
5287
4855
5905
4672
5915
6051
6073
4684
5367
6096
5983
5885
7555
4837
9110
9494
10398
7268
6172
5128
5208
6842
4604
4682
5259
5096
6499
4851
5350
5428
5827
5502
5587
7019
4589
5782
8301
4734
4831
5120
4978
5889
5599
6561
6802
6364
6396
6416
7773
4805
5326
5340
4624
4836
5205
6458
4651
5697
6879
5820
6104
10131
8775
10482
4980
6121
9809
5475
9334
5181
4978
4989
5140
4833
5107
5298
4825
7395
7030
7460
5533
5677
6438
4903
8649
8711
4680
5014
6008
4753
5640
4565
5198
6719
4715
5321
5933
5700
7173
9346
5977
6506
6037
5633
6228
7475
6010
5346
6136
6601
8988
6122
5053
6627
4772
6302
5136
9241
5594
5750
4611
5881
4637
6272
4747
4819
5284
4819
5001
5754
5789
5258
7676
7685
5236
5433
7174
4676
5378
10419
5184
5685
10357
5879
6064
5318
6264
5265
4722
4820
5344
6949
6277
6429
5513
5962
5740
4841
5064
5065
5895
7320
8684
5485
5840
10015
7090
5840
5958
9207
4700
5949
5135
5258
7219
4897
4956
5534
4982
5541
4804
6248
5592
5651
5578
6621
6143
4962
8712
9344
6502
7099
6117
5369
5476
4656
5959
5304
5573
7492
4841
5948
4888
5184
5768
10767
5069
6267
4970
5083
4739
6436
5061
6493
8547
4737
7215
4694
4666
5351
5503
4846
4883
5703
4797
5170
9239
5673
5881
5546
6031
5065
5532
6411
5436
5882
5984
7730
5249
6319
6446
5942
9261
5574
6175
4973
7147
4694
5328
5417
6756
6076
6588
5686
4906
5048
5062
6306
6292
5190
6048
5788
5809
4895
5246
5756
5234
6643
5150
6575
4767
5347
6018
5858
6016
7150
6391
6086
6239
4893
6306
6567
6632
6077
6118
4948
5604
6223
4781
6147
6462
5869
6033
5663
6275
4974
6041
6201
8251
4716
5626
5528
8281
6396
6120
6492
4758
5968
7400
5300
5805
5157
4759
5335
5382
5316
6099
6261
10189
4963
5613
5891
7121
5341
5186
6546
6934
5897
4788
6665
6910
6298
6327
6281
9197
9399
5304
5020
5828
5355
7466
6224
6708
7959
5548
5373
5191
5429
4738
5314
5614
5050
5445
7119
4824
9456
5193
5730
5760
5916
5536
5946
6950
6003
6087
6077
6343
5512
5763
7158
4848
5961
4940
6024
4867
5214
5353
9072
4881
6046
5552
5915
6528
4839
6823
6062
10760
5839
4929
5158
5216
6337
5285
6408
4885
6987
5183
5305
5416
5663
9099
4796
7235
5761
6296
4896
5070
5395
4964
5114
5309
5841
7538
5023
5071
5070
5299
7107
7743
5332
6065
7000
4798
5863
6070
4926
6874
5363
5611
6225
7553
5293
5711
6485
4886
4877
7862
5471
8174
5596
5629
5188
6311
6750
5405
5635
6254
6384
5601
5922
6357
6424
5714
5947
4785
5746
6021
6499
5443
9089
9100
4898
6970
4999
5649
5798
4883
5123
5345
5775
7380
6069
9568
5855
7624
5244
4852
5110
7308
5573
5871
5912
5938
7106
5113
5112
5579
5529
5552
5123
6102
6777
6080
6047
6468
6769
5371
5751
6775
5424
10159
4808
5579
4892
5778
4901
5024
6412
9077
5352
8723
6363
5152
5878
5320
5464
5646
5659
5103
6685
7027
5505
6941
4828
5506
7438
5092
5484
6963
5039
7539
5748
5317
5165
6060
5051
5132
7033
9070
4860
4908
6132
5951
9423
6098
6976
5488
6878
4861
4979
5376
4930
5296
5299
8269
5635
5644
4915
5045
7115
5847
5853
4904
5479
5448
5946
5541
7289
6138
5960
8021
5100
6569
4833
5899
6764
6291
6031
4868
5281
5625
4985
5013
5186
6276
5369
6418
4903
6778
9428
7081
5054
6464
5183
5238
4950
5037
5181
5786
6665
5803
6417
6378
8874
5360
6189
4998
4983
6436
7138
4942
5671
5613
5041
5234
5854
7257
9093
4857
5589
7047
5954
4996
6568
6258
7428
5007
5688
9664
4950
5447
7759
4869
5256
5858
5305
5191
5298
5879
5361
5763
5031
6442
5278
6698
6337
7943
5464
6741
5009
5224
5680
5332
5812
10748
4969
5372
6948
5387
5670
6237
5437
5554
5818
6323
6186
6207
5050
6985
5451
4895
6581
6022
5255
6927
5255
5584
6602
5481
5516
6664
9421
5646
7435
5898
6534
5535
5652
6187
6340
7191
7222
5738
6280
4910
5453
5192
5752
6246
4981
9022
10259
7014
7833
5707
5857
5455
6519
6217
7623
5599
6415
6534
5502
5595
5764
6908
4941
6254
6381
6161
6334
5067
5208
5340
6129
6507
7344
5449
6258
9138
5126
6183
5770
6631
5784
6159
10813
5429
9422
6067
6178
6099
4982
5228
5313
5479
5619
7339
5386
6703
5893
6702
5656
5512
5644
5630
5821
5168
5837
9379
5008
5910
6342
6386
5825
10170
5816
5859
5554
5509
5896
6144
5238
5385
5068
5163
5357
6858
7533
5237
5665
6113
5365
5504
5591
5217
5995
5924
9325
5662
6956
5111
6791
7950
5134
5271
4969
5605
9105
6238
6790
5161
9135
5328
5648
6552
9021
5489
7545
5549
5771
6034
5696
6844
5082
5090
6747
5957
6013
4975
5110
7047
5766
5815
6723
5368
6873
5201
5608
5154
9914
5326
5501
5252
6116
7549
7012
5762
5539
5872
5659
5603
6958
7104
6776
7507
4998
5292
5361
5033
5194
10664
6045
8867
5981
5275
6127
6684
6288
5699
5818
5764
6126
6148
5428
6040
5241
5276
7386
9216
5059
5648
5151
5166
6095
6421
5271
6392
7022
6269
6818
6932
5296
6118
5467
6002
5576
7429
5093
5098
8931
6192
5214
6689
5813
6864
7297
6176
5724
6520
8920
6205
6440
5375
5985
6214
5462
5486
5295
5341
6190
10585
6438
5782
8305
5843
7010
5087
5421
6203
6425
5052
6105
6193
7113
5279
5566
7874
5199
5232
5656
6827
6698
6537
5342
5396
7420
5474
7852
7880
5961
7330
5454
6542
5343
6754
6877
8846
5400
9328
5329
6255
10215
5511
5833
5994
6089
6330
7301
7162
5526
5451
5499
5270
6772
5146
5693
5173
5462
5126
5165
9857
5122
5203
6018
5249
5375
6400
6067
7087
5672
6543
5607
5124
6019
6128
5094
5173
6116
6551
6642
6980
5662
5711
5757
5677
9369
5103
5232
5555
5723
6044
5309
5891
5548
6079
5446
5618
6329
5592
6650
6796
6380
7795
5716
6113
8474
5923
6348
5679
6017
6250
6009
5767
6350
6974
5342
7716
5919
5095
6662
8531
5658
8514
6475
7011
5384
6811
5532
5458
6464
5219
5672
5779
5849
5350
5466
8892
5392
5636
6304
6409
5715
7225
9987
6449
5776
5180
5236
5510
6852
5463
6000
5546
5832
6369
7359
8652
5209
5279
5636
6638
5505
7031
5624
5319
6082
9651
5679
7231
5219
8377
10040
5349
9806
5306
5625
5999
6943
6936
5250
6847
6086
7793
5360
9554
6269
5143
5793
5203
5758
7260
6192
6034
5563
6776
5591
5681
5779
10814
6094
6298
5550
5842
5996
5330
5404
7439
5734
5904
5917
5233
5269
5836
5868
6369
5250
5267
6414
7099
6282
8288
5838
6790
5549
5620
8631
5574
5835
5594
5884
5886
7056
5421
6538
7543
5201
6133
6721
5528
5665
5393
5723
5988
6481
7372
5520
6244
5982
6807
5691
7539
6467
5236
7240
5816
6040
6940
5288
5826
7608
5348
5959
5788
6355
5907
8802
5844
7748
6862
5760
5260
5864
5794
5485
5795
5204
5610
5756
7201
5592
5641
6006
6483
6674
5709
6875
5647
9932
6201
8235
5278
6934
5233
6891
5197
6056
5562
7848
6170
5353
5371
5282
6214
7387
5239
6221
5773
6384
5295
5477
6846
5809
5412
5427
5661
5766
7768
6083
6286
9486
5542
9305
9351
5712
6015
5408
6898
5577
5312
6177
8515
8735
5705
7098
7336
6862
7008
5277
7411
6231
6933
5405
5435
6806
6967
5297
5701
5940
7570
7588
6853
7323
5517
5747
5748
6634
5596
5420
5920
5525
5803
5845
5364
5415
7163
5282
5544
7484
5820
6036
5905
7526
5808
7385
9474
6445
5458
5708
5712
6419
5589
5371
6199
6713
5434
6219
6101
5526
5626
6911
5857
5306
7125
5693
6303
6786
6952
5470
7296
5411
5289
5481
7695
6441
5582
6945
7618
5405
5445
5689
6812
5516
5339
5817
6403
6314
5436
6309
8285
5422
6318
6463
6207
7762
6734
5383
5660
5359
5664
5968
5877
10137
5504
5495
8973
6215
5419
5769
6510
5727
6885
6178
6309
6243
5350
5398
5550
6814
6145
6881
7881
5702
6135
9707
9288
5498
6888
6424
6783
5575
5907
6009
6339
5771
5535
6743
6506
7035
5542
6640
5535
9505
6735
8863
5971
6111
5544
7325
5821
6704
6494
7067
5628
7689
5555
5827
7027
6203
7457
5591
7152
5469
5632
10154
5384
5896
8660
5373
5415
5498
5484
5695
5987
7996
5765
6266
8613
8803
5736
9167
6830
8142
5436
7310
5740
6176
5521
6062
6088
6158
6030
6663
7039
5952
5638
5758
6928
7122
5631
6872
5388
5582
5668
5943
6174
5732
9104
5430
5860
6781
5493
5944
8970
8766
5792
7351
7141
5860
6165
5749
5797
6946
5750
5540
5421
6671
7673
5550
7298
6471
5402
8179
6191
7151
6459
5792
5836
6593
5444
6855
5481
7233
6808
8030
6177
6264
6458
5925
7028
7049
5803
5883
6106
5902
6081
6700
5804
9111
10071
5586
6242
6403
10144
6368
7405
5889
5729
6129
6195
6195
6146
10275
5627
5650
6032
6809
6095
9320
7114
9602
5649
9972
6343
8864
6132
7360
5733
6565
5564
6079
5563
5619
5740
6023
5848
6460
6009
6902
5702
5728
5923
6531
6322
5557
6069
10478
5569
7286
5903
6557
5577
6582
6318
5616
7529
5614
5978
6916
7278
5620
7719
7892
5954
7084
5497
5509
5657
5885
6399
7509
5991
8960
5492
6080
7530
5808
5706
6326
5882
6033
5848
5827
7171
5887
5505
5811
5828
5539
5944
5808
7629
5486
5683
6992
5980
6055
6220
8329
9585
6208
5616
9103
5817
7169
6997
10241
6023
7209
7182
7475
7688
6798
7362
6046
6572
6015
6109
5800
7085
7337
5717
7322
5593
6054
6378
5724
9963
8331
7256
6433
5971
6887
5821
7644
5674
6627
5636
6993
6051
8698
5929
6459
9566
6444
5738
5784
6586
6283
6340
6886
5678
5926
5647
9889
5788
5888
5814
5874
5838
5770
6466
8906
5916
5945
6327
6398
5751
5877
6193
7299
5839
5935
5842
6220
7512
5606
6020
9109
9352
7214
5929
8207
7680
7398
6578
8527
8756
6044
6715
5714
7254
5630
10303
7755
5968
7234
8558
9416
6619
5656
9345
5766
6227
5607
7051
8638
9212
9402
5691
5823
6899
6507
7188
6755
5785
6082
5668
6311
6020
5958
6310
6732
6296
6358
5665
6819
5725
6109
7586
7656
6924
6944
5767
5716
6547
5895
5617
6227
7100
5617
5851
5795
9586
5610
5909
5830
6921
5754
6263
6955
5773
8208
7354
9043
9608
7026
6346
6242
6636
5648
7190
7311
7665
6753
9781
5884
9539
10416
10794
7552
6917
6095
5844
5940
8657
10600
6565
6221
6546
6592
7291
5857
6501
5816
7112
6600
5726
5934
6260
9603
5786
5907
7913
6260
7948
6028
6162
7040
6030
9517
7249
9131
9644
10099
5801
6919
7371
6242
6764
10499
6196
5846
5708
6906
6303
7213
6032
6080
7797
6789
5951
6521
6760
6645
5947
7262
6114
7253
5782
6964
7572
7342
7376
5903
5982
9468
7101
9653
6452
6801
6052
6683
6543
5909
6918
5859
7021
6146
7297
5939
6377
6737
5837
6751
8848
6163
6182
6345
6394
6375
7383
7030
6221
6226
7243
6232
6971
8832
6677
6217
6389
5974
7021
5825
7178
7677
6469
7866
8546
6968
5780
7161
6633
6275
7183
8891
5873
6068
6344
5790
5973
8676
5777
6742
7142
5912
6314
6725
5752
8703
6193
6540
7952
5818
6187
6294
6782
5793
5891
6623
6937
6489
6762
6730
6216
6598
6531
5925
8193
8526
7761
6785
6939
6110
5950
10755
5995
6990
6129
7287
6765
7415
6373
7065
9042
6827
10565
6566
7513
6453
7055
7592
9226
6101
6907
5978
7456
5847
6374
7610
5897
5911
5848
7050
6373
7252
6555
7134
6451
9477
5865
6252
6727
5961
8167
6281
7814
6379
7135
6045
6479
5994
6630
7479
6230
6418
6966
6385
7018
6306
6324
7199
9066
6094
6637
7155
7605
5841
8881
6905
7587
7309
6067
6938
7159
6553
7363
6264
5972
7280
7176
9689
6155
6041
6861
6321
6612
6327
7062
6011
6138
6497
6455
6701
6780
6339
6305
6014
9538
5939
8693
6795
7525
6130
6169
6517
9497
7491
7101
6271
8217
6157
5943
7269
6168
6533
7611
7136
6738
5969
7466
6590
6876
9181
6594
7736
6649
5919
6145
6326
6474
6615
5972
6951
7044
6034
7391
7293
6206
6443
6466
6644
6702
7216
6729
6220
7328
6880
6028
6893
6151
6050
7894
6437
7016
6943
6278
6093
8570
8884
6064
7105
6171
7536
8296
5952
6796
6072
7620
6029
7083
6554
6368
8578
7655
6124
6851
6587
10091
6526
6762
7086
6471
6501
5967
7329
6397
7357
6205
6925
6269
7285
6321
7982
8220
7091
7127
6480
6804
9050
10729
7138
8549
6077
7277
6704
8893
5991
6045
6511
6353
6314
7229
7498
6926
8897
6514
10459
6489
10263
6362
6597
9090
6222
6085
10647
6293
7713
6161
6882
8307
9033
6539
9008
6099
7738
7132
6179
6426
6426
6960
6019
6757
8264
7643
6442
6570
6658
6301
6777
6256
6803
9885
6086
7476
7890
6568
6982
9565
7131
6541
6677
6076
7463
6150
10752
6556
7317
8688
7185
7961
6831
9465
6201
6399
9910
6405
7499
6058
9440
7558
8862
6447
7164
6739
7132
7470
6245
6151
7198
6470
6337
7945
6341
6175
8109
6824
6619
6357
6731
7740
7115
6330
6745
6975
7168
6074
7744
7093
7735
6771
8479
6607
10111
6493
6103
6547
6696
6500
7312
7805
6186
7241
9471
7568
6134
6419
6611
6310
6613
6255
7382
6412
7250
6984
7131
9349
10074
6577
6649
7203
7156
6276
6156
7647
7043
7436
6558
8976
9390
6894
7425
7245
9287
6896
9863
6765
6202
6210
6681
6647
7119
7018
6634
6520
9389
9562
7221
6288
6995
6692
7343
7326
6397
7194
6260
6675
8662
6706
6935
6712
6295
6333
7914
6149
6277
7599
6589
6271
6716
7105
6234
6723
7416
10160
6338
9870
10799
6895
6874
6258
8789
10736
9458
7031
7424
7034
6604
7503
6554
6617
6449
7013
6213
6451
6593
7200
8833
6361
7374
6962
9871
7212
6235
10057
6265
6439
6301
7566
6778
7051
6247
9092
9205
10404
6506
7517
6712
9591
7523
6289
6822
6937
6927
8767
6447
10223
6422
6840
6965
7116
7261
6591
6725
6472
6825
6395
6320
6473
7313
6465
10256
10356
6699
7844
8704
8700
9506
6625
6981
7378
8952
10316
6538
6720
6279
7167
7444
6514
10331
6461
7604
7206
9570
10087
7232
9292
6634
6569
6578
6805
9419
9643
6478
6549
7251
7251
6648
7043
7045
8559
9150
7041
6478
6516
6601
9658
7369
7600
7736
9721
6852
6686
6280
7662
7445
6354
7652
7699
6651
6705
7096
7455
8753
10369
6821
6821
6616
6829
7092
6945
6904
6315
8721
9391
7074
6416
6427
6622
10808
7123
6659
6717
7307
6650
6787
7042
7202
7521
6567
6863
6758
7775
7275
7313
6737
9743
7189
7345
6897
7533
7210
8137
7316
7003
6438
7107
7269
7508
6813
7294
7001
7377
7478
6654
6855
7413
6380
6539
7828
7779
7789
7886
7143
7179
6939
7259
9940
6448
6367
9623
7157
7282
6512
6800
7608
7613
7704
6810
7534
7580
6707
8550
6400
6672
7009
6563
7271
9560
8202
10084
7680
8232
6652
6797
6937
6787
7630
9638
8018
6697
9775
6482
7535
7707
7429
6653
7013
7454
6878
8545
7102
7589
7081
9531
6902
7358
6804
6808
7439
7251
6526
6818
6718
10199
7464
6969
7577
6582
7651
6883
6918
6576
6938
7242
6798
7581
6889
7126
7177
7006
7625
7023
7727
6860
6614
8065
8150
10500
6953
7883
8714
6714
7091
9098
6580
7442
9213
7569
8727
6728
6789
7491
6477
10469
7140
8828
9571
6528
9498
7668
7264
7146
6536
8936
7032
6752
7032
7753
9682
8656
10722
6496
6647
6950
6852
8209
6724
6653
7327
7038
9395
6942
6691
6699
6995
7046
6601
7863
6751
7046
6693
6746
7193
7263
9198
6738
7602
6923
6690
6782
6957
10190
7495
6552
7384
7225
9342
7499
6733
6836
7495
6524
6724
7012
6599
7752
6596
7160
6748
6531
8513
8603
8774
6850
6824
6654
6804
7799
7005
7455
6630
7063
9284
6620
7078
6610
6784
7128
6903
6771
8912
7652
7722
7186
7293
6786
6676
7146
7769
8754
6863
6936
7843
7435
6861
7446
6834
6990
7380
6710
6761
6903
6959
7485
7368
7152
6633
6849
9360
6659
6892
6761
10409
6655
7537
8773
6991
7053
6759
7631
7223
6844
6799
6629
6961
7670
9262
7347
7129
9354
6876
6923
9228
9322
10759
6759
7217
7591
6955
6722
7514
7560
7045
6899
7091
7028
7324
7326
10496
7471
6639
6826
7339
6733
7246
7382
6676
6766
7024
6671
7037
7702
7075
6658
9709
7272
6686
8619
7633
8992
6662
6738
7457
6813
7295
7303
6809
6692
7542
7181
10305
6643
7048
7937
6717
6723
6828
6732
6904
7108
6651
7128
7551
7487
6807
6959
7062
6758
6754
6873
7084
7907
8095
8597
9193
9374
7080
7589
7319
10786
6667
7408
7237
10307
6863
7582
6833
10429
7361
7655
9495
7117
7453
7518
7563
6744
7108
9942
6983
7459
7850
6806
7355
6769
6796
6817
6838
6896
6830
7247
9040
6786
7385
6781
7059
6729
7473
7399
6952
6824
6822
7415
6837
10715
7497
9696
7080
7036
6942
6829
9890
6968
7427
8974
7524
8790
10557
6969
7077
7303
7147
7153
7689
6855
6769
8537
10392
6915
7327
6935
7044
7378
7458
6886
10802
7726
9796
7066
6946
7289
7434
6778
6743
6840
6947
7169
7131
6915
6945
6807
7370
6881
8592
7440
6773
7108
7156
6908
6984
7214
8554
7102
7093
6849
9317
6933
7465
6910
7627
7801
7187
6823
7430
7432
7444
7557
6830
7125
7246
6989
6949
9453
7179
7465
10798
7531
7494
8629
9173
6835
7338
7510
8107
6794
7253
6973
7521
7250
6816
6940
6812
10355
6913
7306
7603
6883
7494
7757
7822
7522
6951
8302
6928
7226
6848
6861
6977
7308
6842
6886
8972
7288
7567
7484
6887
7500
7917
7112
6908
6889
6954
7784
7193
7325
9003
7019
7587
7141
7196
7227
7242
6934
7720
6944
6955
7055
7220
7008
7611
9656
7211
7292
7332
7199
7406
7623
7796
7591
6998
7501
7184
8270
8830
7204
7472
7507
7316
7754
6922
6988
7449
7654
8343
7044
6916
7335
7374
6888
7076
7147
7229
7121
7000
7003
7096
7143
7487
7205
7156
7252
6952
7924
7114
7355
7034
7556
7323
9115
7754
10008
9499
7486
8163
6990
6953
7082
7493
7559
7703
6905
7403
7062
7278
7584
7536
7386
6985
7175
7318
7205
7433
7318
7122
7243
7658
7086
7346
7022
7226
7119
7122
6976
6936
7161
7518
8327
7274
9563
10063
7157
6965
6988
7128
7212
10285
7490
6966
7129
6983
9132
7111
7050
6964
8306
8978
7268
7243
7737
7173
6996
9446
8943
7230
7354
7208
9437
7021
7500
7248
7362
8318
6980
7071
7234
7334
10214
7288
7141
7248
7237
7504
7261
7452
7441
7781
7665
7542
7098
7956
7045
10463
7058
7285
7395
7333
7151
7083
7300
7229
7468
7290
7150
7505
10023
10310
7165
7194
7480
7596
7125
7080
7015
7124
7020
7648
9001
7023
7566
7375
7301
9306
7057
7170
7225
7733
7054
7063
7479
7110
7114
7079
7184
7227
7310
7034
7391
7151
7645
9946
7578
7144
7181
7372
7235
9107
7133
7410
7173
7084
7093
7338
7477
7140
7058
10033
7659
7751
7086
7643
9406
7519
7100
7929
7145
7711
9269
7144
7216
7257
7237
7384
7279
7284
7556
7442
7603
7354
7315
7854
7447
7451
7660
7867
7137
7481
7594
7096
7298
7603
7636
7258
7330
7190
7349
7660
8103
7347
7337
7637
9854
10680
7333
7616
7671
7187
7352
7471
7498
7520
7289
7136
7563
7335
7201
7124
7361
7149
7186
7287
7259
10485
7199
7170
9323
9140
7213
7142
7383
7549
7213
7453
7148
7357
7438
7273
7578
7342
7418
7287
7162
7579
7247
7434
7322
7233
7509
7368
7708
7373
7402
7771
7694
7167
7353
7585
7280
7271
7349
7496
7631
9548
7189
7427
7362
8672
7214
7203
7440
7706
7193
7345
7923
7351
7398
7714
9355
7256
7327
7536
7351
7270
7342
7729
7377
7709
7222
7364
7534
7575
7557
9016
7942
7302
9031
7445
7681
7394
7359
7212
7307
7421
7442
7206
9718
7353
7526
7223
7656
7422
7568
7290
7344
7436
7617
7717
8118
7685
7615
7709
7222
7242
8271
7319
7620
7654
7346
10764
7337
7529
7708
7593
8289
7717
10178
7419
7763
7312
7298
7314
8694
7639
7541
7292
7502
7360
7261
7721
7732
7858
7329
9831
7447
7449
7334
9386
7299
7392
7367
7483
7552
7580
7502
7267
7350
7760
7282
7291
7388
7353
7505
7596
7627
7390
8741
7718
7374
7410
7540
7622
7656
7346
7299
7530
7436
7596
7763
7320
7314
7317
9966
7456
7297
7428
8749
7433
7361
7372
7481
7511
7385
7387
7313
7344
7527
7396
7415
7386
7595
7310
7383
7387
7704
7712
10158
9564
7700
7664
7676
7375
10127
7554
7382
7517
7493
8614
7343
7360
7389
7674
7347
7558
7502
7958
7541
7712
7772
7452
7915
7473
7531
7485
9508
7474
7808
7810
7913
7394
7430
10470
7479
7610
7614
7410
7671
7462
7528
7910
7560
7677
7723
7379
7400
7422
7516
10347
7397
7565
7693
7692
7509
7555
7403
7513
7424
9321
7422
7431
7401
9767
7788
7634
9441
7546
7471
7630
7667
7461
7453
10201
7574
7720
7762
7412
7774
7456
7449
7593
7591
7524
9722
7646
7784
7582
7695
7728
7433
10333
7505
7790
7438
7470
7546
10538
9424
7640
7659
9596
7489
7617
8604
7728
7600
7777
7770
7476
7450
7622
7682
7621
7642
8853
7544
7626
7542
7491
7489
7464
7621
7556
7726
7463
10812
7824
7563
7692
7737
7597
7823
8771
10552
7588
7626
7570
7947
7738
7481
7605
7562
7634
7661
7686
7533
10796
7840
7489
7589
7647
7539
7512
7823
7513
7523
7640
7517
7554
7525
7583
7544
7525
7835
7593
9500
7615
7834
9233
7832
7834
7801
7545
7835
7635
9000
7629
7545
7679
7667
7827
7849
7686
7572
7693
7640
7608
7549
7690
8585
7699
7716
7579
7669
7860
8001
9697
7697
7791
7908
7568
7604
7644
7857
7620
9257
7921
7802
7788
7734
7662
7746
7806
7811
7787
7626
7673
7592
9741
7686
7646
7674
7606
7664
7730
7727
7599
9876
7621
7724
8829
7679
7875
7643
7661
7701
7750
7841
10156
7612
7652
7627
7636
7633
7663
7900
10329
7614
7619
7721
7611
9027
7612
7678
7748
7749
7687
7725
7736
7624
7770
7876
7632
7731
8577
7673
7775
7674
7630
7749
7707
7792
7903
7688
7691
7776
7901
10166
7649
7776
7877
8733
7761
7803
7894
7666
7675
7669
7906
7682
7690
7905
7746
7804
7905
7694
7726
8953
7904
7747
7742
9522
7745
7744
7764
7669
7805
7896
7938
7684
7772
7668
7788
7851
7731
7728
7742
7690
7819
7831
7867
7724
7678
7777
7773
7755
7696
7739
7769
7702
9573
7830
7733
7804
7786
7792
7738
7818
7870
7873
7928
7772
7930
7803
7809
7758
7782
7771
9798
7930
7766
7928
7825
7859
7896
7937
7734
7818
7723
7864
7939
9414
7932
8154
9812
7939
7829
7875
7769
7783
7725
7795
7866
7731
7806
7796
7741
7782
7764
8086
8962
7862
7745
7787
7833
7766
7777
9460
7802
9266
7752
7758
7795
7815
7894
7813
7826
7813
7867
9073
7967
7845
7848
7763
7786
7880
7851
7852
7800
7819
7825
7781
7934
7893
7899
7790
7812
7847
7787
7800
7819
7847
7829
7843
7801
7850
7856
9116
7886
7829
7813
7821
7900
7923
7873
7885
7863
7868
7872
7818
10085
7827
7805
7814
7858
8122
7915
7891
7889
7893
7830
7815
7822
7830
7820
7817
7822
8017
7820
7865
7838
7890
7969
7970
7869
7838
7920
7883
8793
7973
7854
7976
7974
7841
7850
7891
7974
7888
7858
7981
7976
8164
7845
7846
7848
7885
7875
7924
7941
7856
7856
7919
7883
7878
7857
7920
7879
7869
7871
7889
7895
7942
7897
9924
7921
7935
7961
7979
8005
7978
7916
7918
7892
7913
7878
7919
7950
7955
7911
9859
7882
7907
8087
7916
7952
7916
7920
7902
8002
7919
7948
10805
7912
7909
7922
7946
7918
7945
7911
7903
7936
7949
7987
9595
7964
7956
7988
8573
7984
7984
7952
7922
7912
7963
7914
7917
7924
7946
9529
7922
7947
7940
7926
7937
7958
7943
7945
7990
8819
7990
7938
7949
7992
7993
8169
7993
10803
7992
7941
7959
7940
7949
7942
7995
7946
7963
7953
7964
7999
7963
7980
7960
7977
8620
7960
7977
7956
7977
10348
7966
7960
9054
9055
7965
7983
7979
8006
8010
8009
8082
8098
7981
8105
8016
8297
8014
7980
9637
10688
8015
7979
8591
8121
8001
9177
8026
8026
8136
8025
9551
8029
8027
7994
8007
7999
8031
9536
8033
8031
7997
8035
8100
8018
8003
8021
8038
8002
8004
9899
8243
9126
8008
8022
8023
8038
8007
8042
8008
8043
8044
9510
8044
9007
8043
10028
8048
8049
8047
8048
8030
8020
8020
8039
8021
8024
9246
8030
8055
8055
8057
8760
8057
8878
8056
9683
8060
8061
10209
8058
8059
10662
8062
8039
8041
9293
8039
8054
10124
8054
8051
9064
8073
8072
8075
9569
10353
8076
8078
8175
8078
8076
8051
10320
8053
10492
8068
8091
8092
8093
8097
8096
8096
8097
8206
8102
8215
8069
8189
10468
8099
8226
8070
10547
8105
8129
9686
10553
8090
8112
9991
8113
8111
8111
8112
9445
8116
8115
8161
8115
8116
8101
8130
8152
8088
8102
8089
8103
8104
8105
8104
9802
8117
8126
8127
8127
8128
8680
8109
8133
8132
8099
8216
8109
8118
8140
8146
8152
8107
8124
8140
10678
8143
10399
8144
8143
8144
8148
8589
8147
8148
8136
8135
8123
8134
8152
8210
8225
8122
8129
8125
8139
8140
9375
8131
8153
8145
8157
8137
8149
8135
8142
8135
8137
8166
8165
8153
9337
8141
9426
8149
9545
8155
8145
8173
8172
8146
8176
8177
8153
8167
8167
8169
9694
8185
9192
8184
8184
8162
8161
8175
8174
8174
8175
8190
8187
8190
8171
8222
8197
8784
8200
8199
8203
8204
8336
8182
9811
8193
8214
8215
8224
8239
8220
8227
8243
9195
8196
8221
8221
8321
8189
8196
8198
8206
8202
8195
8229
9624
10627
8208
8276
8195
8198
8201
9371
10769
8241
8241
8205
9475
8244
8341
8244
9063
8250
8232
8232
8218
8219
8224
8247
8357
8223
8227
8225
8240
8233
8234
8235
8234
8233
8237
8250
8237
8319
8240
9139
8238
8253
8253
9034
10167
8252
8267
8238
8266
8266
8955
9442
8268
8265
8272
8285
8274
10580
8274
8923
9568
10082
8354
9448
8283
8267
8291
8294
8294
8529
9329
8267
8259
8264
8272
8308
8275
8275
8287
8273
8279
8313
8286
8281
8281
8323
8325
8356
8288
8289
8289
8286
8284
8334
8319
8278
8282
8311
8283
8321
8288
8282
8296
8296
8313
8319
8350
8345
8349
8349
8374
9534
8348
8346
10686
8327
8302
10665
11306
8307
8329
8329
8304
8330
8330
8331
8331
8312
8312
8313
10274
8315
8324
8325
8341
8326
9543
8339
8339
8572
8327
9454
9392
8341
8361
8335
10097
8333
8699
8914
8338
8623
8335
8367
10807
8356
8708
10220
10247
8356
8949
8623
8581
8584
9760
9915
8382
8383
8387
10787
8384
8385
8383
8387
9803
9113
9896
9108
8366
9274
11040
8566
8512
9912
10349
10572
8567
8683
8533
9470
8958
9829
9937
10505
8373
9401
8921
9969
8374
8717
8581
8599
10888
11426
8658
8515
9276
8915
8528
9524
8528
8531
9461
8379
8531
9483
10242
8498
10045
8500
8494
8501
8628
8496
9384
8492
9511
8487
10628
11632
8539
8487
10445
9230
10304
8506
8499
8492
8507
8517
8494
8503
8963
9184
8924
8510
8489
8964
9639
8501
8855
8498
8504
8502
8490
8495
8508
8496
9046
8497
8493
8511
8491
8866
8500
8865
9250
8509
8505
9183
8488
8524
8542
8546
10510
8556
8637
10195
8667
9034
9136
8549
8812
8860
11601
8482
8549
8554
8731
8485
8554
8772
9326
9485
9358
9302
9036
10291
9438
10374
8570
8570
8541
8577
9120
10179
8817
9014
8685
9844
8693
10380
8790
10360
8698
10439
8561
8703
9700
8593
8593
8628
10571
8716
8716
8723
9918
11295
11366
8735
9588
8619
9768
8827
9578
8661
8661
8601
8725
9633
8544
8968
8632
9404
10340
8641
8638
10670
9142
8649
9018
10298
10611
8687
8650
8650
11562
8660
10400
8660
8691
10554
8632
8910
9467
10750
9210
9341
8838
8624
8847
9951
10869
10882
11635
8617
8579
8672
8584
8844
9900
9956
10443
8820
10542
10339
10586
8697
9521
10011
8651
9793
11492
10526
8684
10142
11263
11131
8688
10532
9663
10318
8905
9272
9552
9365
9692
8708
11319
8641
10592
8709
10184
11317
8711
9387
8719
8719
10613
10351
11024
8682
8639
9425
9610
8725
8727
9007
9096
10482
8730
9084
9198
10670
10067
10288
8733
10387
10574
8633
8856
8614
9431
10826
10349
11626
9487
9905
8661
8653
9106
8751
9283
11052
8708
8696
8740
8646
9133
8934
8978
8804
8781
8771
10250
8631
9590
10115
10539
9042
9476
9021
11259
11282
9837
9366
8682
8798
10610
8643
10483
8809
8990
8653
8809
11132
11673
10436
11431
10867
11091
8759
10061
9803
9825
10425
8828
8829
8829
8846
8734
9079
9631
11535
8858
9787
9301
10124
9235
10558
8853
9447
11268
9091
9644
9838
9784
8683
9515
9898
9186
8877
9843
8877
9001
9088
10160
11056
9916
9708
9890
8697
8692
10185
10296
10638
9533
10184
10629
8892
10745
8902
8740
9444
8930
10049
8770
9365
10651
8906
9237
9438
10462
10606
10302
8732
9085
9484
9538
9768
8909
8773
8822
10448
8746
9336
11551
8912
9639
8773
9038
9566
9632
8787
8923
9113
10210
10771
9587
10586
8927
8927
10204
8887
9053
9850
10484
8902
9422
10231
9904
10342
11085
9927
8772
9221
10587
11243
9081
9657
10430
9374
9695
11021
11090
10199
10813
8959
8778
10616
9219
9775
9844
10408
8972
9832
9918
10457
10976
8988
10149
8749
9993
10337
8996
9661
10386
11394
9008
9008
9010
10575
9010
8961
9232
8938
9756
10441
8844
9020
8796
9160
9136
9185
9969
11062
9837
10361
10436
10933
9031
9031
10421
8787
10451
10487
8826
8836
9685
9043
9043
10397
9913
10280
10986
8836
11311
8856
9025
8855
9063
9754
9063
9064
9225
9901
10719
10270
11130
9072
10368
9072
8924
9976
10456
9073
9002
9165
9215
9092
10187
9961
10081
10508
9066
9124
10173
8806
8841
9098
10577
9927
9351
10746
9770
10477
9820
9882
10880
8843
9475
9869
9162
8814
10252
10186
8947
9121
9327
11613
11629
9126
11148
10271
10936
8824
10200
8933
10983
8887
9469
9964
9350
9152
9152
8833
10522
9862
8835
10432
10058
8893
8923
9609
10562
8971
10488
9935
9172
10449
10842
9920
10630
10364
9122
9660
9106
10228
9560
10163
10219
10333
9763
10055
11397
9209
10140
11063
10782
11044
9687
9815
9996
11274
11516
9903
8863
10801
10490
8983
9226
9810
9810
9227
9048
9350
10139
8986
9233
9390
10221
10733
8987
9233
8933
11195
9238
9025
9726
9977
10234
11011
9020
9727
10649
8881
11027
9725
9045
10352
9258
8997
9258
8924
9169
9673
10810
11595
8935
10158
10932
9095
9379
9271
9271
10382
9619
8935
9137
8896
9205
9839
9085
9504
9292
10212
10734
10943
9710
9450
9493
11654
9247
10603
11511
8936
10646
10048
9617
8971
8930
8968
10090
9279
10963
9808
9190
11008
10690
8916
9384
9616
9642
10039
10376
9900
9925
10046
9398
9765
9960
9580
11193
10080
11514
10412
9412
8930
10530
9373
10589
11107
9003
9636
8943
9224
10796
11082
9408
9654
10895
11147
8942
10407
10118
9437
9437
10632
9060
9582
9139
9248
9858
11585
9191
9421
9786
10307
10598
8953
10051
9713
10682
9470
9784
10461
10685
10283
11116
9047
9468
10530
10030
9090
10006
9891
10006
10615
9346
9359
9812
10454
9930
9178
9665
9495
9791
9122
9236
9498
10556
9498
10607
9500
9500
8980
9383
9420
9786
9184
9053
9300
10310
9730
10003
9485
10155
9357
9533
9170
9357
10946
11414
9133
9248
9236
9525
9186
10789
10955
9456
9712
10478
9331
9220
10379
9000
10191
11277
9979
9125
9035
9015
9634
9991
10111
9341
10998
11347
9742
9591
10211
10700
9596
9596
9294
10295
11583
9094
9716
9606
10676
9608
9608
9059
9614
10911
9027
10823
9955
10065
10586
10728
9696
9627
10373
9103
9175
9624
9654
9511
9123
11080
9565
11515
9734
10141
9275
10262
10652
9814
10402
9867
9222
9260
10720
10952
9050
10834
10067
9176
9448
9601
9125
9055
10013
11095
9110
9657
11001
9655
9917
9507
10332
11496
9705
10476
10791
11181
9675
10125
9316
10488
10879
9680
9680
10706
9672
9739
9959
10564
10841
9686
9720
10297
9234
9408
10625
11281
11284
9724
10606
10871
9941
9952
10723
10197
10559
10743
9592
10012
9361
10752
9707
9671
10304
9716
10616
11013
9536
9689
9510
10397
10062
10280
10378
9447
9721
9721
10477
10291
9105
10897
11248
9264
9795
9974
9748
9748
9751
10082
11007
10572
10806
9116
10009
9878
9570
10986
11058
11262
10336
9133
9731
9968
10678
9245
10375
9925
9802
9132
10711
10105
10286
9481
9996
9723
10786
10368
9263
9813
10592
10619
10784
9265
9949
11042
9778
9825
9617
9983
9182
9290
11579
10833
11303
9840
10163
10016
11010
11555
9504
9880
11638
9281
11378
9855
9400
10285
10502
10818
10989
10624
10654
9866
10558
9773
11368
9735
10519
9870
10884
9529
9890
10181
9221
10437
9877
10588
9717
9355
10769
9885
9885
9561
10032
10199
9405
10282
10421
10446
9574
10248
10611
11152
9910
9482
10453
10453
9624
10537
9749
9400
11257
9190
9495
10278
10758
9195
10452
10797
11496
9940
9940
9592
9660
9946
9811
10710
9861
10656
10487
10824
10590
9208
10376
10749
9530
9852
9963
9963
9378
10240
9330
9972
9457
10852
9746
11503
9986
9384
10353
10494
9459
10759
9611
10591
9919
10604
10109
10436
10529
10226
10632
9490
9860
10358
10946
10776
10172
10620
9636
10005
11396
9919
10848
10028
9742
11026
11292
10033
9581
9741
9426
9308
9372
10783
9563
9520
10047
9542
10042
10479
10694
9764
10520
10071
10354
10074
10434
9442
9597
9654
11086
9267
10579
10084
10086
9732
10901
10981
10340
10385
10095
10227
9888
10691
10068
10078
10098
10635
10099
10095
10097
10098
10239
9410
10348
10108
10932
9414
10209
9288
10443
9756
9466
9575
10682
11255
10703
10124
10322
9984
11549
9497
10496
10625
9347
10299
10716
10239
10634
11043
10029
10279
11045
10045
11195
10137
10137
10138
10138
10144
10144
9964
10970
10361
10837
9731
10822
9555
9389
10089
9792
9623
10153
10713
11057
11539
10154
10154
10157
10157
9878
10159
10160
10480
9589
10176
10193
9431
10324
9669
10167
9403
10894
10429
10743
10829
11481
10170
10170
10065
10205
10173
10394
9949
11004
10183
10014
9444
10450
10891
11084
10189
10189
10190
10957
9349
11081
9648
10196
9976
10196
10924
11652
10201
9362
10478
11001
10844
9689
10803
10218
10394
10575
10223
10023
10400
11002
10086
9433
10840
9369
10508
10427
11014
10246
10479
10181
10842
10737
11475
10253
10253
10256
10584
9726
10062
10964
10263
9727
10059
10231
10885
9397
10279
10052
9407
10219
10377
11134
9488
10499
9750
10227
9765
10287
10287
10274
10278
10047
10290
10728
10860
9846
10305
9429
10247
10310
10000
10683
10868
11069
9588
10316
9952
10228
10426
10331
10333
9795
10893
9788
10583
10276
10700
11103
10178
10347
10543
10348
10914
9506
9880
10268
10357
10357
10533
9424
10721
10658
9460
10735
9597
10136
11442
10369
10220
9995
11657
11211
9450
10898
11141
10768
9472
10385
9454
9541
10392
9827
10737
9600
10043
11555
11031
10399
10401
10931
9733
9451
10373
9587
9971
10410
10012
10141
10410
9994
10284
10415
10483
9590
10235
10434
9483
10714
10429
10202
10891
10648
11038
9725
10413
10294
10261
11005
10884
10294
10703
9604
10340
10343
11405
10241
10468
11216
10469
10470
10472
10565
10393
9672
10567
10392
10448
9754
10482
9687
10768
11169
9652
9724
10496
10498
11165
10499
10500
10500
10088
10502
10509
10282
10660
10514
11392
9635
9651
10535
10462
10973
9667
10222
9648
10538
10552
9706
10560
10784
10966
10162
11068
9928
10005
10367
10010
10014
10600
10666
9791
10354
9610
10355
10777
11153
9558
10715
9894
10601
11443
9666
9774
10738
10812
10145
10647
9816
10808
10807
10824
10876
10803
10615
10800
10093
10795
10440
11418
10448
10788
9547
10673
10675
10678
10786
10822
9670
10688
11251
11366
9674
10693
10779
10695
10696
10696
10702
10032
10668
10767
10715
10764
10764
9593
10719
10760
10760
10759
10755
9991
10729
10729
9604
10753
10726
10762
9672
9682
9848
10736
10132
10748
10732
10674
10905
11306
10742
9681
9586
10830
11197
10857
9792
11287
9755
10832
9901
10568
11117
10059
10423
9694
10062
10431
11663
9697
9794
10897
9603
10817
10855
10426
9999
10936
9906
10422
10821
10327
10029
10094
10763
10791
10929
10027
10717
10910
10155
10215
10096
10451
10263
9622
10597
9735
10370
10970
10467
9894
9922
10208
9970
11437
10080
10272
10056
10923
10838
10551
11485
10554
9928
9947
11669
10143
10805
9948
11120
10130
10740
10927
11030
10121
11179
9782
10660
10849
11304
9808
9999
10251
11036
11382
11219
11348
9988
9797
10112
10018
10222
10742
9955
10707
9766
10517
9931
10346
11453
11670
10583
10845
11276
11490
9873
10811
9730
9814
10904
9804
11339
10281
9766
10520
9749
11110
9833
11096
11355
11474
9862
10359
10550
10632
10756
9962
10166
10876
11156
9700
10061
10498
10790
10843
10922
9715
11544
11322
10031
9794
11104
10013
9975
10266
10789
11128
11168
9950
11482
11616
9836
10029
10457
10968
10320
10102
10181
10494
9711
10514
11001
9714
10554
11364
9974
10657
10022
10192
9795
9860
10356
10329
10792
9916
10183
10625
10913
10444
10860
11054
10052
11115
11166
9954
9969
9757
10916
10919
9737
10300
9824
10905
10683
10265
11038
10105
10406
9745
11067
10054
10229
11265
10049
11140
10274
10679
10268
11049
10623
9946
10618
10667
10370
10581
10516
11261
10790
10254
10930
10344
10413
11252
11283
10720
9935
10182
9801
10749
10272
10836
10327
10355
10864
10903
10003
10706
10837
9781
10238
10245
10382
9861
10121
10030
10892
10017
10627
11162
11114
10599
9905
10322
10371
11486
10685
10839
11200
10802
10028
11413
11570
9899
10051
10934
9921
10009
11139
11191
11207
11215
11492
10800
10140
10245
11250
10845
9923
9934
10314
10367
11009
10796
10057
10276
10856
11217
11407
10114
10603
11639
11044
11499
10350
11640
10313
11245
11531
11560
10484
11103
11171
11389
10949
10974
10589
11000
10336
10641
10314
11325
10011
10709
10881
10188
11370
10123
11088
11415
11215
11509
9944
9995
10889
10467
10868
11167
10428
10596
11383
10302
10937
10321
10664
10431
10870
10423
10230
11087
11230
9993
10996
11260
9924
10002
10972
11221
9989
10017
10602
11647
9892
10066
10381
10763
11206
10324
10965
10456
10746
10018
11158
11271
11439
10156
10208
11038
10118
10415
11359
11229
10874
11597
11228
10581
10841
11640
10366
10866
9980
10433
10444
10058
10781
10835
10687
11459
10168
10487
10771
10070
10949
10979
10260
10130
10793
10875
11157
10306
10532
11419
11436
11223
11246
10090
10858
10528
11423
10413
10515
10292
10938
10899
10647
10644
11554
10044
10330
10495
11293
10232
10577
10545
11084
10056
10271
10341
9951
10910
10493
11447
11292
11440
10146
10172
11174
9973
10275
10405
10519
10235
11342
10414
11539
10148
10384
11401
10177
10147
10308
10312
10924
11313
11465
11664
10282
10537
11280
10536
11089
10507
10849
11220
11273
11166
11275
11305
10620
10732
10464
11534
11625
10203
10092
11060
10131
10521
11047
10877
10851
10297
10746
11273
10018
10576
10977
10884
10019
10663
9990
10669
10034
11064
10126
10251
11188
10582
10450
11014
10177
10238
10635
11408
10686
11029
10962
11154
11267
10788
10667
10981
10112
10405
10656
10315
10342
10216
10267
10406
10565
11222
10376
10825
10995
11040
10072
10979
10474
10691
10035
11196
10456
10063
10223
10535
10987
10411
10813
10890
10814
10103
11183
10367
10473
10551
10902
10992
11176
10443
11089
10684
10982
11335
11410
10135
11069
10993
11123
10923
10424
10779
10703
10447
11610
11462
10307
10317
11103
10408
10643
11416
11649
10290
10956
11376
10492
10141
10681
10846
11025
10958
10096
10409
11168
11609
10656
10747
10240
10540
10612
10917
11039
11533
11299
10621
11125
10591
10388
11006
11299
11206
10150
10801
10493
10841
11069
10508
11125
11458
11206
10372
11370
10993
11076
10598
11357
10560
10400
10116
10486
11137
10921
11050
11553
10277
10713
11191
11201
10463
10900
10224
11036
11178
11618
11445
10515
11504
11202
11407
10299
10948
11331
10995
11041
10608
10997
11454
11213
10288
11463
10607
10319
10662
10707
11553
10130
11351
10360
11247
10249
10491
10701
11411
10538
10556
10547
11133
11495
10664
10187
10939
10273
10281
10358
11541
11090
11073
11412
10489
10870
10301
11477
10758
11449
10851
10395
10358
11071
11455
11190
11665
10203
10323
10557
10955
11201
10737
10562
10452
11198
10589
10639
10445
10200
10974
10578
10211
10446
10567
11223
10770
11598
11029
10485
10437
11193
10849
11144
10501
10903
11135
10648
10710
11101
10761
11098
10260
11127
11049
11134
10319
11314
10465
10595
10330
11575
10987
11074
10963
11607
10769
10291
10697
10926
11018
11257
11090
11539
11604
10544
10519
10820
10455
10754
10981
10787
10442
10338
10363
11559
10374
11230
10699
11272
10727
10794
10267
10303
11077
10879
11118
10474
10712
11041
11673
10279
10708
11072
10343
10582
11448
10605
10404
11116
11110
10913
10809
10289
11258
10579
10596
10593
10906
10827
11362
11140
10659
11400
11460
10942
10642
10416
11349
11285
11120
10424
11590
10950
11135
11463
10665
11609
11079
10645
11365
11351
10599
10700
11039
11097
10745
11045
10438
10736
10868
10362
10937
10380
11100
10419
10387
11209
10626
11468
10658
10418
10640
11197
10936
10630
11092
11122
10744
11272
11358
11204
10619
11486
11212
11028
10886
11042
11074
11104
10368
11671
11237
10411
10733
10579
11383
10568
10944
11458
10677
10756
10877
11087
10711
11523
10544
11372
10918
11265
10731
10784
11256
11312
11236
11264
10883
11240
10459
11592
11101
11107
10828
11579
10804
11017
11461
10754
11181
10521
11563
11352
10637
10609
11359
10483
10773
10439
11136
10892
11428
11574
11214
10527
11556
10713
11108
11425
11290
10491
11104
11124
10455
10511
11318
10425
10939
11248
11119
10914
11341
10965
11307
10821
11300
11243
11148
10659
11188
11548
11390
11386
10652
11157
11561
10762
10859
11061
10811
10915
10998
10604
10783
11119
11071
11668
10708
11353
10858
11203
11008
11577
11439
11498
10525
11610
11485
11107
11145
11079
11142
10486
11472
11607
10999
10931
11311
11277
11520
11306
11432
10912
10623
10934
11032
10585
11146
10549
11276
11278
11505
11358
11636
11644
11316
11338
11316
11330
11075
11437
11321
11344
10772
11124
11155
10725
11270
11300
11122
11161
11493
10741
10617
10866
11316
11046
10620
11014
11417
10872
11037
11269
11578
11387
11345
11391
10925
11598
11252
11649
10724
11207
10744
11329
10622
10817
11013
11123
11233
11012
11321
11416
11082
11164
11623
10785
11327
11451
10890
11327
11333
10668
10712
10886
10637
11078
10717
11590
10952
11160
11051
11047
11354
11019
10795
11458
11146
10674
11246
10638
11330
11332
11338
11350
11666
10869
11409
11471
10831
11582
10863
10704
10718
10666
10923
11405
11415
10640
10770
11333
11192
10818
11088
10755
11078
10864
11135
11642
10780
10977
10941
11340
11422
11378
11286
11588
11099
10695
10840
10935
11344
11362
11199
11528
11345
11356
10888
10964
11013
10980
11330
11155
11507
11015
11143
11234
11120
10816
10694
11012
10943
10844
11527
11365
11130
11189
11393
10785
10865
11369
11378
11557
11230
10705
10959
11163
11261
10676
11218
11244
11332
11669
10854
11363
10994
11317
11346
11350
11371
11478
10838
10865
11294
10955
10844
11053
11263
11434
11012
11159
10862
10672
11353
10807
10901
10751
11271
11488
11080
11171
10835
10859
10819
10963
11004
11563
10916
11129
11356
11495
10869
11142
11136
11046
10727
10765
11351
11371
11443
10704
11110
10739
10774
10863
11518
11324
11602
11297
11211
11210
11326
11022
10954
11016
11089
11297
11411
11375
10935
10741
11034
11125
11277
11479
10751
10933
11625
11170
11465
11464
11553
10787
11172
11632
11148
11210
10799
10996
11085
11186
10862
10972
11219
10765
10931
11140
11181
11248
11115
11591
10767
10794
11420
11232
11445
11600
10904
11311
11147
11182
11558
10853
11660
11035
11220
10904
11226
10855
10994
11511
10846
11177
11045
11009
11258
11105
11042
11222
11167
11175
10930
10842
11065
11192
10919
11231
10919
11270
11080
11285
11502
10830
11176
11325
11314
11426
11114
11604
11670
11361
11139
11368
11262
11150
10962
11240
11506
10988
11385
10938
10848
11065
11023
11552
11645
11093
11056
11296
11239
11137
11273
11026
11307
11087
11165
11179
11418
10958
10940
11151
11451
11141
11197
10901
10916
10978
11447
11438
11488
11323
11418
11284
11017
11578
11028
11303
11361
11223
11671
11630
11297
11546
10948
10971
11136
11240
11198
11594
11661
11459
11540
11543
10908
11224
11275
11658
11126
11193
11668
11425
11485
11601
11508
11011
11174
11406
11444
11109
11612
11320
11444
11474
11149
11423
11467
11028
11423
11313
10986
11512
11419
11607
11048
11100
11244
10954
10964
10953
11232
11424
11035
10982
11325
10951
11072
11171
11573
11453
11460
11112
11211
11020
11138
11479
10969
11327
10970
11005
11205
11328
11118
11266
11340
11433
11160
11308
11421
11659
11253
11483
11003
11049
11652
11249
11300
11067
11328
11368
11580
11155
11247
11112
11288
11448
11282
11286
11374
11244
11251
11111
11483
10991
11333
11386
11394
11576
11153
11497
11656
11551
11513
11146
11446
11108
11521
11606
11079
11145
11254
11023
11291
11471
11442
11661
11359
11088
11510
11164
11476
11232
11545
11596
11098
11515
11094
11255
11058
11152
11402
11499
11386
11542
11134
11339
11086
11462
11443
11459
11158
11310
11218
11381
11256
11361
11233
11246
11184
11489
11270
11245
11309
11074
11310
11591
11060
11265
11289
11242
11447
11335
11399
11372
11494
11105
11288
11154
11412
11622
11234
11263
11166
11406
11083
11525
11672
11525
11600
11571
11372
11547
11301
11464
11156
11427
11388
11093
11527
11367
11375
11147
11564
11677
11484
11615
11366
11522
11370
11549
11559
11416
11467
11065
11439
11509
11163
11543
11095
11585
11526
11250
11144
11420
11469
11363
11117
11342
11501
11360
11602
11537
11213
11571
11286
11605
11611
11346
11369
11672
11367
11487
11382
11618
11235
11450
11524
11365
11227
11242
11541
11122
11180
11599
11524
11334
11592
11341
11357
11484
11535
11494
11224
11241
11676
11505
11654
11233
11676
11176
11587
11269
11474
11572
11391
11554
11518
11234
11675
11289
11450
11461
11675
11388
11290
11487
11595
11338
11627
11659
11294
11629
11274
11377
11205
11228
11583
11593
11493
11456
11187
11495
11349
11228
11303
11664
11235
11500
11613
11643
11657
11402
11597
11324
11323
11393
11504
11224
11634
11564
11665
11189
11315
11298
11575
11427
11619
11367
11615
11663
11194
11336
11377
11586
11337
11550
11621
11582
11581
11491
11568
11666
11421
11534
11337
11429
11612
11442
11390
11478
11499
11557
11674
11417
11305
11320
11380
11292
11566
11526
11556
11469
11611
11624
11245
11343
11381
11391
11403
11517
11580
11353
11584
11430
11538
11561
11278
11334
11258
11399
11385
11420
11435
11588
11408
11667
11497
11444
11360
11608
11477
11452
11318
11445
11502
11530
11616
11319
11628
11489
11504
11404
11545
11558
11329
11379
11506
11638
11461
11411
11349
11609
11374
11383
11326
11342
11535
11527
11633
11397
11522
11542
11470
11532
11493
11379
11428
11521
11635
11413
11581
11523
11396
11410
11395
11610
11517
11437
11537
11540
11579
11512
11512
11404
11376
11525
11422
11530
11613
11628
11641
11487
11637
11513
11554
11441
11396
11642
11551
11395
11433
11438
11556
11598
11489
11542
11473
11593
11446
11410
11555
11608
11626
11529
11472
11622
11457
11594
11523
11466
11565
11514
11457
11574
11648
11573
11455
11566
11559
11603
11538
11564
11595
11470
11576
11616
11528
11589
11614
11550
11592
11510
11491
11647
11649
11486
11640
11514
11568
11617
11501
11562
11520
11585
11549
11583
11530
11643
11510
11565
11623
11581
11547
11617
11648
11621
11544
11507
11531
11546
11584
11558
11646
11534
11639
11582
11637
11521
11577
11653
11568
11593
11622
11625
11586
11647
11584
11571
11650
11569
11637
11586
11645
11605
11599
11624
11597
11594
11674
11612
11634
11596
11615
11638
11662
11633
11620
11611
11639
11618
11619
11641
11651
11631
11644
11627
11630
11629
11636
11645
11646
)


// ************************************************************************* //
