/*--------------------------------*- C++ -*----------------------------------*\
| =========                 |                                                 |
| \\      /  F ield         | OpenFOAM: The Open Source CFD Toolbox           |
|  \\    /   O peration     | Version:  2412                                  |
|   \\  /    A nd           | Website:  www.openfoam.com                      |
|    \\/     M anipulation  |                                                 |
\*---------------------------------------------------------------------------*/
FoamFile
{
    version     2.0;
    format      ascii;
    arch        "LSB;label=32;scalar=64";
    class       faceList;
    location    "constant/polyMesh";
    object      faces;
}
// * * * * * * * * * * * * * * * * * * * * * * * * * * * * * * * * * * * * * //


1187
(
4(164 206 348 306)
4(202 164 306 344)
4(202 344 348 206)
4(186 328 355 213)
4(188 213 355 330)
4(186 188 330 328)
4(164 117 259 306)
4(117 206 348 259)
4(167 309 345 203)
4(167 116 258 309)
4(116 203 345 258)
4(171 313 344 202)
4(171 158 300 313)
4(158 202 344 300)
4(105 156 298 247)
4(156 194 336 298)
4(105 247 336 194)
4(187 329 355 213)
4(187 186 328 329)
4(118 260 261 119)
4(118 113 255 260)
4(113 119 261 255)
4(161 104 246 303)
4(161 303 304 162)
4(104 162 304 246)
4(205 144 286 347)
4(144 207 349 286)
4(205 347 349 207)
4(205 226 368 347)
4(144 286 368 226)
4(167 309 346 204)
4(203 204 346 345)
4(156 298 360 218)
4(105 218 360 247)
4(100 173 315 242)
4(172 314 315 173)
4(172 100 242 314)
4(108 250 344 202)
4(108 171 313 250)
4(23 69 353 211)
4(24 211 353 70)
4(52 167 309 98)
4(112 52 98 254)
4(112 254 309 167)
4(29 164 306 75)
4(113 29 75 255)
4(113 255 306 164)
4(102 244 321 179)
4(102 178 320 244)
4(178 179 321 320)
4(174 101 243 316)
4(174 316 342 200)
4(101 200 342 243)
4(175 210 352 317)
4(120 175 317 262)
4(120 262 352 210)
4(161 171 313 303)
4(104 246 313 171)
4(52 222 364 98)
4(167 309 364 222)
4(119 120 262 261)
4(118 260 262 120)
4(122 157 299 264)
4(122 264 300 158)
4(157 158 300 299)
4(100 232 374 242)
4(173 315 374 232)
4(29 223 365 75)
4(164 306 365 223)
4(177 210 352 319)
4(175 177 319 317)
4(179 321 340 198)
4(176 198 340 318)
4(179 176 318 321)
4(142 284 349 207)
4(145 207 349 287)
4(142 145 287 284)
4(51 97 254 112)
4(28 74 255 113)
4(161 158 300 303)
4(101 243 350 208)
4(174 208 350 316)
4(218 360 367 225)
4(218 14 60 360)
4(14 225 367 60)
4(199 341 342 200)
4(199 174 316 341)
4(111 185 327 253)
4(111 253 338 196)
4(185 196 338 327)
4(144 142 284 286)
4(119 157 299 261)
4(122 119 261 264)
4(182 184 326 324)
4(182 324 327 185)
4(184 185 327 326)
4(119 121 263 261)
4(120 262 263 121)
4(152 294 307 165)
4(152 112 254 294)
4(112 165 307 254)
4(181 128 270 323)
4(128 190 332 270)
4(181 323 332 190)
4(122 264 301 159)
4(158 159 301 300)
4(132 190 332 274)
4(129 271 332 190)
4(129 132 274 271)
4(185 327 375 233)
4(111 233 375 253)
4(153 225 367 295)
4(103 153 295 245)
4(103 245 367 225)
4(28 231 373 74)
4(27 73 373 231)
4(179 180 322 321)
4(102 244 322 180)
4(211 216 358 353)
4(210 211 353 352)
4(210 352 358 216)
4(51 234 376 97)
4(50 96 376 234)
4(165 187 329 307)
4(152 294 329 187)
4(160 161 303 302)
4(160 302 304 162)
4(26 72 256 114)
4(27 114 256 73)
4(49 95 257 115)
4(50 115 257 96)
4(51 97 294 152)
4(126 268 301 159)
4(123 159 301 265)
4(126 123 265 268)
4(28 74 260 118)
4(107 249 353 211)
4(107 23 69 249)
4(184 326 332 190)
4(182 190 332 324)
4(189 200 342 331)
4(101 189 331 243)
4(181 323 340 198)
4(181 179 321 323)
4(211 114 256 353)
4(114 216 358 256)
4(148 199 341 290)
4(148 290 342 200)
4(160 159 301 302)
4(159 161 303 301)
4(188 106 248 330)
4(106 213 355 248)
4(126 268 302 160)
4(123 122 264 265)
4(165 145 287 307)
4(145 187 329 287)
4(113 157 299 255)
4(152 234 376 294)
4(165 207 349 307)
4(155 297 367 225)
4(155 218 360 297)
4(118 231 373 260)
4(128 270 340 198)
4(132 184 326 274)
4(176 124 266 318)
4(124 198 340 266)
4(177 107 249 319)
4(107 210 352 249)
4(194 226 368 336)
4(205 194 336 347)
4(121 122 264 263)
4(121 263 265 123)
4(170 110 252 312)
4(110 195 337 252)
4(170 312 337 195)
4(30 223 365 76)
4(53 222 364 99)
4(153 155 297 295)
4(130 272 310 168)
4(127 168 310 269)
4(130 127 269 272)
4(157 164 306 299)
4(157 299 344 202)
4(128 129 271 270)
4(112 166 308 254)
4(165 307 308 166)
4(168 169 311 310)
4(130 272 311 169)
4(127 126 268 269)
4(126 168 310 268)
4(169 163 305 311)
4(169 311 312 170)
4(163 170 312 305)
4(148 140 282 290)
4(148 290 343 201)
4(140 201 343 282)
4(150 292 339 197)
4(191 197 339 333)
4(150 191 333 292)
4(182 181 323 324)
4(182 324 375 233)
4(102 230 372 244)
4(178 320 372 230)
4(124 123 265 266)
4(123 125 267 265)
4(124 266 267 125)
4(156 226 368 298)
4(121 263 266 124)
4(178 176 318 320)
4(143 285 290 148)
4(143 140 282 285)
4(160 302 305 163)
4(162 163 305 304)
4(168 163 305 310)
4(121 175 317 263)
4(133 183 325 275)
4(132 274 325 183)
4(132 133 275 274)
4(177 176 318 319)
4(177 319 320 178)
4(175 317 318 176)
4(175 124 266 317)
4(184 154 296 326)
4(154 185 327 296)
4(166 167 309 308)
4(166 308 346 204)
4(125 126 268 267)
4(125 267 269 127)
4(177 209 351 319)
4(107 249 351 209)
4(199 341 343 201)
4(160 168 310 302)
4(153 295 366 224)
4(103 224 366 245)
4(172 150 292 314)
4(172 314 339 197)
4(138 146 288 280)
4(136 278 288 146)
4(136 138 280 278)
4(191 169 311 333)
4(169 197 339 311)
4(108 250 348 206)
4(148 149 291 290)
4(143 285 291 149)
4(130 272 333 191)
4(136 183 325 278)
4(133 136 278 275)
4(183 325 326 184)
4(183 154 296 325)
4(104 215 357 246)
4(162 304 357 215)
4(149 189 331 291)
4(188 149 291 330)
4(188 330 331 189)
4(170 228 370 312)
4(110 252 370 228)
4(146 147 289 288)
4(147 153 295 289)
4(146 288 295 153)
4(128 127 269 270)
4(127 129 271 269)
4(125 267 270 128)
4(155 156 298 297)
4(26 72 379 237)
4(114 237 379 256)
4(138 147 289 280)
4(149 200 342 291)
4(166 308 349 207)
4(166 205 347 308)
4(49 95 382 240)
4(115 240 382 257)
4(134 150 292 276)
4(141 283 292 150)
4(141 134 276 283)
4(129 130 272 271)
4(129 271 273 131)
4(130 131 273 272)
4(147 155 297 289)
4(134 191 333 276)
4(180 322 323 181)
4(151 150 292 293)
4(151 293 314 172)
4(146 288 296 154)
4(153 154 296 295)
4(139 144 286 281)
4(139 281 334 192)
4(144 192 334 286)
4(132 131 273 274)
4(131 133 275 273)
4(141 283 293 151)
4(125 198 340 267)
4(187 329 359 217)
4(213 217 359 355)
4(131 134 276 273)
4(133 275 276 134)
4(146 183 325 288)
4(151 293 315 173)
4(180 322 324 182)
4(116 258 364 222)
4(170 197 339 312)
4(117 259 365 223)
4(131 273 333 191)
4(151 293 316 174)
4(173 174 316 315)
4(19 65 244 102)
4(20 102 244 66)
4(42 88 243 101)
4(43 101 243 89)
4(38 110 252 84)
4(37 83 252 110)
4(16 103 245 62)
4(15 61 245 103)
4(38 195 337 84)
4(36 104 246 82)
4(35 81 246 104)
4(12 58 247 105)
4(13 105 247 59)
4(39 85 242 100)
4(40 100 242 86)
4(16 196 338 62)
4(103 245 338 196)
4(17 196 338 63)
4(39 195 337 85)
4(17 63 253 111)
4(18 111 253 64)
4(100 195 337 242)
4(147 156 298 289)
4(135 134 276 277)
4(135 277 283 141)
4(120 262 358 216)
4(186 149 291 328)
4(133 275 277 135)
4(135 136 278 277)
4(142 140 282 284)
4(142 284 285 143)
4(136 137 279 278)
4(137 138 280 279)
4(139 142 284 281)
4(151 199 341 293)
4(141 283 341 199)
4(211 221 363 353)
4(114 256 363 221)
4(152 294 359 217)
4(141 201 343 283)
4(135 277 343 201)
4(12 193 335 58)
4(11 57 335 193)
4(105 193 335 247)
4(163 228 370 305)
4(118 260 358 216)
4(102 244 361 219)
4(180 219 361 322)
4(147 192 334 289)
4(156 298 334 192)
4(138 192 334 280)
4(37 83 357 215)
4(110 215 357 252)
4(36 215 357 82)
4(42 208 350 88)
4(41 87 350 208)
4(139 281 282 140)
4(137 140 282 279)
4(139 137 279 281)
4(143 285 328 186)
4(13 59 360 218)
4(101 241 383 243)
4(189 331 383 241)
4(135 137 279 277)
4(193 335 336 194)
4(178 209 351 320)
4(145 143 285 287)
4(145 287 328 186)
4(22 209 351 68)
4(21 67 351 209)
4(11 109 251 57)
4(10 56 251 109)
4(33 79 250 108)
4(34 108 250 80)
4(19 65 361 219)
4(18 219 361 64)
4(111 253 361 219)
4(137 201 343 279)
4(173 208 350 315)
4(138 139 281 280)
4(10 203 345 56)
4(9 55 345 203)
4(33 206 348 79)
4(32 78 348 206)
4(154 296 366 224)
4(15 225 367 61)
4(9 116 258 55)
4(8 54 258 116)
4(32 117 259 78)
4(31 77 259 117)
4(208 232 374 350)
4(41 87 374 232)
4(104 246 381 239)
4(171 239 381 313)
4(204 205 347 346)
4(24 221 363 70)
4(40 232 374 86)
4(188 220 362 330)
4(106 248 362 220)
4(185 224 366 327)
4(196 338 366 224)
4(109 251 335 193)
4(189 220 362 331)
4(170 312 369 227)
4(195 227 369 337)
4(20 230 372 66)
4(45 91 248 106)
4(46 106 248 92)
4(22 68 249 107)
4(35 81 381 239)
4(46 92 354 212)
4(47 212 354 93)
4(43 241 383 89)
4(47 93 356 214)
4(48 214 356 94)
4(192 226 368 334)
4(2 236 378 6)
4(30 76 378 236)
4(0 235 377 4)
4(53 99 377 235)
4(172 227 369 314)
4(100 242 369 227)
4(1 5 379 237)
4(3 7 382 240)
4(45 220 362 91)
4(44 90 362 220)
4(109 203 345 251)
4(197 339 369 227)
4(31 236 378 77)
4(8 235 377 54)
4(221 237 379 363)
4(108 239 381 250)
4(205 229 371 347)
4(194 336 371 229)
4(48 94 382 240)
4(25 71 379 237)
4(109 204 346 251)
4(209 230 372 351)
4(21 67 372 230)
4(34 239 381 80)
4(106 212 354 248)
4(212 213 355 354)
4(220 362 383 241)
4(25 221 363 71)
4(162 228 370 304)
4(219 233 375 361)
4(215 357 370 228)
4(204 229 371 346)
4(212 354 356 214)
4(193 335 371 229)
4(214 240 382 356)
4(115 214 356 257)
4(44 90 383 241)
4(180 322 375 233)
4(109 229 371 251)
4(114 256 373 231)
4(213 238 380 355)
4(217 359 380 238)
4(222 364 377 235)
4(223 365 378 236)
4(216 231 373 358)
4(115 257 376 234)
4(117 236 378 259)
4(116 235 377 258)
4(212 238 380 354)
4(214 238 380 356)
4(217 234 376 359)
4(115 217 359 257)
4(115 257 380 238)
3(202 206 164)
3(344 306 348)
3(186 213 188)
3(328 330 355)
3(164 206 117)
3(306 259 348)
3(167 203 116)
3(309 258 345)
3(171 202 158)
3(313 300 344)
3(105 194 156)
3(247 298 336)
3(187 213 186)
3(329 328 355)
3(118 119 113)
3(260 255 261)
3(161 162 104)
3(303 246 304)
3(205 207 144)
3(347 286 349)
3(144 226 205)
3(286 347 368)
3(167 204 203)
3(309 345 346)
3(156 218 105)
3(298 247 360)
3(172 173 100)
3(314 242 315)
3(108 202 171)
3(250 313 344)
3(23 211 24)
3(69 70 353)
3(112 167 52)
3(254 98 309)
3(113 164 29)
3(255 75 306)
3(102 179 178)
3(244 320 321)
3(174 200 101)
3(316 243 342)
3(120 210 175)
3(262 317 352)
3(104 171 161)
3(246 303 313)
3(167 222 52)
3(309 98 364)
3(118 120 119)
3(260 261 262)
3(122 158 157)
3(264 299 300)
3(173 232 100)
3(315 242 374)
3(164 223 29)
3(306 75 365)
3(175 210 177)
3(317 319 352)
3(179 198 176)
3(321 318 340)
3(142 207 145)
3(284 287 349)
3(51 112 52)
3(97 98 254)
3(28 113 29)
3(74 75 255)
3(161 171 158)
3(303 300 313)
3(101 208 174)
3(243 316 350)
3(218 225 14)
3(360 60 367)
3(199 200 174)
3(341 316 342)
3(111 196 185)
3(253 327 338)
3(144 207 142)
3(286 284 349)
3(122 157 119)
3(264 261 299)
3(182 185 184)
3(324 326 327)
3(120 121 119)
3(262 261 263)
3(152 165 112)
3(294 254 307)
3(181 190 128)
3(323 270 332)
3(122 159 158)
3(264 300 301)
3(129 190 132)
3(271 274 332)
3(185 233 111)
3(327 253 375)
3(103 225 153)
3(245 295 367)
3(27 231 28)
3(73 74 373)
3(102 180 179)
3(244 321 322)
3(210 216 211)
3(352 353 358)
3(50 234 51)
3(96 97 376)
3(152 187 165)
3(294 307 329)
3(160 162 161)
3(302 303 304)
3(26 114 27)
3(72 73 256)
3(49 115 50)
3(95 96 257)
3(51 152 112)
3(97 254 294)
3(126 159 123)
3(268 265 301)
3(28 118 113)
3(74 255 260)
3(107 211 23)
3(249 69 353)
3(184 190 182)
3(326 324 332)
3(101 200 189)
3(243 331 342)
3(181 198 179)
3(323 321 340)
3(211 216 114)
3(353 256 358)
3(148 200 199)
3(290 341 342)
3(160 161 159)
3(302 301 303)
3(188 213 106)
3(330 248 355)
3(126 160 159)
3(268 301 302)
3(123 159 122)
3(265 264 301)
3(165 187 145)
3(307 287 329)
3(119 157 113)
3(261 255 299)
3(51 234 152)
3(97 294 376)
3(145 207 165)
3(287 307 349)
3(155 225 218)
3(297 360 367)
3(28 231 118)
3(74 260 373)
3(128 198 181)
3(270 323 340)
3(132 190 184)
3(274 326 332)
3(176 198 124)
3(318 266 340)
3(177 210 107)
3(319 249 352)
3(205 226 194)
3(347 336 368)
3(159 161 158)
3(301 300 303)
3(121 123 122)
3(263 264 265)
3(121 122 119)
3(263 261 264)
3(170 195 110)
3(312 252 337)
3(29 223 30)
3(75 76 365)
3(52 222 53)
3(98 99 364)
3(153 225 155)
3(295 297 367)
3(130 168 127)
3(272 269 310)
3(157 202 164)
3(299 306 344)
3(128 190 129)
3(270 271 332)
3(165 166 112)
3(307 254 308)
3(130 169 168)
3(272 310 311)
3(127 168 126)
3(269 268 310)
3(169 170 163)
3(311 305 312)
3(148 201 140)
3(290 282 343)
3(150 197 191)
3(292 333 339)
3(182 190 181)
3(324 323 332)
3(182 233 185)
3(324 327 375)
3(178 230 102)
3(320 244 372)
3(124 125 123)
3(266 265 267)
3(194 226 156)
3(336 298 368)
3(121 124 123)
3(263 265 266)
3(178 179 176)
3(320 318 321)
3(143 148 140)
3(285 282 290)
3(160 163 162)
3(302 304 305)
3(168 169 163)
3(310 305 311)
3(120 175 121)
3(262 263 317)
3(132 183 133)
3(274 275 325)
3(177 178 176)
3(319 318 320)
3(175 176 124)
3(317 266 318)
3(184 185 154)
3(326 296 327)
3(166 204 167)
3(308 309 346)
3(125 127 126)
3(267 268 269)
3(107 209 177)
3(249 319 351)
3(199 201 148)
3(341 290 343)
3(166 167 112)
3(308 254 309)
3(126 168 160)
3(268 302 310)
3(125 126 123)
3(267 265 268)
3(153 224 103)
3(295 245 366)
3(172 197 150)
3(314 292 339)
3(136 146 138)
3(278 280 288)
3(191 197 169)
3(333 311 339)
3(108 206 202)
3(250 344 348)
3(143 149 148)
3(285 290 291)
3(130 191 169)
3(272 311 333)
3(133 183 136)
3(275 278 325)
3(183 184 154)
3(325 296 326)
3(132 184 183)
3(274 325 326)
3(162 215 104)
3(304 246 357)
3(188 189 149)
3(330 291 331)
3(110 228 170)
3(252 312 370)
3(146 153 147)
3(288 289 295)
3(128 129 127)
3(270 269 271)
3(125 128 127)
3(267 269 270)
3(155 218 156)
3(297 298 360)
3(26 237 114)
3(72 256 379)
3(146 147 138)
3(288 280 289)
3(189 200 149)
3(331 291 342)
3(166 207 205)
3(308 347 349)
3(49 240 115)
3(95 257 382)
3(141 150 134)
3(283 276 292)
3(129 131 130)
3(271 272 273)
3(129 130 127)
3(271 269 272)
3(153 155 147)
3(295 289 297)
3(150 191 134)
3(292 276 333)
3(180 181 179)
3(322 321 323)
3(175 177 176)
3(317 318 319)
3(151 172 150)
3(293 292 314)
3(146 154 153)
3(288 295 296)
3(139 192 144)
3(281 286 334)
3(132 133 131)
3(274 273 275)
3(141 151 150)
3(283 292 293)
3(124 198 125)
3(266 267 340)
3(121 175 124)
3(263 266 317)
3(187 217 213)
3(329 355 359)
3(129 132 131)
3(271 273 274)
3(133 134 131)
3(275 273 276)
3(136 183 146)
3(278 288 325)
3(165 207 166)
3(307 308 349)
3(151 173 172)
3(293 314 315)
3(210 211 107)
3(352 249 353)
3(180 182 181)
3(322 323 324)
3(116 222 167)
3(258 309 364)
3(169 197 170)
3(311 312 339)
3(117 223 164)
3(259 306 365)
3(131 191 130)
3(273 272 333)
3(134 191 131)
3(276 273 333)
3(160 168 163)
3(302 305 310)
3(151 174 173)
3(293 315 316)
3(19 102 20)
3(65 66 244)
3(42 101 43)
3(88 89 243)
3(37 110 38)
3(83 84 252)
3(15 103 16)
3(61 62 245)
3(110 195 38)
3(252 84 337)
3(35 104 36)
3(81 82 246)
3(12 105 13)
3(58 59 247)
3(39 100 40)
3(85 86 242)
3(103 196 16)
3(245 62 338)
3(16 196 17)
3(62 63 338)
3(38 195 39)
3(84 85 337)
3(17 111 18)
3(63 64 253)
3(39 195 100)
3(85 242 337)
3(17 196 111)
3(63 253 338)
3(157 164 113)
3(299 255 306)
3(155 156 147)
3(297 289 298)
3(135 141 134)
3(277 276 283)
3(120 216 210)
3(262 352 358)
3(146 183 154)
3(288 296 325)
3(186 188 149)
3(328 291 330)
3(149 200 148)
3(291 290 342)
3(133 135 134)
3(275 276 277)
3(125 198 128)
3(267 270 340)
3(133 136 135)
3(275 277 278)
3(142 143 140)
3(284 282 285)
3(136 138 137)
3(278 279 280)
3(139 144 142)
3(281 284 286)
3(141 199 151)
3(283 293 341)
3(114 221 211)
3(256 353 363)
3(151 199 174)
3(293 316 341)
3(152 217 187)
3(294 329 359)
3(158 202 157)
3(300 299 344)
3(135 201 141)
3(277 283 343)
3(11 193 12)
3(57 58 335)
3(12 193 105)
3(58 247 335)
3(170 228 163)
3(312 305 370)
3(118 216 120)
3(260 262 358)
3(102 219 180)
3(244 322 361)
3(156 192 147)
3(298 289 334)
3(147 192 138)
3(289 280 334)
3(37 215 110)
3(83 252 357)
3(104 215 36)
3(246 82 357)
3(41 208 42)
3(87 88 350)
3(139 140 137)
3(281 279 282)
3(143 186 149)
3(285 291 328)
3(13 218 14)
3(59 60 360)
3(42 208 101)
3(88 243 350)
3(141 201 199)
3(283 341 343)
3(189 241 101)
3(331 243 383)
3(136 137 135)
3(278 277 279)
3(193 194 105)
3(335 247 336)
3(177 209 178)
3(319 320 351)
3(139 142 140)
3(281 282 284)
3(145 186 143)
3(287 285 328)
3(21 209 22)
3(67 68 351)
3(142 145 143)
3(284 285 287)
3(10 109 11)
3(56 57 251)
3(33 108 34)
3(79 80 250)
3(19 219 102)
3(65 244 361)
3(111 219 18)
3(253 64 361)
3(140 201 137)
3(282 279 343)
3(174 208 173)
3(316 315 350)
3(138 192 139)
3(280 281 334)
3(145 187 186)
3(287 328 329)
3(138 139 137)
3(280 279 281)
3(9 203 10)
3(55 56 345)
3(32 206 33)
3(78 79 348)
3(36 215 37)
3(82 83 357)
3(154 224 153)
3(296 295 366)
3(14 225 15)
3(60 61 367)
3(137 201 135)
3(279 277 343)
3(8 116 9)
3(54 55 258)
3(31 117 32)
3(77 78 259)
3(41 232 208)
3(87 350 374)
3(104 239 171)
3(246 313 381)
3(166 205 204)
3(308 346 347)
3(211 221 24)
3(353 70 363)
3(100 232 40)
3(242 86 374)
3(106 220 188)
3(248 330 362)
3(105 218 13)
3(247 59 360)
3(196 224 185)
3(338 327 366)
3(109 193 11)
3(251 57 335)
3(188 220 189)
3(330 331 362)
3(170 227 195)
3(312 337 369)
3(102 230 20)
3(244 66 372)
3(208 232 173)
3(350 315 374)
3(45 106 46)
3(91 92 248)
3(22 107 23)
3(68 69 249)
3(35 239 104)
3(81 246 381)
3(46 212 47)
3(92 93 354)
3(101 241 43)
3(243 89 383)
3(47 214 48)
3(93 94 356)
3(156 226 192)
3(298 334 368)
3(30 236 2)
3(76 6 378)
3(53 235 0)
3(99 4 377)
3(100 227 172)
3(242 314 369)
3(1 237 26)
3(5 72 379)
3(3 240 49)
3(7 95 382)
3(44 220 45)
3(90 91 362)
3(10 203 109)
3(56 251 345)
3(33 206 108)
3(79 250 348)
3(197 227 170)
3(339 312 369)
3(2 236 31)
3(6 77 378)
3(0 235 8)
3(4 54 377)
3(185 224 154)
3(327 296 366)
3(18 219 19)
3(64 65 361)
3(114 237 221)
3(256 363 379)
3(171 239 108)
3(313 250 381)
3(194 229 205)
3(336 347 371)
3(48 240 3)
3(94 7 382)
3(25 237 1)
3(71 5 379)
3(203 204 109)
3(345 251 346)
3(116 203 9)
3(258 55 345)
3(117 206 32)
3(259 78 348)
3(192 226 144)
3(334 286 368)
3(172 227 197)
3(314 339 369)
3(22 209 107)
3(68 249 351)
3(21 230 209)
3(67 351 372)
3(108 239 34)
3(250 80 381)
3(106 213 212)
3(248 354 355)
3(103 224 196)
3(245 338 366)
3(220 241 189)
3(362 331 383)
3(24 221 25)
3(70 71 363)
3(163 228 162)
3(305 304 370)
3(209 230 178)
3(351 320 372)
3(45 220 106)
3(91 248 362)
3(15 225 103)
3(61 245 367)
3(111 233 219)
3(253 361 375)
3(215 228 110)
3(357 252 370)
3(195 227 100)
3(337 242 369)
3(205 229 204)
3(347 346 371)
3(106 212 46)
3(248 92 354)
3(212 214 47)
3(354 93 356)
3(193 229 194)
3(335 336 371)
3(115 240 214)
3(257 356 382)
3(44 241 220)
3(90 362 383)
3(180 233 182)
3(322 324 375)
3(20 230 21)
3(66 67 372)
3(40 232 41)
3(86 87 374)
3(204 229 109)
3(346 251 371)
3(34 239 35)
3(80 81 381)
3(162 228 215)
3(304 357 370)
3(43 241 44)
3(89 90 383)
3(109 229 193)
3(251 335 371)
3(219 233 180)
3(361 322 375)
3(114 231 27)
3(256 73 373)
3(217 238 213)
3(359 355 380)
3(222 235 53)
3(364 99 377)
3(223 236 30)
3(365 76 378)
3(118 231 216)
3(260 358 373)
3(115 234 50)
3(257 96 376)
3(31 236 117)
3(77 259 378)
3(8 235 116)
3(54 258 377)
3(116 235 222)
3(258 364 377)
3(117 236 223)
3(259 365 378)
3(213 238 212)
3(355 354 380)
3(214 240 48)
3(356 94 382)
3(216 231 114)
3(358 256 373)
3(212 238 214)
3(354 356 380)
3(152 234 217)
3(294 359 376)
3(115 238 217)
3(257 359 380)
3(217 234 115)
3(359 257 376)
3(214 238 115)
3(356 257 380)
3(221 237 25)
3(363 71 379)
4(23 24 70 69)
4(19 20 66 65)
4(42 43 89 88)
4(37 38 84 83)
4(15 16 62 61)
4(35 36 82 81)
4(12 13 59 58)
4(39 40 86 85)
4(16 17 63 62)
4(38 39 85 84)
4(17 18 64 63)
4(11 12 58 57)
4(41 42 88 87)
4(13 14 60 59)
4(21 22 68 67)
4(10 11 57 56)
4(33 34 80 79)
4(9 10 56 55)
4(32 33 79 78)
4(36 37 83 82)
4(14 15 61 60)
4(8 9 55 54)
4(31 32 78 77)
4(45 46 92 91)
4(22 23 69 68)
4(46 47 93 92)
4(47 48 94 93)
4(44 45 91 90)
4(2 31 77 6)
4(0 8 54 4)
4(18 19 65 64)
4(48 3 7 94)
4(25 1 5 71)
4(24 25 71 70)
4(20 21 67 66)
4(40 41 87 86)
4(34 35 81 80)
4(43 44 90 89)
4(28 29 75 74)
4(27 28 74 73)
4(26 27 73 72)
4(29 30 76 75)
4(30 2 6 76)
4(1 26 72 5)
4(51 52 98 97)
4(50 51 97 96)
4(49 50 96 95)
4(52 53 99 98)
4(53 0 4 99)
4(3 49 95 7)
)


// ************************************************************************* //
