/*--------------------------------*- C++ -*----------------------------------*\
| =========                 |                                                 |
| \\      /  F ield         | OpenFOAM: The Open Source CFD Toolbox           |
|  \\    /   O peration     | Version:  2412                                  |
|   \\  /    A nd           | Website:  www.openfoam.com                      |
|    \\/     M anipulation  |                                                 |
\*---------------------------------------------------------------------------*/
FoamFile
{
    version     2.0;
    format      ascii;
    arch        "LSB;label=32;scalar=64";
    class       vectorField;
    location    "constant/polyMesh";
    object      points;
}
// * * * * * * * * * * * * * * * * * * * * * * * * * * * * * * * * * * * * * //


384
(
(0 0 0)
(2 0 0)
(2 1 0)
(0 1 0)
(0 0 0.001)
(2 0 0.001)
(2 1 0.001)
(0 1 0.001)
(0.1052626863 0 0)
(0.2105256413 0 0)
(0.3157888651 0 0)
(0.4210522463 0 0)
(0.5263160074 0 0)
(0.6315793887 0 0)
(0.7368427468 0 0)
(0.8421058361 0 0)
(0.9473686568 0 0)
(1.052631343 0 0)
(1.157894164 0 0)
(1.263157253 0 0)
(1.368420611 0 0)
(1.473683993 0 0)
(1.578947754 0 0)
(1.684211135 0 0)
(1.789474359 0 0)
(1.894737314 0 0)
(2 0.117967424 0)
(2 0.2834846481 0)
(2 0.5 0)
(2 0.7165153519 0)
(2 0.882032576 0)
(1.894737314 1 0)
(1.789474359 1 0)
(1.684211135 1 0)
(1.578947754 1 0)
(1.473683993 1 0)
(1.368420611 1 0)
(1.263157253 1 0)
(1.157894164 1 0)
(1.052631343 1 0)
(0.9473686568 1 0)
(0.8421058361 1 0)
(0.7368427468 1 0)
(0.6315793887 1 0)
(0.5263160074 1 0)
(0.4210522463 1 0)
(0.3157888651 1 0)
(0.2105256413 1 0)
(0.1052626863 1 0)
(0 0.882032576 0)
(0 0.7165153519 0)
(0 0.5 0)
(0 0.2834846481 0)
(0 0.117967424 0)
(0.1052626863 0 0.001)
(0.2105256413 0 0.001)
(0.3157888651 0 0.001)
(0.4210522463 0 0.001)
(0.5263160074 0 0.001)
(0.6315793887 0 0.001)
(0.7368427468 0 0.001)
(0.8421058361 0 0.001)
(0.9473686568 0 0.001)
(1.052631343 0 0.001)
(1.157894164 0 0.001)
(1.263157253 0 0.001)
(1.368420611 0 0.001)
(1.473683993 0 0.001)
(1.578947754 0 0.001)
(1.684211135 0 0.001)
(1.789474359 0 0.001)
(1.894737314 0 0.001)
(2 0.117967424 0.001)
(2 0.2834846481 0.001)
(2 0.5 0.001)
(2 0.7165153519 0.001)
(2 0.882032576 0.001)
(1.894737314 1 0.001)
(1.789474359 1 0.001)
(1.684211135 1 0.001)
(1.578947754 1 0.001)
(1.473683993 1 0.001)
(1.368420611 1 0.001)
(1.263157253 1 0.001)
(1.157894164 1 0.001)
(1.052631343 1 0.001)
(0.9473686568 1 0.001)
(0.8421058361 1 0.001)
(0.7368427468 1 0.001)
(0.6315793887 1 0.001)
(0.5263160074 1 0.001)
(0.4210522463 1 0.001)
(0.3157888651 1 0.001)
(0.2105256413 1 0.001)
(0.1052626863 1 0.001)
(0 0.882032576 0.001)
(0 0.7165153519 0.001)
(0 0.5 0.001)
(0 0.2834846481 0.001)
(0 0.117967424 0.001)
(0.9839784763 0.9076686056 0)
(0.6787690948 0.9040481559 0)
(1.323798101 0.09614644386 0)
(0.8983742024 0.0897692676 0)
(1.429309853 0.9016304782 0)
(0.5789476981 0.09116075221 0)
(0.3754684371 0.9080646911 0)
(1.625510842 0.1042747614 0)
(1.623119263 0.9148138613 0)
(0.3684206299 0.09030902088 0)
(1.208783879 0.912227274 0)
(1.102084301 0.08673315309 0)
(0.1616758446 0.4023042622 0)
(1.83727101 0.596488046 0)
(1.883871645 0.1826508162 0)
(0.1116145725 0.8070013261 0)
(0.1546182373 0.09827528477 0)
(1.845526346 0.9017976589 0)
(1.8110763 0.428833132 0)
(1.687936685 0.5170337512 0)
(1.677338381 0.3634852343 0)
(1.563846451 0.4494596155 0)
(1.569798857 0.5891402361 0)
(1.455284017 0.5205249875 0)
(1.447125166 0.3915156398 0)
(1.345697686 0.4617802732 0)
(1.350144946 0.5841468221 0)
(1.246629512 0.5250936079 0)
(1.243490623 0.405221942 0)
(1.146844079 0.4677671076 0)
(1.149187617 0.5839262801 0)
(1.049900205 0.5294383056 0)
(1.04745129 0.4150900708 0)
(0.9522748086 0.476045852 0)
(0.9560319996 0.5873215317 0)
(0.8582522805 0.5360611306 0)
(0.8533476952 0.4238232998 0)
(0.7581615433 0.4858511562 0)
(0.7541854793 0.3716166965 0)
(0.6535691579 0.4331780437 0)
(0.657828565 0.5536623849 0)
(0.8627784389 0.6462216882 0)
(0.54349942 0.4933446365 0)
(0.5542357023 0.6232088936 0)
(0.5425939475 0.3704420609 0)
(0.432465511 0.5582340702 0)
(0.8490872698 0.3121842909 0)
(0.7523194223 0.2590293326 0)
(0.6635131538 0.6699738954 0)
(0.5624663165 0.7449461495 0)
(0.9598409627 0.697537896 0)
(0.8679598331 0.7546945544 0)
(0.1869790213 0.5714963494 0)
(0.8496562187 0.1871381979 0)
(0.942318503 0.254113685 0)
(0.7486179619 0.1636947067 0)
(0.6437211641 0.1965210007 0)
(1.690366085 0.6629922752 0)
(1.560187454 0.7219894621 0)
(1.456129158 0.6496474094 0)
(1.34702679 0.7017067076 0)
(1.44593437 0.775489286 0)
(1.341280537 0.8153384005 0)
(1.24966387 0.7513628595 0)
(1.818143923 0.7590547039 0)
(0.3044508623 0.4838548011 0)
(0.3002630438 0.3313657862 0)
(0.1826459087 0.2409255077 0)
(1.248591354 0.640526986 0)
(1.151165038 0.6961252348 0)
(1.153505365 0.812865988 0)
(1.541774093 0.8410614693 0)
(0.9656831218 0.8024073159 0)
(0.8793354566 0.8548203996 0)
(0.777641912 0.8125884398 0)
(1.551542467 0.3214691799 0)
(1.441013663 0.2702791075 0)
(1.540909069 0.191474186 0)
(1.431610065 0.1547112895 0)
(1.336571382 0.214014265 0)
(1.236423762 0.1755297478 0)
(1.244587748 0.2810170004 0)
(1.143658943 0.2435365322 0)
(0.9477779211 0.3647508991 0)
(1.044153002 0.303475475 0)
(1.047803741 0.1853281901 0)
(0.4430904419 0.6987386188 0)
(0.3208963726 0.639634938 0)
(0.4572439776 0.8229086386 0)
(0.569750859 0.8543450744 0)
(1.146142121 0.3492534761 0)
(1.053898566 0.6412472091 0)
(0.6566099345 0.3155588894 0)
(0.4736841659 0.08885489126 0)
(0.5179743848 0.1795563188 0)
(1.101570762 0.9120958321 0)
(0.9992718091 0.08767437876 0)
(1.056120733 0.7483327948 0)
(1.341275685 0.3399841207 0)
(0.772279627 0.7057981508 0)
(0.6697817166 0.785057629 0)
(0.7646245317 0.5962696669 0)
(1.665777745 0.7914452495 0)
(0.2579646619 0.1036876977 0)
(0.3256722428 0.1987213311 0)
(0.4410914609 0.2758762345 0)
(1.737708795 0.8945185789 0)
(0.4233757842 0.4161436153 0)
(0.8015720488 0.9184105197 0)
(1.511952337 0.08594218331 0)
(1.664635448 0.2179314373 0)
(1.752437961 0.1238511414 0)
(0.2657546637 0.9064596112 0)
(0.3205345114 0.7960930332 0)
(0.1644575109 0.9092570291 0)
(1.314807808 0.914255242 0)
(1.777256464 0.2810327923 0)
(0.2201621994 0.713260321 0)
(0.6839462335 0.0877406159 0)
(1.209022195 0.08037939202 0)
(0.4881298709 0.9214909948 0)
(1.842105836 0.08106818299 0)
(0.08822717872 0.173502422 0)
(1.911890289 0.8267921933 0)
(0.9474848949 0.1608047439 0)
(0.8019639736 0.08361445815 0)
(0.5603981784 0.2675909009 0)
(1.052396827 0.8382115853 0)
(1.261166938 0.8409077904 0)
(0.4241353827 0.1667358354 0)
(1.421052302 0.06519286286 0)
(1.894440882 0.3352002777 0)
(0.8947372465 0.9390061231 0)
(1.155042828 0.1540625859 0)
(0.1037511586 0.6616546697 0)
(0.07452534231 0.07851979313 0)
(1.925474658 0.9214802069 0)
(1.924142959 0.07633728464 0)
(0.2183964293 0.8221142629 0)
(1.528495243 0.9342152523 0)
(0.07626695393 0.9196581862 0)
(0.5789279767 0.9397241363 0)
(0.9839784763 0.9076686056 0.001)
(0.6787690948 0.9040481559 0.001)
(1.323798101 0.09614644386 0.001)
(0.8983742024 0.0897692676 0.001)
(1.429309853 0.9016304782 0.001)
(0.5789476981 0.09116075221 0.001)
(0.3754684371 0.9080646911 0.001)
(1.625510842 0.1042747614 0.001)
(1.623119263 0.9148138613 0.001)
(0.3684206299 0.09030902088 0.001)
(1.208783879 0.912227274 0.001)
(1.102084301 0.08673315309 0.001)
(0.1616758446 0.4023042622 0.001)
(1.83727101 0.596488046 0.001)
(1.883871645 0.1826508162 0.001)
(0.1116145725 0.8070013261 0.001)
(0.1546182373 0.09827528477 0.001)
(1.845526346 0.9017976589 0.001)
(1.8110763 0.428833132 0.001)
(1.687936685 0.5170337512 0.001)
(1.677338381 0.3634852343 0.001)
(1.563846451 0.4494596155 0.001)
(1.569798857 0.5891402361 0.001)
(1.455284017 0.5205249875 0.001)
(1.447125166 0.3915156398 0.001)
(1.345697686 0.4617802732 0.001)
(1.350144946 0.5841468221 0.001)
(1.246629512 0.5250936079 0.001)
(1.243490623 0.405221942 0.001)
(1.146844079 0.4677671076 0.001)
(1.149187617 0.5839262801 0.001)
(1.049900205 0.5294383056 0.001)
(1.04745129 0.4150900708 0.001)
(0.9522748086 0.476045852 0.001)
(0.9560319996 0.5873215317 0.001)
(0.8582522805 0.5360611306 0.001)
(0.8533476952 0.4238232998 0.001)
(0.7581615433 0.4858511562 0.001)
(0.7541854793 0.3716166965 0.001)
(0.6535691579 0.4331780437 0.001)
(0.657828565 0.5536623849 0.001)
(0.8627784389 0.6462216882 0.001)
(0.54349942 0.4933446365 0.001)
(0.5542357023 0.6232088936 0.001)
(0.5425939475 0.3704420609 0.001)
(0.432465511 0.5582340702 0.001)
(0.8490872698 0.3121842909 0.001)
(0.7523194223 0.2590293326 0.001)
(0.6635131538 0.6699738954 0.001)
(0.5624663165 0.7449461495 0.001)
(0.9598409627 0.697537896 0.001)
(0.8679598331 0.7546945544 0.001)
(0.1869790213 0.5714963494 0.001)
(0.8496562187 0.1871381979 0.001)
(0.942318503 0.254113685 0.001)
(0.7486179619 0.1636947067 0.001)
(0.6437211641 0.1965210007 0.001)
(1.690366085 0.6629922752 0.001)
(1.560187454 0.7219894621 0.001)
(1.456129158 0.6496474094 0.001)
(1.34702679 0.7017067076 0.001)
(1.44593437 0.775489286 0.001)
(1.341280537 0.8153384005 0.001)
(1.24966387 0.7513628595 0.001)
(1.818143923 0.7590547039 0.001)
(0.3044508623 0.4838548011 0.001)
(0.3002630438 0.3313657862 0.001)
(0.1826459087 0.2409255077 0.001)
(1.248591354 0.640526986 0.001)
(1.151165038 0.6961252348 0.001)
(1.153505365 0.812865988 0.001)
(1.541774093 0.8410614693 0.001)
(0.9656831218 0.8024073159 0.001)
(0.8793354566 0.8548203996 0.001)
(0.777641912 0.8125884398 0.001)
(1.551542467 0.3214691799 0.001)
(1.441013663 0.2702791075 0.001)
(1.540909069 0.191474186 0.001)
(1.431610065 0.1547112895 0.001)
(1.336571382 0.214014265 0.001)
(1.236423762 0.1755297478 0.001)
(1.244587748 0.2810170004 0.001)
(1.143658943 0.2435365322 0.001)
(0.9477779211 0.3647508991 0.001)
(1.044153002 0.303475475 0.001)
(1.047803741 0.1853281901 0.001)
(0.4430904419 0.6987386188 0.001)
(0.3208963726 0.639634938 0.001)
(0.4572439776 0.8229086386 0.001)
(0.569750859 0.8543450744 0.001)
(1.146142121 0.3492534761 0.001)
(1.053898566 0.6412472091 0.001)
(0.6566099345 0.3155588894 0.001)
(0.4736841659 0.08885489126 0.001)
(0.5179743848 0.1795563188 0.001)
(1.101570762 0.9120958321 0.001)
(0.9992718091 0.08767437876 0.001)
(1.056120733 0.7483327948 0.001)
(1.341275685 0.3399841207 0.001)
(0.772279627 0.7057981508 0.001)
(0.6697817166 0.785057629 0.001)
(0.7646245317 0.5962696669 0.001)
(1.665777745 0.7914452495 0.001)
(0.2579646619 0.1036876977 0.001)
(0.3256722428 0.1987213311 0.001)
(0.4410914609 0.2758762345 0.001)
(1.737708795 0.8945185789 0.001)
(0.4233757842 0.4161436153 0.001)
(0.8015720488 0.9184105197 0.001)
(1.511952337 0.08594218331 0.001)
(1.664635448 0.2179314373 0.001)
(1.752437961 0.1238511414 0.001)
(0.2657546637 0.9064596112 0.001)
(0.3205345114 0.7960930332 0.001)
(0.1644575109 0.9092570291 0.001)
(1.314807808 0.914255242 0.001)
(1.777256464 0.2810327923 0.001)
(0.2201621994 0.713260321 0.001)
(0.6839462335 0.0877406159 0.001)
(1.209022195 0.08037939202 0.001)
(0.4881298709 0.9214909948 0.001)
(1.842105836 0.08106818299 0.001)
(0.08822717872 0.173502422 0.001)
(1.911890289 0.8267921933 0.001)
(0.9474848949 0.1608047439 0.001)
(0.8019639736 0.08361445815 0.001)
(0.5603981784 0.2675909009 0.001)
(1.052396827 0.8382115853 0.001)
(1.261166938 0.8409077904 0.001)
(0.4241353827 0.1667358354 0.001)
(1.421052302 0.06519286286 0.001)
(1.894440882 0.3352002777 0.001)
(0.8947372465 0.9390061231 0.001)
(1.155042828 0.1540625859 0.001)
(0.1037511586 0.6616546697 0.001)
(0.07452534231 0.07851979313 0.001)
(1.925474658 0.9214802069 0.001)
(1.924142959 0.07633728464 0.001)
(0.2183964293 0.8221142629 0.001)
(1.528495243 0.9342152523 0.001)
(0.07626695393 0.9196581862 0.001)
(0.5789279767 0.9397241363 0.001)
)


// ************************************************************************* //
