/*--------------------------------*- C++ -*----------------------------------*\
| =========                 |                                                 |
| \\      /  F ield         | OpenFOAM: The Open Source CFD Toolbox           |
|  \\    /   O peration     | Version:  2412                                  |
|   \\  /    A nd           | Website:  www.openfoam.com                      |
|    \\/     M anipulation  |                                                 |
\*---------------------------------------------------------------------------*/
FoamFile
{
    version     2.0;
    format      ascii;
    arch        "LSB;label=32;scalar=64";
    note        "nPoints:4502  nCells:4301  nFaces:15153  nInternalFaces:6352";
    class       labelList;
    location    "constant/polyMesh";
    object      neighbour;
}
// * * * * * * * * * * * * * * * * * * * * * * * * * * * * * * * * * * * * * //


6352
(
48
1489
2234
37
338
1670
43
149
2682
9
509
113
222
793
229
521
734
16
61
2447
180
186
2064
18
2368
2549
614
3646
120
4248
4274
174
233
3569
135
171
1701
42
2341
3567
28
1121
3202
131
244
446
17
2111
80
1080
542
3718
44
177
1115
99
143
2252
41
2637
3441
67
196
566
60
188
597
300
350
92
2934
3924
45
851
3688
34
1512
2338
2327
2718
105
573
804
47
840
859
59
226
4199
57
449
3987
159
205
2910
2526
3479
117
355
1219
82
3005
3667
321
795
46
342
2661
111
272
1393
91
1298
4075
281
1167
616
4254
202
3716
2233
3490
483
3994
249
1373
718
3777
263
2122
64
2715
3489
197
358
1262
432
1836
192
513
557
139
872
1923
168
369
121
551
1940
87
248
3943
299
360
213
215
1196
538
2294
729
2717
3514
4061
124
853
1241
71
188
256
453
1049
307
376
604
92
397
335
1114
77
132
2241
193
3398
242
311
810
368
380
345
532
3107
78
857
3178
209
336
2853
102
529
3062
125
3187
3739
129
1186
3767
3890
368
505
3427
357
651
89
182
3199
2525
2970
329
605
4300
93
1159
2551
461
506
106
231
3388
441
592
360
439
142
1144
364
471
1904
1096
3806
807
3627
3807
95
108
2236
2938
3053
109
123
956
112
132
1297
199
374
1670
2764
3461
158
938
3190
529
588
3341
4280
141
191
2465
217
279
315
1214
3081
472
799
161
412
2797
130
788
2338
2606
145
230
1374
668
1776
761
3760
586
615
256
2327
3427
284
309
4268
310
433
3539
337
2779
367
4275
4299
190
463
920
261
3141
1044
3929
221
264
2734
231
569
3371
3830
232
237
247
730
2574
260
3765
3854
184
3095
4226
459
520
2887
4060
3919
4283
2286
333
346
1566
266
304
3573
461
219
4069
4251
436
757
140
1612
3464
2982
3910
1837
3331
1210
2018
144
3207
352
1642
754
1082
405
4239
611
804
154
241
4135
153
218
1068
2941
3325
871
2198
259
610
620
301
517
1610
1879
3146
1052
2933
359
787
182
524
717
416
4136
854
1261
371
2468
178
2624
4091
309
1962
285
543
175
1118
2552
323
454
863
201
343
2262
281
1279
1951
472
504
575
846
942
170
282
2880
3663
4221
408
2166
195
2050
3336
185
1104
1423
180
196
2762
2899
379
391
539
531
4006
2190
4082
185
218
1124
2408
316
881
3110
3297
422
549
2658
4080
4300
2264
2329
3867
389
408
4123
276
496
2094
2150
3067
378
2339
275
784
1376
2626
299
439
2745
1228
4097
3867
1453
3586
234
679
749
219
671
214
2726
4197
341
1841
1008
4203
600
1046
574
653
3030
2019
3731
339
802
1679
570
2370
254
457
1752
677
4158
395
1508
3949
319
596
4029
337
347
2670
3040
3656
3281
3781
397
409
2678
3358
545
3285
2222
287
246
558
2331
1400
1554
3268
3419
428
2602
3487
305
587
1037
244
647
3499
659
693
344
2632
4064
313
351
3088
901
3456
471
3246
3113
258
3805
332
1114
586
607
340
356
714
241
1070
1142
662
1158
734
1168
251
2475
3967
476
584
2843
3148
1946
4134
250
2747
3219
2381
288
1110
1380
271
2618
2769
4170
1088
1807
265
2597
455
3311
2809
3668
373
1044
1454
1054
2196
970
257
3102
3229
2717
3530
3723
652
2721
475
2968
394
3103
539
3311
295
555
2828
398
2981
577
714
2742
3654
444
2406
508
711
2318
340
602
841
387
692
1847
277
687
3679
312
1085
558
1085
385
1570
3744
276
331
3712
3011
1712
2669
3638
404
1112
3989
646
1329
318
682
3891
2446
3853
464
624
987
940
2984
325
1610
298
3838
3963
798
1671
1532
1631
330
598
1533
648
693
790
400
525
4035
393
438
444
322
515
3390
434
526
713
854
3450
441
507
2844
459
466
753
2200
3128
711
333
768
439
347
403
3756
387
418
1387
2840
4178
818
657
829
1033
718
3742
597
4287
3151
653
3549
3813
4297
968
3413
3266
3309
708
811
2596
3518
3800
682
4096
377
489
1747
792
1196
407
3369
328
346
768
967
3720
898
3785
1556
412
703
3834
542
765
474
490
1545
371
636
1733
525
3885
748
3126
4065
457
886
2276
392
984
3829
570
2976
3183
705
2233
3196
529
2627
370
2760
357
1611
375
3389
1121
3422
3358
3398
1862
3522
384
1909
3868
519
1052
1070
810
2143
1473
2004
500
3099
2291
3573
2572
3636
819
2670
1400
3954
1361
2062
3799
415
1555
678
406
1241
3126
401
743
1238
1492
4044
772
1407
585
778
4210
484
1726
3372
442
843
3643
1003
2809
3256
3532
2888
407
552
2820
396
3929
795
1671
3025
4176
716
859
1151
3961
718
3710
4044
3271
641
803
990
2878
3652
492
1054
1126
3699
3946
635
780
533
670
2644
3209
918
919
1215
627
3182
598
2074
2776
571
3141
733
3841
429
683
425
2755
3355
3793
1054
3852
782
533
3502
413
795
1086
3856
3881
482
3030
635
1222
1843
618
3290
3501
4225
863
3477
466
1481
906
3840
3128
3747
411
1222
2976
806
1464
767
967
604
1004
3166
2062
3746
1103
3187
483
527
1853
756
3237
935
1074
3630
443
1199
3320
495
746
1685
854
2689
601
883
3124
547
684
2509
3518
3541
462
808
1347
429
637
758
1120
4127
837
431
661
4232
680
3481
2866
4049
587
738
624
3178
651
1611
3704
494
1845
3101
3116
4177
4246
572
1006
4241
1997
3271
3093
3400
540
465
3889
4269
3998
4016
493
555
2514
922
3511
1909
3873
498
882
2692
1065
2268
2946
481
1134
2725
722
951
2732
3663
3563
4270
3174
4106
1958
583
2950
3515
1854
986
1303
3702
601
926
2539
490
1421
1856
3226
3360
4237
1133
1251
1928
1982
632
1169
3087
989
4083
4261
527
697
971
4161
3191
622
4123
675
1061
637
1145
479
2702
863
4239
591
4299
524
2346
683
3227
3453
3514
4061
885
4138
3726
650
4286
489
3833
3953
528
873
2108
710
3672
3846
704
1103
2999
2924
1051
4153
3780
617
975
984
3443
1278
1381
4202
848
1035
2144
3014
3283
603
1058
1245
1129
3488
675
719
1379
637
683
1021
721
3167
3880
664
2393
1548
4004
510
883
869
962
1662
2207
1500
2451
3469
4250
620
642
3197
732
1020
1024
596
4037
638
800
2866
645
1142
727
1165
2756
765
2745
1002
4146
1005
2290
522
994
3369
3761
753
1436
729
3775
4285
3208
4017
735
1057
1071
1554
2990
3624
4168
3474
4261
3128
3147
3835
870
1141
2793
621
770
2115
623
3688
4160
562
2204
3751
790
3500
3219
837
3877
556
1495
3081
2538
1002
2538
590
3310
3842
3265
3348
560
1109
2027
1457
2604
579
983
4281
2582
3450
861
1095
3346
2057
4250
864
1403
566
706
3645
1152
3915
1261
895
3244
898
4000
3933
603
777
2580
669
1353
699
794
1225
1631
2901
3492
3771
1099
1123
3273
582
1768
2179
4015
756
769
1781
2855
4219
931
1474
3645
4247
2199
3850
790
2675
4138
4184
981
1350
895
2655
3334
763
2765
608
1628
2908
642
3033
728
825
3404
844
2260
3367
2270
3206
3790
4252
1035
2902
3362
3434
1282
3394
674
4280
620
1248
1510
3925
3966
4219
791
962
864
901
1116
1120
2731
3682
629
1090
1538
1195
4285
3801
3577
4230
658
3395
2432
695
848
2746
2766
967
1108
2922
3267
655
3833
1210
3941
650
746
1912
1021
3893
1214
3434
1278
2410
3481
4094
1037
3984
679
2496
922
4249
1079
1128
860
3121
685
774
1567
952
1019
627
3636
2337
3639
1811
709
2230
3210
770
1418
1660
4204
691
2178
2522
904
941
754
1000
1538
673
719
1061
741
3149
766
814
3501
725
805
3693
2169
1022
1087
2927
4049
725
797
3471
797
937
1298
662
1831
3893
678
1650
1909
1086
4230
1070
1113
4014
4125
1248
2683
804
3006
3345
3542
3445
662
2073
3498
963
1033
1252
1136
1164
3484
3591
757
1451
3653
3476
880
978
3599
908
3430
764
3590
4193
1024
2395
783
934
2204
2214
2419
3061
720
1002
3125
2464
4151
700
1959
1366
2985
3491
4113
706
3827
4108
910
1229
1038
3118
1421
696
797
1558
1222
1482
2856
1513
4282
752
3597
3605
1051
933
1420
979
2567
889
913
1048
1895
2565
813
926
1321
739
1078
3638
771
1693
2194
3074
3435
933
2604
1036
3653
3875
1026
1399
724
1542
1023
1287
740
982
1894
1483
3430
839
1523
779
1123
3478
715
1150
1194
2204
2915
816
3144
4025
4104
1615
939
3279
3960
2525
3291
969
2918
3775
4272
3987
759
3080
4047
776
857
775
933
2189
745
1004
877
884
1517
3795
3857
3715
4207
726
3855
1836
2609
937
1236
842
3317
3766
3526
3692
845
856
3622
3029
3580
736
3269
3844
929
1446
1484
3494
2097
964
1501
2025
3657
748
3041
3095
818
3030
897
943
932
2756
803
3618
2043
2904
3743
787
888
908
1513
2214
3181
4062
3374
3407
1492
2960
3260
2025
3064
3272
820
2593
2864
902
2218
1312
3160
910
1314
1430
1869
1252
2731
2996
1695
3627
1724
2855
1107
3524
785
999
2547
936
1539
3033
4266
3810
1125
3923
815
1887
2170
1746
2937
1939
1050
2383
2292
3604
906
1005
1616
894
1171
841
936
958
964
2979
3454
4094
1423
2088
828
1786
834
1450
2199
1260
3656
1506
3834
2770
1099
1696
2143
4112
1358
1731
4175
969
1345
2200
812
1435
881
3040
809
1171
908
1469
833
891
2498
2007
3624
931
981
3115
3236
947
962
1154
3062
3785
2300
2367
3747
1843
2456
1109
1562
822
1282
2170
3737
3915
887
1154
3077
3655
842
2367
1324
1724
870
966
3411
1238
1677
1702
833
2502
1046
2774
894
1135
845
887
1201
2477
3349
3882
1088
3908
1548
3251
4086
976
1638
2113
1281
970
912
2648
3028
932
2131
2831
1198
2203
2986
3079
1691
1224
2212
3130
1042
1049
3673
3563
1408
1606
1702
893
1669
1156
3283
878
1558
3251
3324
3312
3531
1435
3262
890
1236
1541
2914
915
1215
2537
911
1549
3115
1071
2337
1011
3726
3826
1067
3629
892
916
3587
949
3814
2444
1102
1768
2898
1119
2324
3589
974
1132
2878
2922
3369
1018
1200
1254
875
914
2958
977
985
1026
875
1100
3220
980
2791
3036
3625
3932
2056
2988
959
1366
977
987
1399
3194
987
996
1014
996
1144
1026
1059
1139
1181
1001
1182
3595
1156
2082
4155
1014
2346
1358
3917
970
1381
954
1039
1256
2337
2973
1022
1542
1066
2933
1563
1908
1396
1475
2516
3690
1009
1078
1408
1009
1031
917
965
1356
3939
1011
1043
1062
3909
961
1520
916
1010
1081
1000
1250
961
1015
1406
1195
1119
1156
1927
4165
4287
2404
2866
1027
2343
1029
1071
925
2544
1017
2606
2743
1113
1195
1369
2674
1368
2372
1173
2359
1062
1090
1287
3384
952
1189
1217
1016
1023
1090
957
1170
2441
3263
3467
3934
1363
1695
3939
1183
2395
1010
1078
3609
957
1578
1076
1931
3487
3525
998
1684
3814
4228
2982
3828
1678
1947
1016
1220
2994
3999
1092
2669
1154
1211
1226
985
1059
1293
1000
1082
1291
980
1041
1105
1350
2103
1201
1261
1141
1172
1337
1964
3817
1418
1031
1045
1092
1226
1915
1055
1249
1600
1512
2510
1339
1013
1301
2644
3675
1251
1281
1389
3829
4202
1292
3016
4288
1973
2763
2506
3000
1340
1029
1239
1065
1836
3258
1376
3967
978
3955
1073
2828
2517
2776
1811
1137
1247
3911
1987
1170
1165
1929
3786
4039
1252
1093
1407
4161
1106
1143
1544
3013
3474
1158
3696
1557
1609
3306
2644
3021
3421
1001
1163
1205
1075
1302
1172
1209
1462
1856
1069
2612
3383
1059
1264
1084
1276
3977
3967
3007
1113
1180
1450
1028
1351
1532
2444
3890
2295
1992
1853
1165
1255
1951
2444
2682
2144
1160
2122
1063
1360
2044
1267
3738
1437
1442
1063
1661
4256
2468
1661
2474
1106
1317
1674
1127
3143
1324
1636
1190
1814
3441
1117
1068
1124
1422
1381
1246
1270
1667
2346
3935
4128
3203
1091
1322
1045
1249
2145
1211
1802
1472
2565
2038
2551
3703
1130
2022
1149
1330
2813
1163
1208
1395
1465
3399
4224
1161
1091
1097
1513
1083
3749
3957
4247
1093
1811
1284
2306
2289
3298
3730
2142
2490
1990
1743
3236
3937
4049
1161
2319
1149
1166
1438
2164
3490
1300
1486
2269
1268
3715
3816
4021
1328
1333
2362
2901
1191
1550
2850
1825
1915
1204
1227
1812
2660
2563
1330
3179
1459
2616
1316
4188
1541
2315
1435
1125
1542
2016
3872
1941
2124
1151
2986
3979
1467
1468
1684
3235
3717
3932
1111
1271
1307
3448
1563
1924
1339
1360
1474
1233
1386
3739
1179
1372
1157
1183
2029
1199
1327
3383
4271
2345
3319
3423
1179
2646
2896
2918
3196
3230
2971
3043
1280
2145
3040
3595
3181
3779
3748
1556
1587
2732
3204
1372
1558
3852
4276
1641
3988
1268
1881
2194
3399
1176
1600
1231
1285
1397
1417
2385
1140
1429
1197
4030
1535
2542
1766
2999
1417
1531
1191
1424
1617
1202
3423
1274
1312
3313
1888
1209
1337
2563
2731
3463
2168
2666
3852
1244
3577
1580
1814
4068
1175
1286
1821
4167
2596
3442
1283
1865
3996
1178
1259
1276
3051
3377
3134
1346
1695
2376
2409
2919
1487
2303
2787
4003
1282
1535
1221
1429
1232
1814
3344
3456
1948
3142
2103
3911
1690
1377
2562
1219
1702
2665
1448
3256
1941
2808
3072
3311
3619
1459
1524
1385
1181
4114
1531
1623
1872
2847
3581
3848
2057
2196
1297
1302
1194
1425
2159
1212
1441
2253
1234
1437
2548
4130
2002
1564
2541
2985
1370
1430
1491
1420
2279
3047
1485
1799
4032
1310
1456
2514
1380
1315
1581
2155
1290
4061
1623
1647
1304
1308
2223
1290
1332
2725
1636
1647
1443
3123
2783
1736
1848
1223
1418
3736
3602
1326
2456
3345
1223
1262
1243
1784
1925
2935
1891
1914
1274
1448
1453
3006
3321
1230
1294
2358
1320
1361
1771
3331
1311
1859
1305
1821
1251
1242
1279
1359
1585
1405
2064
1290
1318
1320
2588
1272
1310
1593
1661
2474
1289
1312
1479
1429
1580
2601
2171
3925
4168
1300
2826
1664
4079
1609
4267
3919
4009
1914
1998
1441
1514
2387
1288
1494
1614
2239
1469
1949
1308
1502
1744
1439
2422
2481
1271
3536
3924
4231
1405
1357
2306
2534
1900
1945
2804
3059
3428
3246
4239
1275
1444
3892
1318
1332
1491
2437
4089
1348
1299
1415
1856
1993
2563
1335
1618
3611
3448
1309
1552
1877
1912
1614
2295
3198
3721
1332
1598
1687
2039
1810
1928
1425
1463
1853
1427
1431
1413
1436
1993
1998
1971
1981
1945
1960
1295
1432
1483
3276
1519
2310
3683
1327
4196
1390
1592
1687
1981
2008
1362
2154
2716
1461
4082
1463
1469
1308
1516
2270
1412
1457
1433
1698
2630
1354
1517
1336
2439
2531
1466
1859
2177
2403
1846
2726
1552
1646
2175
2156
2218
2550
1734
1347
4028
2530
2671
1470
3211
3306
2915
1373
1545
2742
2044
3064
1490
1436
1576
4187
4260
4090
1342
1483
3238
1365
1559
1446
1872
2532
1479
1939
1697
2356
1815
1347
1375
4036
2930
3866
3963
1416
2049
3730
3362
3632
1414
1499
1712
1899
2156
2182
2367
3558
2038
2181
1524
1659
1355
1529
1581
2395
1380
1355
1514
2117
1384
1562
1440
1551
1790
2182
2185
2039
2217
3746
1590
1697
2636
2010
1490
1559
2181
2185
1533
1995
2074
1367
1830
2258
1596
1599
1607
2801
1608
3064
1466
2160
2446
2825
3657
1803
2010
3082
3085
1383
1562
2475
1421
1452
1652
2396
2969
1445
1452
1460
1560
3200
1394
1604
1394
1523
1412
1868
1672
2179
1392
3334
1501
1971
2505
2376
3605
1484
2037
1625
2641
4027
1411
1847
1846
2261
1504
1964
2045
1401
1546
1691
3032
3265
3800
2144
2108
1523
1666
1445
1462
1517
3043
3546
1438
1494
3296
2408
2272
2555
1619
1992
1595
2748
3066
2670
2710
3756
1432
2655
2822
1788
1918
1488
2260
1456
1710
1439
2183
2510
1941
2083
3783
2278
1447
1781
2646
1522
2023
2939
3346
3579
3796
1438
1447
1762
1776
2285
2175
1456
1571
2034
1547
1750
1478
1521
1529
2209
2232
1462
1530
1790
1918
2021
1530
1561
1449
1494
1690
1990
1746
2125
1455
4107
3875
2802
1505
2168
3454
1528
1618
1659
1466
1526
1692
2905
1594
4097
1516
1560
2688
3262
1850
2318
1635
3907
2385
4007
2067
2663
1807
3908
4103
2045
2083
3521
4254
2606
1575
2227
1572
1885
2075
1547
1568
1613
1493
1833
2115
1584
2104
2287
1533
1854
2169
3548
1593
1642
3979
1625
2561
1948
2810
1897
2926
2409
4005
3400
1892
3918
2055
3437
1851
2675
1734
1787
2010
1603
2099
2202
1785
2486
2651
1540
2094
1556
2124
1515
1599
2031
2455
2829
1666
4091
2397
3025
2722
2907
1633
2206
2818
2957
3169
1528
1624
3299
2968
3245
1553
1573
1579
2385
2862
2223
2814
2948
1573
1577
1708
1537
1880
2272
2702
3304
3319
1591
1632
2811
1526
1551
1859
1778
3230
3446
3474
1612
2053
1629
3127
3751
1655
1708
3966
2355
1551
1629
1673
1703
1729
2490
1900
2564
1649
2956
2942
1568
1577
1655
1561
1586
1787
1793
2050
1761
3677
2572
1602
3910
2068
1639
1826
2727
2276
2067
2567
1634
1654
1682
2504
2258
2701
1898
2176
2333
4136
2638
2839
1569
1663
4093
3721
3812
1746
1969
1739
2193
1883
1584
2030
2691
1777
1793
1788
1830
1761
2603
2613
1797
3516
3005
1833
1632
1640
1680
1977
2543
2962
2152
1615
1961
1674
1686
2451
3328
1865
2244
4054
3032
3606
3700
1605
2329
1630
1864
2013
2116
2772
1624
1644
1758
2433
1744
2366
1758
2046
2407
1892
2231
1634
3671
1642
1938
3488
1617
1637
2328
2967
3320
3392
1615
4015
2295
2654
1675
1676
2716
4189
3843
2228
3373
1626
1756
2932
2820
2965
1630
1755
2154
3687
1741
1777
1942
1658
2610
2920
2151
2339
3123
3282
1755
3023
1663
1780
2019
3215
3509
2018
3912
1806
1656
3304
1849
1934
2184
4055
1950
3899
2095
1651
1658
1986
2074
2867
3837
1864
2177
2167
2420
1997
3131
3943
1654
3044
2026
2301
4002
1698
1757
2575
2058
2330
3903
2054
2997
4153
2461
3264
1974
2213
1668
1689
1952
3531
3406
1658
2493
1665
1680
1796
2598
2262
2760
2745
3772
2059
2151
2282
1688
1884
2308
1878
2342
1725
1801
1739
1921
3615
4188
1897
1961
1778
1828
1829
1742
2526
1704
1705
2654
2710
1962
2907
3011
1707
1797
1815
3313
1735
1806
1688
1707
1736
2129
2198
1735
1795
2639
1890
1760
1804
2793
4013
1988
2092
2220
2424
2077
2589
3695
1934
2161
2898
1774
4112
4146
1731
4043
4123
2664
3960
1711
1745
1728
2964
1991
2000
2089
1838
1826
1722
1727
4060
1969
2116
1713
1730
2216
1714
1715
1716
2491
1770
1889
1717
1737
2887
2938
1719
1723
3973
1720
1722
4022
2634
3396
4078
4095
1789
3253
3217
3774
1731
1730
1732
1857
3279
1737
1764
3357
2554
2854
2323
1832
1873
1769
1767
2352
2657
2227
3203
3780
2075
2227
1745
4118
3349
3466
2877
1770
1974
2405
1749
1757
1867
1772
1774
1756
1792
1763
1772
1779
2370
1764
3790
4109
2111
2127
2360
3610
1782
1829
3317
1827
1944
2132
1840
1861
1877
2464
2657
1765
2076
1769
1775
2351
2101
2355
2799
3340
3343
2659
4081
1793
1837
1800
1784
2090
2219
1792
1800
2065
2399
1963
2102
1792
1823
1834
2048
1803
1823
1834
1925
2018
2090
2210
2127
2392
1843
2142
2242
1875
3482
2155
1874
1907
1935
2077
2112
2250
1808
1840
1849
1933
1911
1849
2023
2107
1938
3740
1901
1866
4041
2400
3248
1868
1866
1871
1885
1913
1956
1813
3876
1829
1870
1832
1840
1871
4263
4284
3325
3587
1828
1852
2029
1903
3137
1903
3165
2293
3164
1904
2292
1904
3246
2034
1970
2084
2608
2121
2000
2032
2070
2344
2358
3926
1919
2893
2047
2622
3056
3138
1852
2078
2284
1902
1943
3122
1963
1848
2177
1967
3352
3464
2167
3225
1844
1857
2012
2002
3897
3476
3895
2189
2155
3713
3987
2017
3690
2071
2241
2014
2109
2118
1893
1902
1905
1930
2101
2552
3930
1870
1910
3134
3537
1901
1910
2149
2335
2313
2052
1870
1901
1869
3209
2106
3568
2015
2303
1902
3701
1952
2066
2001
2086
2298
1883
2282
2411
2014
3352
1893
2024
2331
2344
2211
2471
3830
1911
1886
1955
2172
1932
2070
2797
2042
3390
2137
4234
1932
2015
1990
2724
2302
2009
2158
2603
4152
4257
1916
1957
2060
2216
2309
2334
3016
3239
2740
3053
1913
2114
1916
1985
2011
1930
2028
2925
3220
1952
2068
3232
1943
3009
2514
2003
1943
1968
2172
2115
2091
2134
1989
2040
2093
1959
2003
1956
2051
2075
2105
3828
2522
2975
3310
1946
2275
2991
2857
3607
4142
2239
2457
2450
2722
3055
2186
1955
2035
3273
2171
3822
1957
2011
2245
2228
2348
2428
2153
2125
1965
2489
2051
2096
2271
2436
2947
2148
2698
3163
3768
2530
2688
2528
3096
3692
2000
2020
2243
2013
2017
3500
2006
2180
1996
2263
4019
2060
2124
2653
3902
3834
2141
2431
2104
3703
2065
2201
3582
3146
3373
1989
3711
3070
2001
2136
3596
2318
2383
2478
2040
2229
3953
2113
2249
2273
2024
2283
2310
2211
2448
2041
2176
2191
2028
2206
2340
2237
2460
3303
3647
3292
3721
2381
2390
3998
2574
3314
3664
1989
2147
2224
2249
2400
2751
2099
2102
2368
2557
2665
3412
2085
2140
2345
2224
2241
2085
2187
2903
2713
2322
2623
3473
2492
2123
2193
2911
3580
2252
2363
3099
2079
2163
3678
4273
2347
2676
2195
2354
2093
2098
2195
2294
2222
2798
2468
3741
2188
2931
2163
2435
2242
2439
3431
3811
2123
2380
4189
2386
3378
2060
2085
2208
2068
2267
2312
2388
3281
2186
2332
2035
2041
2079
2189
2107
2048
2084
2235
2294
4085
2546
2936
3173
2309
2737
3341
3949
4070
2443
2521
2483
3766
2197
2248
2246
2256
2320
2308
2081
2061
2215
2117
3927
2321
3782
2174
3337
2100
4142
3469
2382
3360
2246
3660
2314
3466
3859
2206
2210
2259
2529
2149
2149
3985
3155
2130
2140
4141
2163
2106
2197
2089
2275
2707
3138
3633
2121
2312
2326
2174
2403
2394
2105
2288
3339
2126
2271
2836
2857
2923
2389
2746
2979
2139
2162
2597
2091
2264
2332
2465
3204
2119
2160
2467
2321
2393
2474
2141
2192
3798
2123
2191
2240
2105
3292
2762
2248
2958
2560
2215
2191
3528
2132
2134
2130
2162
2441
3445
2517
3039
2426
2180
2412
2188
2362
2192
4145
2240
2482
2139
2238
2501
2374
2830
2760
2132
2192
3287
2452
3252
3976
2588
2704
2539
2767
3457
2849
3958
4181
2265
2692
2836
2928
2342
2361
2491
3995
2824
3539
3981
2595
2150
3547
2404
4297
3959
2247
2277
2326
2172
2193
2583
2728
2187
2628
2378
4010
3809
3946
3879
3054
2479
2912
3326
2457
2559
2720
2832
2302
2281
2886
3480
3491
3615
2251
2398
2709
2432
4174
3389
2580
3744
4017
2208
2250
2274
2449
2581
2323
2195
2779
4104
2926
2271
3073
3048
2885
3538
2259
2281
2794
3004
2359
3161
2308
3336
2873
3929
2677
3680
3120
3747
2351
3581
2248
2851
3110
3249
2452
2558
2600
2478
2620
2210
2439
2529
3613
3212
3635
2401
2459
3189
2812
3722
2484
2883
2841
2259
2667
2333
2869
2357
2426
2460
2265
2624
2286
2251
2326
2897
2484
2534
2553
2661
2467
3036
2759
2896
2313
2350
2320
2418
3615
2427
2771
2284
2349
3137
4175
2417
2428
2348
2858
2649
2415
2711
2368
2821
2386
3520
2359
2421
2437
2250
2536
2364
2299
2672
2303
2892
2283
2424
2873
2325
3957
2458
3298
3286
3339
3828
3528
2956
2399
2462
3736
2370
4108
2265
2416
2543
3551
2374
2512
2927
3729
3135
3505
2877
2843
2357
2568
2460
2645
2384
3859
2299
2463
2647
2720
2429
2714
2429
2447
2599
2712
2796
2363
2374
2454
2642
2469
2489
3503
2365
3812
2438
3694
2919
2965
2406
3486
2518
2518
3515
2320
2375
2672
2454
2486
2657
2570
2608
2556
3056
3417
2382
2524
2440
3918
4071
4139
2442
2494
2970
2823
2488
3416
3694
2590
2458
2371
2800
3428
2378
4092
2587
2684
2554
2921
2614
2817
2859
2334
2478
2569
3094
3354
4105
2501
3077
2404
2824
3042
4106
4056
2415
2442
2356
2388
2703
3965
2503
2354
2869
2403
2493
3481
3625
2537
3777
2450
2571
2774
3431
2389
2420
3027
2618
2539
2682
3228
2434
2512
2608
2440
4119
2378
2369
2556
2548
3578
4115
2380
2650
2529
2417
2852
2447
2473
2411
2652
2662
2375
2469
2623
2430
3744
2622
2668
2463
2486
2709
2897
2526
2537
2786
2981
3835
2458
3752
2430
2488
3548
2634
2882
2424
3408
2739
2869
2503
2583
2637
2892
3186
2573
2437
2425
3338
2431
2521
2543
2454
2473
2575
2435
2590
2422
2523
3917
3928
2600
2621
2640
2750
2418
2422
2911
3029
3068
2459
4167
4177
2508
2686
3799
4063
3170
3410
2553
2436
2450
2960
2969
3953
3771
3875
2519
2448
3485
2434
2695
3460
3849
2784
2467
2562
2482
2519
3578
3075
3649
2449
2981
3010
3704
3514
3896
3037
2847
2508
2617
2584
2500
2782
2664
3335
2482
2595
2472
2499
3272
2544
3074
3194
3844
2479
2517
3529
2799
2552
3249
4031
2497
2837
3527
3261
2764
2920
3944
3100
3889
2685
3340
2815
2744
3152
3737
3760
2508
2579
2775
2479
3559
2788
3637
2781
3415
2564
2582
2838
2572
3937
3151
3764
2951
3538
2800
2804
2585
2488
2635
3284
2945
3459
3945
4155
2546
2615
2652
2823
2581
2519
4115
2909
3002
2870
3560
2573
2767
3060
3094
2636
2980
2656
2821
2584
3060
3104
3171
2743
2935
2653
2729
3001
3063
2989
3414
2598
2647
3113
2635
2780
2853
2874
2882
3052
2694
3272
3657
2638
2943
2797
3151
3132
3194
2753
2951
2637
3891
3106
2617
2748
3820
4159
4216
3642
2711
3012
2724
2835
2816
3221
3743
2652
2973
3617
3639
2645
2685
3857
2989
3034
2555
2687
2777
2943
2930
2560
2807
3570
3160
2886
3166
4068
3757
3810
3239
3597
3826
2890
2753
2830
2621
2707
3718
2775
3167
2778
3090
2691
2639
2845
2961
2658
3783
3624
4069
3176
2584
2623
2590
2656
2807
2874
2782
2818
3277
3512
3191
3002
3034
3112
3832
4021
2943
2945
3222
2600
2785
2826
2610
2860
3620
2696
2959
2708
2837
3314
3236
3714
2949
2897
3322
2704
2853
3235
3137
3992
3078
3905
2684
2735
4074
3077
3156
2858
3092
2781
2993
2932
3152
3095
3719
2983
2822
3080
3662
4288
2617
2775
3880
3242
3442
3661
2715
2729
3049
2971
3909
3068
3205
2868
3275
2887
4042
3166
3193
3000
3111
3472
2656
4011
2799
2711
3447
3052
3185
3358
3415
2900
2914
3018
3506
2868
2879
3021
2805
3738
2733
2952
3131
2718
2876
3111
3129
4183
4158
3159
3243
3119
2642
2913
2737
2845
2781
3129
3662
3108
3536
2881
3565
3640
3076
3375
2777
3024
2685
3259
3086
3393
3276
2765
2938
3254
2941
3609
2858
2862
3055
2955
3019
3683
2743
3135
4148
2712
2815
3012
3343
3783
3216
3372
2695
2750
2863
3091
2801
3308
3500
3679
4152
2812
2851
3693
4172
2837
2863
3584
2748
2860
2916
2879
2895
3421
3245
3648
2812
2785
2800
2843
2891
3257
2875
3190
2845
3097
3133
2874
3364
3641
3674
2980
3057
2764
2768
3078
3407
3530
2706
2984
2817
2889
2990
2835
3109
3716
2891
2900
2841
2739
3526
2730
2833
2992
3180
3038
3510
3795
2767
2966
2785
3026
2741
3140
3767
2993
4124
3855
3308
4072
3612
2906
3019
3211
3420
3677
3860
3543
3592
3728
3157
3996
3413
2861
2889
3901
4035
4169
2780
2987
2880
2757
2758
2861
2875
2851
2967
2977
3172
3623
3148
3001
3091
3584
3534
2838
3089
2766
3742
2924
3076
4195
2823
3970
4139
2868
3022
3333
3214
2906
3240
3038
3084
4077
3562
2773
2833
3083
3105
3403
3457
2773
3168
2803
3293
2833
2929
3185
3732
3024
2867
3136
2875
2886
2864
3364
2955
3192
3519
4037
3117
3162
2805
3841
3158
3384
3544
3145
3241
3395
2975
3707
2893
2852
3063
3498
3887
2895
2972
2798
3593
2967
3729
2806
3234
3402
2929
2992
3353
2906
2917
2976
3262
3999
2802
3199
3207
3290
3497
4208
2890
3018
3004
2964
2961
2944
3215
2884
3769
3212
3266
2979
2923
3366
3458
2892
3475
3092
3201
3629
3749
3093
4055
3710
3189
3255
2954
3050
3284
3329
3694
3545
3757
3209
3549
3057
3098
3135
3122
3523
3701
3870
3584
3781
3502
2966
3068
3075
3381
3417
3422
3566
3379
3517
2916
3150
3176
3922
4137
3208
3141
3301
4247
2917
2963
2880
3328
3556
3124
3023
3118
4293
3599
3977
2982
3897
3000
2856
3260
3594
2888
3315
3021
3675
3465
3316
3508
3659
2928
2889
3218
3332
3516
2888
2910
2963
3342
3380
2929
3022
3210
3099
3213
3288
3343
4271
3452
3351
3439
4181
3065
3078
3037
3817
3329
3608
2959
2902
3020
2910
2931
4162
4052
3083
3012
3656
4231
3954
3927
2914
2952
2963
3255
3793
3201
3221
3347
3470
3660
3117
3398
3462
3801
4065
2993
3100
3751
3725
3330
3558
3540
4206
2951
3046
3344
3132
3951
3377
3533
3367
3714
3104
3159
2944
3076
3574
3382
3945
2975
3065
3119
3070
3237
3075
3257
2980
3307
3681
3228
2949
3046
2974
3145
3637
4144
3086
3089
3206
3531
2987
3164
4253
3376
3088
3130
4254
3218
3323
3274
3318
3114
3496
3051
3017
3833
3036
3132
3359
3818
4046
3664
3572
3562
4116
3685
3010
3147
4003
3426
3803
3285
3368
3098
3177
3576
3035
3090
3231
3502
4031
3603
3264
3808
3972
3675
3795
3813
4103
3458
3806
3026
3028
3589
3563
3970
3153
3175
3646
3689
3984
3930
3883
3162
3177
3522
4025
3171
3291
3511
3189
3193
3013
3446
3784
3140
3157
3107
4000
4008
3017
3018
3150
3266
3397
4087
3364
3387
3050
3204
3440
3505
3401
3736
3565
3042
3734
3042
3664
3652
4131
3405
4235
4038
3195
3205
3551
4233
3544
3695
3918
4127
3869
3312
3610
3327
3658
3770
3535
3378
3916
3199
3297
3086
3614
3273
3220
3958
3418
3208
3297
3224
3871
3898
3177
3300
3556
3551
3698
3942
3247
3255
3390
3248
3802
3550
3725
3951
4141
3379
3533
3952
3161
3564
3906
4100
4137
4274
3160
3207
3307
3574
3905
3939
4222
3844
4221
3278
3622
3851
3269
4161
3763
3914
3212
3583
4200
3248
3351
3447
3233
3391
3900
3119
3938
3853
4045
3410
3513
3453
4217
3561
3700
3553
3684
3854
3156
4048
3117
3259
3303
3157
4203
3740
3993
3487
3779
3127
3686
4088
3937
3229
3295
3436
4190
4206
3981
4208
3711
4079
3503
4117
4146
3371
3388
4076
4249
3158
3148
4135
3885
3173
3523
3449
3182
3253
4204
4012
3475
3598
3640
3644
3805
3821
3455
3296
3838
3417
3598
3234
3291
3318
3666
3617
3958
3962
3274
3493
3242
3180
3307
3250
4005
3288
3347
3755
3755
4033
3976
3215
3278
3172
3588
3232
3590
3557
3651
3711
3600
3824
3750
3769
3493
3226
3305
4009
3876
3460
3482
3235
4024
3326
3409
3947
3617
3508
3670
3537
3504
4229
3316
3282
3387
3512
3221
3507
3567
3815
3786
3919
3393
3708
3336
4082
3940
3427
3451
3436
3462
3367
3866
3330
3669
4101
3240
3444
3217
3585
3350
4150
4071
3243
3425
3878
3906
3626
3705
3532
3988
3412
3723
4246
3438
3861
3980
4077
4289
4240
3616
3765
3243
3361
3244
4222
3847
3387
3261
3653
3258
3276
3788
3825
4125
3595
3361
3690
3643
3340
4236
3819
3418
4109
4090
3691
4144
3287
3562
3375
3268
4267
3910
3575
3456
3909
3911
3702
3315
3403
3601
3643
4122
3323
3440
3457
3526
3989
3897
3483
3576
4025
3903
3388
3506
3707
4187
3335
3960
3495
3510
3403
3518
4014
3650
3812
3376
3426
3348
3816
4173
3530
4107
3683
3331
4097
3433
3650
3824
4126
3839
3843
3934
3552
3927
3913
4166
3709
3863
4084
4242
3912
3318
3411
3659
3684
3332
3550
3437
4036
3345
3978
3428
3745
4179
3920
4291
3952
3485
3831
4147
3433
3730
3342
4228
3452
3866
3361
3416
3661
4201
3381
3496
3896
4027
3709
3899
3669
3368
3819
4016
4140
3986
4145
3440
4102
3540
3831
3651
4260
3591
3922
3778
3818
3366
3613
4002
3602
3652
4059
4113
3370
4043
3671
3429
3992
3559
3872
4107
3486
3982
3935
3380
3568
4054
3568
4213
3686
3527
4227
4211
3846
3878
3468
3525
3762
3887
4078
3447
4091
3565
3539
3984
3811
3796
4110
3493
4242
3804
4055
3455
4231
3425
3635
4212
4220
3432
3554
3842
4093
4067
3496
3588
3695
3745
3516
3767
3883
3628
3797
4172
3896
4033
3467
3560
3439
3686
3835
3871
3794
3846
4229
3459
4163
3648
3753
3632
3507
3575
3630
3497
3483
3681
3865
3727
3679
3787
4132
3520
3494
4180
3512
3659
3495
3468
3478
3451
3748
3634
4004
3836
4256
3570
3862
4075
4227
3607
3979
4167
3521
3572
3779
3547
3634
3820
4041
3803
3904
4093
4279
4098
4196
3665
3724
3655
3760
3670
4180
3663
4221
3536
4007
4118
3654
4141
3773
4104
3600
4186
3698
3754
4169
4259
3685
4211
3915
4262
4085
3552
3529
3734
3588
3623
3558
4010
4165
3969
3777
4200
3705
3989
4244
3612
4249
3590
3861
3604
3553
3684
3798
4092
3567
3650
3837
3655
4028
3719
3978
3954
3646
4166
3587
3692
3891
3538
3603
4136
4073
3700
3800
3864
4240
3626
3669
3947
3546
3975
3733
4145
4158
3734
3776
3704
3884
3784
3789
3764
3990
3853
3593
3620
4065
4162
3616
3770
3851
4272
4051
4154
3799
3859
3703
3906
3990
3832
3631
3956
3816
3898
4273
4119
3955
4183
4084
4010
3848
3985
3614
3725
3642
3791
3746
3917
3756
4026
3823
3994
3768
3735
4291
3894
4169
3971
4154
4223
3607
3792
4222
3608
3687
4053
3770
3789
3707
3787
3666
3666
3750
4143
3676
3776
3831
3881
3914
4178
4270
3621
3763
3901
4057
3648
4282
4209
3674
3758
4040
3762
3922
4210
3677
4004
3870
4215
3882
4116
3787
3732
3708
3807
3921
3691
3913
4023
4108
3968
4152
3691
3886
4187
3951
4008
4218
4089
3850
3991
3758
4068
4115
4018
4191
4001
3706
4238
4298
4257
4259
3983
3706
4040
4188
4230
3717
4062
3898
3970
4258
4006
4252
3728
3981
4208
4098
3881
3885
3715
3858
3870
3745
4153
4224
3759
4189
4020
3749
3959
3839
3742
3722
4019
3804
3873
4074
3952
4277
3857
4226
3815
4300
3902
4067
3847
3971
4156
3794
4201
4129
4074
3741
4244
4121
3950
4255
3920
4095
4262
3750
3805
3931
3923
3940
3871
3797
3972
3788
4173
3804
3809
4011
3888
3822
3874
3798
4029
3784
3768
4268
3942
3817
3782
4128
3810
4011
3840
3985
3864
4039
3851
3855
3790
4066
4265
3883
4245
4000
4283
3832
4008
3886
4016
3849
4014
3825
4114
4278
4053
3947
3905
3938
4162
4024
4157
4243
4284
3868
4200
4117
4220
4080
3863
4041
3858
3860
4095
3845
3936
4248
4260
4157
3902
4019
4120
4040
3963
4052
3874
4052
4213
4174
4245
4279
4267
3925
3948
3993
4174
4125
4206
3884
3901
3914
3880
4086
4266
3924
3945
3879
4281
3969
4265
4015
3873
3950
4006
4277
3926
3943
4178
4270
4272
4066
4204
3942
3998
4184
3971
4053
3895
4012
3965
4207
4198
3968
4259
4197
4278
4110
4278
4269
3980
4226
3964
4216
4194
4279
3988
4124
4296
4086
3936
4225
3948
4138
4176
3961
3946
4096
4282
4050
4151
4163
4195
4058
3956
3986
4079
4089
4190
4243
3966
4088
4261
4223
4135
4126
4023
4031
3977
4003
4007
4099
4050
4257
4148
4063
3995
4295
3975
4133
4255
4046
4290
4215
4080
4177
4294
4047
4070
4214
4047
4149
4087
4156
4022
4030
4081
4216
4234
4024
4020
4154
4296
4038
4023
4203
4190
4263
4134
4098
4172
4205
4173
4042
4137
4264
4293
4032
4037
4054
4036
4253
4069
4131
4134
4063
4140
4060
4149
4071
4124
4237
4073
4116
4144
4164
4064
4205
4072
4143
4072
4233
4156
4157
4211
4271
4286
4101
4252
4294
4132
4147
4191
4087
4288
4100
4159
4099
4218
4255
4170
4199
4132
4166
4130
4232
4224
4118
4214
4209
4111
4179
4111
4120
4202
4126
4253
4194
4292
4251
4241
4292
4130
4245
4160
4170
4242
4258
4185
4160
4251
4147
4218
4258
4283
4284
4233
4276
4175
4171
4182
4236
4250
4295
4213
4236
4290
4238
4273
4220
4228
4184
4182
4199
4192
4212
4192
4195
4262
4248
4264
4196
4223
4240
4281
4212
4269
4235
4256
4241
4209
4290
4232
4289
4227
4235
4266
4275
4244
4238
4295
4296
4263
4294
4274
4276
4289
4291
4286
4293
4298
4298
4297
)


// ************************************************************************* //
