/*--------------------------------*- C++ -*----------------------------------*\
| =========                 |                                                 |
| \\      /  F ield         | OpenFOAM: The Open Source CFD Toolbox           |
|  \\    /   O peration     | Version:  2412                                  |
|   \\  /    A nd           | Website:  www.openfoam.com                      |
|    \\/     M anipulation  |                                                 |
\*---------------------------------------------------------------------------*/
FoamFile
{
    version     2.0;
    format      ascii;
    arch        "LSB;label=32;scalar=64";
    class       vectorField;
    location    "constant/polyMesh";
    object      points;
}
// * * * * * * * * * * * * * * * * * * * * * * * * * * * * * * * * * * * * * //


1610
(
(1 6.123233996e-18 0.025)
(0 6.123233996e-18 0.025)
(1 -0.0116180793 0.02213640064)
(1 -0.02057459665 0.01420161867)
(1 -0.02481772185 0.003013417006)
(1 -0.02337540607 -0.008865122176)
(1 -0.01657806646 -0.0187127687)
(1 -0.005982891607 -0.02427354544)
(1 0.005982891607 -0.02427354544)
(1 0.01657806646 -0.0187127687)
(1 0.02337540607 -0.008865122176)
(1 0.02481772185 0.003013417006)
(1 0.02057459665 0.01420161867)
(1 0.0116180793 0.02213640064)
(0.0125 6.123233996e-18 0.025)
(0.025 6.123233996e-18 0.025)
(0.0375 6.123233996e-18 0.025)
(0.05 6.123233996e-18 0.025)
(0.0625 6.123233996e-18 0.025)
(0.075 6.123233996e-18 0.025)
(0.0875 6.123233996e-18 0.025)
(0.1 6.123233996e-18 0.025)
(0.1125 6.123233996e-18 0.025)
(0.125 6.123233996e-18 0.025)
(0.1375 6.123233996e-18 0.025)
(0.15 6.123233996e-18 0.025)
(0.1625 6.123233996e-18 0.025)
(0.175 6.123233996e-18 0.025)
(0.1875 6.123233996e-18 0.025)
(0.2 6.123233996e-18 0.025)
(0.2125 6.123233996e-18 0.025)
(0.225 6.123233996e-18 0.025)
(0.2375 6.123233996e-18 0.025)
(0.25 6.123233996e-18 0.025)
(0.2625 6.123233996e-18 0.025)
(0.275 6.123233996e-18 0.025)
(0.2875 6.123233996e-18 0.025)
(0.3 6.123233996e-18 0.025)
(0.3125 6.123233996e-18 0.025)
(0.325 6.123233996e-18 0.025)
(0.3375 6.123233996e-18 0.025)
(0.35 6.123233996e-18 0.025)
(0.3625 6.123233996e-18 0.025)
(0.375 6.123233996e-18 0.025)
(0.3875 6.123233996e-18 0.025)
(0.4 6.123233996e-18 0.025)
(0.4125 6.123233996e-18 0.025)
(0.425 6.123233996e-18 0.025)
(0.4375 6.123233996e-18 0.025)
(0.45 6.123233996e-18 0.025)
(0.4625 6.123233996e-18 0.025)
(0.475 6.123233996e-18 0.025)
(0.4875 6.123233996e-18 0.025)
(0.5 6.123233996e-18 0.025)
(0.5125 6.123233996e-18 0.025)
(0.525 6.123233996e-18 0.025)
(0.5375 6.123233996e-18 0.025)
(0.55 6.123233996e-18 0.025)
(0.5625 6.123233996e-18 0.025)
(0.575 6.123233996e-18 0.025)
(0.5875 6.123233996e-18 0.025)
(0.6 6.123233996e-18 0.025)
(0.6125 6.123233996e-18 0.025)
(0.625 6.123233996e-18 0.025)
(0.6375 6.123233996e-18 0.025)
(0.65 6.123233996e-18 0.025)
(0.6625 6.123233996e-18 0.025)
(0.675 6.123233996e-18 0.025)
(0.6875 6.123233996e-18 0.025)
(0.7 6.123233996e-18 0.025)
(0.7125 6.123233996e-18 0.025)
(0.725 6.123233996e-18 0.025)
(0.7375 6.123233996e-18 0.025)
(0.75 6.123233996e-18 0.025)
(0.7625 6.123233996e-18 0.025)
(0.775 6.123233996e-18 0.025)
(0.7875 6.123233996e-18 0.025)
(0.8 6.123233996e-18 0.025)
(0.8125 6.123233996e-18 0.025)
(0.825 6.123233996e-18 0.025)
(0.8375 6.123233996e-18 0.025)
(0.85 6.123233996e-18 0.025)
(0.8625 6.123233996e-18 0.025)
(0.875 6.123233996e-18 0.025)
(0.8875 6.123233996e-18 0.025)
(0.9 6.123233996e-18 0.025)
(0.9125 6.123233996e-18 0.025)
(0.925 6.123233996e-18 0.025)
(0.9375 6.123233996e-18 0.025)
(0.95 6.123233996e-18 0.025)
(0.9625 6.123233996e-18 0.025)
(0.975 6.123233996e-18 0.025)
(0.9875 6.123233996e-18 0.025)
(0 -0.0116180793 0.02213640064)
(0 -0.02057459665 0.01420161867)
(0 -0.02481772185 0.003013417006)
(0 -0.02337540607 -0.008865122176)
(0 -0.01657806646 -0.0187127687)
(0 -0.005982891607 -0.02427354544)
(0 0.005982891607 -0.02427354544)
(0 0.01657806646 -0.0187127687)
(0 0.02337540607 -0.008865122176)
(0 0.02481772185 0.003013417006)
(0 0.02057459665 0.01420161867)
(0 0.0116180793 0.02213640064)
(0.456360231 0.01065988742 0.0226134208)
(0.6562951068 0.01051329831 0.02268194345)
(0.26875 0.01056855411 0.02265625)
(0.78125 0.01056855411 0.02265625)
(0.15625 0.01056855411 0.02265625)
(0.5562904977 0.01049751135 0.02268925419)
(0.3559412733 0.01170321284 0.02209150989)
(0.86875 0.01056855411 0.02265625)
(0.0936947072 0.0105410021 0.02266908191)
(0.71875 0.01056855411 0.02265625)
(0.20625 0.01056855411 0.02265625)
(0.4058499905 0.0118673778 0.0220037575)
(0.5062857789 0.0105148392 0.02268122917)
(0.6062835471 0.01052423314 0.02267687185)
(0.91875 0.01056855411 0.02265625)
(0.05628409229 0.01054159316 0.02266880706)
(0.306562203 0.01135218246 0.0222739299)
(0.81875 0.01056855411 0.02265625)
(0.94375 -0.01056855411 0.02265625)
(0.90625 -0.01056855411 0.02265625)
(0.8677410964 -0.01064457898 0.02262063081)
(0.83125 -0.01056855411 0.02265625)
(0.79375 -0.01056855411 0.02265625)
(0.75625 -0.01056855411 0.02265625)
(0.71875 -0.01056855411 0.02265625)
(0.68125 -0.01056855411 0.02265625)
(0.6436636936 -0.01058679612 0.02264773163)
(0.6061670423 -0.01058545002 0.02264836082)
(0.5686705352 -0.01058407272 0.0226490045)
(0.5311741763 -0.01058266393 0.02264966278)
(0.4936779598 -0.01058122628 0.02265033444)
(0.456181902 -0.01057974765 0.02265102514)
(0.4186860271 -0.01057822074 0.02265173826)
(0.381184544 -0.01058804784 0.02264714646)
(0.3436898164 -0.01058467048 0.02264872515)
(0.3061952592 -0.01058133827 0.02265028212)
(0.2687008938 -0.01057805369 0.02265181627)
(0.2312067312 -0.01057482022 0.02265332597)
(0.1937128058 -0.0105716473 0.02265480685)
(0.15625 -0.01056855411 0.02265625)
(0.11875 -0.01056855411 0.02265625)
(0.08125 -0.01056855411 0.02265625)
(0.9892932968 0.01123702284 -0.02233224838)
(0.009475518921 -0.01156201654 -0.02216573422)
(0.01033717755 0.02057459665 -0.01420161867)
(0.9896628224 -0.02057459665 -0.01420161867)
(0.9562675793 0.01053801959 0.02267046852)
(0.04375 -0.01056855411 0.02265625)
(0.1188710844 0.01054156178 0.02266882166)
(0.18125 0.01056855411 0.02265625)
(0.2312792426 0.01054304161 0.02266813344)
(0.3309905454 0.01163038971 0.02212993527)
(0.3808948984 0.01178248431 0.0220493325)
(0.43125 0.01056855411 0.02265625)
(0.4812505556 0.01051257575 0.02268227835)
(0.5312852205 0.01051711973 0.0226801718)
(0.5812508344 0.01050299629 0.02268671569)
(0.6312961852 0.01050991953 0.02268350924)
(0.68125 0.01056855411 0.02265625)
(0.74375 0.01056855411 0.02265625)
(0.8437498721 0.01051403805 0.02268160056)
(0.89375 0.01056855411 0.02265625)
(0.0312588609 0.01051944763 0.02267909217)
(0.96875 -0.01056855411 0.02265625)
(0.9886293582 0.02371922855 0.007899252949)
(0.01201659084 -0.02330686901 0.009043774488)
(0.01033717755 0.02337540607 0.008865122176)
(0.9902005348 -0.0233882773 0.008831108918)
(0.98125 0.01056855411 0.02265625)
(0.01875 -0.01056855411 0.02265625)
(0.04365967488 0.01052013303 0.02267877424)
(0.04991082816 0.01900088651 0.0162470401)
(0.06217895529 0.01910017637 0.01613019723)
(0.05591547127 0.02404494971 0.006844004181)
(0.06814895032 0.02408883242 0.006687910929)
(0.06189505248 0.02470905009 -0.003803004539)
(0.07412194393 0.02468350429 -0.003965427565)
(0.04967393706 0.02473332673 -0.003641778251)
(0.05564674327 0.0209769338 -0.01360030324)
(0.04295908378 0.02098902933 -0.01358162905)
(0.04930882617 0.01356082311 -0.02100247787)
(0.06161162498 0.01342245606 -0.02109117525)
(0.05505732955 0.003509463741 -0.02475244764)
(0.06744017257 0.003398607438 -0.02476791205)
(0.06133494862 -0.007095266337 -0.02397200859)
(0.07360728286 -0.007266774411 -0.0239205767)
(0.04883295478 -0.006949420602 -0.02401469453)
(0.06725848357 -0.01649601167 -0.01878514304)
(0.07962555614 -0.01662935833 -0.0186672023)
(0.03723871999 0.01369765312 -0.02091349562)
(0.07331940894 -0.02286466101 -0.01010976146)
(0.08565930817 -0.02293754733 -0.009943285303)
(0.09197937153 -0.01674679689 -0.01856191784)
(0.07988575244 0.003254407348 -0.02478727159)
(0.09801349006 -0.0230045098 -0.009787365787)
(0.1043363129 -0.01686180636 -0.01845750488)
(0.06098198542 -0.02279053319 -0.01027577719)
(0.1103836133 -0.02307024377 -0.009631399287)
(0.1167107025 -0.01697654703 -0.0183520258)
(0.1106540839 -0.00766037692 -0.02379744998)
(0.1230220808 -0.007809630119 -0.02374888792)
(0.1227664381 -0.02313425864 -0.009476606843)
(0.1169352624 0.002914414531 -0.02482954264)
(0.1293270811 0.002761268803 -0.02484703996)
(0.1232771516 0.0129565601 -0.0213805414)
(0.1356246122 0.01282433084 -0.02146011506)
(0.1416652212 0.002613731709 -0.02486299271)
(0.147969669 0.01269725731 -0.02153554403)
(0.1540154181 0.002463756256 -0.02487830189)
(0.1603183309 0.01256888823 -0.02161071606)
(0.1663707984 0.002313475079 -0.02489272651)
(0.1726594901 0.01244135871 -0.02168438594)
(0.1787233075 0.002163260052 -0.02490623026)
(0.1850225751 0.01231334758 -0.02175733144)
(0.1910818113 0.002013387497 -0.02491879353)
(0.1973815328 0.01218383634 -0.02183011984)
(0.2034407441 0.001863490767 -0.0249304513)
(0.2097402763 0.01205406885 -0.02190204155)
(0.2158024727 0.00171365804 -0.02494119837)
(0.22210296 0.01192349505 -0.02197339905)
(0.2281610003 0.001537777134 -0.02495266001)
(0.2344723612 0.01179293827 -0.02204374303)
(0.2405283382 0.001414086007 -0.02495997518)
(0.246837846 0.01166139149 -0.02211361455)
(0.2528912046 0.001242725555 -0.02496909356)
(0.2592624172 0.01155305126 -0.02217040835)
(0.2652611992 0.001114435563 -0.02497514832)
(0.2715716388 0.01139747543 -0.02225078771)
(0.2776271421 0.0009476917343 -0.02498203115)
(0.2839648672 0.01124844391 -0.02232649793)
(0.2899995361 0.0008146420234 -0.02498672364)
(0.2961970688 0.01111998642 -0.02239075484)
(0.3023668558 0.0006532177676 -0.02499146467)
(0.3086831584 0.01099835193 -0.02245075177)
(0.3147432211 0.0005147867998 -0.02499469933)
(0.3210582624 0.01085918484 -0.02251839481)
(0.3271170328 0.0003648389583 -0.02499733771)
(0.3334307635 0.01073031585 -0.02258008684)
(0.3394930473 0.0002148753481 -0.02499907655)
(0.3458085045 0.01059047237 -0.02264601278)
(0.3518687738 6.494723828e-05 -0.02499991564)
(0.3581834888 0.01046075712 -0.02270622295)
(0.3642467595 -8.499476193e-05 -0.02499985552)
(0.3705636394 0.01032027325 -0.02277041853)
(0.3766250795 -0.0002348748781 -0.02499889665)
(0.382941323 0.01018974714 -0.0228291273)
(0.3890057651 -0.0003844774927 -0.02499704337)
(0.3953240869 0.0100486501 -0.02289158429)
(0.4013867441 -0.0005346545091 -0.02499428224)
(0.4077042657 0.009917327384 -0.02294878249)
(0.4137697981 -0.000681489286 -0.02499070972)
(0.420089572 0.009775654999 -0.02300948868)
(0.4261535365 -0.0008343278203 -0.02498607406)
(0.4324723142 0.009643514798 -0.02306518204)
(0.4385385212 -0.0009783772069 -0.02498084823)
(0.4448596526 0.009501262552 -0.02312414344)
(0.4509253217 -0.001133825997 -0.02497427554)
(0.4572452733 0.009368283429 -0.02317833613)
(0.4633117548 -0.00127505905 -0.02496746332)
(0.4696349911 0.009225470311 -0.02323554814)
(0.4757016787 -0.001433042364 -0.024958894)
(0.4820227314 0.009091674131 -0.02328822581)
(0.4880899648 -0.00157149054 -0.02495055946)
(0.4944146326 0.008948337019 -0.02334367719)
(0.5004823407 -0.001731969528 -0.02493993347)
(0.5068044139 0.008813735742 -0.02339482982)
(0.5128717396 -0.001867661473 -0.0249301392)
(0.5191982021 0.008669922922 -0.02344850606)
(0.525267135 -0.002030627472 -0.02491739457)
(0.5315902174 0.00853455627 -0.02349811374)
(0.5376576376 -0.00216355591 -0.02490620456)
(0.5439861037 0.008390294566 -0.0235500097)
(0.5500559823 -0.002328944652 -0.02489128395)
(0.5563800839 0.00825418748 -0.02359805901)
(0.5624480989 -0.002459134974 -0.02487875912)
(0.5687768623 0.008113496256 -0.0236468006)
(0.5748488981 -0.002626901693 -0.02486160468)
(0.5811748476 0.007968502686 -0.02369605378)
(0.5872420199 -0.002754421413 -0.02484779996)
(0.593572463 0.007831464051 -0.02374169688)
(0.5996458546 -0.002924481503 -0.02482835895)
(0.6059733054 0.007685964426 -0.0237891982)
(0.6120398458 -0.003049257975 -0.0248133437)
(0.6183723786 0.007548263325 -0.02383324822)
(0.6244467649 -0.003221583574 -0.02479155903)
(0.6307746529 0.007402359375 -0.02387896722)
(0.6368422941 -0.003343605469 -0.02477539712)
(0.6431761722 0.00726396527 -0.0239214299)
(0.6492514227 -0.003518106914 -0.02475122065)
(0.6555792491 0.007121079927 -0.02396435312)
(0.6616470896 -0.003637348166 -0.02473397862)
(0.1724183314 -0.008384164569 -0.02355219277)
(0.197172526 -0.008625109924 -0.02346502672)
(0.2218555164 -0.008954648455 -0.02334125684)
(0.2471057691 -0.01096393082 -0.02246758156)
(0.2718928075 -0.01094959492 -0.02247457166)
(0.2967249115 -0.01091341395 -0.02249216299)
(0.3208031847 -0.01007277754 -0.02288097796)
(0.3456316613 -0.01035729824 -0.02275360132)
(0.3704873559 -0.01062796086 -0.02262844334)
(0.3956680035 -0.01078815515 -0.02255251003)
(0.4205749714 -0.01086995689 -0.02251319696)
(0.4453191159 -0.01096351464 -0.02246778464)
(0.4700961117 -0.01106615279 -0.02241740981)
(0.4949110248 -0.01117653025 -0.02236258419)
(0.5197536368 -0.01129387846 -0.02230354925)
(0.544617028 -0.01141770991 -0.02224041143)
(0.5694976791 -0.01154773292 -0.02217317894)
(0.5943934031 -0.01168377888 -0.0221017943)
(0.6175378993 -0.01279090407 -0.02148005524)
(0.6679832276 0.00697851297 -0.02400625662)
(0.6740592377 -0.003814037658 -0.02470734945)
(0.6803878847 0.00683508629 -0.02404748626)
(0.6864646856 -0.003929279754 -0.02468928433)
(0.6927931627 0.006691994975 -0.02408769817)
(0.6991159556 -0.004064470005 -0.02466738907)
(0.7052036806 0.006550162887 -0.02412665261)
(0.7112761744 -0.004256774994 -0.02463493184)
(0.7176278607 0.006405168016 -0.02416555033)
(0.7236836029 -0.004378325339 -0.02461361955)
(0.6990697833 0.01612071191 -0.01910818274)
(0.7300355687 0.006257297154 -0.02420426062)
(0.7362801637 -0.00450541125 -0.02459067444)
(0.7424135587 0.00611626662 -0.02424028223)
(0.7484988979 -0.004698063653 -0.02455459627)
(0.7548266262 0.005971526858 -0.02427634377)
(0.760907895 -0.00482462104 -0.02453004345)
(0.76723845 0.005826725488 -0.02431150489)
(0.7734592969 -0.00494410121 -0.02450624131)
(0.7796552984 0.005683128391 -0.02434547292)
(0.785848582 -0.005133374616 -0.02446729378)
(0.7920793265 0.005534710839 -0.02437964265)
(0.7981369317 -0.005283826764 -0.02443524452)
(0.8044684119 0.005391031208 -0.02441181645)
(0.810537608 -0.005385824954 -0.0244129656)
(0.8168864473 0.005249621874 -0.02444261586)
(0.8231587971 -0.005594111871 -0.02436608119)
(0.829338249 0.005100734587 -0.02447411912)
(0.8354099813 -0.005753990496 -0.02432882228)
(0.8417377283 0.004953445644 -0.02450435423)
(0.8477814956 -0.005866287042 -0.02430198914)
(0.8541182767 0.004807135384 -0.0245334761)
(0.8602046574 -0.005979895946 -0.0242742836)
(0.8665265462 0.004660680745 -0.0245617193)
(0.872851393 -0.006112390667 -0.02424125988)
(0.878936653 0.004515592734 -0.02458880685)
(0.8851490852 -0.006295608185 -0.02419432408)
(0.8913453013 0.004366276851 -0.02461575972)
(0.8974210786 -0.006441283174 -0.02415594898)
(0.9037460378 0.004215186808 -0.0246420819)
(0.9098970223 -0.006547069983 -0.02412749209)
(0.9161468178 0.004069946685 -0.02466648605)
(0.922572037 -0.006690444892 -0.02408812876)
(0.9284795567 0.003900375214 -0.02469386712)
(0.9345301262 -0.006835297253 -0.0240474263)
(0.9407977182 0.003725337892 -0.02472087898)
(0.9468320341 -0.006836443176 -0.02404710055)
(0.9347958409 0.01372709455 -0.02089418281)
(0.9470547643 0.01358513734 -0.02098675876)
(0.7611158427 0.01554605184 -0.01957856665)
(0.7983892064 0.01519754921 -0.01985030221)
(0.9282602908 -0.01618617736 -0.01905275997)
(0.88878798 -0.01585624039 -0.01932820842)
(0.8538610726 -0.01559074893 -0.01954299229)
(0.8159606426 -0.01638758862 -0.01887980241)
(0.7793953684 -0.01487940342 -0.02008988187)
(0.7415193808 -0.01378032016 -0.02085911734)
(0.7042999487 -0.01348378866 -0.02105201756)
(0.6670887192 -0.01318235915 -0.02124206692)
(0.1108471863 0.01308550166 -0.02130186955)
(0.2912750138 0.0192662266 -0.01593149436)
(0.2531464623 0.01979539368 -0.01526900092)
(0.1477161306 -0.008093284035 -0.023653726)
(0.9100707344 0.01408407473 -0.02065523757)
(0.941068505 0.02110529245 -0.01340024741)
(0.9532306014 0.02101827471 -0.01353632625)
(0.8852219797 0.01434854988 -0.02047239889)
(0.1419220929 0.02057150635 -0.0142060947)
(0.8603972912 0.0145957136 -0.02029692451)
(0.8359063931 0.01484635806 -0.02011431462)
(0.7363429237 0.01578052899 -0.01939007233)
(0.6742640378 0.01634706212 -0.01891490312)
(0.642307935 -0.0129865093 -0.02136236354)
(0.6499362147 0.01644823525 -0.01882699012)
(0.6246989051 0.01679256681 -0.01852052105)
(0.5998980136 0.0170105281 -0.01832053312)
(0.5636211853 0.01720235291 -0.01814053622)
(0.5379132532 0.01754486806 -0.01780948076)
(0.51312644 0.01775434922 -0.01760065577)
(0.488343736 0.01796132275 -0.01738939002)
(0.4635651769 0.01816572452 -0.01717575188)
(0.4387910451 0.01836748252 -0.0169598227)
(0.4134534901 0.01849761168 -0.01681779897)
(0.3886974257 0.01869340233 -0.01659990088)
(0.3639465442 0.01888671001 -0.01637962713)
(0.3392008107 0.01907749249 -0.01615701953)
(0.3144601131 0.01926571272 -0.01593211578)
(0.1666202957 0.02040629672 -0.01444240473)
(0.1913324627 0.0202363352 -0.01467960278)
(0.216048359 0.02008025488 -0.01489239283)
(0.1172406772 0.02073818077 -0.01396165672)
(0.1049215037 0.02082460403 -0.01383242087)
(0.9592627775 0.01346496687 -0.02106406103)
(0.9654414699 0.02091337585 -0.01369783598)
(0.03750109102 0.02475244843 -0.003509458202)
(0.0669967196 -0.0249984236 0.0002807442206)
(0.1017368113 -0.02499067633 0.0006827126234)
(0.9473264038 0.02475099377 -0.00351970272)
(0.9350414966 0.02477552724 -0.003342641162)
(0.1112660502 0.02468298717 -0.003968645138)
(0.0546390841 -0.02499980493 9.875879333e-05)
(0.09891522917 0.02470536398 -0.003826877398)
(0.9414249374 0.02393615399 0.007215298472)
(0.06066384365 -0.02262608097 0.01063298923)
(0.1236590338 0.0246868582 -0.003944493916)
(0.08038334841 0.02413156586 0.006532038649)
(0.09263365112 0.02092005221 -0.01368763732)
(0.1058225717 0.02403864755 0.006866106914)
(0.9291328956 0.02389300483 0.007356923289)
(0.9227309826 0.02479693832 -0.003179913518)
(0.04863287202 -0.022712215 -0.01044774091)
(0.04236088238 -0.02499973691 -0.0001146920565)
(0.0363666225 -0.02264534525 -0.01059189966)
(0.03006113494 -0.02499767881 -0.0003406672212)
(0.02353742289 -0.02260426791 -0.01067928239)
(0.03037142382 -0.01620086146 -0.01904027541)
(0.9536530357 0.0239932039 0.007023258983)
(0.9167217732 0.02384568794 0.007508872526)
(0.9103991753 0.0248149729 -0.003035971043)
(0.9043576518 0.02379213725 0.007676861664)
(0.898057853 0.02483275043 -0.002886954498)
(0.892044252 0.02374339838 0.007826303939)
(0.8856962754 0.02484952555 -0.002738809989)
(0.8796971947 0.02369512902 0.007971252147)
(0.8733387529 0.02486596985 -0.00258525499)
(0.8673117233 0.02364618969 0.008115276521)
(0.860972817 0.02488116356 -0.002434686862)
(0.8549213941 0.02359240437 0.008270335912)
(0.848610814 0.02489603726 -0.002277570785)
(0.842597813 0.02354515474 0.008403909097)
(0.8362451754 0.02490926505 -0.002128030728)
(0.8301936505 0.02348859312 0.008560723881)
(0.8238790951 0.0249221005 -0.001972031154)
(0.971437882 0.01334096716 -0.02114281427)
(0.9652355787 0.003549256947 -0.02474677302)
(0.9776426014 0.02080573098 -0.01386079213)
(0.9717423177 0.02467686235 -0.004006552713)
(0.9364121229 0.01870859806 0.01658277295)
(0.8178382436 0.02343602979 0.00870359165)
(0.8115339867 0.02493386152 -0.00181729186)
(0.8054476603 0.02338452432 0.008841041914)
(0.7991551492 0.02494438986 -0.001666557623)
(0.7931042234 0.02332646652 0.008993106244)
(0.7867898345 0.02495436062 -0.001509929111)
(0.817569186 0.02184538499 -0.01215644499)
(0.03552464067 -0.02285742361 0.01012611407)
(0.7807257167 0.02327588718 0.009123216312)
(0.7744486617 0.0249632453 -0.001355132537)
(0.7682453227 0.02322051291 0.009263248904)
(0.7620696468 0.02497097656 -0.001204296339)
(0.7560196254 0.0231565363 0.009422039402)
(0.7497094428 0.0249781704 -0.001044511008)
(0.780481147 0.02206736738 -0.01174867213)
(0.07075774156 -0.02260219143 0.01068367645)
(0.7436595057 0.02309816985 0.009564232828)
(0.7373494489 0.02498394282 -0.0008958802145)
(0.7313001378 0.02303894662 0.009706025882)
(0.7249914407 0.0249890828 -0.0007387426062)
(0.06443346132 -0.01607049671 0.01915043434)
(0.7994156785 0.01748436508 0.01786888294)
(0.718910914 0.02298582091 0.009831176789)
(0.7126536729 0.02499318784 -0.0005835764322)
(0.7064053351 0.02292800185 0.009965276282)
(0.7002750494 0.02499624922 -0.0004330414105)
(0.694226936 0.02285614717 0.01012899485)
(0.6879187855 0.02499849757 -0.0002740788977)
(0.7186808058 0.02242091078 -0.01105905782)
(0.7623300138 0.01715290732 0.01818729695)
(0.977358872 0.003401163756 -0.02476756115)
(0.9711640017 -0.006982223089 -0.02400517779)
(0.9805516902 -0.007088899811 -0.02397389204)
(0.6818550683 0.02280762558 0.01023778372)
(0.6755629624 0.02499969011 -0.0001244770329)
(0.6691979651 0.02275070815 0.01036365179)
(0.6632081802 0.02499998224 2.979741058e-05)
(0.6565264179 0.0226886102 0.01049890314)
(0.6508543297 0.02499932216 0.0001840963855)
(0.6439343697 0.02262468341 0.01063596262)
(0.6384869373 0.0249977447 0.0003357976636)
(0.7005352242 0.01658874589 0.01870330211)
(0.6314108616 0.02255892857 0.01077472698)
(0.6261501273 0.02499514313 0.0004927677017)
(0.6189515449 0.0224927674 0.01091216818)
(0.61379997 0.02499162438 0.0006470785522)
(0.6065222044 0.02242526681 0.0110502221)
(0.6014511766 0.02498715395 0.0008013347185)
(0.5941238065 0.02235745612 0.01118678487)
(0.5891038495 0.02498173049 0.0009555844082)
(0.5817313426 0.02228782601 0.01132487579)
(0.5767578851 0.02497535929 0.0011096973)
(0.5694099585 0.02223351195 0.01143113933)
(0.5643903475 0.02496807999 0.00126292576)
(0.5828003149 0.02312360015 -0.009502584707)
(0.5572216081 0.02214366514 0.01160422742)
(0.5520702093 0.02495976762 0.00141774476)
(0.5448562656 0.02207576581 0.01173288387)
(0.5397285044 0.02495055026 0.001571636598)
(0.9770933036 -0.01625459691 -0.01899442232)
(0.9649871008 -0.0161524307 -0.0190813779)
(0.9687113135 -0.02260173007 -0.01068465244)
(0.9577777821 -0.02253267972 -0.01082951267)
(0.9623171977 -0.0249940457 -0.0005456003061)
(0.9517524399 -0.02499190332 -0.0006362142248)
(0.9462316331 -0.02246435836 -0.01097053342)
(0.9402257089 -0.02498893792 -0.0007436272045)
(0.9585141919 -0.02295652001 0.009899403458)
(0.9708036757 -0.02290854282 0.01000992836)
(0.5324238877 0.02200439499 0.01186619572)
(0.5273882273 0.02494038679 0.001725429452)
(0.5200050099 0.02193193272 0.01199959695)
(0.5150493712 0.02492927795 0.001879122324)
(0.5075998086 0.0218578505 0.01213401712)
(0.5027119495 0.02491722504 0.002032706616)
(0.4952205807 0.02178340663 0.01226715923)
(0.4903759578 0.02490422879 0.002186181184)
(0.4828465756 0.02170701957 0.01240182653)
(0.4780414114 0.02489029065 0.002339536555)
(0.4705780249 0.02165761549 0.0124879018)
(0.4657083066 0.02487541134 0.002492771642)
(0.4577506573 0.02145145843 0.01283880567)
(0.4533767059 0.02485958962 0.002645903198)
(0.4468676031 0.02143326501 0.01286915502)
(0.4410433835 0.02484273848 0.002799704443)
(0.4349357739 0.02136847645 0.01297644844)
(0.4287184353 0.02482511793 0.00295186718)
(0.4226844844 0.02128995343 0.01310488012)
(0.4163915885 0.02480586135 0.003109540559)
(0.4104268488 0.02118453021 0.0132746254)
(0.4040671462 0.02478689578 0.003257268437)
(0.3980349013 0.02112871371 0.01336328766)
(0.391743803 0.02476569329 0.003414738022)
(0.9819106448 0.02466111003 -0.004102395911)
(0.3857689682 0.02102419219 0.01352713357)
(0.3794230368 0.02474493976 0.003562015764)
(0.3733925189 0.02096445301 0.01361953413)
(0.367103379 0.02472179723 0.00371923938)
(0.3611177882 0.02086098524 0.01377749233)
(0.3547861226 0.02469926623 0.003866037704)
(0.3487573332 0.02079718921 0.01387360518)
(0.3424700424 0.02467418701 0.004022995801)
(0.02565150541 -0.02295853397 0.009894731824)
(0.3364738214 0.02069495241 0.01402565309)
(0.3301564653 0.02464988722 0.004169299706)
(0.3241294169 0.02062696237 0.01412545303)
(0.3178438659 0.024622878 0.00432595411)
(0.3118459226 0.02052609215 0.01427163414)
(0.3055340751 0.02459682125 0.004471731677)
(0.2995087352 0.02045378443 0.01437507227)
(0.293225716 0.02456788451 0.004628072019)
(0.2872052344 0.0203517184 0.01451921341)
(0.280918986 0.02454007265 0.004773346229)
(0.2998806088 0.02426642752 -0.006011696533)
(0.3238704198 0.0241633631 -0.006413414349)
(0.2748954237 0.02027773637 0.01462235986)
(0.2686672259 0.02450584801 0.004946050249)
(0.2746367742 0.02431498506 -0.005812185607)
(0.2623191634 0.02435000527 -0.005663677552)
(0.2562954687 0.02447795814 0.005082279526)
(0.2945407098 0.01206287773 0.02189719117)
(0.3484981793 0.02408189696 -0.006712841323)
(0.3731332123 0.02399667106 -0.007011403418)
(0.03087626974 -0.01692080627 0.01840343216)
(0.39777544 0.02390769701 -0.007309037111)
(0.4224248785 0.02381498202 -0.007605697303)
(0.4175272944 0.01240898446 0.02170292848)
(0.3935087927 0.01186921829 0.02200276476)
(0.3687231431 0.01218274621 0.02183072823)
(0.4470813826 0.02371857528 -0.00790121426)
(0.3437424941 0.01199136763 0.02193643322)
(0.3187813717 0.01220041552 0.0218208584)
(0.4717445404 0.02361857863 -0.008195287891)
(0.4964135796 0.02351498365 -0.008487964645)
(0.5210883684 0.02340772656 -0.00877942694)
(0.5457688659 0.02329681165 -0.009069650878)
(0.03764156131 0.0190329396 0.01620947902)
(0.02772830237 0.01913413572 0.01608989901)
(0.1063388459 0.01052092622 0.02267840628)
(0.1125004993 0.01900284918 0.01624474448)
(0.1247760512 0.01906959042 0.01616634533)
(0.1686620101 0.0105213852 0.02267819335)
(0.1749131007 0.01900559766 0.01624152879)
(0.1877031066 0.01908282822 0.01615071723)
(0.180924394 0.02405949591 0.006792691411)
(0.1932142886 0.02410428288 0.006632009246)
(0.1686348797 0.02401745558 0.006939872291)
(0.1746122541 0.02471103848 -0.003790062989)
(0.1938329549 0.01056896831 0.02265605678)
(0.2186638508 0.01052237221 0.02267773541)
(0.2249148963 0.01900876567 0.01623782091)
(0.2372124159 0.01911016631 0.01611836046)
(0.230931163 0.02406168141 0.006784945665)
(0.218636315 0.02402049624 0.006929340553)
(0.2246565948 0.02471300782 -0.003777200634)
(0.2369663793 0.02468972442 -0.003926513463)
(0.09357750209 0.0240468954 0.006837164725)
(0.4438233338 0.01052924357 0.02267454586)
(0.4694414961 0.01050144417 0.0226874342)
(0.4937688704 0.01044426661 0.02271381287)
(0.5187851171 0.01045029523 0.02271103982)
(0.5437502662 0.01044595507 0.0227130364)
(0.5688249655 0.01044233876 0.02271469923)
(0.5937949905 0.01046017122 0.02270649286)
(0.6187700971 0.01046768241 0.02270303118)
(0.6438061739 0.01049965268 0.02268826334)
(0.6687883657 0.01052125432 0.02267825407)
(0.7313125973 0.01053499991 0.02267187193)
(0.8312709782 0.0105172572 0.02268010805)
(0.8562285641 0.01051921857 0.02267919841)
(0.8812052045 0.0105388105 0.02267010087)
(0.9062053102 0.01053936129 0.02266984481)
(0.2811661517 0.01052360594 0.02267716292)
(0.2620344515 0.01945966201 0.01569463457)
(0.2502470706 0.01990203148 0.01512974365)
(0.01884032512 0.01052013303 0.02267877424)
(0.0687297233 0.0105424281 0.02266841877)
(0.0811853683 0.01054519826 0.02266713025)
(0.13125 0.01056855411 0.02265625)
(0.1377360493 0.01915237412 0.01606818488)
(0.1306000472 0.02409029276 0.006682648792)
(0.1430915625 0.02414612321 0.006478019293)
(0.1438488219 0.01057469371 0.02265338502)
(0.1498277953 0.01913520275 0.01608863001)
(0.1555381339 0.02425970105 0.0060387834)
(0.6074949591 0.02300359759 -0.009789509597)
(0.9688078288 0.01053755641 0.02267068382)
(0.9724990109 0.01909857921 0.01613208828)
(0.962662831 0.01904941942 0.0161901087)
(0.2436850718 0.01060004198 0.02264153507)
(0.2563496266 0.01063286936 0.0226261373)
(0.199881509 0.01907166317 0.01616390003)
(0.2056171546 0.02420064026 0.006271284624)
(0.1999103538 0.02465780703 -0.004122202375)
(0.9562841197 -0.01055026633 0.02266477179)
(0.632195234 0.02288001816 -0.01007495752)
(0.04269811465 -0.01630410161 -0.01895194635)
(0.0365845471 -0.006972205608 -0.02400808924)
(0.02671091361 -0.006825120006 -0.02405031677)
(0.03069426209 0.003586352827 -0.02474142424)
(0.0184964257 0.00370350731 -0.02472415891)
(0.02720028107 0.01356195838 -0.02100174481)
(0.03071054072 0.02099131604 -0.01357809452)
(0.02522802504 0.02478508243 -0.003271037893)
(0.1493930568 0.02468972229 -0.00392652689)
(0.04370056568 0.02402059413 0.006929001185)
(0.05496684964 -0.0163633463 -0.01890081739)
(0.9224154437 0.01395538523 -0.02074240157)
(0.9812158803 -0.01055026633 0.02266477179)
(0.1295972532 0.0206614607 -0.01407494376)
(0.9313161742 -0.0105807396 0.02265056179)
(0.9375 -0.01911537066 0.01611218807)
(0.9250751836 -0.01912685874 0.01609854884)
(0.9188233699 -0.0106077852 0.02263790832)
(0.912640638 -0.01915917866 0.01606007077)
(0.9001966906 -0.01920638077 0.0160035914)
(0.9064670866 -0.02415010687 0.006463152353)
(0.8940056465 -0.02417110831 0.006384161886)
(0.8888063657 -0.01929123691 0.01590120053)
(0.8808421179 -0.02419599618 0.006289178699)
(0.9003006418 -0.02462005521 -0.004341990504)
(0.9127043279 -0.02463990438 -0.004227896902)
(0.9074389956 -0.02167164073 -0.01246354637)
(0.943779998 0.01055247571 0.02266374321)
(0.9529781919 0.003664443402 -0.02472997886)
(0.1624994707 0.01899758299 0.01625090276)
(0.2038051486 0.02015607413 -0.01478961378)
(0.1790603168 0.02033009286 -0.01454947849)
(0.8975882718 0.0142182347 -0.02056311752)
(0.6618888741 0.01645640628 -0.01881984836)
(0.6866980982 0.01623197059 -0.01901376161)
(0.8727988498 0.01446841466 -0.02038786348)
(0.7487327281 0.01566062123 -0.01948704551)
(0.848205948 0.01471620661 -0.02020973189)
(0.2408438379 0.01990543979 -0.01512525923)
(0.2285674836 0.01998191699 -0.01502408045)
(0.0982836265 -0.007523795882 -0.02384098353)
(0.1046069118 0.003054232985 -0.02481273183)
(0.09225580857 0.003195599609 -0.02479492172)
(0.09859015567 0.01318522403 -0.02124028878)
(0.08623147348 0.01330234544 -0.02116713504)
(0.07393950121 0.01336998878 -0.02112447396)
(0.08590089123 -0.007429204235 -0.02387062891)
(0.9188833104 -0.02413141942 0.006532579642)
(0.9251524737 -0.024649824 -0.004169673474)
(0.5750864736 0.01722344611 -0.01812051059)
(0.7115137635 0.01600681823 -0.01920369157)
(0.7735545522 0.01542971676 -0.01967037978)
(0.8109990172 0.01508520717 -0.01993581011)
(0.8947274576 -0.01062128584 0.02263157721)
(0.8812681033 -0.01083774554 0.02252872104)
(0.09373149523 -0.01055863621 0.0226608738)
(0.08995987818 -0.01909256664 0.01613920379)
(0.1013503935 -0.01907784721 0.01615660069)
(0.1061960496 -0.01055781396 0.0226612569)
(0.1133895073 -0.01909587419 0.01613529017)
(0.1254200234 -0.01914906808 0.01607212468)
(0.121164404 -0.02411557203 0.006590841052)
(0.1323263753 -0.02413420331 0.006522287204)
(0.137679489 -0.01918286091 0.01603177617)
(0.1441323335 -0.02415600658 0.006441067172)
(0.1373075787 -0.02462576613 -0.004309482876)
(0.149739728 -0.02461795657 -0.004353873468)
(0.1563252902 -0.02417158641 0.006382351467)
(0.162172429 -0.02460828555 -0.004408206265)
(0.1686128486 -0.0241861008 0.006327126373)
(0.1746069572 -0.02459844447 -0.004462793922)
(0.1809667345 -0.02420003349 0.006273625659)
(0.1870428293 -0.02458849519 -0.004517289465)
(0.1933596023 -0.02421383572 0.006220141464)
(0.1994817982 -0.02457845599 -0.004571597207)
(0.2057641762 -0.0242274487 0.006166905972)
(0.211919578 -0.02456829754 -0.004625878927)
(0.2181931899 -0.02424079114 0.00611424933)
(0.2243573837 -0.02455807439 -0.004679848555)
(0.2306285961 -0.02425417132 0.00606095483)
(0.2367969104 -0.02454766917 -0.004734124865)
(0.2430646009 -0.02426742602 0.006007664652)
(0.2492359683 -0.02453719418 -0.004788120908)
(0.2555024543 -0.02428043707 0.005954861505)
(0.2616763817 -0.02452653757 -0.004842412082)
(0.2679432964 -0.02429348761 0.005901394739)
(0.2741165087 -0.02451581288 -0.004896418964)
(0.2803826874 -0.02430641721 0.005847912639)
(0.2865575892 -0.0245049054 -0.004950718269)
(0.2928230316 -0.02431910163 0.005794937102)
(0.2989982336 -0.02449392996 -0.005004737258)
(0.3052656446 -0.02433182024 0.005741299817)
(0.311440357 -0.02448276773 -0.005059059617)
(0.3177066412 -0.02434441476 0.005687659442)
(0.323881919 -0.02447154153 -0.005113086676)
(0.3301482378 -0.02435677062 0.00563451197)
(0.3363247847 -0.02446013243 -0.005167390203)
(0.3425921264 -0.02436915732 0.005580696334)
(0.3487673713 -0.02444866307 -0.005221386211)
(0.3550343138 -0.02438142327 0.005526861601)
(0.3612107147 -0.02443700658 -0.005275671481)
(0.367477172 -0.02439345075 0.00547353272)
(0.3736537049 -0.02442528633 -0.005329670486)
(0.3799223306 -0.02440549882 0.005419559705)
(0.3860951229 -0.02441332622 -0.005384190093)
(0.3923656695 -0.02441742597 0.005365566995)
(0.3985391788 -0.02440176655 -0.005436339683)
(0.4048136394 -0.02442790492 0.005317655624)
(0.4109842078 -0.02438917911 -0.005492535151)
(0.4172535767 -0.02444082031 0.005257975163)
(0.4234287414 -0.02437793287 -0.005542236838)
(0.4297028486 -0.02445061687 0.005212229351)
(0.4358750241 -0.02436453294 -0.005600851223)
(0.4421811989 -0.02446159161 0.005160478252)
(0.4483203631 -0.02435358932 -0.005648246406)
(0.4545910818 -0.02447511093 0.005095973387)
(0.4607674779 -0.02433938246 -0.005709155935)
(0.4670420634 -0.02448440279 0.005051140487)
(0.473212505 -0.02432882706 -0.005753970289)
(0.4795258488 -0.02449497204 0.00499963444)
(0.4856615055 -0.02431373933 -0.005817394605)
(0.4919321713 -0.02450837993 0.00493348897)
(0.4981066195 -0.02430353461 -0.005859880998)
(0.5043846522 -0.02451714532 0.004889742877)
(0.5105568761 -0.02428761031 -0.005925536719)
(0.5168747057 -0.02452736247 0.00483823214)
(0.5106507619 -0.02019779726 0.01473258246)
(0.5230025338 -0.0242777474 -0.00596581775)
(0.5292761416 -0.02454062755 0.004770492589)
(0.4733080703 -0.02009990864 0.01486585594)
(0.435968651 -0.02000146567 0.01499804558)
(0.5354534127 -0.02426097412 -0.006033666788)
(0.5417302403 -0.02454890328 0.004727721224)
(0.5478983922 -0.02425155411 -0.006071418547)
(0.5542108293 -0.02455950548 0.00467233247)
(0.5479961736 -0.02029487294 0.01459856611)
(0.3986329587 -0.01990233535 0.01512934392)
(0.3613105271 -0.01979314978 0.01527190957)
(0.5603513074 -0.02423382958 -0.006141783427)
(0.5666230414 -0.02457181716 0.004607146802)
(0.3239756025 -0.01969477688 0.01539856369)
(0.5727962019 -0.02422479706 -0.006177313924)
(0.5790786226 -0.02457956306 0.00456564122)
(0.2866445516 -0.01959584601 0.01552426549)
(0.2493269391 -0.01949859395 0.01564624025)
(0.5852505726 -0.0242061866 -0.006249842417)
(0.5915644226 -0.02458987267 0.004509785172)
(0.5853446503 -0.0203911446 0.01446379003)
(0.2120103105 -0.01939619764 0.01577299962)
(0.5976959419 -0.02419754419 -0.006283220141)
(0.6039729899 -0.02460195086 0.004443423689)
(0.1746959875 -0.01929297173 0.01589909563)
(0.6101511919 -0.02417803475 -0.006357879788)
(0.6164302437 -0.02460923814 0.004402885201)
(0.622595864 -0.02416989288 -0.006388761881)
(0.6289200717 -0.0246191653 0.004347033463)
(0.6237851843 -0.02033765956 0.01453889968)
(0.6350531929 -0.0241493872 -0.006465840847)
(0.6413260178 -0.02463102858 0.004279302633)
(0.6474974384 -0.0241416821 -0.006494550432)
(0.653784516 -0.02463780519 0.004240112678)
(0.6599562899 -0.02412026293 -0.006573653192)
(0.6663306858 -0.02464180847 0.004216784971)
(0.6607506056 -0.01954164297 0.01559244016)
(0.6724015089 -0.02411300436 -0.006600228847)
(0.6790083344 -0.02464591067 0.004192742185)
(0.6849768778 -0.02409378919 -0.006670031677)
(0.6917474966 -0.0246578573 0.004121901664)
(0.6973124771 -0.02407565446 -0.006735195776)
(0.7039267108 -0.02467127281 0.004040828889)
(0.6995177612 -0.02001046179 0.0149860408)
(0.7097606234 -0.02406872567 -0.006759914556)
(0.7164278724 -0.02467354793 0.004026913502)
(0.722345666 -0.02404864909 -0.006830993844)
(0.7291331999 -0.02468462798 0.003958426619)
(0.7346704599 -0.02402994194 -0.006896512927)
(0.7412987854 -0.02469748211 0.003877418904)
(0.7369337371 -0.02007276467 0.01490248699)
(0.7471229129 -0.02402420043 -0.006916487097)
(0.7538062345 -0.02469915837 0.003866726746)
(0.7597313355 -0.02400287149 -0.006990147372)
(0.7665411692 -0.02470993828 0.003797229288)
(0.1560852695 -0.02050782477 -0.01429787129)
(0.7720299382 -0.02398314053 -0.007057547054)
(0.7786872726 -0.02472254157 0.003714288367)
(0.7743547094 -0.02016962129 0.01477113324)
(0.1808998477 -0.02047554931 -0.01434405383)
(0.7844851801 -0.02397290814 -0.007092226387)
(0.791197339 -0.02472372376 0.003706411106)
(0.7970053193 -0.02396476901 -0.007119680226)
(0.8039570856 -0.0247342565 0.003635458086)
(0.6910391114 -0.01902057609 -0.01622398487)
(0.2056520635 -0.0203619622 -0.01450484386)
(0.2305285732 -0.0202970911 -0.01459548194)
(0.8093902512 -0.0239352647 -0.007218247962)
(0.8156642652 -0.02475259346 0.003508435113)
(0.8094847826 -0.02095317589 0.01363687721)
(0.7283967872 -0.01891096974 -0.01635161226)
(0.2553733934 -0.02021726101 -0.01470586132)
(0.8219486184 -0.02098324893 0.0135905579)
(0.8281294714 -0.02476133778 0.003446179264)
(0.2802506865 -0.02015217037 -0.01479493255)
(0.7657560515 -0.01880057708 -0.01647841926)
(0.305131089 -0.02008657953 -0.01488386116)
(0.3300537636 -0.02003370197 -0.01495495855)
(0.8020817438 -0.01886762228 -0.01640161058)
(0.3548830302 -0.0199459122 -0.01507184748)
(0.8226982872 -0.02347129278 -0.008608043637)
(0.8354443493 -0.02389327969 -0.00735603058)
(0.840725292 -0.02466638062 0.004070585579)
(0.8478762758 -0.02422807249 -0.006164454842)
(0.8530959662 -0.02446852657 0.005127495228)
(0.8464140765 -0.02016808581 0.01477322967)
(0.8602666736 -0.02450165389 -0.004966785358)
(0.8655481281 -0.02421728831 0.006206685664)
(0.3793418716 -0.0199351843 -0.01508603417)
(0.4037750093 -0.01993974145 -0.01508001031)
(0.4287662687 -0.01996019592 -0.01505292592)
(0.4534836797 -0.02008448053 -0.01488669345)
(0.4784697104 -0.02012468701 -0.01483229493)
(0.8726867544 -0.02468006072 -0.003986803605)
(0.8661629211 -0.0206018949 -0.01416198879)
(0.8860917085 -0.02439414427 -0.005470441034)
(0.5034074201 -0.02016002507 -0.01478422771)
(0.5283154551 -0.02019131468 -0.01474146572)
(0.5532048765 -0.02021917663 -0.01470322742)
(0.8315201767 -0.01772795791 -0.01762723769)
(0.5780828692 -0.02024407022 -0.01466893388)
(0.604491393 -0.01961798543 -0.01549627851)
(0.8157634281 -0.01326851958 0.02118835501)
(0.6291504712 -0.01957073335 -0.01555591194)
(0.6540672093 -0.01954421212 -0.01558921976)
(0.8734970928 -0.0197714487 0.01529999399)
(0.1688246606 -0.02050687156 -0.0142992384)
(0.1934050868 -0.02042191869 -0.01442030642)
(0.2180795865 -0.02031805706 -0.01456628151)
(0.2341459602 -0.01116534137 -0.02236817275)
(0.2429240618 -0.02025904079 -0.0146482513)
(0.2595535204 -0.01095716587 -0.02247088152)
(0.2677119153 -0.02018422803 -0.01475116737)
(0.284244097 -0.01093657844 -0.02248090861)
(0.2926680364 -0.02012701071 -0.01482914158)
(0.3174142352 -0.02003608234 -0.01495176928)
(0.3425150345 -0.02000264672 -0.01499647039)
(0.3672674249 -0.01992964646 -0.01509334927)
(0.6785869189 -0.01905692567 -0.01618127263)
(0.7159440092 -0.01894760569 -0.01630914585)
(0.7533027921 -0.01883745626 -0.0164362478)
(0.3083835138 -0.01089478018 -0.02250119474)
(0.1434855692 -0.02052272334 -0.01427647809)
(0.1312314952 -0.01055863621 0.0226608738)
(0.1437102024 -0.01068105065 0.02260343242)
(0.1687234996 -0.01057404594 0.02265368739)
(0.1812093009 -0.01057710324 0.02265226009)
(0.2062026024 -0.01057864808 0.02265153869)
(0.2186914484 -0.01058391079 0.02264908017)
(0.2436971209 -0.01058334824 0.02264934304)
(0.2561820505 -0.01059087008 0.02264582679)
(0.2811927377 -0.01058804769 0.02264714653)
(0.293674204 -0.01059786104 0.02264255598)
(0.3186896178 -0.01059290017 0.02264487726)
(0.3311683848 -0.01060498088 0.02263922217)
(0.3561876278 -0.01059782242 0.02264257406)
(0.3686643001 -0.01061220909 0.02263583483)
(0.3936865089 -0.0106029345 0.02264018065)
(0.4062221981 -0.0105734695 0.02265395645)
(0.4311646994 -0.01059306766 0.02264479891)
(0.4437221981 -0.0105734695 0.02265395645)
(0.448759256 -0.01976337561 0.01531042078)
(0.4686601411 -0.01059610625 0.02264337723)
(0.4812221981 -0.0105734695 0.02265395645)
(0.4861383113 -0.01982392105 0.01523194519)
(0.5061559066 -0.01059911645 0.02264196834)
(0.5187221981 -0.0105734695 0.02265395645)
(0.5235217702 -0.01988296896 0.01515478622)
(0.5436519601 -0.01060210161 0.0226405707)
(0.5562221981 -0.0105734695 0.02265395645)
(0.5609089811 -0.0199407442 0.01507868432)
(0.5811483041 -0.01060507432 0.0226391784)
(0.5937221981 -0.0105734695 0.02265395645)
(0.5983002308 -0.01999726736 0.01500364283)
(0.6186602254 -0.01060922747 0.02263723244)
(0.6311602926 -0.01062693983 0.02262892286)
(0.6356954926 -0.02005262763 0.01492957217)
(0.8556642399 -0.01061369867 0.02263513642)
(0.8432381794 -0.01062385259 0.02263037242)
(0.6561522754 -0.01059560245 0.02264361298)
(0.6686910764 -0.0105967764 0.02264306362)
(0.6732179415 -0.01922184388 0.01598501542)
(0.6937012059 -0.01058201358 0.02264996664)
(0.7062233495 -0.01059024756 0.02264611792)
(0.7124906705 -0.01915006751 0.01607093383)
(0.01793969862 -0.02499523895 -0.0004878831071)
(0.01482351712 -0.02261333083 -0.01066007828)
(0.7311988995 -0.01058269303 0.02264964919)
(0.7437214851 -0.01059198182 0.02264530682)
(0.7499906706 -0.0191502064 0.01607076833)
(0.78125 -0.01056855411 0.02265625)
(0.7875 -0.01914848222 0.01607282267)
(0.7687869578 -0.01194260105 0.02196302074)
(0.04829727131 -0.02273786411 0.01039180136)
(0.05427595874 -0.01614631307 0.0190865548)
(0.06809498452 0.02092175324 -0.01368503714)
(0.1498799275 -0.01922543568 0.01598069533)
(0.04302883591 0.00350491772 -0.02475309176)
(0.8786984998 -0.01581139803 -0.01936490879)
(0.9595776066 0.02471223202 -0.003782272952)
(0.03272154166 0.02400635818 0.006978163594)
(0.7918055 -0.01499144619 -0.0200064125)
(0.4113852951 -0.01970113607 0.01539042682)
(0.3862080482 -0.01988017635 0.01515844941)
(0.3737851647 -0.01982165076 0.01523489944)
(0.3488773803 -0.01978019552 0.01528868422)
(0.336431732 -0.01972445551 0.01536052912)
(0.311549998 -0.01967953119 0.01541804307)
(0.2990841164 -0.01962665684 0.01548529436)
(0.2742265386 -0.01957826396 0.01554643304)
(0.2617326369 -0.01952930699 0.01560788802)
(0.3579305587 -0.01047460722 -0.02269983708)
(0.3331778002 -0.01019955864 -0.02282474542)
(0.2369069714 -0.0194763566 0.01567391251)
(0.22440978 -0.01942924157 0.01573227804)
(0.1995918482 -0.01937398955 0.0158002699)
(0.1870978918 -0.01932843723 0.01585596147)
(0.2095715022 -0.009048433466 -0.02330506065)
(0.1848689668 -0.008424669695 -0.0235377344)
(0.1351549899 -0.007909451762 -0.02371582958)
(0.1290735157 -0.0170797648 -0.0182560027)
(0.16006533 -0.008224541877 -0.02360840763)
(0.1622644101 -0.019265904 0.01593188448)
(0.9896628224 0.02057459665 -0.01420161867)
(0.07410781619 0.0192229439 0.01598369256)
(0.09159561364 -0.02499254668 0.000610418059)
(0.07937021961 -0.02499558445 0.0004698489349)
(0.9590724418 -0.006839050171 -0.02404635924)
(0.9287654656 0.02119336238 -0.01326052001)
(0.1868617275 0.02470026253 -0.00385966721)
(0.1367763311 0.02469245834 -0.003909283988)
(0.2122708979 0.02466887352 -0.004055450557)
(0.4236689827 -0.01944111745 0.01571760008)
(0.4610289807 -0.01947144422 0.01568001467)
(0.4983937997 -0.0194992356 0.01564544058)
(0.5357628257 -0.01952486059 0.01561344994)
(0.5731359138 -0.01954882602 0.01558343355)
(0.2122961962 0.01904550883 0.0161947088)
(0.6105132617 -0.01957114327 0.01555539621)
(0.6478947583 -0.01959189924 0.0155292461)
(0.9530347387 -0.01596709049 -0.01923673625)
(0.008569949116 0.01139683145 -0.02225111757)
(0.08709428449 0.02474164678 -0.003584817246)
(0.08041555707 0.02095894672 -0.01362800617)
(0.08634893837 0.01940501791 0.01576214705)
(0.1000871764 0.01890849358 0.01635447555)
(0.9164114992 0.02127821656 -0.01312392853)
(0.8354047733 -0.01992681539 0.01509708675)
(0.1621982194 0.02469925293 -0.003866122708)
(0.1180534689 0.02404690676 0.006837124768)
(0.904101018 0.02135862869 -0.01299265103)
(0.154634029 0.02044653854 -0.01438537667)
(0.01336419793 0.02480801681 -0.003092297226)
(0.9900928915 -0.02481951296 -0.0029986291)
(0.3833498495 -0.01074344562 -0.02257384275)
(0.8917073226 0.0214510267 -0.012839527)
(0.8793885276 0.02153435067 -0.01269928113)
(0.9309216123 -0.02405799001 0.006798022996)
(0.8669775028 0.02161916597 -0.01255434836)
(0.8546479962 0.02170231278 -0.01241006124)
(0.8421358338 0.02177942626 -0.01227422469)
(0.8297577062 0.02182455404 -0.01219380338)
(0.8232261934 0.01502498413 -0.01998123749)
(0.9405957114 -0.01607200656 -0.01914916722)
(0.8052084347 0.0220213224 -0.01183475221)
(0.7926426979 0.02205448409 -0.01177283872)
(0.9346068127 -0.0224388731 -0.01102256658)
(0.7862169667 0.01520509761 -0.01984452082)
(0.3915055001 -0.01991968592 -0.01510649241)
(0.7675801685 0.02224193496 -0.01141474176)
(0.7554355009 0.02232027556 -0.01126078589)
(0.9163432392 -0.01591838379 -0.01927706039)
(0.9466019082 -0.02309186753 0.009579439118)
(0.7431047577 0.02239321268 -0.01111503603)
(0.7308129458 0.02244689425 -0.01100622271)
(0.7242141365 0.01576856179 -0.01939980564)
(0.8605058347 -0.01985452358 0.01519203388)
(0.7056862385 0.02260216455 -0.01068373332)
(0.6935747528 0.02267530648 -0.01052760543)
(0.6812457052 0.02274257386 -0.01038148997)
(0.6689186303 0.02280939836 -0.01023383341)
(0.6567745623 0.02287937689 -0.0100764137)
(0.6444278056 0.02287603045 -0.01008400866)
(0.6370970057 0.01641888181 -0.01885259452)
(0.4079206788 -0.01086438297 -0.02251588734)
(0.6191281801 0.02304362197 -0.009694920653)
(0.6129765263 0.01669201471 -0.01861119676)
(0.008362000879 0.01657140543 0.01871866774)
(0.2444254009 0.02444818414 0.005223628286)
(0.5944301715 0.02316632114 -0.009397955351)
(0.5881656137 0.01690311284 -0.01841968448)
(0.5696484259 0.02330747634 -0.009042209158)
(0.9779568317 0.02424482937 0.006098216874)
(0.5578296271 0.02329645178 -0.009070575208)
(0.5503037721 0.0171487302 -0.01819123559)
(0.5327152797 0.02345591572 -0.008649856512)
(0.9819197069 -0.02477079722 0.003377514617)
(0.5261869184 0.0174221927 -0.01792950645)
(0.9902138565 -0.01657806646 0.0187127687)
(0.508040759 0.02356484635 -0.008348533802)
(0.5013976962 0.01762599595 -0.0177291925)
(0.9909095078 0.0166207168 0.01867489687)
(0.009762011212 -0.01657806646 0.0187127687)
(0.4833725014 0.02366980535 -0.008046136625)
(0.4759490488 0.01775433578 -0.01760066934)
(0.4587099087 0.02377078963 -0.007742710135)
(0.4511725452 0.01795214214 -0.01739886756)
(0.4162875042 -0.01992912652 -0.01509403579)
(0.4340534842 0.02386779625 -0.007438299688)
(0.4264006062 0.01814790267 -0.01719458137)
(0.4101043705 0.02399158944 -0.007028772036)
(0.4016337015 0.01834152651 -0.01698788995)
(0.3854586577 0.02408016251 -0.006719060464)
(0.3768719308 0.01853295604 -0.01677884205)
(0.3608201415 0.02416463784 -0.0064086097)
(0.3521152561 0.01872218145 -0.01656743558)
(0.3354985785 0.0242158485 -0.00621230083)
(0.3273636783 0.01890917943 -0.01635368256)
(0.9676756494 0.0241987796 0.006278460467)
(0.3115648712 0.02432126045 -0.005785869885)
(0.3028575982 0.0191883877 -0.01602516077)
(0.2865963249 0.02436726157 -0.005588968026)
(0.266017853 0.01993110052 -0.01509142909)
(0.8117958276 0.01786260559 0.01749077818)
(0.4325522276 -0.01095509414 -0.02247189161)
(0.2502390491 0.02448762436 -0.005035499282)
(0.442053787 -0.02013372122 -0.01482002935)
(0.9487193105 0.01866743525 0.01662909682)
(0.9312686932 0.01017880214 0.02283400944)
(0.9124421718 0.01849029784 0.01682583982)
(0.9238952288 0.01893992327 0.01631806687)
(0.4570007899 -0.01088668691 -0.0225051116)
(0.8440398746 -0.01509901398 -0.01992535512)
(0.8999974052 0.0184591796 0.01685997297)
(0.8874423093 0.01841968295 0.0169031145)
(0.7739032776 0.01770603857 0.01764925489)
(0.4662331814 -0.02007337707 -0.01490166209)
(0.6864019398 -0.01873929239 0.01654807907)
(0.8749774651 0.0183911907 0.01693411069)
(0.8624422992 0.0183520416 0.01697652995)
(0.7238600049 -0.01872292767 0.01656659227)
(0.9810563459 -0.0204495315 0.01438112171)
(0.76132065 -0.01870755718 0.01658394719)
(0.84999685 0.01832330238 0.01700754509)
(0.4817809444 -0.01094160578 -0.0224784622)
(0.8050602356 -0.009928734669 0.02294384946)
(0.8375395686 0.01828945431 0.01704393913)
(0.7987894018 -0.01868863131 0.01660527204)
(0.7934250797 0.009954338022 0.02293275288)
(0.8250572493 0.01823641729 0.01710067497)
(0.7558537765 0.009887108054 0.02296181818)
(0.6938428718 0.009771460945 0.02301127009)
(0.01942876106 -0.01663763552 -0.01865982541)
(0.491080856 -0.02010628745 -0.01485722736)
(0.9883110332 0.0008853858378 -0.02498431692)
(0.8056975043 0.009550019086 0.0231040502)
(0.7870382506 0.01829169558 0.01704153375)
(0.5065653422 -0.01099650261 -0.02245165763)
(0.7686140017 0.009220886752 0.02323736748)
(0.2792763518 0.01908354714 -0.01614986775)
(0.7499534146 0.01804450701 0.01730305658)
(0.02082553162 0.02413527567 0.006518317901)
(0.5158481926 -0.02013382797 -0.01481988432)
(0.7375043899 0.0180347499 0.01731322604)
(0.725057582 0.01794451737 0.01740673135)
(0.5313538758 -0.01105127636 -0.02242474729)
(0.7121573104 0.01732391277 0.01802448464)
(0.00860444115 -3.061616998e-18 -0.025)
(0.5405804629 -0.02015690869 -0.01478847633)
(0.5561464499 -0.01110580159 -0.02239779389)
(0.7068109989 0.009007692851 0.02332083767)
(0.02169295205 0.02113403656 -0.01335486797)
(0.9799179923 -0.02334096817 -0.008955400883)
(0.56530572 -0.0201763226 -0.0147619784)
(0.688156245 0.01789588763 0.0174567238)
(0.5815101409 -0.01170143183 -0.02209245331)
(0.6750062859 0.01759230975 0.01776261911)
(0.5900674727 -0.02043883674 -0.01439631732)
(0.6625211105 0.01750123112 0.01785236425)
(0.9520838335 -0.01786818335 0.01748508004)
(0.9884616804 -0.01303310078 -0.02133397019)
(0.9627466294 -0.01813490793 0.01720828621)
(0.6057438006 -0.01121394544 -0.02234384541)
(0.6500070687 0.01741295576 0.01793847741)
(0.6163391809 -0.02065239569 -0.01408824163)
(0.637497022 0.01732260532 0.01802574118)
(0.6305484429 -0.01126745946 -0.02231690743)
(0.6250079251 0.01723237295 0.01811202149)
(0.6412424942 -0.02072455196 -0.01398187921)
(0.8935096848 -0.02214377727 -0.01160401345)
(0.6124633874 0.01714437347 0.01819534167)
(0.03125 -0.008018538593 0.02367916888)
(0.6553567007 -0.01132058378 -0.02229000635)
(0.00923919127 -0.02493043472 -0.001863712641)
(0.9219883085 -0.02205293092 -0.01177574787)
(0.6000088065 0.01705056624 0.01828327627)
(0.6661468133 -0.02079631224 -0.01387491972)
(0.9020812117 -0.01511387668 -0.01991408376)
(0.0419719246 -0.018444061 0.01687651071)
(0.5875573233 0.01695024829 0.01837631853)
(0.6801680232 -0.01137318021 -0.02226321567)
(0.8663060283 -0.01327833653 -0.0211822043)
(0.05625 -0.007680492327 0.02379096546)
(0.5749412947 0.01683485376 0.0184820913)
(0.6925747101 -0.01139921786 -0.0222498951)
(0.9801161 0.01442530534 -0.02041838793)
(0.06849089955 -0.007597126967 0.02381771739)
(0.7035048379 -0.02090340606 -0.01371304544)
(0.5624334941 0.01712898181 0.01820983202)
(0.8807610609 -0.02197088916 -0.01192811929)
(0.7173901318 -0.01145079132 -0.02222339709)
(0.5500106413 0.01668408306 0.01861830745)
(0.08543483661 -0.02371760534 0.00790412531)
(0.9930157221 0.02481898617 -0.003002986096)
(0.537448971 0.01659712204 0.0186958696)
(0.7297987818 -0.01147627306 -0.02221024891)
(0.008817168794 0.008495061472 0.02351242077)
(0.9911867481 0.008491163619 0.02351382871)
(0.008813251903 -0.008491163619 0.02351382871)
(0.01909280028 -0.01836497143 0.0169625418)
(0.9911852948 -0.008492610441 0.02351330619)
(0.09547309544 -0.02366766974 0.008052416364)
(0.07596724489 -0.01731257464 0.01803537522)
(0.7411035355 -0.02099664838 -0.01356984733)
(0.8547235298 -0.02172865316 -0.01236388417)
(0.525011592 0.01650003363 0.01878161042)
(0.114715539 -0.02499507441 -0.000496240921)
(0.5124747053 0.01640807239 0.01886200309)
(0.7546179843 -0.01152665037 -0.02218414594)
(0.1070293546 -0.02309702394 0.009566999792)
(0.7670284144 -0.01155150165 -0.02217121579)
(0.5000125629 0.01631592152 0.01894177143)
(0.8421687849 -0.02126439303 -0.01314631466)
(0.1255754452 -0.02498578798 -0.0008428517843)
(0.4875578786 0.01620892198 0.01903341399)
(0.7782258755 -0.02111632685 -0.01338285248)
(0.1414427703 -0.01417307817 -0.02059426753)
(0.0166268843 0.02041443267 0.01443090222)
(0.1313088895 -0.02268501402 -0.01050667116)
(0.01722379486 0.01607095029 -0.0191500537)
(0.7906797787 -0.02114858353 -0.01333181964)
(0.153626528 -0.01425569449 -0.02053716569)
(0.4749408355 0.01609798581 0.01912733261)
(0.01697635401 -0.005452916513 -0.02439806758)
(0.1658986329 -0.01431044342 -0.02049905386)
(0.8045034626 -0.0116920183 -0.02209743669)
(0.4659187375 0.01752844563 0.01782564428)
(0.982315664 0.02019974513 0.01472991164)
(0.9733089658 -0.01694633693 0.01837992559)
(0.1785233014 -0.01428097291 -0.02051959582)
(0.4500145574 0.01594919268 0.01925157793)
(0.1871889663 -0.01596715505 -0.01923668266)
(0.4404525482 0.01588284013 0.01930635619)
(0.9733425059 -0.02485284434 -0.002708528829)
(0.1994127798 -0.01605708144 -0.01916168405)
(0.008558370991 -0.0181957064 -0.01714398637)
(1 0.01457331497 -0.001563735571)
(1 -0.01380944727 -0.001676770474)
(1 0.00332908986 0.0135066485)
(1 -0.0004683871015 -0.01355160768)
(1 -0.009224615212 0.0104124381)
(1 0.01687208335 0.006398737197)
(1 0.007956732049 0.00521399346)
(1 0.003823734071 -0.004316103536)
(1 -0.002232122316 0.002827975547)
(1 0.01090347633 -0.01089200804)
(1 -0.005259444581 -0.005654437897)
(1 -0.01091227385 -0.01212237539)
(1 0.01196584642 0.0135066485)
(1 -0.004378401163 0.01776387181)
(1 -0.01710659524 0.006487675826)
(0 0.01350925902 -0.001168493769)
(0 -0.01380944727 -0.001676770474)
(0 0.00332908986 0.0135066485)
(0 -0.0002042848287 -0.01465554659)
(0 -0.009224615212 0.0104124381)
(0 -0.01485049323 -0.01025055536)
(0 -0.006135055644 -0.007270241051)
(0 0.003823734071 -0.004316103536)
(0 -0.002538303807 0.002556722416)
(0 0.009498324198 -0.0121368642)
(0 0.006247166668 0.004539530135)
(0 0.01334931889 0.009371520197)
(0 -0.004378401163 0.01776387181)
(0 -0.008385788115 -0.01597778433)
(0 -0.01710659524 0.006487675826)
(0.09674041657 2.504526093e-05 5.214409893e-07)
(0.4395165312 -8.865667709e-05 3.284631895e-05)
(0.9501446252 0.0001236788208 -0.0001250018472)
(0.9752951588 -0.0001347907295 5.366815543e-05)
(0.04592442033 -7.103215899e-06 -4.967198826e-05)
(0.126157458 -1.22664817e-05 -0.0002163891015)
(0.796277201 0.0001895681344 0.0001125088926)
(0.608851849 -5.907962886e-05 -0.000297245099)
(0.9195697014 0.0002011107765 -7.018529118e-05)
(0.7467928487 0.0001066245816 8.069879971e-05)
(0.1593403257 1.030659862e-06 9.711238981e-05)
(0.07101126807 8.554871913e-05 -2.095244095e-05)
(0.8512186465 8.163966033e-05 -0.0001097948377)
(0.6973657643 0.0001226564318 9.05742922e-05)
(0.8884787956 0.0002031708128 -0.0002010708272)
(0.1844192855 5.080019743e-05 0.0001109760113)
(0.5116929364 -3.935059109e-06 -7.245389455e-06)
(0.5367080798 -3.345955083e-06 -2.605327253e-06)
(0.4744195281 -6.726107732e-06 -1.28874454e-05)
(0.2218545522 3.890170986e-05 0.0001145310343)
(0.6661594148 0.0001092044672 3.010981215e-05)
(0.6405984333 7.179725871e-05 0.0001770057768)
(0.8264757191 0.0003695616401 -0.0003090683216)
(0.7220794342 0.0004616374926 0.0001612736934)
(0.2486565295 3.790727671e-05 -6.564911135e-06)
(0.7715346903 0.000422989593 -9.974693211e-05)
(0.5655520074 0.000134624811 0.0003093882063)
(0.02178631356 0.002471654097 0.0008133217547)
(0.3394191864 -0.0001743285644 2.437385769e-05)
(0.3651661277 -1.392802319e-05 6.265384882e-05)
(0.3902190069 -1.943900717e-05 9.509160886e-05)
(0.3144948495 -0.0002793099093 4.945546726e-05)
(0.2895956876 -0.0003051694158 6.044818596e-05)
(0.4148681883 0.0004122332508 -0.0001224840725)
(0.58725096 0.001223024243 0.003127361411)
(0.2690924881 -0.003584339431 0.002900053757)
(0.2031350736 -0.005826990005 -0.0001091217607)
(0.4930571583 -0.0001607902532 -0.006051253299)
(0.8698269161 0.005707045589 -0.001647365186)
(0.4569494509 0.005176870526 -0.004809258936)
(0.1428103244 0.003468920968 -0.006709394407)
(0.6248318945 0.002329208552 -0.007847267927)
(0.9040289213 0.008379473085 -0.001116902807)
(0.9349178682 0.007376905228 -0.004571912807)
(0.6817465229 0.0002893251519 0.008313911541)
(0.8113700296 0.008247513267 0.002843030396)
(0.1113854087 0.0005701668754 -0.008820549289)
(0.1115135962 0.00308224233 0.008131906539)
(0.9028775479 -0.007812160532 0.003749542962)
(0.6828009868 0.0001613912879 -0.00862746225)
(0.5512139296 0.002244236684 -0.00856533084)
(0.5510260043 0.003123300888 0.008419698649)
(0.9361622173 -0.002927631974 0.008567697607)
(0.6226784979 0.002375530034 0.008673683907)
(0.1400582337 -0.002268055968 0.008691205977)
(0.23526009 -0.009327691029 0.001137751353)
(0.9626119324 -0.004130956231 0.009193369062)
(0.3522827808 0.003685037409 -0.009149208325)
(0.4876608484 0.003308181722 0.008988338401)
(0.4610040664 -0.009511720278 0.001563277036)
(0.03269318774 -0.009112561294 -0.002411319258)
(0.08386349185 -0.007389238405 -0.006187620063)
(0.1718820867 0.001639127921 -0.009813754995)
(0.2352193418 0.00394909722 -0.007990019504)
(0.6533227772 0.0001736402774 -0.009645235273)
(0.3269305208 0.003835738567 -0.009289948437)
(0.9628388281 0.006656988011 -0.007139500329)
(0.3523525461 -0.009648478338 -0.0002030134539)
(0.197478427 0.008748687795 0.003968234891)
(0.4273098796 0.002973032838 -0.009627906588)
(0.05843145788 0.009773908559 0.0003435431519)
(0.2093583683 0.0073679828 -0.006629585939)
(0.058505438 -0.009645772356 -0.001629222709)
(0.5242022351 0.00243834642 -0.009625292551)
(0.5241986862 0.003426378496 0.009381706869)
(0.3777055296 0.003211991648 -0.009383817118)
(0.2348454917 0.005160033403 0.00799285989)
(0.653430317 0.001928492672 0.009514369313)
(0.8388037727 0.003159712058 0.009419987909)
(0.7097371887 0.00130327692 -0.009822009478)
(0.5778616472 0.001157864952 -0.009710195636)
(0.4024071194 0.003167488762 -0.009580660351)
(0.9868051822 0.008635682451 -0.0007416973562)
(0.5242006328 -0.009820826455 0.0005693387483)
(0.08389921709 0.008464561003 -0.004323514868)
(0.0838687065 0.0003786383657 0.009450671337)
(0.7343423094 -0.004220385258 -0.008811676778)
(0.3776908302 -0.009749343629 -0.00023299905)
(0.7839957456 0.0008235905017 -0.009892636613)
(0.5962803047 0.0008085445172 -0.00984107299)
(0.3020367938 0.003918578904 -0.009235222992)
(0.7590515419 0.003802250618 -0.00919563233)
(0.1718703634 0.002140648618 0.009593019254)
(0.4269909835 -0.009811158557 -0.0002492747647)
(0.7345786791 0.009793367819 0.00194152793)
(0.3020553524 -0.009942176044 0.0001946507279)
(0.3269978838 -0.009910187638 0.0001158536399)
(0.2768562539 0.005147162292 -0.008293273844)
(0.7838369967 0.001839611632 0.009729943806)
(0.4027147995 -0.009784245688 -0.0004199064909)
(0.9859729033 -0.003060435939 -0.009722247662)
(0.7591104152 0.007846725987 0.005967727056)
(0.8109094969 -0.008650113377 0.0002871223751)
(0.75928367 -0.009518243207 -0.0007213996288)
(0.9315458707 -0.007843787317 -0.006196320291)
(0.01466520312 -0.00530887506 -0.009692435455)
(0.4520683683 0.0007270306999 0.009444241958)
(0.838963712 0.004107907021 -0.00906897245)
(0.8387400361 -0.009655692136 -0.001182561189)
(0.2612344175 0.003188984414 -0.008961460355)
(0.5485662825 -0.01013800244 0.0005625232851)
(0.03429277599 0.002150330689 0.009979333657)
(0.7095922101 0.009059610333 0.003667546707)
(0.5973129377 -0.01040517824 0.0008705080303)
(0.3522391868 0.006930549787 0.006572625242)
(0.1710428726 -0.0101592787 0.0002005100157)
(0.03393856502 0.005113004675 -0.008437638697)
(0.3020459409 0.00304832526 0.009436166756)
(0.3269527102 0.003026526605 0.009373331526)
(0.6204781921 -0.01025435721 2.141899352e-05)
(0.9636947706 -0.008723525536 -0.005555760869)
(0.7851402615 -0.01053646868 0.0005430618341)
(0.7343959246 -0.004432699592 0.008568282668)
(0.4025896214 0.002417964341 0.00960795765)
(0.8643013802 -0.009478897266 -0.0004176648675)
(0.8762192765 -0.004416360353 0.008856038078)
(0.2104742837 0.003176509098 0.009902180886)
(0.1953298047 0.002440528375 -0.01027599601)
(0.4854399388 -0.01048688074 0.002485392293)
(0.3776869231 0.007865796929 0.005777291586)
(0.5002921079 0.009792449514 0.003136904569)
(0.4996243583 -0.006446061012 0.007331899297)
(0.4271812659 0.002592907976 0.009555163172)
(0.9863953968 -0.009641133222 0.003865752073)
(0.7098576155 -0.009888371835 0.001742021134)
(0.1479967108 -0.009830257634 -0.001721989827)
(0.8072778967 0.001665649495 -0.01008186094)
(0.9083942356 -0.003321133291 -0.009508519604)
(0.5770533561 -0.009913009778 0.0007897634552)
(0.1149293472 -0.01000091244 0.001381949922)
(0.2601559563 0.008520303502 0.005264946667)
(0.06124495032 0.00117190975 -0.01144418511)
(0.8785199621 -0.001866922762 -0.01111245988)
(0.861290015 0.003457068124 0.01046558427)
(0.01433814836 -0.008047446124 0.007740241953)
(0.06041597434 -0.001043125091 0.01032927666)
(0.5997218684 0.004402605322 0.0105212308)
(0.2784947419 0.007817284671 0.006620780651)
(0.5754784177 0.01013919822 0.005172240233)
(0.2803369019 -0.0114561828 -0.002334971045)
(0.2581590388 -0.01031498429 -0.004167709546)
(0.148985105 0.008982719878 0.00546277998)
(0.7808330711 0.0116590781 -0.000641028417)
(0.860092596 0.001373970798 -0.0116473311)
(0.9101748884 0.002665952482 0.01083299863)
(0.6763711936 0.01046934182 -0.0006015202616)
(0.1052390591 0.01166288207 -0.001754994567)
(0.6569532402 0.01140459464 -0.001033801126)
(0.6315118576 0.0114011489 0.001398866402)
(0.6514518513 -0.01021200361 0.0009769688578)
(0.4645577591 0.007726360441 0.007249235906)
(0.01258936142 0.007130992251 0.009785503373)
(0.4497148402 -0.007462299063 -0.007934563423)
(0.134985831 0.01095360692 0.002770533779)
(0.6873530952 -0.01093741153 0.0002436689657)
(0.8178134809 -0.001869422093 0.01139087519)
(0.01230054089 0.009723756764 -0.005995599082)
(0.1677456504 0.01166144211 -0.0003653850342)
(0.8803502344 0.009196926342 0.007387248115)
(0.4467470827 0.01187126475 0.002404891148)
(0.1937250467 -0.00344049061 0.01031979)
(0.8960666441 0.002090040642 0.0115801311)
(0.9425855569 0.009727316926 0.007214528734)
(0.6898349868 0.01154165653 0.003127438004)
(0.7049432805 -0.001413348813 0.01187597251)
(0.59577074 0.01184928845 -0.0009145231761)
(0.4845543205 0.01302406053 -0.002655559894)
(0.8961726833 0.00323003448 -0.011512169)
(0.544469133 0.01180550979 -0.0006184999377)
(0.1341392827 -0.01160147701 -2.146266824e-05)
(0.9429427132 -0.001259250598 -0.01192828626)
(0.6742556703 -0.01030695592 -0.004793213041)
(0.1032175743 -0.010667562 -0.006068208448)
(0.4320338798 0.01161999301 0.0001708429826)
(0.9279537922 0.008535408821 0.00766545244)
(0.5584468371 0.01224815863 0.0007340191251)
(0.8040561641 0.0003282543837 0.01167285317)
(0.9666311074 0.009343918563 0.006418670393)
(0.6170037384 0.01136990716 -0.0004920831778)
(0.1539981852 -0.003177910184 -0.01225415192)
(0.98125 -0.0001487897796 0.0125994762)
(0.4679300259 0.001129056361 -0.01216367331)
(0.1189182594 0.0111931704 -0.004031741323)
(0.1910790037 -0.01132166643 -0.004214126744)
(0.5053618065 0.0007661591548 -0.0122604873)
(0.3211741583 0.01180372287 0.0004115717008)
(0.2569310137 -0.006466438614 0.009262414951)
(0.519135334 0.01180169243 -0.0005837888584)
(0.3975299361 0.01212655805 0.0005879450387)
(0.2153860582 -0.01212736113 0.0001772362865)
(0.8445374671 0.01208547242 0.0006578537671)
(0.5734050111 -0.00196172339 0.01144629968)
(0.2962273642 0.01176900641 0.0004895010263)
(0.0395699459 0.01193899518 0.002002316936)
(0.8191832827 0.008700430992 -0.008461609197)
(0.7644370838 -0.004073456154 0.0111639469)
(0.6342214512 -0.01227734616 0.0007341976379)
(0.9242426514 -0.01171754872 0.004665127961)
(0.8576817834 0.01168691804 -0.003092624756)
(0.7419273959 0.006946372822 -0.01065038069)
(0.4814096436 0.0005125395308 -0.01286720306)
(0.1532698898 -0.002580667945 0.01202324896)
(0.04271075745 -0.004633900722 -0.01226393869)
(0.2813488662 -0.005255744678 0.009935696635)
(0.09841906105 0.000593030142 -0.01323643892)
(0.6374120455 0.002571464128 -0.01267814242)
(0.9165528978 0.01295817829 -0.002667117307)
(0.1294377093 0.005875083425 -0.01180674673)
(0.3725250744 -0.003813090998 0.01118413358)
(0.9441880955 -0.01155571294 -0.003301964982)
(0.8814958316 -0.01176541899 -0.001753829565)
(0.3344057995 0.01199326346 0.002707537903)
(0.6932732464 0.008586815123 -0.009560077222)
(0.8300756233 0.01323974141 -2.015130401e-05)
(0.6678684303 -0.0009173225663 -0.01320254369)
(0.1219022711 -0.007537927177 -0.01042278742)
(0.09074606333 -0.0112050976 0.004995939901)
(0.71875 -0.001061477264 0.01311979943)
(0.1025425421 -0.006895789575 0.0101216593)
(0.9223281587 0.003160413199 -0.01282917061)
(0.4447470542 0.007130213058 -0.009951402113)
(0.04936301162 0.006566179265 0.01116341558)
(0.07295645547 -0.0131024502 -0.0009878402685)
(0.07492703791 3.129865589e-05 -0.01280064012)
(0.6121605004 0.003011942766 -0.01288924556)
(0.5377749049 0.003475405443 -0.01282727896)
(0.8816684003 0.01012903159 -0.006065117858)
(0.9474014274 0.01170105224 -0.006056288388)
(0.4463619358 -0.01098760157 0.004958990596)
(0.7510290605 -0.00394158781 0.01218443184)
(0.5594406734 -0.009154694453 -0.008295713823)
(0.7238269709 0.002964271518 -0.01284383625)
(0.66875 0.001049343423 0.01316721293)
(0.1250631727 0.004553040284 0.01236592309)
(0.7989308154 0.01209268754 -0.00541166186)
(0.6355862113 0.00338281626 0.0121659273)
(0.9496696432 -0.004405516119 0.01241319048)
(0.5375110688 0.004596698473 0.01248518993)
(0.07427576582 0.01241644469 0.004158847276)
(0.5638035942 0.002561465891 -0.01268989166)
(0.1810172224 -0.009279886041 0.009231871995)
(0.5053938125 -0.01159620713 -0.004121218138)
(0.7982766204 -0.01302584495 0.000462610069)
(0.612859627 -0.00687221859 0.01084583175)
(0.4399431277 0.005797543511 0.01141145783)
(0.508257204 0.002111812759 0.01261994999)
(0.09175470833 0.01076619123 0.006305506561)
(0.2259784994 -0.003960819733 0.01222857656)
(0.7939345436 0.01019218686 0.008362140753)
(0.181801731 0.01078631469 0.007555884329)
(0.3463634065 -0.004521423292 0.01082364254)
(0.3595056263 -0.006111606122 0.01036944585)
(0.7730676782 -0.006732754059 -0.01127453682)
(0.7720748196 -0.01281698478 0.000468903596)
(0.04834413931 0.01012294865 -0.008241813098)
(0.05006944457 -0.009174719345 0.008605812933)
(0.9745295418 0.01195473228 -0.004793835243)
(0.2498950975 0.00427737351 0.01247271993)
(0.3396056028 0.004723153736 -0.01265323945)
(0.2201828097 0.002904895788 -0.01260486181)
(0.7220506668 -0.009706281811 -0.008660014752)
(0.3649770385 0.004167626809 -0.01257127819)
(0.4380735806 -0.003723701378 -0.01232322991)
(0.8949440336 -0.009483900346 -0.007072906299)
(0.8191595673 -0.005643647271 -0.01056318107)
(0.2427808975 0.01223576245 -0.000399300446)
(0.558946293 -0.00790964438 0.009056788347)
(0.5318068808 0.01183455761 0.002794067553)
(0.2428454652 -0.00720898093 -0.01003418872)
(0.6110054879 -0.00961211802 -0.009166397297)
(0.9717574278 -0.001183850682 -0.01239882602)
(0.7015832144 -0.008963167634 -0.008474670479)
(0.7449312198 0.008613987696 0.009804276059)
(0.3854849819 -0.007207242534 0.01039223037)
(0.7968896845 -0.006416862799 -0.01132258088)
(0.22402057 0.01211401213 0.00500801118)
(0.3650956051 -0.01301981805 -0.0003854394476)
(0.7511968347 0.01228791318 -0.003307310735)
(0.3101774027 -0.007405415141 0.01038800647)
(0.4106734512 0.01272836287 0.00292919109)
(0.5322364239 -0.007746773549 -0.009403544318)
(0.6444721076 0.01228215758 0.002689136273)
(0.7679085973 0.01279315849 -0.002364295966)
(0.5868957194 -0.008781546466 -0.008377090196)
(0.9745359111 -0.009797166455 0.008089400058)
(0.1797345525 0.01089080079 -0.005244464831)
(0.4124627649 -0.006816722228 0.01115120947)
(0.3398909135 -0.0130939902 -0.0001413399993)
(0.6614912813 -0.01059052367 -0.007287207788)
(0.5632307085 0.006035773652 0.01159147498)
(0.2941385013 -0.007166828678 0.01003629925)
(0.7478924725 -0.01079486269 -0.007387775941)
(0.3901963452 -0.0131093878 -0.0005684568752)
(0.4685753413 -0.004275703802 0.01104106)
(0.8472876014 -0.005850273589 -0.01116430557)
(0.8517690231 -0.01286742325 -0.001174726305)
(0.8469595591 -0.007471527043 0.01013003483)
(0.3681017193 0.01277453871 -0.001996410831)
(0.4148735057 0.005566119727 -0.01196719575)
(0.2476003262 -0.01262471044 0.002851325903)
(0.9896486917 0.007647468142 0.01047894624)
(0.04553542941 -0.01286056875 -0.002823661661)
(0.6928816351 -0.00573517628 0.01063902878)
(0.3087094417 0.01221182281 0.003418883526)
(0.7241454379 -0.0121626015 0.004435200331)
(0.5394994551 -0.008202509418 0.009955132234)
(0.9221076213 -0.001812269424 0.01259446933)
(0.7235000849 0.01258787405 -0.004149919795)
(0.3344340923 -0.006699125284 -0.009855668863)
(0.4695928169 0.0113660688 -0.004233408274)
(0.8236423724 -0.01269042167 -0.0001290615955)
(0.8311031099 -0.007343036277 0.009114536063)
(0.3640676192 0.005837653002 0.01143276845)
(0.1593751706 -0.0117253594 0.005363827693)
(0.1579466521 0.008896560704 -0.009329622447)
(0.9762411528 -0.01139310606 -0.006039598189)
(0.3146015393 -0.01307404719 -0.0001983874978)
(0.2492158085 0.004801593387 -0.01212805269)
(0.7932991314 -0.006750809022 0.01044710659)
(0.3900301101 0.003902807966 -0.01293306505)
(0.2892906555 0.004050340733 -0.01230161739)
(0.314506923 0.004573986782 0.01188317579)
(0.1267891335 -0.007952189353 0.009886400271)
(0.473206454 -0.01271526581 -0.0004358341093)
(0.8920224398 0.01255954803 0.001311270311)
(0.2704287818 -0.006382951097 -0.01005090222)
(0.1826108627 -0.005076432489 -0.01143325437)
(0.07253100704 -0.005709922219 0.01156251895)
(0.9555893811 -0.002122445872 -0.01277588157)
(0.2279811601 -0.006516224873 -0.008960183929)
(0.6419744964 -0.008885206403 -0.008971260148)
(0.9546906508 0.007182472209 0.01043733315)
(0.314478718 0.004690125393 -0.01274002689)
(0.47704632 0.01033834677 0.007918916529)
(0.9551769007 -0.01261090356 0.003158658961)
(0.309282891 -0.006533466565 -0.009734267568)
(0.1350231551 -0.005556339655 -0.0111982252)
(0.9133808321 -0.0121763963 -0.00189579616)
(0.2896513379 0.004595275819 0.01178786274)
(0.7708829202 0.006959115296 0.01086430711)
(0.4349754133 -0.007442361512 0.00934944236)
(0.5163322392 -0.007522599698 -0.009136472109)
(0.6636615471 -0.01150073111 0.005629721797)
(0.4108767506 -0.006878157209 -0.01032663868)
(0.3855960058 0.01119360958 -0.003529321031)
(0.826796395 0.006979817876 0.01046415253)
(0.02193740209 0.004694024234 -0.01254744008)
(0.7441712999 -0.01134470319 0.004638380487)
(0.2936560613 -0.008065780626 -0.009726108431)
(0.5835708456 0.01136510924 -0.004613773137)
(0.06865124069 0.01030075203 -0.006969906376)
(0.1608432093 0.00816072181 0.009531305417)
(0.2700524579 0.01331707273 -0.001222434276)
(0.0271395202 0.01372959483 0.002384980278)
(0.2414435882 -0.005136848539 0.01140413564)
(0.7213628303 0.01027351621 0.008079729069)
(0.7711134652 0.005642943702 -0.01218291303)
(0.5143746993 -0.008941011451 0.009178149359)
)


// ************************************************************************* //
