/*--------------------------------*- C++ -*----------------------------------*\
| =========                 |                                                 |
| \\      /  F ield         | OpenFOAM: The Open Source CFD Toolbox           |
|  \\    /   O peration     | Version:  2412                                  |
|   \\  /    A nd           | Website:  www.openfoam.com                      |
|    \\/     M anipulation  |                                                 |
\*---------------------------------------------------------------------------*/
FoamFile
{
    version     2.0;
    format      ascii;
    arch        "LSB;label=32;scalar=64";
    class       vectorField;
    location    "constant/polyMesh";
    object      points;
}
// * * * * * * * * * * * * * * * * * * * * * * * * * * * * * * * * * * * * * //


972
(
(0 0 0)
(5 0 0)
(5 1 0)
(0 1 0)
(0 0 0.001)
(5 0 0.001)
(5 1 0.001)
(0 1 0.001)
(0.1168393866 0 0)
(0.2417100668 0 0)
(0.3520379675 0 0)
(0.4818499512 0 0)
(0.5891458648 0 0)
(0.7203032113 0 0)
(0.8280313921 0 0)
(0.9569456424 0 0)
(1.068574118 0 0)
(1.191645044 0 0)
(1.310568579 0 0)
(1.425452256 0 0)
(1.55189642 0 0)
(1.661140365 0 0)
(1.79162515 0 0)
(1.898704623 0 0)
(2.029638133 0 0)
(2.138016541 0 0)
(2.26580837 0 0)
(2.378955384 0 0)
(2.5 0 0)
(2.621044616 0 0)
(2.73419163 0 0)
(2.861983459 0 0)
(2.970361867 0 0)
(3.101295377 0 0)
(3.20837485 0 0)
(3.338859635 0 0)
(3.44810358 0 0)
(3.574547744 0 0)
(3.689431421 0 0)
(3.808354956 0 0)
(3.931425882 0 0)
(4.043054358 0 0)
(4.171968608 0 0)
(4.279696789 0 0)
(4.410854135 0 0)
(4.518150049 0 0)
(4.647962032 0 0)
(4.758289933 0 0)
(4.883160613 0 0)
(5 0.1152926351 0)
(5 0.2759974991 0)
(5 0.5 0)
(5 0.7240025009 0)
(5 0.8847073649 0)
(4.883160613 1 0)
(4.758289933 1 0)
(4.647962032 1 0)
(4.518150049 1 0)
(4.410854135 1 0)
(4.279696789 1 0)
(4.171968608 1 0)
(4.043054358 1 0)
(3.931425882 1 0)
(3.808354956 1 0)
(3.689431421 1 0)
(3.574547744 1 0)
(3.44810358 1 0)
(3.338859635 1 0)
(3.20837485 1 0)
(3.101295377 1 0)
(2.970361867 1 0)
(2.861983459 1 0)
(2.73419163 1 0)
(2.621044616 1 0)
(2.5 1 0)
(2.378955384 1 0)
(2.26580837 1 0)
(2.138016541 1 0)
(2.029638133 1 0)
(1.898704623 1 0)
(1.79162515 1 0)
(1.661140365 1 0)
(1.55189642 1 0)
(1.425452256 1 0)
(1.310568579 1 0)
(1.191645044 1 0)
(1.068574118 1 0)
(0.9569456424 1 0)
(0.8280313921 1 0)
(0.7203032113 1 0)
(0.5891458648 1 0)
(0.4818499512 1 0)
(0.3520379675 1 0)
(0.2417100668 1 0)
(0.1168393866 1 0)
(0 0.8847073649 0)
(0 0.7240025009 0)
(0 0.5 0)
(0 0.2759974991 0)
(0 0.1152926351 0)
(0.1168393866 0 0.001)
(0.2417100668 0 0.001)
(0.3520379675 0 0.001)
(0.4818499512 0 0.001)
(0.5891458648 0 0.001)
(0.7203032113 0 0.001)
(0.8280313921 0 0.001)
(0.9569456424 0 0.001)
(1.068574118 0 0.001)
(1.191645044 0 0.001)
(1.310568579 0 0.001)
(1.425452256 0 0.001)
(1.55189642 0 0.001)
(1.661140365 0 0.001)
(1.79162515 0 0.001)
(1.898704623 0 0.001)
(2.029638133 0 0.001)
(2.138016541 0 0.001)
(2.26580837 0 0.001)
(2.378955384 0 0.001)
(2.5 0 0.001)
(2.621044616 0 0.001)
(2.73419163 0 0.001)
(2.861983459 0 0.001)
(2.970361867 0 0.001)
(3.101295377 0 0.001)
(3.20837485 0 0.001)
(3.338859635 0 0.001)
(3.44810358 0 0.001)
(3.574547744 0 0.001)
(3.689431421 0 0.001)
(3.808354956 0 0.001)
(3.931425882 0 0.001)
(4.043054358 0 0.001)
(4.171968608 0 0.001)
(4.279696789 0 0.001)
(4.410854135 0 0.001)
(4.518150049 0 0.001)
(4.647962032 0 0.001)
(4.758289933 0 0.001)
(4.883160613 0 0.001)
(5 0.1152926351 0.001)
(5 0.2759974991 0.001)
(5 0.5 0.001)
(5 0.7240025009 0.001)
(5 0.8847073649 0.001)
(4.883160613 1 0.001)
(4.758289933 1 0.001)
(4.647962032 1 0.001)
(4.518150049 1 0.001)
(4.410854135 1 0.001)
(4.279696789 1 0.001)
(4.171968608 1 0.001)
(4.043054358 1 0.001)
(3.931425882 1 0.001)
(3.808354956 1 0.001)
(3.689431421 1 0.001)
(3.574547744 1 0.001)
(3.44810358 1 0.001)
(3.338859635 1 0.001)
(3.20837485 1 0.001)
(3.101295377 1 0.001)
(2.970361867 1 0.001)
(2.861983459 1 0.001)
(2.73419163 1 0.001)
(2.621044616 1 0.001)
(2.5 1 0.001)
(2.378955384 1 0.001)
(2.26580837 1 0.001)
(2.138016541 1 0.001)
(2.029638133 1 0.001)
(1.898704623 1 0.001)
(1.79162515 1 0.001)
(1.661140365 1 0.001)
(1.55189642 1 0.001)
(1.425452256 1 0.001)
(1.310568579 1 0.001)
(1.191645044 1 0.001)
(1.068574118 1 0.001)
(0.9569456424 1 0.001)
(0.8280313921 1 0.001)
(0.7203032113 1 0.001)
(0.5891458648 1 0.001)
(0.4818499512 1 0.001)
(0.3520379675 1 0.001)
(0.2417100668 1 0.001)
(0.1168393866 1 0.001)
(0 0.8847073649 0.001)
(0 0.7240025009 0.001)
(0 0.5 0.001)
(0 0.2759974991 0.001)
(0 0.1152926351 0.001)
(1.842313551 0.9129978654 0)
(3.154835114 0.09273354398 0)
(0.6545658601 0.9036106488 0)
(4.345275462 0.09310816407 0)
(2.20053338 0.9036729982 0)
(2.804867346 0.09990878738 0)
(1.489320341 0.09752118535 0)
(3.511325662 0.9029498928 0)
(3.994169731 0.897513943 0)
(1.006100901 0.1021783644 0)
(3.035828622 0.9067040006 0)
(1.964171378 0.09329599941 0)
(0.535497908 0.09292098694 0)
(4.458387475 0.9044178951 0)
(2.445174383 0.1006976471 0)
(3.748893188 0.1012414927 0)
(1.250612297 0.8987773426 0)
(2.682192671 0.9003165818 0)
(3.40830761 0.1030303373 0)
(1.606518392 0.9053919681 0)
(0.4169439594 0.9057661241 0)
(4.586360776 0.09459267176 0)
(4.117776092 0.1040851821 0)
(0.8908397786 0.9039087835 0)
(4.227037189 0.9057998669 0)
(0.7725928394 0.09463309611 0)
(1.727839875 0.09447660359 0)
(3.272804588 0.907699093 0)
(3.749309213 0.89767434 0)
(1.257928435 0.1184810279 0)
(2.437361789 0.8984205079 0)
(2.190866587 0.1127383939 0)
(0.2968740172 0.09554676476 0)
(4.699207917 0.9075673194 0)
(0.1503098125 0.646821356 0)
(4.826327912 0.3852217916 0)
(0.1789754736 0.9005795279 0)
(4.812882776 0.1239005031 0)
(4.877163024 0.8118724725 0)
(0.1195104228 0.1956450671 0)
(4.802778229 0.5711692396 0)
(4.679333375 0.480741133 0)
(4.666164863 0.6374702508 0)
(4.55243127 0.5473673854 0)
(4.556081113 0.4082178445 0)
(4.440976897 0.4741124414 0)
(4.421357079 0.6125899082 0)
(4.324424516 0.5305459345 0)
(4.321638653 0.3942366777 0)
(4.225504045 0.4693690224 0)
(4.204179104 0.5990451122 0)
(4.118573818 0.5258033048 0)
(4.121702292 0.4120241536 0)
(4.017497002 0.4627819825 0)
(4.010678811 0.5759009187 0)
(3.912915355 0.5160063077 0)
(3.917620497 0.3987145743 0)
(3.813934667 0.4540140285 0)
(3.809265819 0.5696713074 0)
(3.711656755 0.5085687574 0)
(3.709582865 0.6189457482 0)
(3.611502892 0.5609990478 0)
(3.614912538 0.4485147869 0)
(3.515740017 0.5013266589 0)
(3.519456171 0.3894812299 0)
(3.421012148 0.4422533727 0)
(3.416741495 0.5532778228 0)
(3.323182059 0.4940346074 0)
(3.32722265 0.3840709635 0)
(3.230112409 0.4355541708 0)
(3.225844143 0.5451766815 0)
(3.133128462 0.4866563125 0)
(3.128910752 0.5962301074 0)
(3.035995466 0.5379791591 0)
(3.040258426 0.4281937347 0)
(2.942438837 0.4793588822 0)
(2.938673049 0.5892830895 0)
(2.846031973 0.5279943388 0)
(2.848929277 0.3995918065 0)
(2.749826931 0.4715679146 0)
(2.746164992 0.571129105 0)
(2.647805337 0.517652613 0)
(2.644938042 0.398662959 0)
(2.553815401 0.4629218522 0)
(2.550010773 0.5740839263 0)
(2.455704376 0.5125164212 0)
(2.455649224 0.4068893124 0)
(2.358453387 0.4561124853 0)
(2.360067366 0.5589100226 0)
(2.260379514 0.5067794179 0)
(2.263066782 0.397150012 0)
(2.165082574 0.4496514732 0)
(2.161509539 0.5600090249 0)
(2.067428384 0.502289627 0)
(2.064293833 0.6121305398 0)
(1.970501829 0.5545407852 0)
(1.973632892 0.4445731828 0)
(1.876886439 0.4969878212 0)
(1.879205998 0.3882903555 0)
(1.78308323 0.439480361 0)
(1.779975245 0.5494935094 0)
(1.686261815 0.4916206717 0)
(1.68323358 0.6018616676 0)
(1.588817395 0.5442253339 0)
(1.594891526 0.4308564471 0)
(1.495412757 0.488275485 0)
(1.494462254 0.592885615 0)
(1.398668851 0.5343351252 0)
(1.408285664 0.4415388877 0)
(1.30378167 0.4878228078 0)
(1.300534787 0.5992370844 0)
(1.198554192 0.5322855102 0)
(1.210828961 0.4218415438 0)
(1.106894604 0.4797542614 0)
(1.099923769 0.5875922484 0)
(1.003796445 0.5254236908 0)
(1.021209004 0.4068878397 0)
(0.9139901215 0.4699001842 0)
(0.9030446807 0.5792821257 0)
(0.8108744247 0.5231142855 0)
(0.8191219576 0.3900027484 0)
(0.7097040932 0.4571509822 0)
(0.7074464763 0.5824860894 0)
(0.600016898 0.5210520285 0)
(0.6028653047 0.3926776229 0)
(1.965154577 0.6593118692 0)
(0.6005244977 0.6479107178 0)
(0.4873550087 0.457984342 0)
(1.97165959 0.3410443588 0)
(3.221440348 0.6545973448 0)
(3.618599251 0.3359457066 0)
(3.234092203 0.3260691416 0)
(1.787797173 0.3288272207 0)
(3.613428967 0.6629677799 0)
(2.152386189 0.6734046809 0)
(3.805189266 0.6763380087 0)
(2.168300691 0.3389499489 0)
(0.4868093163 0.3247556497 0)
(0.3723703499 0.3912560027 0)
(3.81680541 0.3358650297 0)
(3.916663565 0.2880451491 0)
(1.776522122 0.6587613928 0)
(2.26631892 0.2861127713 0)
(3.123916536 0.7048678205 0)
(3.522488312 0.277058249 0)
(0.7039236846 0.6955712335 0)
(1.681114523 0.7068057162 0)
(3.330720924 0.2751898778 0)
(0.5985254376 0.2650571521 0)
(3.620066917 0.2262815844 0)
(1.779683 0.7600793152 0)
(3.21531402 0.7581630108 0)
(3.313905948 0.7113590081 0)
(3.519161305 0.1676775227 0)
(3.245236768 0.2196162536 0)
(3.148720038 0.2690633652 0)
(0.3811836092 0.5391289052 0)
(0.3660557923 0.2649462638 0)
(0.2397386193 0.3175675055 0)
(0.597176627 0.7849889593 0)
(0.4943016049 0.7142093206 0)
(2.919886452 0.9056224053 0)
(2.976441346 0.8126682223 0)
(2.866846842 0.8092233166 0)
(4.345275462 0.9068918359 0)
(4.285314968 0.8101356673 0)
(4.172781527 0.8077501124 0)
(0.6544718906 0.09052258432 0)
(0.7061155736 0.2020709461 0)
(0.8257112758 0.1921777464 0)
(1.959990064 0.907871532 0)
(1.889017571 0.814881447 0)
(2.012450573 0.8168521939 0)
(3.040949452 0.0968791849 0)
(2.918267508 0.1010516047 0)
(2.859613213 0.1967964069 0)
(2.747463911 0.1967321915 0)
(2.972658833 0.2024767164 0)
(2.176683837 0.2310894516 0)
(1.846409376 0.09369310423 0)
(1.908818087 0.184309892 0)
(2.013890532 0.183852014 0)
(3.15463961 0.912532023 0)
(3.266637499 0.1053313602 0)
(1.725826244 0.9143882935 0)
(4.233155708 0.09767579792 0)
(4.296064665 0.1906296088 0)
(4.401650242 0.196275755 0)
(4.185471077 0.1980098295 0)
(4.087991602 0.1953935757 0)
(3.999142734 0.1217495517 0)
(4.250906167 0.2890657214 0)
(0.7692934797 0.9034662219 0)
(0.8320831694 0.810208596 0)
(0.9442790505 0.8055612965 0)
(2.800273387 0.290528645 0)
(4.396245418 0.8089782723 0)
(4.50748862 0.8025079749 0)
(4.347190797 0.71491785 0)
(0.4247202668 0.09176075835 0)
(4.577767956 0.9028865905 0)
(3.8751168 0.1044337056 0)
(0.8936606124 0.7002082103 0)
(1.000533512 0.725954515 0)
(1.064428577 0.8055655077 0)
(1.61589955 0.1010668573 0)
(1.549240209 0.1955597526 0)
(1.440159373 0.1933029724 0)
(1.485937078 0.2868942267 0)
(1.603633771 0.3011765453 0)
(1.378069521 0.2896779231 0)
(3.390816016 0.9051411378 0)
(3.447714436 0.8147994969 0)
(3.568662778 0.8150375243 0)
(1.790595194 0.2102942195 0)
(3.81227405 0.2071877246 0)
(4.644355728 0.7857159084 0)
(0.7037516875 0.3304367972 0)
(2.931066651 0.7049565687 0)
(2.830500942 0.721793041 0)
(2.317461988 0.90059914 0)
(2.374131735 0.8019596057 0)
(2.489776982 0.7978555204 0)
(2.428658026 0.7110654209 0)
(2.318742775 0.7170599811 0)
(1.489197471 0.9027100312 0)
(1.548395197 0.8125098723 0)
(1.435294599 0.8029449737 0)
(0.5458896296 0.8998849036 0)
(2.555211295 0.8955485122 0)
(2.618654736 0.7994428124 0)
(2.55225698 0.6906791432 0)
(2.661408777 0.7147942046 0)
(1.676498799 0.1975088396 0)
(2.080306067 0.9064081797 0)
(2.141464008 0.7922782902 0)
(4.676174674 0.3399784001 0)
(4.57207089 0.293646728 0)
(2.744884331 0.788184323 0)
(4.108618636 0.904238247 0)
(4.060306085 0.8015815839 0)
(3.937967228 0.8009719384 0)
(4.129277263 0.7071949775 0)
(3.870436057 0.8992469734 0)
(2.083827337 0.09385845484 0)
(0.8924885172 0.09498421837 0)
(0.9406177949 0.1975381366 0)
(1.053681769 0.2066490399 0)
(1.124001951 0.1076893333 0)
(1.182432436 0.2317867297 0)
(1.091146782 0.3115828522 0)
(1.289911475 0.2300014036 0)
(0.8803680069 0.2883306857 0)
(1.127905726 0.9003897538 0)
(1.183721787 0.7994548517 0)
(1.305971098 0.7959099794 0)
(4.540462144 0.6769353711 0)
(2.692764837 0.2920380019 0)
(2.634349949 0.1972421943 0)
(2.582859466 0.2920422775 0)
(3.624974519 0.1093261925 0)
(4.66457369 0.1994408339 0)
(1.115167821 0.6997539614 0)
(2.513204536 0.1976658714 0)
(2.318818602 0.1009881822 0)
(2.375777344 0.2152688291 0)
(4.450400409 0.3184514238 0)
(0.4814954155 0.1954947574 0)
(1.269787969 0.3275039609 0)
(4.773208161 0.7207997899 0)
(3.631989582 0.9005078175 0)
(3.682244826 0.8132569106 0)
(1.368010418 0.09949218251 0)
(3.108046206 0.8119111676 0)
(0.2979811834 0.8983781894 0)
(0.3754850089 0.7790809111 0)
(0.2335286789 0.7855147346 0)
(4.00769056 0.698744662 0)
(2.251843819 0.8052310791 0)
(1.243954534 0.7027673098 0)
(2.801664231 0.9005577711 0)
(3.423094148 0.2215191371 0)
(1.367516914 0.898470289 0)
(1.364469769 0.7052375029 0)
(4.018838645 0.3527517004 0)
(3.905528176 0.6266243888 0)
(3.806964144 0.7892759044 0)
(2.069805998 0.3922092761 0)
(3.51270347 0.609882065 0)
(2.065086259 0.2742223115 0)
(3.138581917 0.3774187759 0)
(3.424275217 0.3316155193 0)
(1.873398031 0.607275098 0)
(3.715822767 0.3941074144 0)
(3.032497783 0.6456936889 0)
(1.689490196 0.3814773381 0)
(3.318983962 0.6036847651 0)
(3.031821351 0.3030897035 0)
(2.951569658 0.3758822318 0)
(3.409990891 0.6566921477 0)
(2.363476143 0.3421604339 0)
(1.589652701 0.6486911386 0)
(1.007090016 0.9017102939 0)
(2.051959106 0.718116532 0)
(2.265190062 0.6260585202 0)
(3.71902798 0.2817361773 0)
(0.9857238249 0.2980791186 0)
(1.672975467 0.8140549889 0)
(2.687894731 0.1000816937 0)
(4.464502092 0.09292098694 0)
(2.472161178 0.3049222223 0)
(1.490878631 0.7075373614 0)
(2.566944702 0.09928123441 0)
(1.870610921 0.7104263739 0)
(4.125982437 0.2976695266 0)
(0.4950207197 0.589011714 0)
(0.8028353188 0.6341547581 0)
(4.86247457 0.2458976624 0)
(0.2978450902 0.6537076625 0)
(0.1007336851 0.8055727254 0)
(3.07186217 0.1926938699 0)
(0.7258508092 0.8036853773 0)
(0.221806483 0.4896650674 0)
(0.1111979002 0.3791740397 0)
(3.321472164 0.8136489397 0)
(0.1836678972 0.09655730322 0)
(4.820725273 0.9030116293 0)
(4.240917101 0.7108182976 0)
(1.87820621 0.2851707527 0)
(3.51000546 0.7224160594 0)
(3.33479939 0.1849373932 0)
(0.261618753 0.1885387367 0)
(4.694013841 0.08358680176 0)
(4.347289093 0.2781706397 0)
(4.442618734 0.7148157382 0)
(2.262419259 0.1866002342 0)
(2.905622365 0.2857727611 0)
(2.747346495 0.3704778654 0)
(1.504608783 0.3882038584 0)
(0.5949934182 0.168052975 0)
(0.4775870162 0.8188576837 0)
(3.034393704 0.7360194936 0)
(2.458321222 0.6126915793 0)
(0.9235990228 0.3731862704 0)
(1.701920237 0.2886642127 0)
(3.512287056 0.07209769646 0)
(2.845542514 0.6273549244 0)
(3.926869391 0.190069904 0)
(3.705047331 0.1851546343 0)
(4.514415745 0.1914735506 0)
(0.9929942132 0.6224892611 0)
(3.713844102 0.7155414921 0)
(3.892667875 0.7183909805 0)
(2.645677937 0.6198153321 0)
(3.163349283 0.179000385 0)
(0.7861777581 0.2756613313 0)
(1.177097339 0.3360805328 0)
(4.098743802 0.6172910036 0)
(2.231034977 0.7195709204 0)
(0.7980620341 0.7242666044 0)
(4.212249804 0.3768739645 0)
(2.100971649 0.1792333642 0)
(1.191627021 0.6243272228 0)
(1.952643992 0.7482621448 0)
(4.307070455 0.6286785131 0)
(2.542000355 0.3755066096 0)
(4.92533909 0.08414582387 0)
(0.08780539847 0.9125737424 0)
(1.967532136 0.2537198658 0)
(1.121435338 0.391229406 0)
(4.912282488 0.9126628075 0)
(0.08771751234 0.08733719245 0)
(1.599409826 0.7388311377 0)
(3.213759063 0.8475977074 0)
(4.890629883 0.6655688006 0)
(1.786219794 0.8502773379 0)
(0.3650326465 0.1641776486 0)
(3.393942076 0.7446028124 0)
(0.4081887761 0.6546726361 0)
(1.410184964 0.6230283088 0)
(4.920139287 0.1690468247 0)
(4.006764517 0.2547204967 0)
(1.326658197 0.3936615653 0)
(2.746926072 0.6656561139 0)
(2.372210071 0.6466755932 0)
(4.760032201 0.266465277 0)
(1.355170801 0.1810271729 0)
(4.762394962 0.8277072214 0)
(3.622917309 0.7501646612 0)
(1.43308831 0.3559087211 0)
(1.842313551 0.9129978654 0.001)
(3.154835114 0.09273354398 0.001)
(0.6545658601 0.9036106488 0.001)
(4.345275462 0.09310816407 0.001)
(2.20053338 0.9036729982 0.001)
(2.804867346 0.09990878738 0.001)
(1.489320341 0.09752118535 0.001)
(3.511325662 0.9029498928 0.001)
(3.994169731 0.897513943 0.001)
(1.006100901 0.1021783644 0.001)
(3.035828622 0.9067040006 0.001)
(1.964171378 0.09329599941 0.001)
(0.535497908 0.09292098694 0.001)
(4.458387475 0.9044178951 0.001)
(2.445174383 0.1006976471 0.001)
(3.748893188 0.1012414927 0.001)
(1.250612297 0.8987773426 0.001)
(2.682192671 0.9003165818 0.001)
(3.40830761 0.1030303373 0.001)
(1.606518392 0.9053919681 0.001)
(0.4169439594 0.9057661241 0.001)
(4.586360776 0.09459267176 0.001)
(4.117776092 0.1040851821 0.001)
(0.8908397786 0.9039087835 0.001)
(4.227037189 0.9057998669 0.001)
(0.7725928394 0.09463309611 0.001)
(1.727839875 0.09447660359 0.001)
(3.272804588 0.907699093 0.001)
(3.749309213 0.89767434 0.001)
(1.257928435 0.1184810279 0.001)
(2.437361789 0.8984205079 0.001)
(2.190866587 0.1127383939 0.001)
(0.2968740172 0.09554676476 0.001)
(4.699207917 0.9075673194 0.001)
(0.1503098125 0.646821356 0.001)
(4.826327912 0.3852217916 0.001)
(0.1789754736 0.9005795279 0.001)
(4.812882776 0.1239005031 0.001)
(4.877163024 0.8118724725 0.001)
(0.1195104228 0.1956450671 0.001)
(4.802778229 0.5711692396 0.001)
(4.679333375 0.480741133 0.001)
(4.666164863 0.6374702508 0.001)
(4.55243127 0.5473673854 0.001)
(4.556081113 0.4082178445 0.001)
(4.440976897 0.4741124414 0.001)
(4.421357079 0.6125899082 0.001)
(4.324424516 0.5305459345 0.001)
(4.321638653 0.3942366777 0.001)
(4.225504045 0.4693690224 0.001)
(4.204179104 0.5990451122 0.001)
(4.118573818 0.5258033048 0.001)
(4.121702292 0.4120241536 0.001)
(4.017497002 0.4627819825 0.001)
(4.010678811 0.5759009187 0.001)
(3.912915355 0.5160063077 0.001)
(3.917620497 0.3987145743 0.001)
(3.813934667 0.4540140285 0.001)
(3.809265819 0.5696713074 0.001)
(3.711656755 0.5085687574 0.001)
(3.709582865 0.6189457482 0.001)
(3.611502892 0.5609990478 0.001)
(3.614912538 0.4485147869 0.001)
(3.515740017 0.5013266589 0.001)
(3.519456171 0.3894812299 0.001)
(3.421012148 0.4422533727 0.001)
(3.416741495 0.5532778228 0.001)
(3.323182059 0.4940346074 0.001)
(3.32722265 0.3840709635 0.001)
(3.230112409 0.4355541708 0.001)
(3.225844143 0.5451766815 0.001)
(3.133128462 0.4866563125 0.001)
(3.128910752 0.5962301074 0.001)
(3.035995466 0.5379791591 0.001)
(3.040258426 0.4281937347 0.001)
(2.942438837 0.4793588822 0.001)
(2.938673049 0.5892830895 0.001)
(2.846031973 0.5279943388 0.001)
(2.848929277 0.3995918065 0.001)
(2.749826931 0.4715679146 0.001)
(2.746164992 0.571129105 0.001)
(2.647805337 0.517652613 0.001)
(2.644938042 0.398662959 0.001)
(2.553815401 0.4629218522 0.001)
(2.550010773 0.5740839263 0.001)
(2.455704376 0.5125164212 0.001)
(2.455649224 0.4068893124 0.001)
(2.358453387 0.4561124853 0.001)
(2.360067366 0.5589100226 0.001)
(2.260379514 0.5067794179 0.001)
(2.263066782 0.397150012 0.001)
(2.165082574 0.4496514732 0.001)
(2.161509539 0.5600090249 0.001)
(2.067428384 0.502289627 0.001)
(2.064293833 0.6121305398 0.001)
(1.970501829 0.5545407852 0.001)
(1.973632892 0.4445731828 0.001)
(1.876886439 0.4969878212 0.001)
(1.879205998 0.3882903555 0.001)
(1.78308323 0.439480361 0.001)
(1.779975245 0.5494935094 0.001)
(1.686261815 0.4916206717 0.001)
(1.68323358 0.6018616676 0.001)
(1.588817395 0.5442253339 0.001)
(1.594891526 0.4308564471 0.001)
(1.495412757 0.488275485 0.001)
(1.494462254 0.592885615 0.001)
(1.398668851 0.5343351252 0.001)
(1.408285664 0.4415388877 0.001)
(1.30378167 0.4878228078 0.001)
(1.300534787 0.5992370844 0.001)
(1.198554192 0.5322855102 0.001)
(1.210828961 0.4218415438 0.001)
(1.106894604 0.4797542614 0.001)
(1.099923769 0.5875922484 0.001)
(1.003796445 0.5254236908 0.001)
(1.021209004 0.4068878397 0.001)
(0.9139901215 0.4699001842 0.001)
(0.9030446807 0.5792821257 0.001)
(0.8108744247 0.5231142855 0.001)
(0.8191219576 0.3900027484 0.001)
(0.7097040932 0.4571509822 0.001)
(0.7074464763 0.5824860894 0.001)
(0.600016898 0.5210520285 0.001)
(0.6028653047 0.3926776229 0.001)
(1.965154577 0.6593118692 0.001)
(0.6005244977 0.6479107178 0.001)
(0.4873550087 0.457984342 0.001)
(1.97165959 0.3410443588 0.001)
(3.221440348 0.6545973448 0.001)
(3.618599251 0.3359457066 0.001)
(3.234092203 0.3260691416 0.001)
(1.787797173 0.3288272207 0.001)
(3.613428967 0.6629677799 0.001)
(2.152386189 0.6734046809 0.001)
(3.805189266 0.6763380087 0.001)
(2.168300691 0.3389499489 0.001)
(0.4868093163 0.3247556497 0.001)
(0.3723703499 0.3912560027 0.001)
(3.81680541 0.3358650297 0.001)
(3.916663565 0.2880451491 0.001)
(1.776522122 0.6587613928 0.001)
(2.26631892 0.2861127713 0.001)
(3.123916536 0.7048678205 0.001)
(3.522488312 0.277058249 0.001)
(0.7039236846 0.6955712335 0.001)
(1.681114523 0.7068057162 0.001)
(3.330720924 0.2751898778 0.001)
(0.5985254376 0.2650571521 0.001)
(3.620066917 0.2262815844 0.001)
(1.779683 0.7600793152 0.001)
(3.21531402 0.7581630108 0.001)
(3.313905948 0.7113590081 0.001)
(3.519161305 0.1676775227 0.001)
(3.245236768 0.2196162536 0.001)
(3.148720038 0.2690633652 0.001)
(0.3811836092 0.5391289052 0.001)
(0.3660557923 0.2649462638 0.001)
(0.2397386193 0.3175675055 0.001)
(0.597176627 0.7849889593 0.001)
(0.4943016049 0.7142093206 0.001)
(2.919886452 0.9056224053 0.001)
(2.976441346 0.8126682223 0.001)
(2.866846842 0.8092233166 0.001)
(4.345275462 0.9068918359 0.001)
(4.285314968 0.8101356673 0.001)
(4.172781527 0.8077501124 0.001)
(0.6544718906 0.09052258432 0.001)
(0.7061155736 0.2020709461 0.001)
(0.8257112758 0.1921777464 0.001)
(1.959990064 0.907871532 0.001)
(1.889017571 0.814881447 0.001)
(2.012450573 0.8168521939 0.001)
(3.040949452 0.0968791849 0.001)
(2.918267508 0.1010516047 0.001)
(2.859613213 0.1967964069 0.001)
(2.747463911 0.1967321915 0.001)
(2.972658833 0.2024767164 0.001)
(2.176683837 0.2310894516 0.001)
(1.846409376 0.09369310423 0.001)
(1.908818087 0.184309892 0.001)
(2.013890532 0.183852014 0.001)
(3.15463961 0.912532023 0.001)
(3.266637499 0.1053313602 0.001)
(1.725826244 0.9143882935 0.001)
(4.233155708 0.09767579792 0.001)
(4.296064665 0.1906296088 0.001)
(4.401650242 0.196275755 0.001)
(4.185471077 0.1980098295 0.001)
(4.087991602 0.1953935757 0.001)
(3.999142734 0.1217495517 0.001)
(4.250906167 0.2890657214 0.001)
(0.7692934797 0.9034662219 0.001)
(0.8320831694 0.810208596 0.001)
(0.9442790505 0.8055612965 0.001)
(2.800273387 0.290528645 0.001)
(4.396245418 0.8089782723 0.001)
(4.50748862 0.8025079749 0.001)
(4.347190797 0.71491785 0.001)
(0.4247202668 0.09176075835 0.001)
(4.577767956 0.9028865905 0.001)
(3.8751168 0.1044337056 0.001)
(0.8936606124 0.7002082103 0.001)
(1.000533512 0.725954515 0.001)
(1.064428577 0.8055655077 0.001)
(1.61589955 0.1010668573 0.001)
(1.549240209 0.1955597526 0.001)
(1.440159373 0.1933029724 0.001)
(1.485937078 0.2868942267 0.001)
(1.603633771 0.3011765453 0.001)
(1.378069521 0.2896779231 0.001)
(3.390816016 0.9051411378 0.001)
(3.447714436 0.8147994969 0.001)
(3.568662778 0.8150375243 0.001)
(1.790595194 0.2102942195 0.001)
(3.81227405 0.2071877246 0.001)
(4.644355728 0.7857159084 0.001)
(0.7037516875 0.3304367972 0.001)
(2.931066651 0.7049565687 0.001)
(2.830500942 0.721793041 0.001)
(2.317461988 0.90059914 0.001)
(2.374131735 0.8019596057 0.001)
(2.489776982 0.7978555204 0.001)
(2.428658026 0.7110654209 0.001)
(2.318742775 0.7170599811 0.001)
(1.489197471 0.9027100312 0.001)
(1.548395197 0.8125098723 0.001)
(1.435294599 0.8029449737 0.001)
(0.5458896296 0.8998849036 0.001)
(2.555211295 0.8955485122 0.001)
(2.618654736 0.7994428124 0.001)
(2.55225698 0.6906791432 0.001)
(2.661408777 0.7147942046 0.001)
(1.676498799 0.1975088396 0.001)
(2.080306067 0.9064081797 0.001)
(2.141464008 0.7922782902 0.001)
(4.676174674 0.3399784001 0.001)
(4.57207089 0.293646728 0.001)
(2.744884331 0.788184323 0.001)
(4.108618636 0.904238247 0.001)
(4.060306085 0.8015815839 0.001)
(3.937967228 0.8009719384 0.001)
(4.129277263 0.7071949775 0.001)
(3.870436057 0.8992469734 0.001)
(2.083827337 0.09385845484 0.001)
(0.8924885172 0.09498421837 0.001)
(0.9406177949 0.1975381366 0.001)
(1.053681769 0.2066490399 0.001)
(1.124001951 0.1076893333 0.001)
(1.182432436 0.2317867297 0.001)
(1.091146782 0.3115828522 0.001)
(1.289911475 0.2300014036 0.001)
(0.8803680069 0.2883306857 0.001)
(1.127905726 0.9003897538 0.001)
(1.183721787 0.7994548517 0.001)
(1.305971098 0.7959099794 0.001)
(4.540462144 0.6769353711 0.001)
(2.692764837 0.2920380019 0.001)
(2.634349949 0.1972421943 0.001)
(2.582859466 0.2920422775 0.001)
(3.624974519 0.1093261925 0.001)
(4.66457369 0.1994408339 0.001)
(1.115167821 0.6997539614 0.001)
(2.513204536 0.1976658714 0.001)
(2.318818602 0.1009881822 0.001)
(2.375777344 0.2152688291 0.001)
(4.450400409 0.3184514238 0.001)
(0.4814954155 0.1954947574 0.001)
(1.269787969 0.3275039609 0.001)
(4.773208161 0.7207997899 0.001)
(3.631989582 0.9005078175 0.001)
(3.682244826 0.8132569106 0.001)
(1.368010418 0.09949218251 0.001)
(3.108046206 0.8119111676 0.001)
(0.2979811834 0.8983781894 0.001)
(0.3754850089 0.7790809111 0.001)
(0.2335286789 0.7855147346 0.001)
(4.00769056 0.698744662 0.001)
(2.251843819 0.8052310791 0.001)
(1.243954534 0.7027673098 0.001)
(2.801664231 0.9005577711 0.001)
(3.423094148 0.2215191371 0.001)
(1.367516914 0.898470289 0.001)
(1.364469769 0.7052375029 0.001)
(4.018838645 0.3527517004 0.001)
(3.905528176 0.6266243888 0.001)
(3.806964144 0.7892759044 0.001)
(2.069805998 0.3922092761 0.001)
(3.51270347 0.609882065 0.001)
(2.065086259 0.2742223115 0.001)
(3.138581917 0.3774187759 0.001)
(3.424275217 0.3316155193 0.001)
(1.873398031 0.607275098 0.001)
(3.715822767 0.3941074144 0.001)
(3.032497783 0.6456936889 0.001)
(1.689490196 0.3814773381 0.001)
(3.318983962 0.6036847651 0.001)
(3.031821351 0.3030897035 0.001)
(2.951569658 0.3758822318 0.001)
(3.409990891 0.6566921477 0.001)
(2.363476143 0.3421604339 0.001)
(1.589652701 0.6486911386 0.001)
(1.007090016 0.9017102939 0.001)
(2.051959106 0.718116532 0.001)
(2.265190062 0.6260585202 0.001)
(3.71902798 0.2817361773 0.001)
(0.9857238249 0.2980791186 0.001)
(1.672975467 0.8140549889 0.001)
(2.687894731 0.1000816937 0.001)
(4.464502092 0.09292098694 0.001)
(2.472161178 0.3049222223 0.001)
(1.490878631 0.7075373614 0.001)
(2.566944702 0.09928123441 0.001)
(1.870610921 0.7104263739 0.001)
(4.125982437 0.2976695266 0.001)
(0.4950207197 0.589011714 0.001)
(0.8028353188 0.6341547581 0.001)
(4.86247457 0.2458976624 0.001)
(0.2978450902 0.6537076625 0.001)
(0.1007336851 0.8055727254 0.001)
(3.07186217 0.1926938699 0.001)
(0.7258508092 0.8036853773 0.001)
(0.221806483 0.4896650674 0.001)
(0.1111979002 0.3791740397 0.001)
(3.321472164 0.8136489397 0.001)
(0.1836678972 0.09655730322 0.001)
(4.820725273 0.9030116293 0.001)
(4.240917101 0.7108182976 0.001)
(1.87820621 0.2851707527 0.001)
(3.51000546 0.7224160594 0.001)
(3.33479939 0.1849373932 0.001)
(0.261618753 0.1885387367 0.001)
(4.694013841 0.08358680176 0.001)
(4.347289093 0.2781706397 0.001)
(4.442618734 0.7148157382 0.001)
(2.262419259 0.1866002342 0.001)
(2.905622365 0.2857727611 0.001)
(2.747346495 0.3704778654 0.001)
(1.504608783 0.3882038584 0.001)
(0.5949934182 0.168052975 0.001)
(0.4775870162 0.8188576837 0.001)
(3.034393704 0.7360194936 0.001)
(2.458321222 0.6126915793 0.001)
(0.9235990228 0.3731862704 0.001)
(1.701920237 0.2886642127 0.001)
(3.512287056 0.07209769646 0.001)
(2.845542514 0.6273549244 0.001)
(3.926869391 0.190069904 0.001)
(3.705047331 0.1851546343 0.001)
(4.514415745 0.1914735506 0.001)
(0.9929942132 0.6224892611 0.001)
(3.713844102 0.7155414921 0.001)
(3.892667875 0.7183909805 0.001)
(2.645677937 0.6198153321 0.001)
(3.163349283 0.179000385 0.001)
(0.7861777581 0.2756613313 0.001)
(1.177097339 0.3360805328 0.001)
(4.098743802 0.6172910036 0.001)
(2.231034977 0.7195709204 0.001)
(0.7980620341 0.7242666044 0.001)
(4.212249804 0.3768739645 0.001)
(2.100971649 0.1792333642 0.001)
(1.191627021 0.6243272228 0.001)
(1.952643992 0.7482621448 0.001)
(4.307070455 0.6286785131 0.001)
(2.542000355 0.3755066096 0.001)
(4.92533909 0.08414582387 0.001)
(0.08780539847 0.9125737424 0.001)
(1.967532136 0.2537198658 0.001)
(1.121435338 0.391229406 0.001)
(4.912282488 0.9126628075 0.001)
(0.08771751234 0.08733719245 0.001)
(1.599409826 0.7388311377 0.001)
(3.213759063 0.8475977074 0.001)
(4.890629883 0.6655688006 0.001)
(1.786219794 0.8502773379 0.001)
(0.3650326465 0.1641776486 0.001)
(3.393942076 0.7446028124 0.001)
(0.4081887761 0.6546726361 0.001)
(1.410184964 0.6230283088 0.001)
(4.920139287 0.1690468247 0.001)
(4.006764517 0.2547204967 0.001)
(1.326658197 0.3936615653 0.001)
(2.746926072 0.6656561139 0.001)
(2.372210071 0.6466755932 0.001)
(4.760032201 0.266465277 0.001)
(1.355170801 0.1810271729 0.001)
(4.762394962 0.8277072214 0.001)
(3.622917309 0.7501646612 0.001)
(1.43308831 0.3559087211 0.001)
)


// ************************************************************************* //
