/*--------------------------------*- C++ -*----------------------------------*\
| =========                 |                                                 |
| \\      /  F ield         | OpenFOAM: The Open Source CFD Toolbox           |
|  \\    /   O peration     | Version:  2412                                  |
|   \\  /    A nd           | Website:  www.openfoam.com                      |
|    \\/     M anipulation  |                                                 |
\*---------------------------------------------------------------------------*/
FoamFile
{
    version     2.0;
    format      ascii;
    arch        "LSB;label=32;scalar=64";
    note        "nPoints:2722  nCells:2570  nFaces:9071  nInternalFaces:3779";
    class       labelList;
    location    "constant/polyMesh";
    object      neighbour;
}
// * * * * * * * * * * * * * * * * * * * * * * * * * * * * * * * * * * * * * //


3779
(
14
43
408
183
365
1397
192
1220
1439
194
215
2260
60
145
564
7
105
1294
74
140
341
128
248
135
177
2555
179
340
909
39
81
556
65
161
302
265
2276
2344
45
237
1432
608
1413
49
475
822
197
238
50
478
1759
193
279
1161
47
363
2013
76
84
1459
666
2418
2566
181
2098
2316
259
284
1306
120
1534
1754
63
1539
1824
300
2031
2409
888
1411
2559
103
243
99
169
1354
119
270
1803
449
2207
2336
280
1471
2291
500
1680
2248
443
728
930
124
274
1053
57
450
1663
55
712
2083
461
1531
1630
1239
1258
64
211
1588
201
417
1209
96
1207
1281
85
451
134
2065
2379
969
1207
133
149
790
208
807
76
180
2410
252
1253
1753
1799
87
959
1609
116
393
434
91
1119
2384
322
537
944
1787
2501
687
2029
2262
1414
1852
249
266
440
132
224
1223
1898
2545
68
789
834
69
274
723
338
800
1626
2494
150
1208
427
501
2560
741
2240
2567
259
1260
1086
1695
494
790
2367
113
394
650
820
2087
2569
302
311
328
153
1682
191
374
1628
328
131
314
2279
89
476
871
242
734
2310
166
229
306
299
827
293
373
502
347
348
437
187
2492
1403
1480
750
2239
2568
759
1863
530
551
2079
621
1502
272
623
760
615
1334
158
162
1595
337
1629
2531
334
359
2271
803
1912
2564
1818
1877
218
288
685
305
397
786
435
724
240
313
399
231
588
801
117
262
678
220
870
212
782
1212
828
870
240
257
1314
388
674
752
367
1318
2371
340
613
2309
549
1266
2318
294
494
518
247
248
744
1228
2050
529
1786
2174
147
740
1566
1630
2427
489
1656
149
427
458
294
544
1240
2020
256
283
1406
324
476
574
409
412
626
320
1165
271
770
2293
251
671
2554
186
558
694
615
719
613
791
966
261
462
795
377
1585
641
683
294
576
791
2246
575
813
244
347
355
282
335
1591
469
615
1294
223
228
526
281
2284
338
376
804
228
235
1158
180
622
761
148
1931
2517
375
1900
155
341
555
894
2332
306
584
637
331
347
509
1590
2563
204
805
1068
366
533
193
528
1847
529
2284
233
746
1777
358
741
1280
627
1768
468
917
1274
313
492
655
219
1930
222
1893
245
657
2364
235
286
531
323
330
856
309
2517
503
538
2490
434
461
1714
231
859
714
1388
1650
366
562
563
392
1908
2044
1180
2205
2561
230
815
858
400
511
554
307
543
2288
807
812
225
456
2445
390
853
1673
622
2186
188
570
643
2290
2565
395
510
555
196
280
1509
780
1547
263
873
1568
2028
381
409
466
237
557
1237
2062
2177
1644
2322
2107
1859
1882
290
1326
1343
1211
1371
675
1000
944
1801
1988
235
255
493
410
926
1282
471
1323
216
700
1693
505
812
2562
558
585
476
581
780
961
1196
2389
454
804
877
722
813
635
1964
2022
217
482
1365
920
2000
1525
1529
549
734
890
287
798
1580
339
1674
239
1550
893
1183
296
1054
686
832
362
457
673
682
656
1723
336
760
986
1201
1376
2349
335
379
1167
229
409
1433
272
1846
418
540
863
354
781
2414
1382
1770
254
631
733
341
370
533
1395
462
809
382
497
669
966
2126
2379
845
1419
828
1042
367
727
1865
2043
425
443
2016
719
796
285
359
1608
421
546
1179
1358
1813
276
842
460
2005
2071
442
1175
272
371
602
1598
1176
1487
435
702
1237
1360
364
785
2435
301
830
335
879
542
1119
562
1682
2383
1293
2538
686
2443
297
1385
1981
948
1087
2372
515
552
2565
836
1375
781
2522
296
558
640
1084
519
808
836
1370
1473
343
418
1177
327
444
643
351
1637
1634
363
1277
489
1408
1622
2540
1315
1919
766
828
332
815
1390
1911
545
677
421
481
488
506
2460
327
926
1261
346
716
1182
631
1758
317
1105
1166
805
658
1956
458
501
885
1203
2057
1210
2111
496
596
1970
326
1082
1237
408
490
683
2076
2511
606
1460
1535
664
787
2441
1379
2545
596
705
773
761
1930
551
1934
2192
2274
612
2403
321
1329
1530
345
1827
1952
706
2113
538
2508
2541
415
981
1526
1139
1187
868
1882
1254
1777
362
711
621
1569
602
603
875
1395
2543
762
1594
359
1646
2282
467
735
367
1970
418
699
662
1579
2186
806
1383
682
748
714
1573
1330
1817
1996
1821
348
472
2223
513
693
368
991
1247
597
2302
465
1130
1171
504
1447
2335
451
480
525
695
2295
419
1527
1602
486
569
2467
806
2271
794
1372
383
2210
2465
439
755
2468
1807
1890
441
575
2556
431
651
1355
1045
2002
755
2424
1855
2152
901
584
2552
600
1343
1731
431
1986
455
2018
721
1382
1969
400
796
1336
2178
468
1807
839
2080
2022
2361
890
1266
2147
902
1468
442
681
1639
1424
2196
387
730
1523
2412
452
699
1177
1326
1731
1989
463
819
1198
572
718
1583
2524
626
1846
2534
1136
2206
460
593
2260
1381
1801
422
500
1745
1836
2289
2449
851
1636
1827
1340
2406
587
595
984
678
1592
744
499
1401
1929
720
857
1569
465
1160
1292
1410
1938
2261
456
695
2434
577
1333
2245
427
637
2052
629
762
1229
523
769
981
696
1595
499
1891
2227
616
1079
1576
438
826
597
620
851
1625
1885
1508
1869
507
1146
2028
756
470
765
567
634
823
526
788
936
1428
1713
614
733
914
638
774
860
445
1269
1341
644
1528
2543
1648
524
736
2423
601
637
1286
1960
863
552
1397
2232
794
1765
474
1868
500
765
832
1383
909
1821
914
463
1400
1542
785
2141
823
1264
1552
479
1603
2096
469
1393
1641
1673
2396
600
1818
629
1749
2181
491
1780
2112
690
1744
527
2267
2068
760
882
1676
716
1169
1309
1657
745
580
2313
605
782
893
1102
696
1361
672
833
2058
869
770
1960
692
1548
927
2507
664
689
1421
647
754
667
2075
539
1956
2453
1536
1977
645
2181
522
713
673
2167
532
1510
726
1369
2264
543
676
861
545
763
823
503
2493
579
892
2450
882
982
1407
1505
1551
1216
1357
1440
1889
815
940
1188
817
1181
1203
1218
2213
784
852
629
1496
1505
2303
562
511
1175
1969
2007
2507
1479
1670
843
2429
1454
1966
1364
1452
535
2220
559
1832
818
1247
2019
2355
540
610
625
979
2169
1434
1598
639
1588
904
1285
1864
2202
1351
1428
1621
1227
1446
1403
1425
1868
1883
1145
2377
1496
1512
854
940
1060
1088
2295
559
1088
2548
548
1698
605
1620
1677
589
600
1159
1791
2152
747
1425
1623
740
2095
1382
1395
1432
743
810
1423
1445
1613
2403
679
904
1619
567
982
1170
713
1445
1512
911
1158
2036
772
2398
2481
961
1899
776
2259
2428
1313
1554
1986
646
989
863
1304
2124
1513
1774
1963
670
698
1549
885
1503
1379
1666
621
1311
1596
1063
1423
1439
2405
608
683
1201
1644
1757
1454
1542
897
936
1412
852
647
738
826
1652
1684
2101
1676
1803
1959
2105
908
1309
1623
1195
2444
739
775
1658
1684
866
1198
1614
613
853
2039
1828
887
1547
771
959
1298
1141
1181
1304
1385
1842
731
976
1146
772
1617
2187
849
1164
2202
1172
1859
1233
1374
1394
968
1044
1279
628
653
916
1596
1163
1374
1439
790
1860
1434
1359
2112
782
1458
1766
1797
648
1433
762
1400
2227
1725
686
1675
2546
872
1501
799
845
2191
1613
1756
1510
1737
618
2141
628
1251
2257
910
1341
843
2526
2562
1251
1697
1673
2014
2018
1060
1133
1442
786
1662
1316
1456
1654
2116
1317
1327
1353
2326
824
1266
2529
646
802
1049
1148
2045
840
2268
1242
1353
1394
1495
1587
777
1430
1724
1740
1551
1997
991
1806
1932
1692
658
2453
663
1177
837
1784
1828
930
1269
1478
915
2129
727
1790
1317
1362
1450
710
857
751
1110
1312
669
883
1278
1456
959
2179
2399
706
1659
1972
715
1607
1971
718
797
1545
2278
2546
693
847
2349
1416
1421
2301
1280
2156
1324
1635
1132
1255
1783
1659
896
1392
906
1417
737
934
2380
1401
2457
739
1808
1468
1689
1241
2405
1314
684
1162
1215
1362
1492
1125
1476
1632
1689
1763
1724
1734
1801
2148
1160
1271
1699
1376
1915
792
850
924
1447
2036
1296
1348
1658
1740
2209
1768
1585
1832
2124
1173
1336
1698
1299
2054
917
1728
1807
1708
1840
754
821
903
737
841
1162
2213
1107
725
850
877
1215
1265
1696
1188
1285
1420
837
898
767
870
929
1921
747
2248
1901
2049
1128
1368
1537
1653
2384
1652
2034
1772
1792
1277
1704
1165
1265
1708
2027
797
855
2247
2401
1461
819
2064
798
1521
1150
1545
1077
1843
1325
1671
2094
2212
924
783
1045
1891
1929
783
1453
1368
2144
1728
764
1478
2125
1342
1108
1563
1940
1792
1838
810
788
1993
825
1044
1051
1728
2024
1193
1578
1678
2133
757
948
1703
2117
759
771
1687
2549
1136
1441
2333
2167
1579
1734
1826
1713
1982
2375
1108
1448
1294
1393
871
1222
1547
793
1348
2115
2300
2308
1763
1854
1193
1462
1457
1537
1651
2271
1357
866
1438
2102
1328
1428
1982
871
2378
1645
1928
2374
1599
1655
2488
880
889
1221
2182
2360
956
963
1851
1279
1457
2066
872
1655
2412
878
895
1070
1074
1894
2368
1539
1589
2119
1479
1412
1604
830
908
1268
1444
1615
2448
2092
874
899
900
829
1156
1299
1782
2065
1125
1475
1438
1566
2144
842
912
925
1519
1975
1141
2057
1769
1782
1867
867
1226
1008
865
878
1906
2337
1435
1486
1115
1794
865
880
1115
1164
1258
947
956
1498
846
877
1585
1886
923
1048
912
2495
875
1538
2088
2150
855
918
1943
1856
1927
2103
2506
1545
1631
962
1955
1158
1305
1393
1486
1297
1809
1961
899
1070
1110
2413
862
902
1460
1710
1172
1190
1384
1935
1118
1331
886
1942
1334
2279
1594
1781
1048
1050
1406
1420
1424
1500
1592
1967
889
905
1232
2014
1205
1972
901
1677
2559
2140
1117
1567
913
1043
1228
2214
2102
993
1357
2112
2056
2498
1525
1884
2465
1330
1243
1822
1864
2488
1047
1049
1214
923
1250
1844
1591
1370
1868
1739
1324
1151
1442
919
1041
1589
1063
2362
1559
2047
1444
2370
1068
1762
1632
2380
1046
1047
2258
1978
1067
1430
2280
1179
1234
1636
933
942
1065
934
1845
1984
1097
1765
2007
932
1066
1690
2252
1713
949
978
1344
1038
2059
978
1522
1377
937
949
1142
1812
938
1717
941
1451
945
1793
1971
1961
942
951
949
1052
1053
1187
2159
978
1992
992
1064
1204
1306
1829
985
1061
1322
986
1189
976
987
1238
988
1072
1464
1056
1093
1252
975
1056
1888
1296
1057
1104
1225
1059
1106
1206
1075
1078
1917
1202
1204
1455
1080
1081
1083
1085
1618
1084
1086
1157
1304
1090
1091
1094
1096
1095
1099
1100
1102
1101
1103
1083
1901
1069
1556
1917
2120
1561
2327
1349
1501
1649
1767
1795
1153
1192
1230
1140
1178
1064
1560
1065
1066
1463
1058
1113
1074
2057
1052
1092
1308
1711
1028
1282
1434
1128
1130
1127
1129
1103
1129
1102
1130
1126
1128
1099
1101
1127
1096
1100
1124
1126
1123
1124
1095
1122
1091
1094
1121
1122
1123
1481
1218
1120
1121
1086
1090
1413
1480
1085
1120
1217
1535
1081
1084
1116
1532
1116
1408
1078
1080
1114
1407
1075
1113
1083
1607
1114
1487
1112
1113
1111
1112
1107
1485
1064
1111
1105
1107
1098
1105
1097
1089
1098
1097
2085
1089
1529
1077
2004
1065
1422
1183
1276
1069
1077
1066
1069
1272
1476
1055
1475
1554
1055
1067
1068
1448
1222
1311
1070
1074
1080
1081
1241
1589
2051
1085
1122
1131
1076
1356
1129
2086
1742
1073
1111
1174
1202
1980
1169
1761
1183
1449
1075
1134
1076
1295
1112
1092
1559
2048
1840
1957
1366
2356
2069
1700
2017
2046
1134
1120
1137
1910
1104
1699
1581
1144
1160
1149
1106
1143
1152
1313
1477
1889
2276
1654
1656
2224
1710
1230
1933
1153
1916
2492
1138
1425
1623
1175
1309
1574
1138
1275
1511
1718
1959
2267
1135
1352
1488
2553
1138
1257
2122
2270
1224
1262
1203
1328
1621
1144
1199
1147
2372
2392
1474
1149
1389
1463
1552
1152
1693
2360
1897
1959
1236
1508
1184
1703
1829
1244
1617
1715
1249
2157
1178
2011
1818
1981
1316
2534
2288
1169
1182
1803
2021
1581
2342
1876
1967
1231
1401
1678
1234
2097
1208
2550
1918
1671
2177
1227
1485
1659
1852
2300
1788
1979
1224
1233
1715
1948
1235
1738
2497
1324
1905
1506
1497
1223
1564
1329
1504
1291
1331
1332
1331
1363
2329
1770
2440
2541
2187
2481
2079
2363
1289
1743
2385
2343
1283
1531
1330
1926
1422
1928
1315
1889
2114
1300
2166
2337
1273
1387
2504
2507
1268
1945
1700
2341
1399
1699
1910
1354
1405
2162
1430
1896
1303
2042
1303
1263
1452
1374
1815
2039
2420
1404
1965
1962
1283
1402
1291
1310
2037
1732
1321
2063
1426
1687
2476
1260
1635
1292
1705
1743
2473
1300
1563
1474
1974
2247
2401
2022
2361
1761
1271
1292
1406
1418
1738
2525
1380
1588
1427
1570
1625
1691
1338
1598
1310
2182
1405
1534
1783
1388
1629
1284
1953
1838
2120
2170
2257
1886
1976
2124
1388
1431
1297
1367
1581
1700
1919
2085
2348
1562
2032
1453
2338
1720
1912
2142
1522
1607
1345
2188
1437
1507
1527
1327
1465
1639
1470
1548
2069
2192
1402
1431
1365
1465
1800
1558
1664
1533
2515
1414
2003
1560
2317
1315
1473
2006
1711
1932
1339
1346
1498
1321
1322
2093
1772
2442
1320
1539
1694
1469
1902
1941
1429
1633
1553
1987
1546
2179
1916
1963
1310
1320
1483
1495
1549
1605
1812
2370
1346
1346
1360
1494
1488
1506
1642
1443
1456
1903
1656
1335
2222
1461
2330
1391
1548
1553
1744
1560
1429
1427
1767
1549
1587
1618
1399
1344
1859
1339
1350
1716
2184
2403
1595
1893
1822
1482
1597
1918
1856
2540
1493
1446
1478
1593
1809
1842
1661
1489
2000
2118
2171
1767
1662
2306
1363
1544
2016
2146
1464
2015
2320
1973
1677
1823
1611
1633
1600
1701
1538
1780
1794
1500
1922
2138
1391
1802
2340
1543
2392
2426
2292
2344
2505
2109
2238
1883
2000
2280
1778
1790
1511
1674
2081
1604
1735
2437
1435
1534
1536
1584
1946
2026
2171
2494
2087
2128
2321
1482
1484
2197
1411
1732
1785
1415
1640
1531
1563
1858
2104
1426
1605
1624
2121
1577
1616
2200
1791
1509
1771
1896
1450
2303
1994
1481
1502
1754
1706
1706
1568
1843
2004
2510
2522
1991
2143
1712
2011
1885
1924
1606
1958
1830
1944
1622
1624
1845
2277
1752
1599
1721
2322
1575
1470
1526
2089
1650
1877
2196
2020
1562
1663
1989
1550
2054
2147
1995
2067
1679
2388
2010
1558
1688
2365
2168
2463
1586
1835
1525
1939
1516
1564
2044
1683
2324
2438
1473
1883
2237
1797
2098
2509
2544
1532
1648
1571
2306
2059
1611
1499
2118
1608
2282
2557
1582
1483
1493
1567
1945
2132
1516
1910
2046
2055
1870
1870
1902
2067
2013
1848
1848
1555
1541
1565
1610
1862
2163
1862
2060
1626
1749
1491
1927
1521
1516
1667
1494
1557
1571
2195
1575
2367
1544
1943
2025
1580
1642
1844
1875
1610
1869
2400
2254
1565
1584
1933
1907
1543
1681
2373
1871
2261
1515
1926
1978
1518
1905
1984
2208
2318
1628
1811
1834
1858
1971
2106
2421
1833
2004
1686
1610
1957
2108
1939
1869
1933
1920
1854
2304
1920
1730
2130
1937
1814
2085
1557
1694
2185
1762
1553
1577
2358
1645
2285
1974
2038
1730
1759
1760
1934
1914
1866
1793
1923
2368
1852
1908
1730
2287
1640
2339
1596
1701
1736
1968
1755
1853
1955
2402
2424
1808
2086
1947
1954
2154
1796
1688
1747
1675
1913
1876
2296
1894
2432
1645
1998
2458
2397
1679
2250
1710
2314
1802
2283
1664
1810
2150
1830
1839
1711
1828
2422
1916
2054
1819
2171
1881
1983
1850
1915
2558
1849
1865
2319
1688
1799
2299
1775
2332
2353
1698
1749
1998
2483
1948
2309
1735
1741
1737
2207
1873
1925
1638
2176
2307
1683
1830
2338
1874
1888
2317
1705
1719
1836
2084
1907
2073
1953
2298
1831
1893
1887
1911
1762
1643
1949
2163
1681
1942
1857
1651
1660
1941
2098
2547
1707
1913
1968
1680
2514
2391
2030
2390
2241
2106
1702
1918
2456
2255
2542
1751
1992
2511
1731
1702
1667
1696
2017
2058
2107
2046
1722
2365
2370
1878
2071
2260
2263
2366
2100
1789
1829
2090
2170
1930
2103
2328
1931
1994
1924
1800
2161
2216
1855
2156
2454
1736
1769
2566
2351
1853
2312
2333
2553
2339
2348
2157
2266
1696
2017
1719
1776
1726
1723
2418
1950
1999
1880
1986
2289
2417
1892
1958
2486
1725
1871
1940
2231
2127
2267
1873
2180
1764
2001
1750
1936
1974
1725
2132
2193
1831
2446
1798
2176
1764
1776
1783
1899
2061
2155
2129
1753
2299
2463
2235
2204
1839
2336
2567
1874
2062
2225
1748
1874
2070
2074
2240
2182
1879
2123
1764
1841
2008
2076
2136
1811
2073
2053
2160
1982
2125
2082
2100
2037
1964
2039
2110
1832
2449
1861
2442
2066
2411
1810
1838
2012
2404
2496
2078
2341
2547
2040
2324
2148
1773
1780
2568
1779
1937
2030
2166
1781
2359
2131
2159
1825
2165
1811
1907
2077
2246
1947
2265
1849
1863
1976
1979
2109
2474
1976
2528
1948
2352
1909
2243
2239
2049
1914
2139
2184
1952
2221
2316
1813
1841
1866
2033
2419
1855
1900
1990
1821
2460
2470
2019
2072
2505
2201
1866
2193
2416
1833
2348
1895
2121
1875
1879
2050
1878
2500
2307
2494
2090
2236
2455
2088
1909
2559
1906
2266
1849
1991
1912
2530
2221
2005
2339
1937
2178
1903
1993
2013
2174
2234
2272
2233
2041
2495
2028
2214
2228
2026
2058
2069
2116
2387
2043
2165
2215
2251
2104
1861
1895
1927
2305
2422
2385
2273
2382
2165
2247
2489
2510
1895
1951
2190
2183
2218
2249
2334
2452
2203
2053
2245
2242
2291
2081
2095
2210
2173
2475
1913
1983
2439
1900
2156
1904
1952
2200
2253
2280
2433
2554
1990
2220
1921
2153
2172
2038
2063
2093
2075
2224
2029
1991
1925
2164
2226
2315
1953
2232
2040
2149
2253
2565
2001
2175
2080
1946
2476
2552
2052
2281
2191
2211
2055
2564
2035
2484
1963
2134
2081
2096
2010
2161
2365
1980
2196
2279
2294
2072
2092
2466
2498
2402
2531
2206
2334
2561
2302
2293
2074
2065
2357
1973
1997
2029
2055
2229
2527
1983
2442
2283
2114
2027
2408
2537
1980
2037
2080
2234
2334
2075
2113
2276
2342
2034
2401
2087
2144
2126
2152
2047
2376
2427
2145
2354
2487
2536
2262
2228
2033
2198
2041
2174
2284
2011
2209
2062
2082
2533
2131
2416
2249
2255
2282
2070
2239
2281
2139
2331
2426
2313
2127
2345
2369
2122
2398
2128
2183
2569
2258
2281
2094
2100
2219
2268
2230
2430
2471
2126
2357
2383
2264
2137
2428
2335
2241
2173
2213
2288
2078
2180
2051
2059
2125
2049
2154
2214
2404
2199
2105
2190
2497
2331
2455
2169
2519
2227
2188
2269
2479
2311
2347
2452
2325
2347
2199
2204
2201
2329
2330
2371
2499
2256
2177
2155
2523
2377
2461
2275
2178
2377
2423
2356
2202
2203
2382
2345
2423
2149
2217
2118
2184
2245
2215
2243
2563
2345
2355
2310
2140
2175
2433
2441
2219
2205
2297
2252
2252
2431
2223
2464
2114
2407
2471
2302
2408
2469
2409
2464
2217
2466
2308
2376
2382
2139
2180
2273
2451
2484
2160
2242
2253
2290
2172
2186
2210
2315
2389
2299
2406
2451
2459
2444
2450
2218
2435
2398
2415
2193
2242
2443
2472
2183
2286
2269
2159
2397
2346
2363
2421
2441
2154
2439
2518
2360
2289
2330
2359
2393
2340
2415
2444
2369
2224
2266
2275
2244
2467
2493
2520
2536
2278
2176
2540
2483
2307
2457
2524
2525
2480
2200
2228
2386
2473
2310
2258
2286
2287
2313
2490
2508
2503
2526
2199
2560
2419
2506
2291
2263
2394
2316
2395
2469
2347
2353
2412
2336
2462
2394
2501
2523
2315
2506
2534
2436
2298
2450
2485
2550
2518
2519
2487
2500
2432
2564
2275
2505
2515
2567
2312
2502
2561
2263
2327
2520
2270
2352
2304
2451
2431
2489
2568
2413
2312
2273
2380
2532
2468
2482
2436
2517
2259
2514
2270
2455
2296
2350
2445
2535
2459
2390
2440
2474
2305
2422
2478
2529
2324
2338
2314
2354
2346
2386
2311
2371
2440
2521
2569
2343
2454
2341
2538
2510
2361
2369
2434
2351
2366
2399
2358
2358
2346
2486
2457
2459
2367
2381
2352
2460
2472
2539
2427
2447
2426
2461
2466
2485
2464
2491
2467
2366
2503
2562
2340
2419
2425
2462
2530
2454
2566
2381
2356
2343
2552
2504
2491
2344
2350
2363
2542
2465
2516
2362
2379
2449
2553
2477
2499
2530
2549
2490
2493
2408
2480
2407
2469
2488
2409
2471
2511
2560
2479
2473
2486
2487
2535
2394
2563
2421
2484
2474
2501
2461
2433
2513
2407
2430
2410
2462
2413
2503
2508
2521
2435
2405
2463
2509
2425
2544
2428
2522
2481
2513
2478
2502
2515
2431
2532
2468
2509
2448
2470
2447
2438
2548
2545
2452
2500
2524
2531
2558
2548
2519
2520
2504
2555
2543
2518
2523
2477
2533
2556
2546
2478
2528
2549
2483
2512
2537
2527
2557
2498
2532
2550
2512
2526
2514
2542
2525
2533
2528
2544
2554
2551
2558
2541
2539
2537
2536
2547
2551
2557
2556
)


// ************************************************************************* //
