/*--------------------------------*- C++ -*----------------------------------*\
| =========                 |                                                 |
| \\      /  F ield         | OpenFOAM: The Open Source CFD Toolbox           |
|  \\    /   O peration     | Version:  2412                                  |
|   \\  /    A nd           | Website:  www.openfoam.com                      |
|    \\/     M anipulation  |                                                 |
\*---------------------------------------------------------------------------*/
FoamFile
{
    version     2.0;
    format      ascii;
    arch        "LSB;label=32;scalar=64";
    class       faceSet;
    location    "constant/polyMesh/sets";
    object      nonOrthoFaces;
}
// * * * * * * * * * * * * * * * * * * * * * * * * * * * * * * * * * * * * * //


1787
(
32770
32772
32776
32778
32780
32782
32784
32786
32787
32789
32791
32793
32794
32796
32797
32801
32803
32804
32806
32808
32810
32812
32814
32816
32818
32819
32821
32823
32825
32827
32831
32833
32835
32836
32838
32841
32844
32845
32846
32848
32850
32852
32853
32855
32857
32860
32863
32866
32867
32869
32873
32874
32875
32877
32878
32880
32881
32883
32885
32887
32889
32891
32893
32894
32895
32897
32898
32900
32902
32904
32906
32908
32910
32912
32913
32915
32917
32919
32921
32923
32925
32927
32931
32934
32936
32939
32940
32942
32944
32946
32947
32949
32950
32951
32953
32955
32958
32960
32961
32963
32964
32966
32968
32970
32972
32973
32974
32976
32978
32980
32982
32984
32986
32989
32990
32991
32992
32994
32996
32997
32998
32999
33001
33003
33005
33006
33008
33009
33011
33012
33013
33015
33017
33019
33021
33022
33025
33026
33028
33029
33030
33031
33033
33035
33037
33039
33040
33041
33042
33043
33044
33046
33047
33048
33049
33051
33052
33054
33056
33057
33058
33059
33060
33062
33063
33064
33065
33067
33068
33069
33071
33072
33073
33074
33075
33077
33078
33080
33082
33083
33084
33088
33090
33093
33094
33099
334
337
339
341
33109
343
344
346
33114
349
33117
33119
352
33121
33125
33131
33134
33136
33139
33141
33143
33146
33149
33151
33153
33158
33160
33162
33164
33166
33171
33173
33175
33177
33179
33181
33184
33186
33189
33191
33193
33195
33202
33204
33208
33212
33215
33217
33219
33222
33225
33227
33229
33232
33236
33238
33241
33243
33245
33247
33249
33251
33256
33258
33261
33268
33270
33273
33275
33277
33279
33282
33285
33289
33294
33297
33299
33304
33306
33310
33314
33316
33318
33320
33322
33325
33327
33330
33332
33335
33338
33341
33344
33347
33349
33351
33353
33355
33357
33360
33363
33366
33369
33371
33373
33375
33378
33386
33388
33391
33393
33398
33401
33406
33412
33418
33421
33423
33425
33430
33432
33434
33437
33439
33441
33443
33447
33449
33451
33453
33456
33459
33463
33465
33470
33472
33474
33480
33482
33487
33490
33492
33494
33500
33502
33506
33508
33511
33516
33518
33520
33523
33525
33529
33531
33533
33536
33543
33546
33548
33552
33554
33558
33563
33565
33571
4902
33575
4906
33580
33583
4916
33592
33594
33610
33613
33615
33628
33630
33638
33640
33646
33649
33656
29679
29691
29703
29705
29713
29723
29729
29740
29742
29753
29758
29777
29780
29785
29787
29794
29802
29804
29806
33902
33906
29813
29816
29822
29825
29827
33927
29832
29835
29842
29847
29849
29855
29860
29862
29864
33960
29866
29869
29871
29880
33977
33980
29887
33983
33984
33986
29896
29898
33999
29923
29930
34030
34033
29938
29947
34043
29949
34045
34048
29956
29958
34057
29964
29970
34071
29976
29980
29982
29985
29994
34093
30001
34102
34116
30022
30024
34120
30026
34124
30038
34134
30040
30043
30047
34145
30050
30052
30058
30064
30066
30069
30071
30073
34171
34174
34176
34177
30082
34179
34182
30088
34184
34185
30090
30099
34204
30112
34208
34210
34211
34212
30120
34216
30123
34219
30125
34221
34222
30127
34224
34227
34228
34229
30134
34230
34231
34232
34234
34235
34239
30144
30146
34242
30148
34246
30151
30154
30156
30161
30165
30169
30171
30175
30178
30182
30191
30193
30202
30204
30211
30213
30218
30220
30222
30230
30236
30248
30255
30258
30265
30268
30272
30275
30277
30279
30281
30283
30293
30297
30299
30313
30315
30322
30325
30330
30332
30334
30337
30342
30344
30350
30355
30358
30360
30362
30368
30371
30377
30383
30385
30388
30390
30392
30397
30401
30403
30405
30407
30410
30413
30415
30417
30425
30428
30431
30433
30437
30439
30449
30451
30458
30462
30465
30471
30473
30479
30485
30487
30491
30494
30500
30506
30516
30522
30525
30527
30529
30531
30534
30539
30542
30545
30547
30555
30561
30565
30572
30584
30592
30598
30600
30602
6026
30604
30606
30608
30614
30616
30619
30621
30629
30633
30643
30645
30649
30651
30653
30655
30657
30663
30671
30679
30689
30692
30694
30696
30700
30706
34805
34808
30713
34809
30715
34813
34814
34817
34818
30723
34821
34822
30729
34826
30731
34828
34829
30735
30737
34833
34834
34836
30743
34839
34841
34844
30749
34845
30753
34849
34850
34855
34856
34859
34860
30765
34863
34864
30769
34866
34869
34870
34873
34874
30779
34877
34878
34881
34883
34884
30790
34887
34888
30795
34891
34892
30798
34894
34898
34899
34902
30807
34903
30810
34907
34909
34910
34913
30819
34916
30822
34920
34922
34923
34925
34928
34930
34931
34934
34935
30841
34937
34940
34943
34944
34947
34948
34951
34954
34955
34958
34960
34963
6292
34964
30870
34967
30873
34969
34970
30876
34973
30879
34976
30882
34978
30885
34981
34982
30887
30890
34986
34987
30893
34990
30896
34992
30899
34995
30900
34996
30902
34999
35000
30905
35003
30908
30910
35006
35007
35009
30914
30916
30918
35014
30919
35015
30921
35018
30923
35019
30926
35023
35024
30929
30931
35027
35030
30935
35031
30938
35034
35035
30940
35038
30943
30944
35042
30947
30949
35046
35047
30952
35050
30955
35051
30958
35054
35055
30961
35058
35059
30964
35062
35063
30968
30969
35066
35067
35070
30975
35071
30976
35074
30979
35075
30982
35078
35080
35081
30986
30987
35083
30990
35086
35087
30992
30994
35090
35091
30997
35094
35095
31000
35098
31003
35099
31006
35102
35104
31009
31011
35107
35108
31013
35111
31016
35112
31019
35115
35116
31021
35119
31024
35120
35123
31028
35124
31031
35127
35128
31033
31035
35131
35132
31037
31039
35135
35136
31041
31044
35140
35141
31046
35144
31049
35145
31051
35148
35149
31055
35152
31057
35154
31059
35155
35157
31062
31064
35160
35161
35164
31069
35165
31070
31072
35168
35169
31076
35172
35173
31080
35176
35177
31084
35180
35181
31087
35184
35185
31090
35188
31093
35189
31096
35192
35193
31098
35196
31101
35197
31102
35200
31105
35201
35204
31109
35205
35208
31113
35209
31114
31116
35212
35213
31118
35216
35217
31122
35220
35221
31126
31127
35224
35225
31130
35228
35229
31134
31136
35232
35233
31138
35236
31141
35237
31144
35240
35241
31148
35244
35245
31151
31152
35248
35249
31155
35252
35253
31159
35256
35257
31162
31163
35260
35261
31167
35264
35265
31170
35268
35269
31174
31176
35272
35273
31179
35276
31181
35277
31184
35280
35281
31187
31188
35284
35285
31190
31191
35288
31193
35289
31195
35292
31197
35293
31198
35296
31201
35297
31202
31203
35300
31205
35301
31207
31208
35304
35305
31211
35308
35309
31213
35312
31216
35313
35316
35317
35320
31224
35321
31227
35324
31228
35325
35328
35329
31234
35332
35333
31238
31239
35336
31240
35337
31243
35340
35341
31247
35344
31248
35345
31250
35348
35349
31253
31254
35352
31256
35353
31257
35356
35357
31263
35360
35361
31266
35364
31268
35365
31269
35368
31272
35369
35372
35373
31278
31279
35376
31280
35377
35380
35381
31285
31287
35384
35385
31289
31290
35388
31292
35389
31294
35392
31296
35393
31299
35396
35397
31302
31303
35400
35401
31307
35404
35405
31309
35408
35409
31313
35412
31316
35413
31318
31319
35416
35417
31322
31323
35420
35421
31327
35424
31328
35425
31330
31331
35428
35429
31334
31335
35432
35433
31337
35436
31340
35437
31342
31343
35440
35441
31345
31346
35444
31348
35445
31349
31351
35448
35449
31355
35452
31356
35453
31359
35456
35457
31362
35460
35461
31365
35464
31368
35465
31369
31371
35468
31372
35469
31374
35472
35473
31377
31378
35476
35477
31382
35480
35481
31387
35484
35485
35488
35489
35492
35493
31397
31398
35496
6824
35497
31402
31403
6827
35500
35501
6829
6830
35504
31408
6832
35505
6833
31411
35508
6836
35509
6839
35512
31416
35513
31417
6841
31419
35516
35517
31421
31422
35520
31424
35521
35524
31428
35525
31429
35528
31432
35529
31435
35532
31436
31442
31443
31447
35544
31449
35547
31455
31458
31460
31461
31462
6888
31465
6890
6892
6893
6895
31473
6897
31474
6898
31476
6900
31477
6901
35577
31481
31483
35580
35581
35584
35585
31489
35588
31492
31493
31495
31496
35593
31499
35596
31500
31501
31508
31510
31511
31513
31514
31520
31521
31528
31530
31531
31534
31535
31540
31541
31542
31549
31550
31552
31553
31556
31557
31561
31562
31564
31565
31567
31568
31570
31573
31574
35673
31579
31582
31583
31585
31586
31593
31600
31601
31603
35700
31604
31606
35703
31607
31614
31615
31617
31618
31621
31622
31624
31625
31627
31628
31636
31637
31639
35736
31640
31643
35741
31645
35742
35746
31650
31651
35749
31653
35750
31654
31656
31657
35754
31659
31660
35757
35763
31667
31668
35766
31670
35767
35770
35771
31675
31676
35774
31678
35775
31679
35778
35779
31683
31685
35782
35783
31687
31688
35786
31693
31694
31701
31704
31705
31706
31710
31711
31714
31718
31719
31724
31726
31727
35825
35828
31732
31734
31742
31743
31746
31747
31749
31750
31752
31753
31755
31756
31758
31759
31762
31763
31769
31770
31772
31777
31779
31780
31785
31786
31790
31791
31793
31794
31796
31797
31799
31800
31803
31804
31807
31808
31810
31811
31814
31815
31823
31825
31826
31829
31830
31839
31840
31845
31846
31848
31849
31851
31852
31854
31855
31857
31858
31863
31864
31866
31867
31870
31871
31872
31877
31878
31880
31881
31883
31884
31886
31887
31897
31898
31902
31903
31907
31908
31914
31915
31917
31918
31920
31923
31926
31927
31930
31933
31934
31940
31941
31946
31947
31952
31953
31958
31959
31961
31962
31969
31970
31977
31982
31984
31985
31987
31988
31990
31991
31997
31998
32001
32002
32006
32007
32012
32015
32016
32019
32020
32022
32023
32028
32029
32030
32046
32047
32051
32052
32058
32059
32065
32066
32075
32076
32078
32079
32086
32088
32089
32100
32101
32105
32106
32115
32116
32122
32123
32128
32129
32141
32142
32144
32145
32155
32156
32172
32173
32187
32188
32190
32191
32304
32305
32311
32313
32314
32316
32321
32327
32328
32331
32332
32342
32343
32347
32348
32350
32353
32354
32355
32356
32357
32358
32361
32362
32363
32365
32368
32369
32371
32373
32378
32380
32382
32383
32384
32386
32387
32389
32391
32392
32396
32397
32399
32401
32404
32405
32406
32408
32410
32412
32413
32415
32418
32420
32423
32425
32426
32429
32431
32433
32434
32439
32443
32444
32447
32448
32450
32452
32453
32455
32457
32458
32460
32462
32466
32468
32470
32472
32474
32476
32478
32480
32482
32483
32485
32486
32488
32489
32490
32493
32494
32499
32500
32501
32502
32504
32506
32509
32512
32514
32515
32517
32518
32521
32523
32524
32525
32528
32529
32530
32534
32538
32539
32540
32541
32544
32545
32547
32548
32549
32551
32554
32555
32558
32559
32563
32564
32567
32571
32573
32576
32577
32579
32582
32583
32584
32586
32587
32588
32590
32592
32594
32597
32598
32600
32601
32603
32604
32606
32608
32612
32613
32614
32620
32621
32625
32629
32630
32633
32635
32636
32640
32642
32644
32645
32647
32650
32653
32655
32657
32658
32659
32661
32662
32664
32666
32668
32671
32672
32674
32677
32680
32682
32684
32685
32687
32689
32691
32692
32694
32695
32699
32701
32703
32704
32706
32707
32710
32713
32716
32717
32721
32723
32724
32726
32727
32729
32730
32731
32735
32738
32739
32741
32743
32745
32746
32748
32751
32752
32754
32757
32759
32760
32763
32765
32767
)


// ************************************************************************* //
