/*--------------------------------*- C++ -*----------------------------------*\
| =========                 |                                                 |
| \\      /  F ield         | OpenFOAM: The Open Source CFD Toolbox           |
|  \\    /   O peration     | Version:  2412                                  |
|   \\  /    A nd           | Website:  www.openfoam.com                      |
|    \\/     M anipulation  |                                                 |
\*---------------------------------------------------------------------------*/
FoamFile
{
    version     2.0;
    format      ascii;
    arch        "LSB;label=32;scalar=64";
    note        "nPoints:6940  nCells:6804  nFaces:23882  nInternalFaces:10138";
    class       labelList;
    location    "constant/polyMesh";
    object      neighbour;
}
// * * * * * * * * * * * * * * * * * * * * * * * * * * * * * * * * * * * * * //


10138
(
34
5994
6166
148
269
567
6
167
6672
134
160
4945
31
179
1168
48
6216
6540
6444
6445
104
6321
6405
191
366
5683
101
241
303
470
829
6704
137
837
6739
26
101
5286
47
4488
5102
56
385
5716
92
843
5414
208
552
5922
207
551
5550
202
388
5909
75
288
5775
158
6165
6396
35
36
5816
221
660
6041
556
6411
6603
301
375
6303
374
376
6304
533
1378
140
181
5525
40
113
6803
180
5136
6087
41
4089
5851
362
873
352
487
6129
473
839
6741
731
5865
564
5302
258
6604
268
888
6632
265
6075
6491
43
138
279
97
921
230
866
297
512
5924
188
983
334
453
599
82
231
769
418
6103
6503
387
867
707
5364
236
5915
6565
73
741
5228
138
285
3081
363
443
6566
340
5778
6201
525
5372
6797
62
382
738
708
5393
81
323
173
238
1604
166
562
5258
125
901
5830
803
6188
6476
666
5029
333
484
538
131
184
252
130
186
251
90
589
883
681
6410
6802
78
4855
5207
159
166
211
305
400
592
363
720
6426
330
6270
6453
408
5872
135
189
6732
324
5179
609
657
6052
257
271
4944
751
5232
80
98
5016
6451
6800
537
4909
494
554
88
1831
5957
315
6660
6698
266
288
5725
275
634
6347
356
6368
6731
144
923
154
280
6095
804
4908
203
566
5982
5346
5636
126
4988
6254
193
336
6570
5190
5619
6612
118
5700
6606
6435
6626
164
6493
150
454
6395
122
370
305
447
4892
5754
266
694
6308
5162
6464
348
470
6140
218
495
690
151
307
6442
270
379
2125
172
224
6170
165
313
5171
199
349
5489
421
535
5999
5742
6747
259
381
464
593
5640
5753
200
386
571
176
311
5647
218
6640
213
590
5772
163
5167
5365
5151
6317
6798
349
4958
133
366
5873
214
367
5878
4865
6257
5784
5914
5147
6284
6415
386
404
6077
156
652
5421
175
6504
174
5453
145
586
5951
5339
6550
5000
5473
280
436
144
618
924
332
5371
2707
157
192
5785
326
5441
381
409
6226
183
882
5014
162
5207
5512
5249
5222
5629
339
742
5641
190
4994
5317
452
5097
517
3659
5659
640
6422
794
6376
274
290
273
289
248
427
5179
5271
6348
5418
6526
462
6730
609
5311
364
539
5603
518
5400
5429
608
5498
5681
5822
300
5825
5484
5633
3900
308
5933
247
5133
5402
462
849
6541
686
5618
6792
249
888
5587
393
6689
679
774
652
6266
651
6264
5533
6796
313
5682
6109
204
703
5594
369
429
5595
5908
5302
6474
215
5750
6333
398
973
481
5720
425
627
6613
482
5718
343
5852
6609
294
3280
800
5311
5182
5639
447
496
5545
6686
755
5283
197
645
6141
566
5274
5765
333
902
6437
6161
6369
203
810
6433
314
685
653
5782
220
475
5948
6162
6244
5348
6714
272
914
2085
359
4915
5219
5518
6777
5517
6778
420
570
3861
344
643
5526
5466
5986
246
602
5001
630
794
5581
6585
5924
6393
293
6234
6507
230
246
5161
5906
262
641
6186
397
4957
5127
6746
236
5212
6559
530
6373
6795
4883
353
4880
406
535
6465
256
435
5731
535
5582
6496
232
5347
6537
4328
291
2192
706
6172
263
441
5368
265
361
6066
467
491
667
705
416
433
6606
795
6033
254
703
6288
255
706
6287
260
5999
389
782
885
5103
6486
6607
5590
6445
6799
369
559
2031
5205
4994
5397
276
6680
316
6572
555
5635
6071
6026
6027
510
5452
5947
552
6767
551
6399
718
2390
5601
729
5984
532
5141
400
528
298
440
5515
5540
5744
5230
5253
4996
5508
6801
5904
4898
5005
5633
6352
442
5525
888
5841
1392
5614
5197
5412
5315
5324
375
5956
376
5954
583
875
374
372
5415
6506
687
720
5777
396
982
6674
408
587
793
307
5697
5881
322
4947
5101
421
5406
5770
4875
6123
371
751
5929
360
632
5910
332
5282
6018
5243
6017
439
845
4899
5285
5641
639
5250
654
811
501
542
5542
5405
6645
6754
5190
5713
669
5823
334
868
6429
5496
5616
415
5883
626
5316
5620
465
6227
431
5100
5212
6155
490
793
5394
5772
5803
5835
463
796
6186
391
668
671
5777
6426
905
5421
6530
5900
325
743
5487
5945
455
5906
321
5140
5396
729
5544
6365
345
504
4850
424
449
6247
394
5407
5306
5717
940
4960
6520
6739
5526
6013
690
4868
471
5313
5471
5183
6324
6793
5519
5797
6740
564
6604
4841
5379
5653
4898
6713
6201
566
590
6433
539
5442
417
5320
5486
421
443
5582
472
6092
5585
6753
464
591
5309
526
4930
5063
5754
5849
437
5329
685
743
515
578
6616
476
5392
5538
6081
6608
689
354
670
4939
428
429
5915
6469
5242
5853
807
368
1685
5040
5410
5638
531
637
674
4868
5594
6328
524
823
671
6209
5007
5669
424
1880
473
562
5299
824
5721
6671
6734
635
6779
584
5182
907
685
4933
537
5408
5846
6771
432
651
6159
6694
448
708
719
425
5804
6595
5244
6023
5137
5656
5674
6802
766
949
5263
5707
5918
422
456
5114
801
5062
6136
394
2258
596
6716
579
5663
401
761
929
576
877
412
577
792
5242
6220
5295
575
576
5438
6123
600
714
441
5015
524
900
5763
5588
5796
5903
415
5885
6619
558
6176
6454
5705
5735
466
832
5488
6079
6245
580
738
949
5229
5686
6468
646
823
4799
734
5044
5472
5178
5424
592
5511
5596
617
712
5095
495
5899
876
5755
5487
5774
664
5487
5801
5284
5808
445
5087
574
672
954
5281
5875
800
801
5235
561
907
4935
4931
579
608
6073
6022
6051
5415
6133
658
5863
757
791
5386
775
6342
561
5235
507
4783
662
5240
5262
477
3339
854
5829
5234
5302
5662
6037
848
6258
6390
695
2257
562
5363
5977
6646
649
5062
873
5336
785
929
4985
786
949
4984
750
5233
660
5778
639
6712
690
5525
684
5752
5105
5942
6452
616
5097
5841
5793
6027
5794
6026
704
6437
6486
6028
5508
5547
5961
533
5799
5575
6560
5780
6274
569
3792
5101
577
783
4958
6550
882
5792
802
5285
6585
583
5174
6184
784
4962
5771
6046
602
844
822
6133
6236
702
911
5176
733
2150
5404
4880
4883
492
784
6008
5099
6298
541
5502
6510
598
709
5196
5459
6246
628
680
5289
645
6042
6194
5139
5293
759
850
777
851
502
737
785
505
786
4868
826
6479
572
1340
6584
550
5287
5342
722
4959
5381
723
4945
5200
724
4946
725
4926
726
4932
5139
727
4933
728
4956
623
697
4893
531
5844
642
6667
644
6666
5570
6784
522
5529
5827
573
6744
675
6175
6296
781
931
5046
5654
5934
5108
6501
6601
6112
6411
5726
5789
779
5251
5356
5075
6185
6450
655
5476
6409
5448
5522
5508
5719
5805
5277
6237
6241
570
5895
619
5762
5406
5588
650
905
6750
5243
5447
5480
568
591
5504
5589
5868
6635
887
5283
6030
5409
840
5440
6211
5177
5904
6460
6074
6406
795
5576
693
6302
6527
694
5875
6005
655
6358
6383
556
5976
6746
5570
5671
6168
5007
6094
6794
5891
5982
6093
956
5387
6593
6797
5083
5942
6431
835
5514
6718
6755
5537
758
5166
5270
6228
6597
2478
5411
618
734
5045
4732
5099
5103
6175
5634
717
740
4968
5587
5728
932
5301
894
5531
5094
833
5797
5419
6801
701
5496
5055
5428
719
4733
4734
689
5621
6573
2144
682
5389
597
5468
6263
827
908
5186
6230
4108
5317
631
903
5180
6016
6395
4901
5139
815
5092
5223
816
5448
5147
817
6487
5774
5876
5550
6302
6399
5010
5550
6659
5203
5378
636
5429
610
819
5110
5981
633
5157
5818
6113
6154
5204
649
812
628
691
5036
4885
5712
6148
729
6523
6708
5309
5554
5735
5111
6690
700
870
5155
5847
6684
5156
5846
6683
616
838
6547
656
5558
5965
834
913
5153
5657
770
4851
5248
671
4734
787
5347
5533
788
5348
6330
697
5393
5527
668
6130
822
4898
6159
5377
5453
6616
5726
6199
5577
6728
4968
745
746
2955
6350
6370
5583
5790
5562
6322
784
5193
6272
6309
6568
6786
730
5469
4803
5095
741
806
5474
5459
6140
6704
5547
6063
6017
743
928
6018
6219
5294
5877
672
747
857
881
5418
5669
4733
5654
6180
5973
5972
5575
6077
841
842
5174
5432
5874
5460
6619
5638
6394
5327
6218
6261
5610
5410
6555
6725
5126
5354
4231
5165
5206
6192
6345
756
850
851
771
852
778
5166
5910
5885
5202
5757
744
674
5437
5898
1524
6254
6343
826
5339
6014
808
5933
6095
5609
5909
6357
716
5236
717
5741
6258
6283
786
835
5083
6160
6424
692
6056
5767
5997
5768
5998
5608
5740
6403
6057
746
4998
5434
5452
6470
6659
6518
5020
5164
916
5080
5104
5680
5108
5453
5720
862
5113
5677
864
945
6170
6268
713
5685
6317
4885
6591
6022
6081
6318
839
5107
5680
749
5769
5165
5694
5707
5399
5998
6687
714
767
781
5170
6115
820
821
2633
760
815
911
5129
6389
877
6687
747
874
954
4981
4980
4982
4985
4986
4983
4984
5400
6134
6391
6622
4886
5273
5420
5030
5920
5611
5108
5831
6616
833
5605
5782
804
5896
2037
5203
5922
6636
5211
5433
3663
5588
6487
789
5427
3212
5043
2215
859
5556
5592
6256
869
870
871
872
2126
939
5059
5072
5157
5437
6115
5449
5713
6170
6002
6556
4927
4952
4917
4920
4921
4924
4927
4953
4934
4942
4914
4948
4959
4960
5142
4916
4926
5896
4936
4940
5893
4929
4951
5832
4925
4961
4910
4957
4939
4940
5710
4923
4956
4910
4912
4949
4961
4944
4948
5839
4917
4922
5894
4919
4942
4922
4955
4916
4929
5887
4952
4962
4921
4953
5252
5454
847
874
974
880
5111
5112
883
5768
5777
5767
6051
5478
6256
5725
5775
6050
5445
6082
852
5112
3693
6156
4982
5644
6578
5212
6577
6634
805
841
3280
861
892
953
854
5829
5628
6740
5595
6345
5704
820
4845
5200
5967
5315
6069
6583
6672
5683
6440
6646
5256
6627
5064
5275
4732
5332
891
4852
4895
5016
6340
6592
5836
5827
6023
897
898
830
861
5052
946
5035
3383
3185
5004
6308
5123
5050
6439
5225
5417
5484
6628
5714
5833
5058
5159
5759
5873
6768
841
4869
1862
5195
5422
4967
5230
6388
5673
5738
5936
5457
5641
6487
5743
6472
5662
6632
5878
5651
6378
861
910
5773
5812
4950
5215
4923
5215
5366
5660
6468
859
860
5754
6233
6220
6689
5557
6029
6045
948
4964
4979
5259
5224
5297
5800
5572
5697
6442
5328
5478
5387
5599
5739
886
960
4857
942
4907
5888
6009
6205
4970
5168
903
904
2159
4937
5268
4963
5276
5507
6312
917
918
5199
4897
5265
919
920
5335
4754
5665
6641
5930
6087
6130
4888
4991
5038
908
909
3514
922
5538
5847
6536
5314
6035
5134
5163
5692
5385
5169
5328
5224
5298
958
4876
4879
967
4881
4890
5071
5902
5018
5416
4941
5126
5310
4947
5310
912
913
2245
930
936
4867
933
5291
932
5490
5115
5138
5520
5270
5911
5943
5950
6172
6594
3250
3329
5181
5177
966
4858
4871
5472
3042
3327
5187
937
5064
5602
2434
5154
2239
5025
5397
916
950
1578
2105
5357
5806
943
5144
944
4966
4849
5358
6559
6565
947
5061
4936
5350
4938
5350
938
939
1382
5723
5883
6217
4861
4905
4995
4783
4850
5326
951
5889
5061
6032
952
4967
5253
941
942
1533
5562
6070
977
4866
953
5085
1425
5060
2412
4538
5388
3822
4906
2965
956
5739
957
4854
946
2469
3083
959
5392
4897
5028
4806
5089
962
4864
963
964
5703
5056
4801
4804
4817
5331
969
4747
4874
4875
970
971
961
2868
974
2838
972
5813
973
5234
5374
5454
967
968
3068
4884
4965
3479
2675
4882
980
981
982
983
5118
5152
984
985
5792
4755
976
977
1325
4451
4870
3597
4802
4809
4836
4800
4805
4821
987
4873
986
4748
5834
5275
4859
4891
988
5734
990
4759
989
4749
991
4995
994
4745
993
995
996
5708
4715
4740
4742
997
4726
998
4737
4738
4751
1001
4905
1003
4741
1002
1004
5527
5536
5069
5528
1006
5696
1008
1009
1007
1010
1015
4746
1008
1015
4725
1013
1014
1017
1019
1016
1021
4739
4716
4735
4710
4714
4720
1016
1021
4717
1020
5021
5071
5746
4729
1023
1022
4719
1019
1091
4709
4743
5002
5065
4775
1091
1799
1090
1160
1027
1028
3934
1030
1057
2610
1037
1075
2358
1037
1115
1030
1145
1033
1132
1495
2886
1036
1075
1115
1038
1039
2867
1057
1145
1036
1041
1950
1044
2595
4683
3988
2886
1948
2567
1052
3052
1048
1096
3921
1044
4483
1065
1072
3379
1066
1103
2353
4418
1049
1126
1915
1047
1059
2273
1077
4395
1071
4513
1149
4495
1111
1114
2874
1062
1080
1285
1062
2026
1103
1125
1277
1089
1110
1929
1058
1621
3056
1073
1215
2749
4098
1063
3199
1076
1437
1081
1084
4271
1105
4575
5862
3937
1070
3602
1097
1101
1717
1066
1277
2457
1729
4482
4632
1077
1086
1781
1084
1477
1638
1141
1449
1111
1344
1114
1344
1095
2614
1082
1098
3416
4489
1085
3555
4183
1298
1416
4477
1102
1127
1443
1092
4011
1110
1791
1120
2035
1123
1729
3926
4494
2702
6076
1149
1926
1088
1190
4141
1100
3539
1097
1493
1336
1380
1347
1109
3363
1095
1101
1493
1210
2462
4008
2151
1210
3136
1791
1613
4008
1109
1118
3303
1104
3111
1706
1107
3823
2472
1119
3695
1948
3052
1174
1194
2754
1113
4075
1121
3957
5446
2544
1624
3599
1213
1425
3702
1152
3752
2457
1766
1127
1133
1641
1162
1172
4213
1153
4022
1136
3494
1297
4016
2030
3611
1124
1130
1763
3756
4676
1129
2251
1140
4063
1215
2151
4232
1161
1253
4570
1329
3890
1134
3942
1202
1264
1277
1140
4452
1141
3713
1148
3689
1146
1580
1733
1220
1610
1151
4587
4697
1173
4396
4547
1227
1247
2646
1264
1539
1274
1382
1537
1147
1391
1728
1198
1269
5240
2097
1498
1865
1216
1683
1315
1320
4481
1175
1310
4036
4591
4694
1237
3943
1256
1959
1249
1453
5030
1190
1879
1906
1406
1690
3283
1214
1463
1875
1216
1323
2395
1256
1300
1544
1166
4725
4119
4551
1165
3746
1212
1265
1947
1205
1484
1570
1298
4505
1859
4637
1176
1242
2128
1260
2031
1189
2945
5051
1252
1297
1850
1290
1457
3865
1621
3602
1613
4091
2371
4091
1444
4456
1200
3920
1220
1783
3414
1286
1362
3097
1187
1203
2219
3635
4491
4516
1232
4154
5013
1228
1384
3158
1385
1390
4101
1432
1504
1836
1270
2575
4577
1188
1349
1916
1301
1327
1237
1721
1244
1404
2134
1460
1784
4352
1217
1673
2048
1198
1358
1904
1613
2035
1905
2029
4127
1291
4487
4523
1631
2143
5209
3997
1330
1462
3642
1426
1666
1226
1307
3428
1598
3379
1236
3253
1258
1332
1986
1349
3706
1321
1740
1768
1225
1956
2784
2097
2265
3934
1506
1939
3834
4650
1341
1659
1795
1718
3530
1382
4024
4310
4836
4189
3856
1411
1842
1402
2136
5297
1263
1276
1571
4003
1345
1392
2068
1283
1895
4095
1338
1441
4275
1309
2530
5362
1231
3285
1334
3596
1259
2012
1265
4097
1326
1485
2949
1296
1545
4049
1803
2036
1558
2152
1262
1342
1691
1412
1598
3600
2116
3521
3886
1275
3095
3860
1282
1496
1576
1415
1577
3019
1451
1638
2824
1480
4194
4631
1466
4130
4063
4452
4607
1292
2435
1579
1719
4088
1498
2489
4876
1261
3109
1255
1610
1678
1435
2150
1280
1367
4264
3051
5220
5366
1972
3750
1419
2160
1282
1650
2100
1428
4148
4166
1346
1656
2536
1269
5262
1301
3305
1880
2057
3730
4185
1335
3840
1913
4209
1339
1567
1352
2504
6107
1300
1563
1773
1275
1448
2942
4123
4610
4681
1396
1512
4082
1365
1578
1985
1886
3664
4528
1630
1838
3594
1306
3853
1450
1653
1890
1387
1779
2848
1574
2892
4554
4635
4686
3769
1687
2427
1397
1997
2802
1555
2409
3868
4364
1312
1520
2557
1436
1603
4378
1476
1540
3394
1688
1856
4464
4474
1494
2063
1760
1864
3217
1386
1567
1727
1568
2212
2230
1779
4069
1635
4586
1304
4216
4492
3637
3010
1364
1587
3683
1650
1863
3824
1656
4518
1401
2608
5337
3852
4519
1704
3896
1785
1910
3844
1960
3578
3064
3890
1632
1664
2736
1726
4026
1868
1870
2966
1491
2764
4664
1410
3055
1320
1472
3566
1461
1596
1887
1414
1518
3741
1359
1647
2269
2119
1570
3952
1409
3660
3827
2518
4436
1376
1517
3417
1987
2365
2447
3753
2012
3125
1373
1383
3043
1333
3211
1818
4449
1663
3714
4326
2072
2787
1692
2887
1358
2993
1945
2104
1892
4717
1565
1822
2370
4030
4180
1495
4192
1458
3467
2228
3526
2203
3249
1478
1542
4411
1934
2125
2329
1955
2076
1821
1840
1369
1589
3658
1595
1669
1884
3742
1388
2893
3927
1831
2992
1515
1848
2811
1499
2504
5699
2120
4255
4394
1430
1614
3669
1398
3858
4346
1808
2569
5535
1464
1541
3156
3598
4457
5466
1997
3189
1434
1703
3935
3832
4157
2105
3178
1422
1501
2885
1734
4346
1443
1455
1641
1636
3004
1408
1786
2014
1472
1715
2800
1505
1882
2465
1563
2881
1418
1682
3536
1394
3111
4141
1479
2938
1876
1980
3296
1454
3093
1721
3686
3943
1859
4186
1884
2990
4077
1530
1753
1786
4259
1445
1733
1400
1947
1545
2743
3955
4087
1667
1714
2711
3507
3844
2162
2395
3263
3078
4182
4462
1632
4585
1447
1521
5861
1422
4184
1400
2947
1722
4187
2280
2797
3645
3189
2080
2294
1963
2857
1619
2266
2316
1584
2663
1521
1538
2401
1577
4506
2189
3489
3701
2003
2786
3782
3963
1472
4188
1439
2183
1867
2062
1643
3649
3738
1448
4085
2336
3388
1803
3458
1532
1611
2639
1714
2593
4537
5148
2695
2763
5737
1526
1839
2466
3721
1539
1705
2033
1770
2293
4694
1998
1805
2381
1439
1620
2486
1583
1673
1547
2315
2600
1994
4124
1494
2042
3226
1984
4228
1560
2704
3885
1670
3884
1529
1611
4084
4275
1525
2616
2118
2498
4843
1497
1572
1743
3350
1486
4295
1488
1777
2238
4096
2479
4016
1487
1865
1507
3229
4120
1936
2130
3837
1641
2413
2441
4188
1775
2263
1523
1674
3191
1475
1503
2337
2833
1534
2880
1531
2311
3753
1818
4227
2088
3223
1483
1837
2017
2956
4517
2067
3675
3433
4270
2149
4345
1958
3028
3790
3859
5435
1582
3906
2065
3888
4266
1661
2722
3751
1747
1833
2338
1574
1724
2859
2507
3740
4160
1561
1614
2671
1893
1930
2615
1611
3595
1605
2884
1775
4185
4004
4595
1535
4033
1854
1976
3551
3754
5666
1595
2344
3665
2186
3614
1916
2127
1627
3760
2093
3075
2114
3302
3813
5254
1527
2091
4977
1546
1547
1797
2205
3959
1519
2228
2473
2054
2663
4555
2004
4154
1742
2048
3812
1993
2231
1508
3134
4829
2059
3184
1528
3058
4034
2574
3794
1653
3975
2770
3449
1674
4486
2174
2651
2398
2444
1592
3096
3254
1756
2209
3311
1564
1677
3804
1956
2036
1720
1968
2056
2153
2389
5417
2668
3356
1622
1888
2039
1785
3507
2002
3976
1659
2817
1742
2486
3547
1672
1716
2271
2092
3131
1657
2110
2702
2775
2737
2740
2184
2281
2041
2623
2066
3361
1810
3503
1841
3196
1639
2741
1772
3317
2413
2828
1953
3167
2296
4577
4626
1757
2412
2258
5407
2735
2351
2634
1969
1988
4492
4557
1842
1843
2038
2079
2299
1828
1908
3901
3811
1662
2685
5019
1726
2613
3163
1612
3166
4620
1761
2414
4458
1602
2109
3587
1894
2043
3775
1937
2401
3560
2026
2098
1637
1944
2935
1816
2216
2491
2004
2019
3654
3817
4529
3251
3504
2304
3085
1596
1717
3565
3503
2451
3807
2363
3838
1685
3912
4108
3862
1898
3400
3704
3909
4095
2053
1975
4543
1773
2537
1675
1699
3125
4514
1687
2551
2570
3905
3950
2618
2539
3998
4195
2489
3012
1759
2683
3206
4126
4504
2000
2253
1845
1878
1769
1990
4110
1629
3569
3828
1668
3711
1696
1943
2594
2089
4461
1748
3459
4273
1730
1906
2901
2397
3712
1812
3941
3945
1983
2025
2046
4381
1706
1615
2622
3548
4192
1767
1844
3112
1617
2284
3478
1697
1988
3044
3589
4334
2391
4037
1974
4448
1632
4475
1609
1628
3790
1660
1751
2906
1642
2781
5850
2907
3210
4159
2924
3437
3883
1780
4249
2087
2892
3446
2596
3627
1707
2536
4597
2928
3348
1789
2164
4509
1762
2515
2264
3878
5246
4023
4494
1823
3082
5880
1716
2482
3334
1812
4064
1701
3337
2074
3757
1964
2214
4634
4684
1746
2723
3061
1889
1941
2631
1709
3416
2198
3981
2189
2873
3603
1713
2292
1877
2832
3889
2579
2650
3577
3892
1658
3093
5286
1810
3795
4044
1648
1794
4203
1932
2289
2642
3365
1712
1863
2100
4373
1754
1845
3142
1691
1984
2104
4332
1847
1921
3863
1835
3133
4161
4557
2010
2356
2157
2324
1805
2042
2101
2312
4515
2687
2919
3885
4079
2884
4174
2953
3314
4531
2099
3372
2798
3788
1994
3883
1801
4212
2600
3304
1907
2378
5529
2146
3531
4159
1894
1775
3730
2666
3500
3656
3275
4047
3494
3617
1851
1900
2767
1826
3805
3946
1684
3913
4278
2063
3226
3549
4458
3947
4410
4140
1890
3925
3975
3618
1731
1820
1817
2430
3677
3151
5989
2147
2044
4434
1974
2876
4410
1782
2712
3777
2327
2612
3685
2268
2705
1888
4061
3871
3978
4326
2263
3397
1793
2493
2623
2404
3718
1931
3277
3600
3703
4241
3815
4267
2831
3713
3542
2224
3031
1769
2323
2879
2069
2416
1909
3972
4139
3255
3709
3826
2084
2662
2326
2573
4248
3214
4369
3657
3563
3697
4479
2156
4054
3708
4413
4381
2779
4006
1735
2223
3084
2716
3854
2369
3295
3699
4128
2947
4169
4044
4520
4699
2134
2760
1980
3765
1969
3044
3971
4365
2014
4289
2682
3912
1787
1857
4033
1738
3065
3492
1898
3835
2275
2297
3845
2234
2480
1917
2697
5676
4128
1965
3046
1878
2632
3142
3130
3296
3765
2508
3671
3691
4038
2013
3242
1938
3335
3497
1804
2297
3992
2845
3739
1771
2158
3391
2463
3949
1853
3717
1834
1914
3326
2381
3372
2214
2476
2085
4179
5401
2956
3804
3090
4235
2090
2731
2494
2523
2415
3211
1798
2049
2052
1796
2975
3430
1950
2187
3220
3705
2138
4404
2325
1961
3661
2530
5890
2950
3930
2299
2587
2649
5313
1885
3657
4205
2091
3393
2180
2229
2929
3174
2043
2691
2273
3918
2059
3721
2038
4090
3856
4436
4033
2396
3167
3573
2665
3291
4156
2220
2541
2119
2306
3924
4074
1801
1806
2934
2194
2684
2029
4230
2381
4565
3325
4333
2832
3758
3805
4278
4602
4700
1883
1952
2744
4028
2958
4103
4420
4505
3780
3872
2511
2806
2940
2018
3175
3822
3428
3744
2206
3388
5763
4222
2540
3066
5706
4118
2023
3009
4018
3898
4081
4412
2620
4000
4528
2114
3515
3638
3940
1820
2969
2972
4522
3117
2028
4508
3551
3606
2185
2360
1850
2755
3624
1954
2359
2827
3874
4384
2656
3785
3810
3138
4250
1846
2778
2852
2041
2493
3910
1962
3193
3495
4113
1861
2780
1979
2795
2532
3968
2505
4162
4060
4398
2132
4024
2154
4607
2350
4602
2032
2447
3414
2183
2417
2599
3842
2139
2820
4618
2811
4021
2124
4403
1869
1943
3473
2416
1914
3780
2125
2261
5796
3268
3736
1933
4690
2455
2552
2765
4165
4344
1910
4200
2030
3630
4586
2083
3264
3782
4753
2319
4116
1967
2961
3698
2613
4026
3515
1920
4895
5188
1934
3379
3674
3916
3456
4178
2161
4428
1945
2081
2727
1896
3323
3735
2089
3836
3967
1946
3325
4470
1912
4809
2641
4383
1882
4426
2945
2736
4393
3633
3721
3798
4082
3033
2981
3586
2132
3714
4032
4012
4465
3088
3374
4403
2725
3625
4070
2792
3986
4309
2112
4280
1911
2996
4297
2849
3519
2400
3137
1914
2025
3872
4629
1949
2253
2565
2986
3797
3626
3745
4125
3481
3515
3812
2082
2177
3492
3792
5541
3489
4542
3763
2420
3074
2302
2708
4043
4343
2635
2176
4054
3538
3558
3828
4581
1926
2067
2103
2368
2448
1963
2140
3516
2667
4020
5032
2102
2285
3664
4031
2659
2822
3893
2027
2147
2203
2224
2742
4810
3493
4821
5921
3392
2475
3825
4138
2026
2126
3384
2250
2746
2456
3914
2062
3017
1981
6139
3755
3756
3376
2233
2634
3395
3470
5073
2258
4488
3434
3902
2602
4297
1995
2982
3946
3436
3866
1971
3248
3684
4438
2869
3701
1991
2175
2235
4533
4616
3163
4059
4258
3779
4683
5318
4031
4528
2338
2750
3575
3989
2905
3003
4107
3194
3632
5637
2188
3800
2079
3720
2129
3562
2143
4591
2545
5249
5800
3103
3381
2047
2299
2421
5175
5298
2133
3091
3026
3994
3800
2244
3111
4119
2443
5307
4016
4036
2062
2560
3376
3568
2236
4519
2931
3015
2149
2923
4068
2408
2428
3930
2025
2433
4165
2075
4089
2077
3492
3552
3845
4339
4067
2199
3443
2291
5394
2290
4400
4372
2556
2702
5828
4246
4426
3518
3773
2187
2737
3087
3346
5201
3832
2193
3221
2300
4167
5564
4367
2045
3045
3364
3628
4410
2048
4059
3756
4613
4699
2372
3786
2095
4259
3462
3469
3649
5916
2007
3316
4479
2478
3543
3469
3744
5352
2135
3339
5204
2734
5437
3523
4144
4170
3730
2108
4465
3858
2017
3880
4525
3281
3799
3818
3836
2408
3269
2274
2759
2105
2106
5546
2168
4133
4804
2699
3108
3451
2055
2931
3328
3758
3889
3272
4014
3459
4709
3980
4477
2609
2155
3556
2115
2254
2309
2496
4437
2479
3389
3783
5226
2514
2061
2124
2206
2336
4781
4027
2347
4281
3127
3759
2957
3793
3728
4554
2312
3629
2171
2487
3711
3783
5389
2072
3341
3445
2086
3913
2107
2234
2614
2746
2293
2547
2436
2551
2295
3634
3486
3581
3847
2182
2392
3882
5596
2246
2494
2131
3380
3387
4644
3096
4526
2071
3749
3542
3188
3252
2437
2543
2500
3674
5689
2279
5548
3710
2221
3147
4121
2445
3113
3572
3636
2936
4518
2985
3622
2862
3434
3976
3629
2342
5217
2534
3648
3715
3835
2459
2488
2225
3322
3511
3344
3529
3225
4264
2418
5539
3725
3549
3709
5255
3118
4486
2243
3687
2361
2637
2804
3274
3623
3252
3554
4101
4452
2591
3651
2128
2286
3905
2139
2663
2821
4894
3378
3860
2654
3083
5260
2127
2909
2212
3585
2633
3655
2226
5480
2219
3125
3638
3404
4382
2127
2196
3378
2333
3746
4586
2260
3316
2137
4038
4197
2227
4839
4013
3909
4611
2581
3957
5555
2401
2731
3561
2264
3104
3969
4021
2591
3892
2166
4266
2208
2718
3054
3571
3381
2643
5323
2506
3499
4164
3133
3632
2758
3442
2508
3262
3271
3550
3734
2797
3224
3527
2476
3479
5066
2582
2571
2722
2177
3552
3991
2179
3776
4228
2238
3273
4468
3558
3749
3542
2390
6060
2496
5928
2808
4284
2789
3605
2354
3724
2715
3165
2917
5687
2241
3480
3457
5423
2690
3531
3129
4350
2499
3456
4527
2183
2384
3030
3254
5053
3030
3096
2342
2874
3106
3399
3678
2418
2808
3306
3678
3806
4574
2193
3007
2710
3760
4118
3168
3501
4858
3525
3610
2538
2647
2354
3767
3377
2334
2993
3219
2690
4105
2547
3009
2810
3119
3677
2686
3593
2966
3737
3315
5951
2715
4113
3934
2259
3733
3564
2566
2587
3153
2382
2586
2917
3427
3722
3805
2510
4504
3322
3364
3947
3145
5329
2363
3152
4237
2210
3588
2221
3672
2318
3050
3066
2651
3048
4698
3445
3863
4608
2367
4168
4476
4512
2724
3014
5277
2571
3720
3751
2653
4053
2305
3403
3170
4111
2339
2350
3018
2728
2477
2607
2842
2807
2604
5269
2923
3481
2511
2817
4034
2939
5000
5877
3594
2978
3406
2539
2452
2873
3284
2430
2810
4655
3282
4029
2301
3534
2468
3932
2640
3020
5781
4563
4605
2484
3060
3176
3266
3911
3668
4302
2801
3213
4428
3173
3726
2800
3021
5495
3216
3604
5470
3281
3360
3620
2554
4100
2492
2745
3903
2661
3557
3347
3695
2740
3435
3139
4048
2383
2912
3008
2976
3272
5573
2495
2882
3107
2751
4023
3064
3689
3206
3243
4017
2864
3621
3630
2283
3582
5067
2941
3107
5093
2604
2955
2799
3353
3543
4269
3358
6031
2626
4645
5292
2379
3022
2737
4607
3796
4018
2488
3466
4637
2677
3824
3238
4239
2616
2671
3108
2916
3228
3351
4202
5722
2826
2927
3964
2717
4463
2288
3132
3556
3402
3438
4647
2404
2665
2757
2365
3597
4207
4279
3233
3393
3646
3707
5445
3377
3907
3987
4464
2572
4852
2423
3577
2346
2398
3074
2447
3760
3532
3572
2292
2639
3693
3710
2948
3015
2964
3106
3623
4293
3265
3454
2538
2977
4705
5189
3521
4269
2317
3310
2307
3811
2323
2561
3177
2603
3108
2474
3324
2899
3904
2485
3927
2913
2954
3802
3502
3873
2402
2995
4106
2326
2844
2673
3690
3917
3993
3173
3802
4543
2578
3758
2726
4374
3319
5983
3995
5120
3784
5094
3451
3541
3918
2843
3895
3941
2572
2821
3641
2471
2392
5511
2513
3449
3359
2438
3686
2380
2967
3348
2519
3358
2377
2694
3059
2503
2863
3501
2434
2740
3087
2512
3567
2494
2952
3663
3715
5967
3053
2361
5504
2454
3791
4689
3007
3221
3897
2566
2649
2865
4349
2510
2922
3308
2630
3706
2618
2712
2924
3279
3426
2951
3739
2509
3468
4223
2389
2403
3924
4490
2598
3668
2443
2965
3317
3223
3292
2531
3821
4078
4204
3354
3534
2742
2763
3031
2812
3129
3396
5451
2762
3448
5159
3070
3072
4863
3140
2802
3115
4394
3361
2508
2940
3121
2558
3368
2380
5319
2624
3508
2830
3204
2982
3208
2902
3434
2405
3476
4324
3876
4060
4569
3041
3609
3717
2484
3346
3485
2907
5492
2548
3510
2682
3299
3076
3700
4714
3519
4445
3453
3460
2882
2974
5788
2658
3100
4260
2573
2844
3323
3663
3835
4556
3259
2759
2605
3382
2481
3049
3829
5375
3146
4446
4822
2809
3819
4071
2838
3345
3286
2487
3067
3559
2674
3591
2408
3116
2496
2899
2790
2431
3224
3362
3703
4052
2657
3894
4192
3363
3719
2680
2813
2884
2425
3353
4764
3267
3199
2453
3350
2521
3911
3079
3460
3553
4444
2635
2788
2798
3408
3426
3194
4545
2726
2792
2928
3159
4150
3432
3666
4090
3179
3733
2688
3202
4078
3820
4558
2652
3290
2499
3186
3917
3524
2974
4131
2470
2962
3919
2820
3728
3779
3571
5145
3439
3643
2462
3136
3190
3217
2536
2905
2944
2760
2777
4572
3055
3176
3628
4419
5091
5756
3279
4831
3592
4087
2747
3237
3401
2967
3092
3355
3474
4179
3071
3120
4467
3067
3126
2650
2919
2467
3046
2550
3225
2576
4080
2461
2870
2963
2839
3146
3895
3385
4553
2518
3144
4098
3138
3195
3416
2465
3357
2888
2960
3648
3039
3435
3544
2731
3560
3185
3418
2709
3407
3168
4871
3528
4110
3306
4284
2534
2888
3011
3810
2645
2674
3681
2493
3032
3697
2835
2921
3262
2748
3165
2753
4205
2734
2831
3354
4065
2910
3332
2978
3344
4286
2970
2611
3936
3970
3215
3567
3270
3431
5015
5368
2676
2861
4169
3418
3839
3473
3505
5690
2708
2881
2991
2814
4908
5521
2774
2776
2625
2772
4332
2621
3539
3964
4155
2934
4212
4176
3920
3188
3263
2638
3297
3553
3666
2922
4061
2605
2904
3667
3135
3570
3736
2610
3252
3575
2627
3247
3759
2705
3077
2895
3115
4255
3200
3219
2525
2725
3036
4896
5055
3048
3155
4692
2782
3241
4187
3072
4626
5341
3565
3636
4181
2816
3210
3337
2563
3626
2567
3006
3726
2669
2771
3231
3854
3503
3795
3373
3455
2678
2975
2590
3453
2618
3283
3777
3327
3650
2679
3608
2858
4167
2812
4222
4350
3661
3215
3408
2584
2597
3624
3167
3446
3820
2703
2981
2555
3827
4713
3329
3438
3000
3459
2791
3711
3278
3803
3157
3209
2746
2878
3122
2803
4582
2872
3336
2677
2887
3016
2846
3842
2667
2866
2997
2825
2828
4103
2836
3474
3620
3867
4140
5681
3461
3643
3533
4989
3574
4322
5106
3454
4685
2915
3028
3021
3855
5022
3304
3431
2873
3169
2655
3243
3277
2920
3580
3789
5499
3814
5192
5493
2883
3873
3714
3762
3776
3391
4720
3754
2900
2982
4354
2900
2903
4122
3082
3448
5207
2683
2719
2926
3450
3694
3062
3077
3148
3232
2637
3929
2983
3502
2689
4825
2645
3089
4240
2846
3452
3968
3899
4330
2766
3349
5483
3235
2636
2841
3258
3436
3910
2701
3042
3634
3697
2809
3149
3202
3192
3984
2914
2897
3150
3767
2826
3149
3903
4234
3404
4701
4766
4273
4465
3222
3617
2724
4281
4478
2950
3248
3060
3131
2829
3369
2860
4171
3382
3441
4378
2641
2773
3616
2743
3298
3036
3269
3423
3607
3288
4475
3447
4158
4238
3013
2770
4363
3361
2669
3424
3583
2782
2980
2793
5468
2646
2894
2969
3137
2852
3228
3992
2795
2820
3305
5048
5648
3218
3116
4214
3470
3512
2727
3615
2903
3017
2927
3324
2926
4555
3409
3639
2968
4412
2793
2869
3091
2937
3420
3181
3415
2996
4235
4315
4055
3114
3340
3496
2703
3586
3040
2730
3027
3899
2775
2732
3464
5567
3046
4285
3673
2757
3718
3258
4316
3698
3050
3201
3332
4348
3130
3394
2885
3342
4414
3524
4517
3032
3308
2706
3135
3057
4117
3182
3284
2866
4076
3023
3394
3472
3939
4065
3027
4562
4628
2761
5049
5367
3210
3724
2944
4015
2779
2841
4019
3022
5509
3450
4877
5993
3349
3639
2769
2934
3061
2964
3514
2915
2971
2988
3016
3423
3662
3280
3383
2910
3178
3443
3132
3612
2721
3694
3593
2720
2753
3786
2753
2840
2898
3520
2756
2845
3373
3430
3255
3547
3128
3894
2902
4353
2851
2970
5500
2794
4603
3086
2890
3343
3040
3242
3440
2796
3195
3914
2764
4657
3080
5149
2834
2838
2853
4510
3602
3746
4141
3170
3293
3981
2784
3105
3763
3574
3595
4812
3171
3018
4000
3304
3935
2801
2921
2896
3772
2819
2822
2780
2938
2878
3412
3056
3198
4142
2835
3247
2883
3498
2906
3041
3034
3691
4305
4155
3222
3037
3051
3491
4208
4819
3086
3877
4277
3110
4389
3095
3326
2973
3360
3818
2794
3468
3300
2845
3180
3099
3214
3105
3187
2839
2843
2791
4824
5003
2901
3285
2969
4653
3241
3748
2961
5458
2987
2865
2957
4987
2901
3002
3113
3933
3442
4289
3509
4123
3160
4200
3196
4366
3291
3301
3883
4512
3026
2904
3010
3190
4236
4324
2851
3028
4282
3411
3490
3240
3017
4396
2833
3627
2880
2914
3230
3174
3183
3257
3479
3544
3313
3996
3922
3141
3296
3583
3234
3338
2825
2864
3056
3143
3562
3236
2941
3676
3848
2837
2968
5090
2897
3164
3412
4432
3238
3299
3199
3451
3417
3513
3230
3001
4253
3140
3848
3621
4172
3193
3712
3817
3879
2913
3173
2875
4189
4811
3334
3797
3035
2943
3866
3766
3386
3089
3546
4124
4226
3183
3298
3008
3618
3220
3540
3574
3012
3305
3444
4755
3205
3347
4220
3240
4397
4447
2891
3057
4356
3318
3550
2992
3118
2946
3041
3127
3181
2984
4453
3239
3846
4887
5026
4148
2958
4204
2913
3937
3345
4997
3994
3150
4250
3029
3321
4085
2879
3232
3477
3120
4536
3913
4362
3506
5197
5808
2953
3297
3984
3637
3224
3049
3289
3313
2925
3236
2976
3487
4014
2999
5146
3385
4191
3854
3811
4240
3109
3164
3218
3229
3154
3882
3122
2986
3729
3502
3221
3335
4560
4037
4221
3271
3859
2937
3005
3401
3145
3490
4001
3218
4539
4652
4035
4387
3192
3156
3334
4290
4561
2999
3625
3870
5380
3151
3537
3005
3200
3307
3019
3127
3415
3144
3462
3370
3789
5626
3160
3180
3739
3796
3038
3239
4137
3179
4754
5056
3091
3169
3405
3953
3075
3513
3582
4799
3061
3204
3227
3741
3102
3971
3031
3212
2987
4215
2984
3359
3425
3919
4423
3290
3788
4248
3139
3965
4283
3002
4147
3101
3275
3260
3793
3008
3333
4392
3025
4002
3169
3309
3483
3292
3477
3801
5395
3472
3370
4314
4879
3340
3497
3164
4306
3239
4056
3293
5278
5430
3320
3475
3278
3039
3141
3949
3268
3570
3098
3367
3904
3240
3065
4300
3227
3609
3335
4360
3099
3487
4162
4024
4580
3043
3901
3131
3997
3204
3606
5014
3269
3436
3915
3177
3528
3120
3831
4495
3179
3242
3660
3333
4224
3413
3405
3778
3154
3725
4206
3405
4616
3559
3390
3253
3311
3456
3447
3162
5360
3114
3548
3755
3211
3098
3488
3390
4455
3214
3092
3147
3455
3421
3433
3466
3244
4198
3439
3155
3677
3837
3578
3102
3357
4172
3068
3954
4006
4093
3175
3045
3260
3321
3486
3300
3958
5551
3357
3887
5143
3409
3482
4454
3525
5163
4424
5251
3384
3488
4778
3536
4371
3942
3184
3236
4002
3366
5221
3191
3473
4143
3076
3390
4210
3619
3400
5604
4233
3257
3132
3960
4411
3480
4151
3409
3816
3265
3250
3480
4862
5522
4180
4417
3266
3476
4461
3327
3498
3205
4537
3589
3655
4317
3178
3774
4108
3110
3669
4135
4258
3565
3830
3825
3190
3915
4109
3520
3140
3197
3864
3227
3732
3886
3877
3855
3349
4207
3607
5020
3887
3257
4112
3216
4296
4107
3599
3527
4336
3197
3137
3540
3955
4292
4367
3244
3672
4121
3723
3321
3581
3183
4404
3314
3254
3345
5017
3287
3569
3951
3512
4047
3206
3277
3313
3147
3318
3338
4823
3182
3771
3171
3509
4489
3662
3391
3857
4485
5534
4789
3297
4483
3270
3291
5245
3441
3546
3235
3851
3588
4330
3356
3249
3508
3862
4071
3372
3403
3788
3588
3961
3974
3329
3402
3230
3614
3375
3488
3579
5995
3665
3487
4040
5431
4028
5009
4070
4020
4245
3282
4307
3342
3294
3424
3526
3289
4383
3302
3484
3775
3217
3520
4361
4163
3386
4058
3222
4509
4380
3430
4217
4134
3293
5369
5488
3432
3333
3461
3618
3247
4229
3923
4338
3607
3228
3531
3307
3878
3596
3276
3306
3691
4248
4364
3446
3573
3680
3472
4244
3493
4805
3979
3245
5593
3532
3365
4122
4009
3490
6132
3401
3420
5267
3317
3295
5809
3340
4335
3326
4341
3504
4073
4598
3764
3411
5225
5566
3458
3580
4136
3973
3781
3471
4782
4050
4146
3681
5414
3609
4039
3717
3368
3393
4327
3442
4010
4347
3595
3794
3998
4808
4262
3874
3537
3564
4386
3338
6101
3362
4241
3294
3312
4184
3699
3467
3538
3840
4460
4303
4564
3337
3767
4101
3332
4166
4345
4115
4451
4904
3752
3823
4565
3558
3587
3893
3491
5222
3732
3626
3692
3787
3336
3680
3905
3540
4211
3373
3431
3843
3422
3928
4050
3582
3653
4796
4046
3427
3509
4104
4344
3644
4641
4318
3867
4551
4210
3696
3450
3536
3605
4216
4405
3444
3410
3511
3808
4372
3989
4430
3688
3452
4022
3950
3980
3491
3962
3613
3750
4129
3747
5330
3986
3421
4730
4971
3499
5462
4679
4795
4513
3545
3692
3928
4500
3652
4092
3655
5408
4247
3735
3422
4627
4506
3458
4390
3675
4183
3457
4570
3506
3647
3524
3638
3562
3682
3990
3612
3631
3440
3929
4145
4722
3448
4251
4270
4970
4498
3713
4232
3566
4440
3608
4313
4159
3698
3419
5008
3554
3575
5039
4691
3454
5096
3993
3483
4400
3463
4308
3768
3482
4094
4408
3464
5037
3604
3593
4173
4443
5952
4225
3838
4502
4242
4402
4365
4426
4025
4358
4806
3999
3535
4144
3769
4310
4832
3716
3533
3719
3743
3642
4086
3667
3768
3814
3622
3963
3688
3982
5598
3658
4342
3876
4337
4243
4467
4423
3732
4533
3620
3939
4056
4230
5023
3539
3627
3876
4304
5584
3500
5376
3675
4153
3766
4079
3916
4231
3861
3554
3684
3567
3781
3727
4007
3647
3650
3659
5467
3791
4375
4377
3840
4005
3704
4594
3571
4355
5211
3643
5469
4357
4527
3676
4076
4362
4552
3634
4097
3603
6073
4042
4051
4072
3891
3932
3639
3816
5279
4442
3715
4999
4480
3561
3656
3761
4125
4359
4769
4321
3722
4395
4621
4340
4974
3807
4285
3709
3636
4074
4175
3924
3628
6033
3592
4203
4325
4245
3693
4406
5229
3731
5160
3945
4064
4312
3908
4174
3615
3925
3958
4012
4605
3922
4068
4878
3708
4083
4511
4265
4589
4287
3940
4267
5006
3900
3970
3921
3894
3666
3716
4299
4271
4201
4546
5314
4011
4331
4407
3849
5208
3806
3619
4036
3944
4067
3763
4393
4142
4066
4521
4787
3633
3750
3948
3751
3849
4045
4118
4199
4320
3985
4280
4001
4152
4316
4453
3839
5076
4227
4102
4630
3676
4256
3649
3731
3748
3773
3771
3719
5512
3742
3938
3907
4776
4080
4277
4301
3776
4131
3977
4225
3789
3736
4608
4163
3851
3679
3864
3800
3870
3931
3973
4030
4449
3853
4209
3737
4817
4807
4902
4682
5636
3857
4670
3783
4578
3923
3943
4075
4236
3850
4323
4149
4013
3925
4252
5698
4973
4003
3795
4520
4005
4559
5041
3966
3793
4580
4043
4584
3745
4177
3952
4274
5450
3820
4401
4526
6193
4196
3743
5514
4062
4532
3962
3772
3953
5202
5315
4668
3741
3786
4190
3870
3977
4322
4265
4976
3768
3896
4145
4150
3841
4022
3792
3842
4224
4288
3784
5617
3787
4430
3979
4656
3933
4581
3879
3826
3856
4105
4132
4093
4219
4121
3945
3785
4596
4630
4671
3801
3944
4198
3996
5133
4065
3798
4261
4659
4418
4388
5783
4744
3861
4373
3860
4196
3877
4177
4194
4388
3891
4153
4301
3921
3933
4195
4493
4017
3960
4114
3867
5455
3906
4034
4478
4178
4507
3878
5012
3956
4126
4130
3831
4242
3846
3858
4006
3900
5258
3930
4042
4438
4025
4352
4742
4291
3873
4298
4328
5205
4481
4226
3850
4157
4329
4357
4407
3944
3940
4359
5057
4028
4069
4039
4391
4365
3872
3902
4294
5855
4058
4385
4295
4427
4497
4633
4589
4040
4724
5653
4219
4104
4237
4247
4356
3948
4120
4499
4116
4416
5238
4503
4583
4171
4306
4471
4665
4456
3967
4094
4269
5248
5611
3961
4287
4376
4032
4499
4115
4415
4550
4246
4434
4312
4099
4625
4218
4099
4114
4122
4398
4569
4135
4172
4153
4268
4066
3920
3991
3996
5402
4567
4106
3942
4303
3915
4544
4143
4481
4064
4031
5308
4387
4445
4348
4319
3987
3948
3971
4837
4254
4234
4457
4147
4112
4617
4262
4045
4229
4029
4222
4419
4025
4291
4460
4535
4055
4112
4313
4007
4469
4136
3993
4292
4666
4004
5312
4088
4300
4211
3997
4123
4193
4542
4433
4052
4109
4592
4078
4199
4361
4206
4111
6167
4067
4137
5031
4079
4600
4092
4019
4131
4046
5033
4139
4234
4351
4096
4382
4673
4109
4523
4363
4564
5198
4266
4429
4771
4290
4193
4610
4658
4251
4302
5688
4490
4166
4027
4220
4661
4214
4233
4547
4027
4106
4197
4320
4147
4643
4066
4484
4221
5303
4114
4210
4158
4046
4048
4432
4493
4384
4603
4360
4392
4697
4623
4116
4134
6091
4261
4590
5646
4232
4254
4350
4133
4053
4104
4156
4615
4151
4358
5795
4343
4341
4315
4615
4149
4263
4634
4697
4256
4128
4113
4115
4167
4594
4284
4243
4617
4252
4093
4321
5791
4335
4660
4325
4096
4257
4212
4501
4282
4314
4422
4390
4379
4534
4295
4421
4137
4342
6158
4376
4208
4181
4220
4354
4359
4368
4439
4293
4555
4130
4151
4319
4374
4639
4427
4244
4184
4399
5605
4173
4191
4585
4331
4237
4370
4176
4158
4568
4338
5572
4326
4473
4218
4257
4431
4477
4209
4291
4268
4239
4148
4146
4224
4211
4252
4294
4190
4379
4541
4419
5731
4250
4609
4274
5338
4199
4343
4484
4472
4183
4308
4414
4309
4496
4219
4288
6134
4229
4491
4393
4230
4307
4380
4370
4466
4294
4206
4328
4408
4454
4450
4280
4553
4215
4369
4495
4274
4516
4413
4374
4315
4969
4416
4214
4245
4442
5079
4371
5771
4307
4304
4353
4389
4251
4386
4572
4514
4497
4276
4463
4446
4261
4427
4501
4300
4329
4286
4484
4425
4318
4493
4472
4272
4316
4303
4376
4287
4282
4334
4327
4391
4286
4262
4301
4263
4392
4268
4539
4389
4399
4418
4293
4279
4454
4645
4305
4366
4380
4502
4325
4379
4568
4508
4623
4424
4654
4375
4384
4462
4431
4440
4663
4540
5316
4305
4388
4335
4409
4468
4431
4437
5674
4321
5814
4903
5257
4440
4395
4592
4498
4439
4548
4567
4390
4348
4536
4358
5826
4524
4443
5281
4370
4340
4609
4462
4473
4421
4357
4459
4369
4425
5122
4507
4432
4450
4599
4622
5901
4463
4695
5227
4347
4349
4356
4498
4514
4352
5184
4361
4576
4360
4560
4371
5325
4448
4483
4367
4405
4422
4571
4403
4466
4550
4415
4638
4480
4472
4704
4414
4521
5727
4505
4587
4399
4397
4560
4567
4525
4451
4402
4406
4636
4460
4633
4675
4604
4433
4503
4592
4621
4624
4534
4429
5124
4455
5320
4501
4580
4480
4525
4430
4610
4470
4544
4706
4461
4456
4522
4573
4653
4485
5461
4466
4558
4588
4618
4653
4444
4612
5373
4632
4818
4453
4548
5236
4502
4494
5755
4576
4520
4530
4532
4622
4571
4583
4524
5223
4544
4522
4566
4583
4531
4663
4549
4598
4678
4504
4533
4579
4696
4517
4604
4593
4665
4540
4564
4508
4620
4546
4503
4600
4619
4530
4612
4662
5485
4972
4572
4521
5871
4541
4558
4641
4650
4540
6038
4553
4619
4535
4647
4552
4529
4565
4550
4594
4667
4604
4601
4619
4571
4551
4590
5409
4579
4548
4601
4581
4576
5946
4621
4582
4570
4585
5092
4695
4629
5228
4597
4561
5280
5879
4648
4657
4629
4646
4593
4662
4601
4599
4644
4662
4661
4815
4590
4659
4658
4609
5497
4611
4650
4611
4632
4676
4640
4644
4633
4634
4651
4597
4655
4664
4666
4600
4624
4689
4623
4680
4614
4631
4690
4643
4651
4642
4690
4648
4649
4617
4659
4668
4673
4667
4625
4667
4707
4640
4685
4649
4692
4674
4639
4681
4685
4643
4680
4691
4672
4689
4669
4686
4671
4649
4687
4684
4675
5501
4651
4669
4696
4698
4681
4695
4693
4676
4694
4677
4708
4666
4678
4693
4665
4677
4686
4674
4706
4718
4678
4700
4706
4679
4677
4680
4703
4683
4705
5569
4688
4702
4692
4698
4727
4813
4702
4702
4723
4704
4790
4704
4793
5138
4708
5623
5121
4713
4721
4736
4718
4721
4724
4714
4731
4979
4740
4738
4761
4719
4721
4722
4723
4723
4724
4762
4727
4735
4767
4728
4729
4730
5273
5420
4736
4757
4736
4739
4750
4741
4768
4743
4743
4744
4752
4746
4853
5606
4759
5024
4749
4751
4750
4756
4758
4761
4763
4760
4763
4764
4764
4758
4770
4767
4964
4761
4767
4773
4779
4765
4775
4770
4766
4779
4772
4770
4773
4777
4787
4774
4777
4785
4791
4775
4776
4792
4780
4791
4786
4795
4782
4794
4797
4784
4786
4785
4803
4798
5123
4787
4797
4789
4802
4838
4844
4791
4792
4793
4794
4795
4797
4798
4799
4812
4840
4826
4831
4822
4851
4818
4823
4825
4825
5194
4826
4832
4837
4813
4840
4824
4844
4834
4814
4815
4828
4816
4817
4830
4846
4834
6100
4822
4835
4846
4833
4847
4827
4846
4842
5038
4829
4847
4830
4831
4835
4834
6157
4836
4838
4839
4848
4847
5927
6321
4843
4848
4991
4848
4869
5004
4854
5231
4900
4900
4990
4873
5117
4873
5498
5652
5720
6601
5131
5169
4887
4864
4884
5476
6025
6248
4993
5068
4863
5766
5353
4866
5185
6747
4870
5006
5981
5084
4889
4904
5464
5840
6769
4877
6058
4878
4972
4973
4972
4973
5652
4882
5579
4969
5449
4889
6128
5287
5331
4993
4975
5065
4904
5066
5884
4965
4995
6568
6762
5128
5536
5018
5150
5917
5009
5322
4966
5693
6467
4983
4986
5872
4903
5830
6257
5021
4907
5009
5559
5023
5929
5111
5498
4983
5034
5324
4985
5294
5336
5655
4982
6187
5911
4984
4980
4986
5284
5335
5082
5627
5044
5838
5045
5081
5334
5503
5130
5112
5001
4981
5140
5239
5129
5385
5024
4993
5024
5848
5047
5907
5037
5037
5135
5039
5158
4989
4990
4977
5709
5817
5080
5824
5950
5041
5474
6036
5048
5210
6305
6531
5057
5002
5057
5736
6129
6372
5025
5859
6652
5074
5131
5043
5047
5067
5425
5067
5491
5071
5011
5026
5008
6000
6050
5443
6536
5076
5635
6379
5038
5054
5668
5784
5091
5475
5093
5093
5616
5074
5119
5052
5096
5098
5096
5077
5382
5463
5704
5034
5068
5028
5041
5290
5305
5226
6280
5106
5106
5810
5033
5622
5820
5532
5260
5802
5269
5821
5530
5503
5681
5537
6119
6783
5051
5553
5553
5685
5996
5172
5471
5143
5607
5619
5719
5145
5090
5119
5214
5065
5077
5146
5146
5180
5650
5060
5672
5143
5152
5332
5655
5642
5691
5077
5515
5716
5378
5816
6636
5414
6183
5192
5296
5747
6128
6486
5084
5100
6586
6634
5384
5624
5089
5354
5612
5293
5612
6517
5090
5729
5944
5587
5869
6040
5483
5979
5193
5727
6008
5194
5576
5236
5238
5898
5265
5164
5380
6343
6330
5352
6038
6106
6713
5546
6020
5702
6614
6253
6741
5152
5390
5980
5443
5610
5395
6065
5164
5434
5153
5715
5718
6504
6571
5191
5231
5275
5510
6441
5121
5661
6102
5165
5278
5277
5281
6105
5658
5997
6733
5531
5976
6096
5481
5749
5684
5684
5857
6072
6260
6407
6420
5317
5186
5776
5168
5343
5930
6088
6000
6348
5318
5701
5574
6226
5388
5645
5199
5288
5172
5274
5149
5571
6059
5188
5549
5372
6361
5154
5318
6084
6777
6085
6778
5871
5178
6146
5360
5214
5552
5268
5491
6535
6590
5376
6007
5838
5199
6191
5578
5602
6050
6182
5211
5208
5727
5905
6248
5615
5974
5741
6068
5351
6045
5733
5181
5360
5334
6002
6119
5300
5644
5742
5992
5187
5376
6171
5520
5724
6363
5287
5606
5558
5871
5679
5458
6089
5802
6423
5451
5213
5451
5473
5455
5563
5455
6381
5462
5462
5690
6055
5892
5513
5842
5252
5566
5412
6031
6104
5340
5935
6353
5300
5540
5785
6397
6567
5911
5356
6116
5222
5664
5493
6502
5495
5497
5497
6146
5501
5501
5369
5342
5929
5358
5728
5490
5332
5507
5761
5865
5760
5333
5874
5541
5272
5887
5921
6648
5326
5796
5555
6143
5509
5784
5562
5955
5564
5564
6215
6246
5566
5413
5490
5255
5991
5925
6518
6582
5258
5977
5311
5823
6053
5291
5848
5866
5748
6148
6475
5625
6080
6149
5305
5507
5625
6196
5593
6001
6044
5856
6208
6458
5832
6157
5606
6447
5295
5586
5411
5611
5290
6078
5811
6656
5615
5970
6323
6155
5331
5343
5821
6337
5695
5309
5600
5640
5858
5988
5701
5396
5861
5637
5637
6097
6151
6186
5454
5574
5321
5646
6011
6028
6789
5657
6187
5308
6156
6376
5457
5693
5666
5666
5505
5320
5867
5645
5737
5428
5559
5422
6263
6069
5433
5786
6035
5671
6362
6174
5698
5505
5600
5396
5558
6126
6150
6150
5540
5787
5731
5960
5658
5864
6558
5353
5764
5631
5420
5444
6292
6401
5712
6738
6761
5938
6262
6669
6798
5465
5912
6353
6294
6750
5643
6478
5858
5616
5750
6791
5574
5506
5739
5631
5677
5941
6152
5630
5704
5921
5552
5854
6097
6392
6471
6637
5503
5367
5940
5788
5788
6217
6255
6297
6108
6264
6214
5624
6210
5413
5792
5692
5815
5654
6266
5456
5435
5962
5524
5645
5670
5495
5682
5438
5993
6058
5470
6164
6106
5450
5894
6118
5646
5828
5510
6299
5694
5918
6064
5834
5528
5748
5959
5401
5779
6267
6331
5581
6177
5620
5855
5855
5749
6281
6041
6204
5811
6579
6092
5861
5862
5862
5863
5472
5839
5471
6402
5549
5926
5975
6400
5539
6652
6266
6090
5571
5931
5530
6057
5473
5967
5580
5699
6107
5428
5494
6240
5431
6086
5990
5627
5602
5524
5907
5915
6081
6553
6525
5818
6019
6087
6121
6287
6288
6528
6151
6438
5548
5608
6500
5916
5892
6098
6580
6644
5521
5718
5960
5745
5984
6716
5596
5937
6553
5823
5885
5656
5928
6091
6109
5852
6707
6003
6447
5946
5758
6112
5952
5952
5738
5872
5542
6060
6436
5479
5955
6498
5762
5983
5910
6322
5945
6071
6521
6147
5682
5591
5989
5867
5897
5995
6153
6286
5664
5837
5965
5667
5966
6744
5513
5923
5663
6038
6382
6575
5759
6198
5732
6544
5914
5642
6155
6073
6200
6076
5544
5854
6334
6085
6241
6084
6242
6136
6216
6538
6101
6101
5912
6162
6615
5648
5534
6120
6120
5783
6001
5541
5639
6537
6132
5822
6139
6144
6434
5578
6210
5857
5962
6145
6643
5968
5652
5853
6181
6371
5870
6213
5787
5833
5968
5961
6259
6098
6067
6152
5798
6326
5667
5561
6070
6281
5699
5757
5670
5737
6100
6006
6620
5803
6043
6165
5640
5842
6056
6380
5573
6047
5848
6033
5900
5919
5786
5886
6131
5710
5893
5882
6269
5650
5678
5622
6024
6295
6397
5694
5706
5619
5805
6361
6672
5856
6007
6003
6498
6153
6288
5818
5624
6083
6490
5724
5963
5732
6040
5876
5808
5970
5877
5988
5661
6042
6685
5672
5985
6137
6232
6642
5870
5888
5953
6332
5783
5827
6570
5870
6041
6051
6766
6134
5831
6391
6551
5764
6385
5865
5923
6113
5836
6216
6253
5664
5964
5887
5896
6118
5971
6394
6554
5975
5662
6662
5949
5691
6554
6126
5729
5717
5916
6158
6127
6505
5745
5772
6349
6433
5711
6289
6780
5837
6533
6352
5695
6178
5810
6603
6235
6327
6219
6106
6248
6412
5677
5991
6254
6526
6036
6341
6034
5715
6339
5815
6074
6090
6240
5867
6010
6110
6245
5830
5950
6130
6137
6062
6235
6283
6061
6223
5931
6336
5709
6418
6419
6262
6633
6167
6547
6117
6142
6374
5844
6629
6710
5751
6460
5926
6272
6259
6310
6064
6055
6117
6149
6212
5757
5799
5807
6557
5843
5776
6611
6655
5829
6082
6371
6472
6749
5993
6046
6012
6052
6497
6005
6574
6169
6602
5835
6043
6758
5869
5775
6000
6149
6196
5866
6138
6620
6587
6535
6598
6221
6346
6439
6673
5787
6004
5850
6142
6277
6114
6727
5858
6144
6744
6294
6436
5979
6473
5842
6124
6019
5959
6370
5800
6364
5799
5895
6105
6201
6670
6209
5856
6278
5912
6203
6039
6668
6448
6449
5806
6135
6300
6566
5786
6183
6769
6192
6719
6096
5888
6015
5819
6007
6019
6113
6560
6099
6074
6700
5809
6315
6215
6229
6645
6666
6644
6667
6215
6234
6600
6098
6274
6359
6755
6275
6396
6518
6627
5859
6222
6227
6245
6039
5920
6729
5840
6293
6196
6312
6229
6372
6301
6474
5925
6407
5989
6143
5963
6650
6279
6552
6020
6368
6268
6541
6234
6319
5936
5860
6054
6329
6525
6231
5965
6320
6552
5903
6519
6632
6363
6571
5983
5939
6477
6623
6795
6720
6519
6646
5947
6139
6552
6787
6220
5890
6389
6021
6622
6737
5978
6003
6677
6077
6313
6612
6572
6598
6462
6103
6703
6223
6453
6319
6417
6349
6595
5958
6111
6619
6131
6225
5907
5962
6312
6429
6061
6678
6771
6326
5957
6342
6533
6360
6387
6115
6328
6586
6462
6376
6442
6277
6331
6031
6530
6008
6029
6455
5987
6527
6615
5942
6075
6517
6010
6331
6524
6194
6109
6122
6532
6767
6154
6612
6420
6309
6145
6464
6443
6360
6803
6251
6711
6772
6674
6180
6757
6357
6428
6076
5947
6344
6293
6401
6202
6727
5985
6327
6065
6415
6368
6386
6230
6272
6755
5974
6093
6630
6094
6631
6417
6384
6516
6237
6638
6209
6238
6639
6107
6354
6786
6350
6342
6802
6367
6320
6405
6152
6256
6189
6270
6334
6365
6413
6634
6027
6306
6026
6307
5986
6443
6290
6024
6416
6606
6335
6032
6358
6429
6203
6508
6249
6211
6345
6470
6122
6728
6296
6386
6413
6205
6759
6685
6383
6409
6799
6742
6079
6286
6314
6329
6421
6182
6059
6435
6391
6573
6387
6617
6625
6048
6197
6132
6153
6178
6444
6207
6524
6405
6422
6580
6579
6731
6490
6635
6766
6035
6375
6294
6588
6546
6326
6502
6556
6383
6183
6461
6054
6269
6426
6735
6169
6064
6542
6147
6549
6280
6525
6086
6374
6581
6765
6206
6224
6668
6705
6181
6555
6125
6377
6663
6286
6123
6626
6389
6334
6068
6285
6421
6675
6284
6781
6794
6415
6447
6404
6265
6251
6114
6605
6460
6453
6662
6227
6117
6166
6187
6164
6466
6457
6373
6751
6289
6515
6276
6406
6406
6122
6300
6511
6251
6680
6459
6800
6325
6610
6125
6385
6569
6198
6189
6623
6247
6504
6673
6315
6465
6177
6561
6773
6483
6226
6468
6169
6456
6399
6780
6200
6476
6157
6176
6658
6475
6179
6643
6506
6423
6710
6540
6734
6435
6469
6553
6738
6775
6495
6274
6311
6280
6543
6665
6451
6188
6370
6584
6264
6543
6549
6414
6569
6511
6195
6597
6763
6717
6690
6495
6388
6562
6663
6524
6624
6287
6184
6299
6358
6618
6677
6260
6724
6446
6445
6229
6246
6529
6725
6462
6239
6621
6774
6200
6523
6258
6366
6480
6605
6618
6476
6372
6620
6665
6465
6496
6255
6745
6199
6503
6483
6499
6511
6532
6746
6267
6597
6735
6332
6624
6485
6520
6589
6570
6407
6756
6282
6624
6304
6548
6303
6355
6382
6569
6337
6564
6544
6715
6270
6454
6657
6262
6481
6496
6505
6239
6444
6628
6508
6716
6568
6651
6760
6244
6582
6304
6303
6576
6602
6263
6638
6430
6639
6252
6679
6701
6678
6533
6461
6707
6658
6761
6796
6291
6655
6300
6709
6336
6410
6607
6772
6788
6281
6322
6736
6689
6505
6362
6489
6562
6356
6421
6513
6416
6555
6344
6510
6736
6338
6657
6431
6549
6309
6512
6390
6350
6409
6463
6527
6434
6610
6339
6514
6311
6403
6500
6501
6567
6420
6576
6699
6378
6752
6602
6348
6654
6780
6343
6752
6400
6645
6402
6644
6582
6540
6637
6726
6393
6599
6438
6617
6763
6458
6522
6719
6797
6699
6709
6507
6321
6600
6740
6556
6706
6730
6782
6722
6714
6721
6714
6512
6484
6514
6482
6543
6747
6653
6414
6509
6682
6494
6681
6355
6784
6784
6559
6577
6512
6516
6627
6360
6515
6545
6443
6615
6479
6596
6510
6485
6721
6499
6470
6718
6583
6534
6439
6502
6706
6604
6471
6651
6398
6688
6509
6724
6671
6648
6427
6392
6664
6475
6621
6515
6631
6777
6626
6803
6630
6778
6649
6573
6757
6414
6554
6531
6467
6609
6494
6408
6586
6696
6732
6459
6539
6592
6754
6481
6795
6464
6564
6614
6514
6697
6480
6783
6529
6588
6577
6629
6696
6419
6774
6621
6590
6629
6482
6489
6451
6493
6625
6595
6613
6483
6492
6576
6593
6653
6489
6491
6517
6782
6463
6713
6625
6500
6519
6623
6727
6488
6693
6798
6799
6745
6765
6607
6756
6564
6653
6509
6640
6691
6617
6776
6656
6729
6654
6610
6769
6614
6599
6635
6600
6565
6703
6661
6663
6676
6692
6523
6563
6657
6668
6762
6637
6726
6676
6701
6791
6522
6542
6748
6589
6534
6558
6605
6546
6800
6759
6679
6688
6677
6642
6737
6698
6678
6712
6708
6702
6749
6641
6702
6649
6695
6611
6530
6692
6767
6764
6545
6603
6781
6768
6684
6594
6655
6679
6650
6681
6546
6561
6691
6752
6662
6583
6694
6733
6650
6664
6591
6796
6618
6685
6758
6676
6642
6708
6741
6686
6673
6691
6698
6770
6695
6700
6584
6801
6666
6667
6693
6705
6687
6682
6717
6750
6652
6723
6594
6743
6699
6628
6758
6734
6647
6686
6766
6792
6760
6721
6751
6670
6683
6684
6654
6719
6692
6648
6656
6715
6764
6726
6697
6717
6772
6779
6785
6718
6695
6770
6702
6739
6681
6738
6709
6745
6753
6675
6732
6749
6694
6697
6771
6790
6748
6742
6712
6770
6790
6779
6723
6748
6773
6722
6715
6788
6794
6729
6754
6787
6768
6785
6731
6751
6789
6792
6763
6759
6753
6765
6790
6791
6774
6764
6787
6775
6786
6793
6785
6782
6789
6788
6793
)


// ************************************************************************* //
