/*--------------------------------*- C++ -*----------------------------------*\
| =========                 |                                                 |
| \\      /  F ield         | OpenFOAM: The Open Source CFD Toolbox           |
|  \\    /   O peration     | Version:  2412                                  |
|   \\  /    A nd           | Website:  www.openfoam.com                      |
|    \\/     M anipulation  |                                                 |
\*---------------------------------------------------------------------------*/
FoamFile
{
    version     2.0;
    format      ascii;
    arch        "LSB;label=32;scalar=64";
    class       vectorField;
    location    "constant/polyMesh";
    object      points;
}
// * * * * * * * * * * * * * * * * * * * * * * * * * * * * * * * * * * * * * //


2264
(
(0 0 0)
(4 0 0)
(4 0.2 0)
(0 0.2 0)
(0 0 0.001)
(4 0 0.001)
(4 0.2 0.001)
(0 0.2 0.001)
(0.02372589906 0 0)
(0.05706758608 0 0)
(0.1038294156 0 0)
(0.1512941896 0 0)
(0.1852602473 0 0)
(0.2094304455 0 0)
(0.2327405804 0 0)
(0.2654696991 0 0)
(0.311478893 0 0)
(0.3597916639 0 0)
(0.3943429553 0 0)
(0.4189296044 0 0)
(0.4418996441 0 0)
(0.4740747064 0 0)
(0.5193357238 0 0)
(0.568257782 0 0)
(0.6034031858 0 0)
(0.628412604 0 0)
(0.6510837676 0 0)
(0.6827149307 0 0)
(0.7273479147 0 0)
(0.7765728811 0 0)
(0.8123559457 0 0)
(0.8378191223 0 0)
(0.8602189016 0 0)
(0.8912860774 0 0)
(0.9349549884 0 0)
(0.9847318517 0 0)
(1.021197614 0 0)
(1.047146599 0 0)
(1.069310044 0 0)
(1.099795762 0 0)
(1.142674102 0 0)
(1.19310237 0 0)
(1.230189817 0 0)
(1.25658119 0 0)
(1.27857512 0 0)
(1.30854948 0 0)
(1.350864514 0 0)
(1.401154469 0 0)
(1.438955559 0 0)
(1.465854759 0 0)
(1.487705496 0 0)
(1.517114086 0 0)
(1.558443099 0 0)
(1.609401761 0 0)
(1.64786011 0 0)
(1.675227014 0 0)
(1.696991685 0 0)
(1.72589774 0 0)
(1.766540382 0 0)
(1.817356819 0 0)
(1.856556835 0 0)
(1.884451508 0 0)
(1.906169078 0 0)
(1.934528502 0 0)
(1.974381625 0 0)
(2.025618375 0 0)
(2.065471498 0 0)
(2.093830922 0 0)
(2.115548492 0 0)
(2.143443165 0 0)
(2.182643181 0 0)
(2.233459618 0 0)
(2.27410226 0 0)
(2.303008315 0 0)
(2.324772986 0 0)
(2.35213989 0 0)
(2.390598239 0 0)
(2.441556901 0 0)
(2.482885914 0 0)
(2.512294504 0 0)
(2.534145241 0 0)
(2.561044441 0 0)
(2.598845531 0 0)
(2.649135486 0 0)
(2.69145052 0 0)
(2.72142488 0 0)
(2.74341881 0 0)
(2.769810183 0 0)
(2.80689763 0 0)
(2.857325898 0 0)
(2.900204238 0 0)
(2.930689956 0 0)
(2.952853401 0 0)
(2.978802386 0 0)
(3.015268148 0 0)
(3.065045012 0 0)
(3.108713923 0 0)
(3.139781098 0 0)
(3.162180878 0 0)
(3.187644054 0 0)
(3.223427119 0 0)
(3.272652085 0 0)
(3.317285069 0 0)
(3.348916232 0 0)
(3.371587396 0 0)
(3.396596814 0 0)
(3.431742218 0 0)
(3.480664276 0 0)
(3.525925294 0 0)
(3.558100356 0 0)
(3.581070396 0 0)
(3.605657045 0 0)
(3.640208336 0 0)
(3.688521107 0 0)
(3.734530301 0 0)
(3.76725942 0 0)
(3.790569554 0 0)
(3.814739753 0 0)
(3.84870581 0 0)
(3.896170584 0 0)
(3.942932414 0 0)
(3.976274101 0 0)
(4 0.02305852702 0)
(4 0.05519949981 0)
(4 0.1 0)
(4 0.1448005002 0)
(4 0.176941473 0)
(3.976274101 0.2 0)
(3.942932414 0.2 0)
(3.896170584 0.2 0)
(3.84870581 0.2 0)
(3.814739753 0.2 0)
(3.790569554 0.2 0)
(3.76725942 0.2 0)
(3.734530301 0.2 0)
(3.688521107 0.2 0)
(3.640208336 0.2 0)
(3.605657045 0.2 0)
(3.581070396 0.2 0)
(3.558100356 0.2 0)
(3.525925294 0.2 0)
(3.480664276 0.2 0)
(3.431742218 0.2 0)
(3.396596814 0.2 0)
(3.371587396 0.2 0)
(3.348916232 0.2 0)
(3.317285069 0.2 0)
(3.272652085 0.2 0)
(3.223427119 0.2 0)
(3.187644054 0.2 0)
(3.162180878 0.2 0)
(3.139781098 0.2 0)
(3.108713923 0.2 0)
(3.065045012 0.2 0)
(3.015268148 0.2 0)
(2.978802386 0.2 0)
(2.952853401 0.2 0)
(2.930689956 0.2 0)
(2.900204238 0.2 0)
(2.857325898 0.2 0)
(2.80689763 0.2 0)
(2.769810183 0.2 0)
(2.74341881 0.2 0)
(2.72142488 0.2 0)
(2.69145052 0.2 0)
(2.649135486 0.2 0)
(2.598845531 0.2 0)
(2.561044441 0.2 0)
(2.534145241 0.2 0)
(2.512294504 0.2 0)
(2.482885914 0.2 0)
(2.441556901 0.2 0)
(2.390598239 0.2 0)
(2.35213989 0.2 0)
(2.324772986 0.2 0)
(2.303008315 0.2 0)
(2.27410226 0.2 0)
(2.233459618 0.2 0)
(2.182643181 0.2 0)
(2.143443165 0.2 0)
(2.115548492 0.2 0)
(2.093830922 0.2 0)
(2.065471498 0.2 0)
(2.025618375 0.2 0)
(1.974381625 0.2 0)
(1.934528502 0.2 0)
(1.906169078 0.2 0)
(1.884451508 0.2 0)
(1.856556835 0.2 0)
(1.817356819 0.2 0)
(1.766540382 0.2 0)
(1.72589774 0.2 0)
(1.696991685 0.2 0)
(1.675227014 0.2 0)
(1.64786011 0.2 0)
(1.609401761 0.2 0)
(1.558443099 0.2 0)
(1.517114086 0.2 0)
(1.487705496 0.2 0)
(1.465854759 0.2 0)
(1.438955559 0.2 0)
(1.401154469 0.2 0)
(1.350864514 0.2 0)
(1.30854948 0.2 0)
(1.27857512 0.2 0)
(1.25658119 0.2 0)
(1.230189817 0.2 0)
(1.19310237 0.2 0)
(1.142674102 0.2 0)
(1.099795762 0.2 0)
(1.069310044 0.2 0)
(1.047146599 0.2 0)
(1.021197614 0.2 0)
(0.9847318517 0.2 0)
(0.9349549884 0.2 0)
(0.8912860774 0.2 0)
(0.8602189016 0.2 0)
(0.8378191223 0.2 0)
(0.8123559457 0.2 0)
(0.7765728811 0.2 0)
(0.7273479147 0.2 0)
(0.6827149307 0.2 0)
(0.6510837676 0.2 0)
(0.628412604 0.2 0)
(0.6034031858 0.2 0)
(0.568257782 0.2 0)
(0.5193357238 0.2 0)
(0.4740747064 0.2 0)
(0.4418996441 0.2 0)
(0.4189296044 0.2 0)
(0.3943429553 0.2 0)
(0.3597916639 0.2 0)
(0.311478893 0.2 0)
(0.2654696991 0.2 0)
(0.2327405804 0.2 0)
(0.2094304455 0.2 0)
(0.1852602473 0.2 0)
(0.1512941896 0.2 0)
(0.1038294156 0.2 0)
(0.05706758608 0.2 0)
(0.02372589906 0.2 0)
(0 0.176941473 0)
(0 0.1448005002 0)
(0 0.1 0)
(0 0.05519949981 0)
(0 0.02305852702 0)
(0.02372589906 0 0.001)
(0.05706758608 0 0.001)
(0.1038294156 0 0.001)
(0.1512941896 0 0.001)
(0.1852602473 0 0.001)
(0.2094304455 0 0.001)
(0.2327405804 0 0.001)
(0.2654696991 0 0.001)
(0.311478893 0 0.001)
(0.3597916639 0 0.001)
(0.3943429553 0 0.001)
(0.4189296044 0 0.001)
(0.4418996441 0 0.001)
(0.4740747064 0 0.001)
(0.5193357238 0 0.001)
(0.568257782 0 0.001)
(0.6034031858 0 0.001)
(0.628412604 0 0.001)
(0.6510837676 0 0.001)
(0.6827149307 0 0.001)
(0.7273479147 0 0.001)
(0.7765728811 0 0.001)
(0.8123559457 0 0.001)
(0.8378191223 0 0.001)
(0.8602189016 0 0.001)
(0.8912860774 0 0.001)
(0.9349549884 0 0.001)
(0.9847318517 0 0.001)
(1.021197614 0 0.001)
(1.047146599 0 0.001)
(1.069310044 0 0.001)
(1.099795762 0 0.001)
(1.142674102 0 0.001)
(1.19310237 0 0.001)
(1.230189817 0 0.001)
(1.25658119 0 0.001)
(1.27857512 0 0.001)
(1.30854948 0 0.001)
(1.350864514 0 0.001)
(1.401154469 0 0.001)
(1.438955559 0 0.001)
(1.465854759 0 0.001)
(1.487705496 0 0.001)
(1.517114086 0 0.001)
(1.558443099 0 0.001)
(1.609401761 0 0.001)
(1.64786011 0 0.001)
(1.675227014 0 0.001)
(1.696991685 0 0.001)
(1.72589774 0 0.001)
(1.766540382 0 0.001)
(1.817356819 0 0.001)
(1.856556835 0 0.001)
(1.884451508 0 0.001)
(1.906169078 0 0.001)
(1.934528502 0 0.001)
(1.974381625 0 0.001)
(2.025618375 0 0.001)
(2.065471498 0 0.001)
(2.093830922 0 0.001)
(2.115548492 0 0.001)
(2.143443165 0 0.001)
(2.182643181 0 0.001)
(2.233459618 0 0.001)
(2.27410226 0 0.001)
(2.303008315 0 0.001)
(2.324772986 0 0.001)
(2.35213989 0 0.001)
(2.390598239 0 0.001)
(2.441556901 0 0.001)
(2.482885914 0 0.001)
(2.512294504 0 0.001)
(2.534145241 0 0.001)
(2.561044441 0 0.001)
(2.598845531 0 0.001)
(2.649135486 0 0.001)
(2.69145052 0 0.001)
(2.72142488 0 0.001)
(2.74341881 0 0.001)
(2.769810183 0 0.001)
(2.80689763 0 0.001)
(2.857325898 0 0.001)
(2.900204238 0 0.001)
(2.930689956 0 0.001)
(2.952853401 0 0.001)
(2.978802386 0 0.001)
(3.015268148 0 0.001)
(3.065045012 0 0.001)
(3.108713923 0 0.001)
(3.139781098 0 0.001)
(3.162180878 0 0.001)
(3.187644054 0 0.001)
(3.223427119 0 0.001)
(3.272652085 0 0.001)
(3.317285069 0 0.001)
(3.348916232 0 0.001)
(3.371587396 0 0.001)
(3.396596814 0 0.001)
(3.431742218 0 0.001)
(3.480664276 0 0.001)
(3.525925294 0 0.001)
(3.558100356 0 0.001)
(3.581070396 0 0.001)
(3.605657045 0 0.001)
(3.640208336 0 0.001)
(3.688521107 0 0.001)
(3.734530301 0 0.001)
(3.76725942 0 0.001)
(3.790569554 0 0.001)
(3.814739753 0 0.001)
(3.84870581 0 0.001)
(3.896170584 0 0.001)
(3.942932414 0 0.001)
(3.976274101 0 0.001)
(4 0.02305852702 0.001)
(4 0.05519949981 0.001)
(4 0.1 0.001)
(4 0.1448005002 0.001)
(4 0.176941473 0.001)
(3.976274101 0.2 0.001)
(3.942932414 0.2 0.001)
(3.896170584 0.2 0.001)
(3.84870581 0.2 0.001)
(3.814739753 0.2 0.001)
(3.790569554 0.2 0.001)
(3.76725942 0.2 0.001)
(3.734530301 0.2 0.001)
(3.688521107 0.2 0.001)
(3.640208336 0.2 0.001)
(3.605657045 0.2 0.001)
(3.581070396 0.2 0.001)
(3.558100356 0.2 0.001)
(3.525925294 0.2 0.001)
(3.480664276 0.2 0.001)
(3.431742218 0.2 0.001)
(3.396596814 0.2 0.001)
(3.371587396 0.2 0.001)
(3.348916232 0.2 0.001)
(3.317285069 0.2 0.001)
(3.272652085 0.2 0.001)
(3.223427119 0.2 0.001)
(3.187644054 0.2 0.001)
(3.162180878 0.2 0.001)
(3.139781098 0.2 0.001)
(3.108713923 0.2 0.001)
(3.065045012 0.2 0.001)
(3.015268148 0.2 0.001)
(2.978802386 0.2 0.001)
(2.952853401 0.2 0.001)
(2.930689956 0.2 0.001)
(2.900204238 0.2 0.001)
(2.857325898 0.2 0.001)
(2.80689763 0.2 0.001)
(2.769810183 0.2 0.001)
(2.74341881 0.2 0.001)
(2.72142488 0.2 0.001)
(2.69145052 0.2 0.001)
(2.649135486 0.2 0.001)
(2.598845531 0.2 0.001)
(2.561044441 0.2 0.001)
(2.534145241 0.2 0.001)
(2.512294504 0.2 0.001)
(2.482885914 0.2 0.001)
(2.441556901 0.2 0.001)
(2.390598239 0.2 0.001)
(2.35213989 0.2 0.001)
(2.324772986 0.2 0.001)
(2.303008315 0.2 0.001)
(2.27410226 0.2 0.001)
(2.233459618 0.2 0.001)
(2.182643181 0.2 0.001)
(2.143443165 0.2 0.001)
(2.115548492 0.2 0.001)
(2.093830922 0.2 0.001)
(2.065471498 0.2 0.001)
(2.025618375 0.2 0.001)
(1.974381625 0.2 0.001)
(1.934528502 0.2 0.001)
(1.906169078 0.2 0.001)
(1.884451508 0.2 0.001)
(1.856556835 0.2 0.001)
(1.817356819 0.2 0.001)
(1.766540382 0.2 0.001)
(1.72589774 0.2 0.001)
(1.696991685 0.2 0.001)
(1.675227014 0.2 0.001)
(1.64786011 0.2 0.001)
(1.609401761 0.2 0.001)
(1.558443099 0.2 0.001)
(1.517114086 0.2 0.001)
(1.487705496 0.2 0.001)
(1.465854759 0.2 0.001)
(1.438955559 0.2 0.001)
(1.401154469 0.2 0.001)
(1.350864514 0.2 0.001)
(1.30854948 0.2 0.001)
(1.27857512 0.2 0.001)
(1.25658119 0.2 0.001)
(1.230189817 0.2 0.001)
(1.19310237 0.2 0.001)
(1.142674102 0.2 0.001)
(1.099795762 0.2 0.001)
(1.069310044 0.2 0.001)
(1.047146599 0.2 0.001)
(1.021197614 0.2 0.001)
(0.9847318517 0.2 0.001)
(0.9349549884 0.2 0.001)
(0.8912860774 0.2 0.001)
(0.8602189016 0.2 0.001)
(0.8378191223 0.2 0.001)
(0.8123559457 0.2 0.001)
(0.7765728811 0.2 0.001)
(0.7273479147 0.2 0.001)
(0.6827149307 0.2 0.001)
(0.6510837676 0.2 0.001)
(0.628412604 0.2 0.001)
(0.6034031858 0.2 0.001)
(0.568257782 0.2 0.001)
(0.5193357238 0.2 0.001)
(0.4740747064 0.2 0.001)
(0.4418996441 0.2 0.001)
(0.4189296044 0.2 0.001)
(0.3943429553 0.2 0.001)
(0.3597916639 0.2 0.001)
(0.311478893 0.2 0.001)
(0.2654696991 0.2 0.001)
(0.2327405804 0.2 0.001)
(0.2094304455 0.2 0.001)
(0.1852602473 0.2 0.001)
(0.1512941896 0.2 0.001)
(0.1038294156 0.2 0.001)
(0.05706758608 0.2 0.001)
(0.02372589906 0.2 0.001)
(0 0.176941473 0.001)
(0 0.1448005002 0.001)
(0 0.1 0.001)
(0 0.05519949981 0.001)
(0 0.02305852702 0.001)
(2.104689707 0.01880796679 0)
(1.895310293 0.1811920332 0)
(2.314136725 0.0174227436 0)
(1.685864426 0.1825872644 0)
(2.52521626 0.02094055442 0)
(1.47478374 0.1790594456 0)
(1.267133343 0.1776055643 0)
(2.732866657 0.02239443568 0)
(1.057319556 0.1793030815 0)
(2.942680444 0.02069691847 0)
(0.8478793818 0.1802213091 0)
(3.152120618 0.01977869087 0)
(0.6401520881 0.02071815952 0)
(3.359847912 0.1792818405 0)
(0.4304146243 0.1801073621 0)
(3.569585376 0.01989263791 0)
(0.2203640682 0.02089360344 0)
(3.779635932 0.1791063966 0)
(1.896408341 0.01740234964 0)
(2.103579247 0.1826113361 0)
(2.31389065 0.1811512423 0)
(1.68610935 0.01884875768 0)
(2.521613379 0.1790014278 0)
(1.478386621 0.02099857218 0)
(2.732421845 0.180952698 0)
(1.267578155 0.01904730199 0)
(1.057750748 0.02180027443 0)
(2.942249252 0.1781997256 0)
(3.152026163 0.1795962608 0)
(0.847973837 0.02040373925 0)
(0.6395308761 0.1789737588 0)
(3.360469124 0.02102624121 0)
(0.4302278377 0.02286682722 0)
(3.569772162 0.1771331728 0)
(0.1971095713 0.1794498338 0)
(3.802890429 0.02055016621 0)
(2.676459254 0.1712067158 0)
(1.323540746 0.02879328417 0)
(2.460468126 0.1696756738 0)
(1.539531874 0.03032432617 0)
(2.252454659 0.172343031 0)
(1.744970697 0.02718248354 0)
(1.954455063 0.02953689956 0)
(2.045544937 0.1704631004 0)
(2.160365278 0.03229796032 0)
(1.839621704 0.1677509901 0)
(2.368695639 0.028825123 0)
(1.631299786 0.1712639367 0)
(1.420055014 0.1719839525 0)
(2.579944986 0.02801604751 0)
(2.781344384 0.03161336878 0)
(1.218655616 0.1683866312 0)
(2.786439969 0.175439363 0)
(1.213560031 0.02456063703 0)
(2.876042977 0.03099206338 0)
(1.123957023 0.1690079366 0)
(1.003851248 0.1680114855 0)
(2.996148752 0.03198851446 0)
(1.002964733 0.02702637854 0)
(2.997035267 0.1729736215 0)
(0.9085422667 0.1690992453 0)
(3.091457733 0.0309007547 0)
(0.7932914285 0.1779238336 0)
(3.206708571 0.02207616639 0)
(0.7972100812 0.02421986138 0)
(3.202789919 0.1757801386 0)
(0.7045917161 0.1635507456 0)
(3.295408284 0.03644925443 0)
(3.412688202 0.1751453896 0)
(0.5873117978 0.02485461039 0)
(0.5858304839 0.173952198 0)
(3.414169516 0.02604780202 0)
(0.4922953817 0.1659769213 0)
(3.507704618 0.03402307874 0)
(3.625264777 0.02797803307 0)
(3.62293269 0.1743925206 0)
(0.3770673096 0.02560747939 0)
(0.3747352234 0.1720219669 0)
(0.2913497825 0.1649991816 0)
(3.708650218 0.03500081839 0)
(3.831722782 0.1748262627 0)
(0.1682772185 0.02517373725 0)
(1.420581147 0.02767501038 0)
(2.579418853 0.1723249896 0)
(1.632758325 0.03485907189 0)
(2.36720603 0.1652424928 0)
(1.835118811 0.02817601215 0)
(2.164849395 0.1718523786 0)
(3.872438197 0.03495620056 0)
(0.1275618026 0.1650437994 0)
(2.045338827 0.03041994802 0)
(1.954455063 0.1704631004 0)
(2.253780939 0.03011546917 0)
(1.742972213 0.1708886753 0)
(2.46019503 0.02948312057 0)
(1.53980497 0.1705168794 0)
(2.671707967 0.0316740805 0)
(1.328292033 0.1683259195 0)
(2.88139919 0.1684958949 0)
(1.11860081 0.03150410509 0)
(0.9147818813 0.02947058126 0)
(3.085218119 0.1705294187 0)
(3.294968577 0.1669766556 0)
(0.7050314227 0.03302334438 0)
(0.4989343354 0.03280872023 0)
(3.501065665 0.1671912798 0)
(3.97003392 0.1328823905 0)
(0.0299660801 0.06711760946 0)
(0.2866409847 0.03296205952 0)
(3.713359015 0.1670379405 0)
(3.976780898 0.03892954073 0)
(0.02321910212 0.1610704593 0)
(3.921869846 0.1721861563 0)
(0.07813015414 0.02781384373 0)
(2.010018234 0.1703875301 0)
(2.031600225 0.1407995874 0)
(2.062783255 0.1423243844 0)
(2.04921127 0.1127768735 0)
(2.079604124 0.1154295049 0)
(2.014544828 0.1081463677 0)
(2.066493278 0.08762737981 0)
(2.095957322 0.09075452889 0)
(2.109339132 0.1172625404 0)
(2.125867207 0.09223100841 0)
(2.083107972 0.06243899502 0)
(2.139464678 0.1174272286 0)
(2.156876536 0.09128678323 0)
(2.17036376 0.1191496892 0)
(2.189890681 0.09245419289 0)
(2.203941071 0.1208350175 0)
(2.223731985 0.09380792437 0)
(2.207902508 0.06036094843 0)
(2.122728475 0.1429279799 0)
(1.991436295 0.03278559777 0)
(1.970115265 0.06150143708 0)
(1.937494311 0.05807285396 0)
(1.951611096 0.08737379992 0)
(1.920562177 0.08469480246 0)
(1.933988098 0.1126810692 0)
(1.904131933 0.1093615655 0)
(1.89067211 0.08281433088 0)
(1.874124148 0.1078524638 0)
(1.916883564 0.1376429046 0)
(1.860480076 0.08265279868 0)
(1.843078134 0.10880925 0)
(1.829567904 0.08094612017 0)
(1.810058504 0.1076578169 0)
(1.795988595 0.07926589052 0)
(1.776247781 0.1063887426 0)
(1.79207688 0.1397538005 0)
(1.964449238 0.1155664082 0)
(1.877229784 0.05711051569 0)
(1.574285755 0.0322015886 0)
(1.552579793 0.06182193892 0)
(1.519579588 0.05623883059 0)
(1.534240604 0.08924644455 0)
(1.50263875 0.08850842676 0)
(1.564427799 0.09066871613 0)
(1.488616736 0.06272297928 0)
(1.474948018 0.08754417777 0)
(1.487076581 0.112140165 0)
(1.459922664 0.1102533549 0)
(1.446605576 0.08515629507 0)
(1.430456575 0.1144307087 0)
(1.417591478 0.08313091409 0)
(1.397502379 0.1101369473 0)
(1.382941977 0.08190877011 0)
(1.363885327 0.1095853847 0)
(1.473237601 0.1344058514 0)
(1.37757216 0.1414043293 0)
(1.498726453 0.1377673277 0)
(1.383533033 0.02756982099 0)
(2.425713381 0.1678663947 0)
(2.447416256 0.1382299069 0)
(2.480419848 0.143768576 0)
(2.465758643 0.1107634308 0)
(2.49736125 0.1114915732 0)
(2.435566123 0.1094123617 0)
(2.51138323 0.1372774706 0)
(2.525051977 0.1124558972 0)
(2.512923418 0.08785984747 0)
(2.540077335 0.08974665969 0)
(2.553394424 0.1148437104 0)
(2.569543425 0.08556929411 0)
(2.582408522 0.1168690873 0)
(2.602497621 0.08986305265 0)
(2.617058023 0.1180912301 0)
(2.636114673 0.09041461526 0)
(2.526762399 0.0655941518 0)
(2.62242784 0.05859567065 0)
(2.501273546 0.06223267494 0)
(2.616466967 0.172430179 0)
(2.423770108 0.0285871635 0)
(1.576195488 0.1715099189 0)
(0.2498730748 0.1719141964 0)
(0.2617502462 0.1391677711 0)
(0.2966848185 0.127688497 0)
(0.2696531338 0.1055490439 0)
(0.2368818504 0.1154281495 0)
(0.2436567265 0.0855838485 0)
(0.2137531432 0.09469982076 0)
(0.2062661509 0.1236826527 0)
(0.1840207289 0.1018016475 0)
(0.3055182388 0.09370492631 0)
(0.3318863195 0.1155204656 0)
(0.3400431514 0.08302961354 0)
(0.3660468852 0.1059506867 0)
(0.1931113564 0.06991328208 0)
(0.1610773951 0.08135933796 0)
(0.1765415926 0.135332778 0)
(0.3727362575 0.07494661068 0)
(0.3966038587 0.09628456605 0)
(0.4017933658 0.06503471143 0)
(0.4273863131 0.07880581376 0)
(0.4203949227 0.1169583054 0)
(0.4506525347 0.1057715226 0)
(0.4458443027 0.1362708127 0)
(3.750126925 0.02808580365 0)
(3.738249754 0.06083222887 0)
(3.703315181 0.07231150298 0)
(3.730346866 0.09445095609 0)
(3.76311815 0.08457185048 0)
(3.756343273 0.1144161515 0)
(3.786246857 0.1053001792 0)
(3.793733849 0.07631734729 0)
(3.815979271 0.0981983525 0)
(3.694481761 0.1062950737 0)
(3.668113681 0.08447953436 0)
(3.659956849 0.1169703865 0)
(3.633953115 0.09404931326 0)
(3.806888644 0.1300867179 0)
(3.838922605 0.118640662 0)
(3.823458407 0.06466722198 0)
(3.627263743 0.1250533893 0)
(3.603396141 0.1037154339 0)
(3.598206634 0.1349652886 0)
(3.572613687 0.1211941862 0)
(3.579605077 0.0830416946 0)
(3.549347465 0.09422847739 0)
(3.554155697 0.06372918726 0)
(0.458383396 0.07838465315 0)
(0.4870311815 0.09598570685 0)
(3.541616604 0.1216153468 0)
(3.512968818 0.1040142932 0)
(2.840041025 0.03458293505 0)
(2.861803256 0.06448326285 0)
(2.896466372 0.05796709997 0)
(2.830238464 0.07084710338 0)
(2.881476933 0.09199761557 0)
(2.913678345 0.0909049913 0)
(2.928893596 0.06060265628 0)
(2.941941477 0.08916558283 0)
(2.929305686 0.1147206939 0)
(2.956560427 0.1127148302 0)
(2.972798063 0.08359627697 0)
(2.986634073 0.1162805565 0)
(3.004032341 0.0861826424 0)
(3.018737032 0.1129671102 0)
(3.035253289 0.08543791392 0)
(3.052495022 0.1126895243 0)
(2.942484533 0.1361550416 0)
(3.035620857 0.1421102653 0)
(3.069251911 0.08351947253 0)
(3.087614207 0.1112449587 0)
(3.103735834 0.08330651631 0)
(3.120034606 0.1074736148 0)
(3.134827931 0.0825238975 0)
(3.149985074 0.1057607463 0)
(3.164145556 0.08160356451 0)
(3.179751706 0.105286428 0)
(3.193882057 0.08065839232 0)
(3.210822325 0.105205014 0)
(3.22584839 0.08004218088 0)
(3.242396888 0.1057697534 0)
(3.164131853 0.1295785233 0)
(3.259857576 0.07738336404 0)
(3.278072829 0.1065083847 0)
(2.916734089 0.137867599 0)
(3.236983703 0.02768738607 0)
(3.149845416 0.05920706572 0)
(1.159958975 0.165417065 0)
(1.138196744 0.1355167371 0)
(1.103533628 0.1420329 0)
(1.169761536 0.1291528966 0)
(1.118523067 0.1080023844 0)
(1.086321655 0.1090950087 0)
(1.071106404 0.1393973437 0)
(1.058058523 0.1108344172 0)
(1.070694314 0.08527930605 0)
(1.043439573 0.08728516977 0)
(1.027201937 0.116403723 0)
(1.013365927 0.08371944346 0)
(0.9959676595 0.1138173576 0)
(0.9812629683 0.08703288979 0)
(0.9647467114 0.1145620861 0)
(0.9475049776 0.08731047571 0)
(1.057515467 0.06384495845 0)
(0.9643791434 0.05788973472 0)
(0.9307480888 0.1164805275 0)
(0.9123857932 0.08875504134 0)
(0.8962641659 0.1166934837 0)
(0.879965394 0.09252638517 0)
(0.865172069 0.1174761025 0)
(0.8500149262 0.09423925373 0)
(0.8358544439 0.1183964355 0)
(0.8202482942 0.09471357205 0)
(0.806117943 0.1193416077 0)
(0.789177675 0.09479498598 0)
(0.7741516102 0.1199578191 0)
(0.757603112 0.09423024658 0)
(0.8358681466 0.07042147673 0)
(0.7401424238 0.122616636 0)
(0.7219271705 0.09349161531 0)
(1.083265911 0.06213240099 0)
(0.7630162969 0.1723126139 0)
(0.8501545843 0.1407929343 0)
(2.841009679 0.1653983319 0)
(1.158990321 0.03460166813 0)
(1.347728442 0.08119959458 0)
(1.330138037 0.1089502074 0)
(1.314018829 0.08068045631 0)
(1.298281664 0.1071466689 0)
(1.28355061 0.08001348073 0)
(1.268220363 0.104583168 0)
(1.254668221 0.07880815747 0)
(1.238690872 0.1037437923 0)
(1.28080114 0.1296616586 0)
(1.226499337 0.07803475436 0)
(2.652271558 0.1188004054 0)
(2.669861963 0.0910497926 0)
(2.685981171 0.1193195437 0)
(2.701718336 0.09285333112 0)
(2.71644939 0.1199865193 0)
(2.731779637 0.09541683198 0)
(2.745331779 0.1211918425 0)
(2.761309128 0.09625620766 0)
(2.71919886 0.07033834144 0)
(2.773500663 0.1219652456 0)
(3.581794598 0.04973676378 0)
(0.4182054017 0.1502632362 0)
(1.084352699 0.1606928679 0)
(2.915647301 0.0393071321 0)
(2.860449669 0.1380715093 0)
(2.829128534 0.1320665248 0)
(1.139550331 0.06192849069 0)
(1.170871466 0.06793347522 0)
(0.745883479 0.03657813406 0)
(3.254116521 0.1634218659 0)
(2.454845858 0.08310216598 0)
(1.54514969 0.1169104752 0)
(1.268512572 0.05705580689 0)
(2.731487428 0.1429441931 0)
(1.760514568 0.0755106515 0)
(1.742686345 0.1031523116 0)
(1.726964011 0.07603407897 0)
(1.711146406 0.1006848276 0)
(1.698395451 0.07469352953 0)
(1.682717512 0.09817611853 0)
(1.694617507 0.123904714 0)
(1.666975268 0.1212837228 0)
(1.653430736 0.09512250772 0)
(1.636191693 0.1191172637 0)
(1.711170525 0.05438271553 0)
(1.623044249 0.09147458853 0)
(1.606924851 0.1176626774 0)
(1.677736439 0.1454451486 0)
(1.70510654 0.1491789927 0)
(2.239413943 0.1246240719 0)
(2.25726897 0.09700266152 0)
(2.272994237 0.1241169668 0)
(2.288814208 0.09947425644 0)
(2.301555438 0.1254846949 0)
(2.317247557 0.1020025792 0)
(2.305359352 0.07625676069 0)
(2.333007814 0.07889457797 0)
(2.346536102 0.1050707076 0)
(2.36379149 0.08106097289 0)
(2.289586108 0.1490676504 0)
(2.37693087 0.1087234262 0)
(2.393037041 0.08250102298 0)
(2.322255712 0.05467847496 0)
(2.294882112 0.05096804518 0)
(1.685908513 0.05370103558 0)
(3.464580662 0.1645334888 0)
(0.5354193381 0.03546651117 0)
(3.465175664 0.04131805411 0)
(0.5348243362 0.1586819459 0)
(0.04373496578 0.03675110462 0)
(3.956265034 0.1632488954 0)
(0.9487459613 0.1625178823 0)
(3.051254039 0.03748211769 0)
(0.07854404686 0.165950061 0)
(0.1033486901 0.1318095511 0)
(0.0657268552 0.1301677258 0)
(0.08857214205 0.09968144423 0)
(3.921455953 0.03404993898 0)
(3.89665131 0.06819044892 0)
(3.934273145 0.06983227417 0)
(3.911427858 0.1003185558 0)
(2.314279239 0.1478682433 0)
(1.798602919 0.02662432564 0)
(2.201363479 0.1734035213 0)
(3.487652381 0.06998172887 0)
(3.450513843 0.07370302957 0)
(3.470830502 0.1017627888 0)
(3.43595236 0.1034020355 0)
(3.416656942 0.07855701376 0)
(3.403883858 0.1065038267 0)
(3.386451708 0.08358589223 0)
(3.375525896 0.1095788075 0)
(3.358183012 0.08693933598 0)
(3.346339764 0.1127147832 0)
(3.363379514 0.1352322561 0)
(3.329323451 0.09159399684 0)
(3.344849236 0.06205105901 0)
(3.335840652 0.1381247196 0)
(3.420297528 0.1308562458 0)
(0.5123476187 0.1300182711 0)
(0.5494861573 0.1262969704 0)
(0.5291694979 0.09823721116 0)
(0.5640476397 0.09659796453 0)
(0.5833430582 0.1214429862 0)
(0.596116142 0.09349617334 0)
(0.6135482919 0.1164141078 0)
(0.6244741036 0.09042119249 0)
(0.6418169883 0.113060664 0)
(0.653660236 0.08728521684 0)
(0.6366204855 0.06476774392 0)
(0.6706765486 0.1084060032 0)
(0.6551507644 0.137948941 0)
(0.664159348 0.0618752804 0)
(0.5797024717 0.06914375425 0)
(2.788786475 0.09834903892 0)
(1.211213525 0.1016509611 0)
(2.779387669 0.06638269786 0)
(1.220612331 0.1336173021 0)
(2.503009512 0.1625937203 0)
(1.496990417 0.037407215 0)
(2.006611693 0.06863452115 0)
(0.336672312 0.1697688203 0)
(3.663327688 0.03023117975 0)
(0.3446411446 0.0288521357 0)
(3.655358855 0.1711478643 0)
(3.86353083 0.1716830328 0)
(0.1364691702 0.02831696717 0)
(3.840362694 0.03711182558 0)
(0.1596373057 0.1628881744 0)
(1.640822216 0.06605025835 0)
(1.611518952 0.06305843258 0)
(2.359131637 0.1341444318 0)
(2.387346959 0.1370071338 0)
(3.742388042 0.1634279234 0)
(0.2576119581 0.03657207661 0)
(0.4682517576 0.03241730451 0)
(3.531748242 0.1675826955 0)
(3.118368024 0.1663964141 0)
(0.8810825908 0.1713438241 0)
(0.881631976 0.03360358595 0)
(3.118917409 0.02865617591 0)
(2.139369066 0.06171688891 0)
(1.860611162 0.1383379023 0)
(3.770676404 0.0530991006 0)
(0.2293235958 0.1469008994 0)
(1.301816555 0.169267667 0)
(1.309639704 0.1390766073 0)
(2.698183445 0.03073233295 0)
(2.690360296 0.06092339266 0)
(2.489906399 0.03533969148 0)
(1.510093601 0.164660309 0)
(0.1101803031 0.06837682685 0)
(3.889819697 0.1316231732 0)
(2.071825537 0.03470292566 0)
(1.928269507 0.1655574034 0)
(1.297658726 0.03016259143 0)
(2.702341274 0.1698374086 0)
(0.392649176 0.1269361083 0)
(3.607350824 0.0730638917 0)
(1.864390491 0.0327904773 0)
(2.135568041 0.1672337595 0)
(2.074709654 0.1684052429 0)
(1.925333131 0.03167206234 0)
(2.339328761 0.1746797772 0)
(1.660655585 0.02534777023 0)
(2.548272169 0.1749070198 0)
(1.451727831 0.02509298023 0)
(0.4545669203 0.1793118774 0)
(3.54543308 0.02068812262 0)
(2.132149719 0.03245803686 0)
(1.867842265 0.1675609844 0)
(2.112909755 0.0502905008 0)
(0.6687152694 0.02239971809 0)
(3.331284731 0.1776002819 0)
(3.338860446 0.01997864036 0)
(0.661139554 0.1800213596 0)
(3.395817468 0.05463560351 0)
(0.6041825319 0.1453643965 0)
(1.887080186 0.1497409531 0)
(2.915447097 0.1784034604 0)
(1.084552903 0.02159653963 0)
(3.22595761 0.1349633567 0)
(0.7740423902 0.06503664335 0)
(3.107894041 0.1373905732 0)
(0.8921059585 0.06260942678 0)
(2.334330697 0.02789709788 0)
(1.665668309 0.1721711335 0)
(2.287012513 0.1763269847 0)
(1.712244289 0.01985942677 0)
(1.710164557 0.1758173014 0)
(2.289498673 0.02431855673 0)
(1.449596791 0.1754143814 0)
(1.435317461 0.1456528958 0)
(2.550403209 0.02458561859 0)
(2.564682539 0.05434710425 0)
(1.148756884 0.09742084678 0)
(2.851243116 0.1025791532 0)
(2.755136587 0.02460525988 0)
(2.739285641 0.04765331331 0)
(1.244863413 0.1753947401 0)
(1.260714359 0.1523466867 0)
(2.759389612 0.1731863235 0)
(1.240610388 0.02681367647 0)
(2.531048607 0.1565530019 0)
(1.468951393 0.04344699815 0)
(0.2752513962 0.06652273058 0)
(3.724748604 0.1334772694 0)
(1.442453136 0.05401230117 0)
(2.557546864 0.1459876992 0)
(0.02781314176 0.1292435985 0)
(3.972186858 0.07075640147 0)
(1.032573785 0.1744579361 0)
(1.050065058 0.1562355127 0)
(1.027751153 0.147237424 0)
(2.967426215 0.02554206387 0)
(2.949934942 0.04376448725 0)
(2.972248847 0.05276257599 0)
(1.032182491 0.02391432891 0)
(2.967817509 0.1760856711 0)
(3.637331483 0.06152413633 0)
(0.3626685168 0.1384758637 0)
(2.981695167 0.1476334886 0)
(1.018304833 0.05236651142 0)
(0.8221235832 0.02588487631 0)
(3.178403396 0.02670740346 0)
(0.821596604 0.1732925965 0)
(3.177876417 0.1741151237 0)
(1.753947435 0.1365891385 0)
(2.245566942 0.06366727383 0)
(1.906549208 0.05355116322 0)
(2.093419617 0.1464443773 0)
(3.292313429 0.07386486343 0)
(0.7076865711 0.1261351366 0)
(3.137273529 0.144871819 0)
(0.8627264709 0.05512818105 0)
(3.38556986 0.177037155 0)
(0.6144301401 0.02296284498 0)
(0.6137043657 0.1748310946 0)
(0.6310804755 0.1562870439 0)
(3.386295634 0.02516890541 0)
(3.368919525 0.04371295612 0)
(0.9794282806 0.1439292142 0)
(3.020571719 0.0560707858 0)
(3.193392178 0.1511054937 0)
(0.8066078215 0.04889450631 0)
(3.595722021 0.02472265681 0)
(3.592710096 0.1771425273 0)
(3.579809475 0.1542843668 0)
(0.4072899041 0.02285747275 0)
(0.4201905248 0.04571563316 0)
(0.4042779791 0.1752773432 0)
(0.5147807067 0.06606075328 0)
(3.485219293 0.1339392467 0)
(0.1975283135 0.02270637325 0)
(0.2111212026 0.04417306437 0)
(3.802471686 0.1772936267 0)
(3.788878797 0.1558269356 0)
(2.484328845 0.08611066048 0)
(1.515670287 0.1138930948 0)
(0.2197796893 0.1750153163 0)
(3.780220311 0.02498468374 0)
(2.901204667 0.1164871499 0)
(1.098795333 0.0835128501 0)
(0.4794635173 0.1305393146 0)
(3.520536483 0.0694606854 0)
(2.055548389 0.06041386805 0)
(1.344859212 0.1378598288 0)
(2.655140788 0.0621401712 0)
(2.276432213 0.07338000959 0)
(1.723535031 0.1267598275 0)
(3.388767666 0.1326747297 0)
(0.6112323338 0.06732527026 0)
(1.945988328 0.1409728717 0)
(1.974781849 0.1435517695 0)
(0.2002008679 0.151826968 0)
(3.799799132 0.04817303201 0)
(1.242043383 0.05428024003 0)
(2.757956617 0.14571976 0)
(1.826544144 0.1370935067 0)
(2.173428263 0.06299263803 0)
(2.329496259 0.1272600479 0)
(1.670478798 0.07314899972 0)
(3.871427249 0.1028038581 0)
(0.1285727508 0.09719614186 0)
(2.2080514 0.02672447274 0)
(0.8821831486 0.1454746973 0)
(3.117816851 0.05452530275 0)
(1.7919486 0.1733468244 0)
(0.3169361175 0.05231448426 0)
(3.683063882 0.1476855157 0)
(0.8245920811 0.1430726603 0)
(3.175407919 0.05692733967 0)
(3.159574228 0.1572284811 0)
(0.8404257716 0.04277151891 0)
(2.514363879 0.04079587164 0)
(1.485636121 0.1592041294 0)
(2.748995381 0.07101467564 0)
(1.251004619 0.1289853244 0)
(1.983167638 0.09354233057 0)
(0.1408397214 0.1323983678 0)
(3.859160279 0.06760163221 0)
(2.036697253 0.08525444906 0)
(0.6281027336 0.04233482769 0)
(3.371897266 0.1576651723 0)
(1.299388278 0.0529716305 0)
(2.700611722 0.1470283695 0)
(1.848579754 0.05591369544 0)
(2.151329763 0.1441537773 0)
(0.5475245959 0.06874027614 0)
(3.452475404 0.1312597239 0)
(2.623990508 0.02516745548 0)
(1.376009492 0.1748325445 0)
(1.070626382 0.04214264124 0)
(2.929373618 0.1578573588 0)
(1.649936956 0.1449837094 0)
(2.35005664 0.05515638471 0)
(3.068166471 0.1417644513 0)
(0.931833529 0.05823554869 0)
(0.792393282 0.1485793194 0)
(3.207606718 0.05142068064 0)
(3.277119288 0.1383623748 0)
(3.308393647 0.1252375471 0)
(0.7228807117 0.06163762515 0)
(0.6916063533 0.07476245287 0)
(3.533025481 0.04438706923 0)
(0.4669745186 0.1556129308 0)
(3.428666187 0.05093309697 0)
(0.5713338128 0.149066903 0)
(3.04807099 0.169279915 0)
(0.95192901 0.03072008505 0)
(3.77723566 0.1339329772 0)
(0.2227643404 0.06606702283 0)
(1.404869407 0.05436873517 0)
(2.595130593 0.1456312648 0)
(1.079744493 0.1801119187 0)
(2.920255507 0.01988808128 0)
(3.322836898 0.04087278063 0)
(0.6771631024 0.1591272194 0)
(3.83213603 0.1471500398 0)
(0.1678639697 0.0528499602 0)
(2.472590301 0.05808024713 0)
(1.527408812 0.1419224861 0)
(2.380317944 0.05623880522 0)
(1.047515078 0.1330119124 0)
(2.952484922 0.06698808764 0)
(1.619535231 0.1438986782 0)
(1.661186831 0.04882555565 0)
(2.591544192 0.06363605504 0)
(1.408455808 0.136363945 0)
(1.367940955 0.05526036925 0)
(2.632059045 0.1447396308 0)
(2.338618072 0.1507815701 0)
(1.109641765 0.06079747887 0)
(2.890358235 0.1392025211 0)
(3.609492741 0.04740509634 0)
(0.3905072594 0.1525949037 0)
(2.500413047 0.1837180924 0)
(1.499586939 0.01628209461 0)
(3.75360225 0.1413583459 0)
(0.2463977504 0.05864165411 0)
(0.04227689375 0.1769912573 0)
(3.957723106 0.02300874266 0)
(2.817550068 0.101508344 0)
(1.182449932 0.09849165595 0)
(0.8408628507 0.16009183 0)
(3.159137149 0.03990817 0)
(0.1381798554 0.06005904511 0)
(3.861820145 0.1399409549 0)
(1.7779847 0.05105491137 0)
(2.809204318 0.1571597441 0)
(1.190795682 0.04284025588 0)
(2.716277099 0.04314615036 0)
(1.283722901 0.1568538496 0)
(2.222941622 0.1503236074 0)
(3.006471622 0.1422067327 0)
(0.9935283784 0.05779326726 0)
(3.347502986 0.159927089 0)
(0.6524970145 0.04007291099 0)
(2.096005333 0.03589689024 0)
(1.90400742 0.1641653902 0)
(1.191874488 0.1545729918 0)
(2.808125512 0.0454270082 0)
(2.405921835 0.108853369 0)
(1.464314972 0.06657655029 0)
(2.53568502 0.1334235558 0)
(1.889206938 0.03720751748 0)
(1.59387052 0.09126935521 0)
(1.987990888 0.1206613864 0)
(2.110741571 0.162810028 0)
(2.423658003 0.08222660032 0)
(2.019766532 0.03877591554 0)
(0.38069635 0.0533932633 0)
(3.61930365 0.1466067367 0)
(1.576269221 0.1178915325 0)
(0.1572409499 0.1090285365 0)
(3.84275905 0.09097146346 0)
(3.556798846 0.03968675616 0)
(0.4432011535 0.1603132438 0)
(2.538459354 0.04599267937 0)
(1.461540646 0.1540073213 0)
(3.370316762 0.06626593724 0)
(0.6296832382 0.1337340628 0)
(1.816044752 0.05343268426 0)
(2.184001807 0.1467989632 0)
(2.760829932 0.04825386309 0)
(1.239170068 0.1517461369 0)
(0.6517139377 0.1626079742 0)
(3.348286062 0.03739202579 0)
(0.3528142904 0.0547780054 0)
(3.64718571 0.1452219946 0)
(1.045104774 0.04517876701 0)
(2.954895226 0.154821233 0)
(0.02264654792 0.02262496648 0)
(3.977353452 0.1773750335 0)
(2.740776413 0.1613631699 0)
(1.259223587 0.03863683013 0)
(0.4817585475 0.06035867883 0)
(3.518241453 0.1396413212 0)
(0.04751600794 0.1526846204 0)
(3.952483992 0.0473153796 0)
(1.216479245 0.05264353738 0)
(2.783520755 0.1473564626 0)
(2.800565421 0.1257639851 0)
(1.199434579 0.07423601489 0)
(3.766850264 0.1592723762 0)
(0.2331497355 0.04072762377 0)
(1.98166752 0.1708777526 0)
(2.416518514 0.137513977 0)
(1.58325899 0.0625783573 0)
(1.589368882 0.1444090502 0)
(0.9192994443 0.1412888801 0)
(3.080700556 0.05871111993 0)
(1.602871121 0.0364501124 0)
(1.278202782 0.03590616801 0)
(2.721797218 0.164093832 0)
(0.07458853325 0.0641164406 0)
(3.925411467 0.1358835594 0)
(2.397476625 0.1615259997 0)
(2.272032176 0.0484898709 0)
(1.727145155 0.1518467871 0)
(0.4479775635 0.04804031469 0)
(3.552022437 0.1519596853 0)
(1.698456036 0.03605443769 0)
(2.41057809 0.05571932323 0)
(3.139349824 0.03678294307 0)
(0.8606501762 0.1632170569 0)
(0.8600682948 0.03381828989 0)
(3.139931705 0.1661817101 0)
(2.303318006 0.1650132299 0)
(2.440939565 0.05619977012 0)
(1.559032844 0.1438600571 0)
(1.740589188 0.05375385926 0)
(1.333890281 0.05556818638 0)
(2.666109719 0.1444318136 0)
(2.263253602 0.1478079038 0)
(0.5976074131 0.04509389641 0)
(0.5664826761 0.04270583566 0)
(3.402392587 0.1549061036 0)
(3.433517324 0.1572941643 0)
(0.04766042681 0.1003376349 0)
(3.952339573 0.0996623651 0)
(0.6789305316 0.04482463559 0)
(3.321069468 0.1551753644 0)
(0.7253497653 0.1457306337 0)
(3.274650235 0.05426936628 0)
(2.394792004 0.03387408299 0)
(1.605160229 0.1662163168 0)
(0.7574249037 0.1442810682 0)
(3.242575096 0.05571893181 0)
(2.804817638 0.07650283848 0)
(1.195182362 0.1234971615 0)
(0.6947621244 0.1014822222 0)
(3.305237876 0.09851777776 0)
(3.224082776 0.1633478846 0)
(0.7759172242 0.03665211538 0)
(1.351953906 0.03343833216 0)
(2.648046094 0.1665616679 0)
(3.811713965 0.156141379 0)
(0.1882860349 0.04385862101 0)
(3.758483682 0.1808242934 0)
(0.2415163183 0.01917570662 0)
(0.1757972591 0.1813236497 0)
(3.824202741 0.01867635034 0)
(2.31017669 0.03640775567 0)
(2.964453885 0.13352103 0)
(1.035546115 0.06647897002 0)
(1.689790951 0.1636760226 0)
(3.131950582 0.182543648 0)
(0.8680494176 0.01745635196 0)
(0.6816709262 0.133913867 0)
(3.318329074 0.06608613305 0)
(3.194960886 0.1246911658 0)
(0.8050391142 0.07530883416 0)
(2.229925506 0.04177963704 0)
(1.769497102 0.1641156877 0)
(0.451094432 0.01922900501 0)
(3.548905568 0.180770995 0)
(0.8675834183 0.1828155757 0)
(3.132416582 0.0171844243 0)
(2.54932784 0.06969277554 0)
(1.45067216 0.1303072245 0)
(3.444083572 0.02365979062 0)
(0.5559164277 0.1763402094 0)
(3.019468132 0.1623266748 0)
(0.9805318678 0.0376733252 0)
(0.01969021978 0.1804169253 0)
(3.98030978 0.01958307474 0)
(1.397148571 0.1597445754 0)
(2.602851429 0.04025542461 0)
(2.087155714 0.1836074223 0)
(1.912844966 0.01639297053 0)
(2.003010885 0.1425000559 0)
(2.713582302 0.01764095573 0)
(1.286417698 0.1823590443 0)
(1.678463263 0.03655551136 0)
(2.32263803 0.1644465799 0)
(1.099517425 0.1732781432 0)
(2.900482575 0.02672185682 0)
(2.111762632 0.07357881113 0)
(0.9485936973 0.135755718 0)
(3.051406303 0.06424428197 0)
(2.876676571 0.116034015 0)
(1.123323429 0.08396598504 0)
(2.714466351 0.1832842897 0)
(1.285533649 0.01671571028 0)
(1.888214467 0.1264577569 0)
(1.494865039 0.1814296543 0)
(2.505134961 0.01857034589 0)
(3.253550011 0.1303583567 0)
(0.7464499888 0.06964164327 0)
(1.906068517 0.03124521264 0)
(2.485439289 0.1719512125 0)
(1.514560581 0.02805049328 0)
(2.093921161 0.1687756813 0)
(0.1818573193 0.1621642808 0)
(3.818142681 0.03783571922 0)
(1.093337554 0.04363463316 0)
(2.906662446 0.1563653668 0)
(1.066879071 0.1643671921 0)
(2.933120929 0.03563280789 0)
(3.892514289 0.1601364978 0)
(0.1074857105 0.03986350217 0)
(2.0305993 0.06064952471 0)
(3.029657534 0.02510828359 0)
(0.970342466 0.1748917164 0)
(2.186165508 0.03983905438 0)
(2.086754387 0.01736159003 0)
(1.91365696 0.1821829654 0)
(1.813818477 0.1602512801 0)
(1.772024675 0.02621543014 0)
(2.227554844 0.1740175399 0)
(0.7335887732 0.1704857862 0)
(3.266411227 0.02951421376 0)
(3.679990207 0.0568840907 0)
(0.3200097926 0.1431159093 0)
(0.3995174971 0.04362406478 0)
(3.600482503 0.1563759352 0)
(1.721930623 0.03835831468 0)
(1.878323246 0.01702947277 0)
(2.121661701 0.1829784512 0)
(1.005613871 0.1366106938 0)
(2.994386129 0.06338930621 0)
(2.645797619 0.03837977846 0)
(1.354202381 0.1616202215 0)
(3.980730481 0.1590496585 0)
(0.01926951876 0.04095034148 0)
(2.121375696 0.01590298248 0)
(2.113426042 0.03067127543 0)
(1.878624304 0.1840970175 0)
(1.886572894 0.1693512757 0)
(3.13681888 0.1229209366 0)
(0.8631811201 0.07707906338 0)
(2.104689707 0.01880796679 0.001)
(1.895310293 0.1811920332 0.001)
(2.314136725 0.0174227436 0.001)
(1.685864426 0.1825872644 0.001)
(2.52521626 0.02094055442 0.001)
(1.47478374 0.1790594456 0.001)
(1.267133343 0.1776055643 0.001)
(2.732866657 0.02239443568 0.001)
(1.057319556 0.1793030815 0.001)
(2.942680444 0.02069691847 0.001)
(0.8478793818 0.1802213091 0.001)
(3.152120618 0.01977869087 0.001)
(0.6401520881 0.02071815952 0.001)
(3.359847912 0.1792818405 0.001)
(0.4304146243 0.1801073621 0.001)
(3.569585376 0.01989263791 0.001)
(0.2203640682 0.02089360344 0.001)
(3.779635932 0.1791063966 0.001)
(1.896408341 0.01740234964 0.001)
(2.103579247 0.1826113361 0.001)
(2.31389065 0.1811512423 0.001)
(1.68610935 0.01884875768 0.001)
(2.521613379 0.1790014278 0.001)
(1.478386621 0.02099857218 0.001)
(2.732421845 0.180952698 0.001)
(1.267578155 0.01904730199 0.001)
(1.057750748 0.02180027443 0.001)
(2.942249252 0.1781997256 0.001)
(3.152026163 0.1795962608 0.001)
(0.847973837 0.02040373925 0.001)
(0.6395308761 0.1789737588 0.001)
(3.360469124 0.02102624121 0.001)
(0.4302278377 0.02286682722 0.001)
(3.569772162 0.1771331728 0.001)
(0.1971095713 0.1794498338 0.001)
(3.802890429 0.02055016621 0.001)
(2.676459254 0.1712067158 0.001)
(1.323540746 0.02879328417 0.001)
(2.460468126 0.1696756738 0.001)
(1.539531874 0.03032432617 0.001)
(2.252454659 0.172343031 0.001)
(1.744970697 0.02718248354 0.001)
(1.954455063 0.02953689956 0.001)
(2.045544937 0.1704631004 0.001)
(2.160365278 0.03229796032 0.001)
(1.839621704 0.1677509901 0.001)
(2.368695639 0.028825123 0.001)
(1.631299786 0.1712639367 0.001)
(1.420055014 0.1719839525 0.001)
(2.579944986 0.02801604751 0.001)
(2.781344384 0.03161336878 0.001)
(1.218655616 0.1683866312 0.001)
(2.786439969 0.175439363 0.001)
(1.213560031 0.02456063703 0.001)
(2.876042977 0.03099206338 0.001)
(1.123957023 0.1690079366 0.001)
(1.003851248 0.1680114855 0.001)
(2.996148752 0.03198851446 0.001)
(1.002964733 0.02702637854 0.001)
(2.997035267 0.1729736215 0.001)
(0.9085422667 0.1690992453 0.001)
(3.091457733 0.0309007547 0.001)
(0.7932914285 0.1779238336 0.001)
(3.206708571 0.02207616639 0.001)
(0.7972100812 0.02421986138 0.001)
(3.202789919 0.1757801386 0.001)
(0.7045917161 0.1635507456 0.001)
(3.295408284 0.03644925443 0.001)
(3.412688202 0.1751453896 0.001)
(0.5873117978 0.02485461039 0.001)
(0.5858304839 0.173952198 0.001)
(3.414169516 0.02604780202 0.001)
(0.4922953817 0.1659769213 0.001)
(3.507704618 0.03402307874 0.001)
(3.625264777 0.02797803307 0.001)
(3.62293269 0.1743925206 0.001)
(0.3770673096 0.02560747939 0.001)
(0.3747352234 0.1720219669 0.001)
(0.2913497825 0.1649991816 0.001)
(3.708650218 0.03500081839 0.001)
(3.831722782 0.1748262627 0.001)
(0.1682772185 0.02517373725 0.001)
(1.420581147 0.02767501038 0.001)
(2.579418853 0.1723249896 0.001)
(1.632758325 0.03485907189 0.001)
(2.36720603 0.1652424928 0.001)
(1.835118811 0.02817601215 0.001)
(2.164849395 0.1718523786 0.001)
(3.872438197 0.03495620056 0.001)
(0.1275618026 0.1650437994 0.001)
(2.045338827 0.03041994802 0.001)
(1.954455063 0.1704631004 0.001)
(2.253780939 0.03011546917 0.001)
(1.742972213 0.1708886753 0.001)
(2.46019503 0.02948312057 0.001)
(1.53980497 0.1705168794 0.001)
(2.671707967 0.0316740805 0.001)
(1.328292033 0.1683259195 0.001)
(2.88139919 0.1684958949 0.001)
(1.11860081 0.03150410509 0.001)
(0.9147818813 0.02947058126 0.001)
(3.085218119 0.1705294187 0.001)
(3.294968577 0.1669766556 0.001)
(0.7050314227 0.03302334438 0.001)
(0.4989343354 0.03280872023 0.001)
(3.501065665 0.1671912798 0.001)
(3.97003392 0.1328823905 0.001)
(0.0299660801 0.06711760946 0.001)
(0.2866409847 0.03296205952 0.001)
(3.713359015 0.1670379405 0.001)
(3.976780898 0.03892954073 0.001)
(0.02321910212 0.1610704593 0.001)
(3.921869846 0.1721861563 0.001)
(0.07813015414 0.02781384373 0.001)
(2.010018234 0.1703875301 0.001)
(2.031600225 0.1407995874 0.001)
(2.062783255 0.1423243844 0.001)
(2.04921127 0.1127768735 0.001)
(2.079604124 0.1154295049 0.001)
(2.014544828 0.1081463677 0.001)
(2.066493278 0.08762737981 0.001)
(2.095957322 0.09075452889 0.001)
(2.109339132 0.1172625404 0.001)
(2.125867207 0.09223100841 0.001)
(2.083107972 0.06243899502 0.001)
(2.139464678 0.1174272286 0.001)
(2.156876536 0.09128678323 0.001)
(2.17036376 0.1191496892 0.001)
(2.189890681 0.09245419289 0.001)
(2.203941071 0.1208350175 0.001)
(2.223731985 0.09380792437 0.001)
(2.207902508 0.06036094843 0.001)
(2.122728475 0.1429279799 0.001)
(1.991436295 0.03278559777 0.001)
(1.970115265 0.06150143708 0.001)
(1.937494311 0.05807285396 0.001)
(1.951611096 0.08737379992 0.001)
(1.920562177 0.08469480246 0.001)
(1.933988098 0.1126810692 0.001)
(1.904131933 0.1093615655 0.001)
(1.89067211 0.08281433088 0.001)
(1.874124148 0.1078524638 0.001)
(1.916883564 0.1376429046 0.001)
(1.860480076 0.08265279868 0.001)
(1.843078134 0.10880925 0.001)
(1.829567904 0.08094612017 0.001)
(1.810058504 0.1076578169 0.001)
(1.795988595 0.07926589052 0.001)
(1.776247781 0.1063887426 0.001)
(1.79207688 0.1397538005 0.001)
(1.964449238 0.1155664082 0.001)
(1.877229784 0.05711051569 0.001)
(1.574285755 0.0322015886 0.001)
(1.552579793 0.06182193892 0.001)
(1.519579588 0.05623883059 0.001)
(1.534240604 0.08924644455 0.001)
(1.50263875 0.08850842676 0.001)
(1.564427799 0.09066871613 0.001)
(1.488616736 0.06272297928 0.001)
(1.474948018 0.08754417777 0.001)
(1.487076581 0.112140165 0.001)
(1.459922664 0.1102533549 0.001)
(1.446605576 0.08515629507 0.001)
(1.430456575 0.1144307087 0.001)
(1.417591478 0.08313091409 0.001)
(1.397502379 0.1101369473 0.001)
(1.382941977 0.08190877011 0.001)
(1.363885327 0.1095853847 0.001)
(1.473237601 0.1344058514 0.001)
(1.37757216 0.1414043293 0.001)
(1.498726453 0.1377673277 0.001)
(1.383533033 0.02756982099 0.001)
(2.425713381 0.1678663947 0.001)
(2.447416256 0.1382299069 0.001)
(2.480419848 0.143768576 0.001)
(2.465758643 0.1107634308 0.001)
(2.49736125 0.1114915732 0.001)
(2.435566123 0.1094123617 0.001)
(2.51138323 0.1372774706 0.001)
(2.525051977 0.1124558972 0.001)
(2.512923418 0.08785984747 0.001)
(2.540077335 0.08974665969 0.001)
(2.553394424 0.1148437104 0.001)
(2.569543425 0.08556929411 0.001)
(2.582408522 0.1168690873 0.001)
(2.602497621 0.08986305265 0.001)
(2.617058023 0.1180912301 0.001)
(2.636114673 0.09041461526 0.001)
(2.526762399 0.0655941518 0.001)
(2.62242784 0.05859567065 0.001)
(2.501273546 0.06223267494 0.001)
(2.616466967 0.172430179 0.001)
(2.423770108 0.0285871635 0.001)
(1.576195488 0.1715099189 0.001)
(0.2498730748 0.1719141964 0.001)
(0.2617502462 0.1391677711 0.001)
(0.2966848185 0.127688497 0.001)
(0.2696531338 0.1055490439 0.001)
(0.2368818504 0.1154281495 0.001)
(0.2436567265 0.0855838485 0.001)
(0.2137531432 0.09469982076 0.001)
(0.2062661509 0.1236826527 0.001)
(0.1840207289 0.1018016475 0.001)
(0.3055182388 0.09370492631 0.001)
(0.3318863195 0.1155204656 0.001)
(0.3400431514 0.08302961354 0.001)
(0.3660468852 0.1059506867 0.001)
(0.1931113564 0.06991328208 0.001)
(0.1610773951 0.08135933796 0.001)
(0.1765415926 0.135332778 0.001)
(0.3727362575 0.07494661068 0.001)
(0.3966038587 0.09628456605 0.001)
(0.4017933658 0.06503471143 0.001)
(0.4273863131 0.07880581376 0.001)
(0.4203949227 0.1169583054 0.001)
(0.4506525347 0.1057715226 0.001)
(0.4458443027 0.1362708127 0.001)
(3.750126925 0.02808580365 0.001)
(3.738249754 0.06083222887 0.001)
(3.703315181 0.07231150298 0.001)
(3.730346866 0.09445095609 0.001)
(3.76311815 0.08457185048 0.001)
(3.756343273 0.1144161515 0.001)
(3.786246857 0.1053001792 0.001)
(3.793733849 0.07631734729 0.001)
(3.815979271 0.0981983525 0.001)
(3.694481761 0.1062950737 0.001)
(3.668113681 0.08447953436 0.001)
(3.659956849 0.1169703865 0.001)
(3.633953115 0.09404931326 0.001)
(3.806888644 0.1300867179 0.001)
(3.838922605 0.118640662 0.001)
(3.823458407 0.06466722198 0.001)
(3.627263743 0.1250533893 0.001)
(3.603396141 0.1037154339 0.001)
(3.598206634 0.1349652886 0.001)
(3.572613687 0.1211941862 0.001)
(3.579605077 0.0830416946 0.001)
(3.549347465 0.09422847739 0.001)
(3.554155697 0.06372918726 0.001)
(0.458383396 0.07838465315 0.001)
(0.4870311815 0.09598570685 0.001)
(3.541616604 0.1216153468 0.001)
(3.512968818 0.1040142932 0.001)
(2.840041025 0.03458293505 0.001)
(2.861803256 0.06448326285 0.001)
(2.896466372 0.05796709997 0.001)
(2.830238464 0.07084710338 0.001)
(2.881476933 0.09199761557 0.001)
(2.913678345 0.0909049913 0.001)
(2.928893596 0.06060265628 0.001)
(2.941941477 0.08916558283 0.001)
(2.929305686 0.1147206939 0.001)
(2.956560427 0.1127148302 0.001)
(2.972798063 0.08359627697 0.001)
(2.986634073 0.1162805565 0.001)
(3.004032341 0.0861826424 0.001)
(3.018737032 0.1129671102 0.001)
(3.035253289 0.08543791392 0.001)
(3.052495022 0.1126895243 0.001)
(2.942484533 0.1361550416 0.001)
(3.035620857 0.1421102653 0.001)
(3.069251911 0.08351947253 0.001)
(3.087614207 0.1112449587 0.001)
(3.103735834 0.08330651631 0.001)
(3.120034606 0.1074736148 0.001)
(3.134827931 0.0825238975 0.001)
(3.149985074 0.1057607463 0.001)
(3.164145556 0.08160356451 0.001)
(3.179751706 0.105286428 0.001)
(3.193882057 0.08065839232 0.001)
(3.210822325 0.105205014 0.001)
(3.22584839 0.08004218088 0.001)
(3.242396888 0.1057697534 0.001)
(3.164131853 0.1295785233 0.001)
(3.259857576 0.07738336404 0.001)
(3.278072829 0.1065083847 0.001)
(2.916734089 0.137867599 0.001)
(3.236983703 0.02768738607 0.001)
(3.149845416 0.05920706572 0.001)
(1.159958975 0.165417065 0.001)
(1.138196744 0.1355167371 0.001)
(1.103533628 0.1420329 0.001)
(1.169761536 0.1291528966 0.001)
(1.118523067 0.1080023844 0.001)
(1.086321655 0.1090950087 0.001)
(1.071106404 0.1393973437 0.001)
(1.058058523 0.1108344172 0.001)
(1.070694314 0.08527930605 0.001)
(1.043439573 0.08728516977 0.001)
(1.027201937 0.116403723 0.001)
(1.013365927 0.08371944346 0.001)
(0.9959676595 0.1138173576 0.001)
(0.9812629683 0.08703288979 0.001)
(0.9647467114 0.1145620861 0.001)
(0.9475049776 0.08731047571 0.001)
(1.057515467 0.06384495845 0.001)
(0.9643791434 0.05788973472 0.001)
(0.9307480888 0.1164805275 0.001)
(0.9123857932 0.08875504134 0.001)
(0.8962641659 0.1166934837 0.001)
(0.879965394 0.09252638517 0.001)
(0.865172069 0.1174761025 0.001)
(0.8500149262 0.09423925373 0.001)
(0.8358544439 0.1183964355 0.001)
(0.8202482942 0.09471357205 0.001)
(0.806117943 0.1193416077 0.001)
(0.789177675 0.09479498598 0.001)
(0.7741516102 0.1199578191 0.001)
(0.757603112 0.09423024658 0.001)
(0.8358681466 0.07042147673 0.001)
(0.7401424238 0.122616636 0.001)
(0.7219271705 0.09349161531 0.001)
(1.083265911 0.06213240099 0.001)
(0.7630162969 0.1723126139 0.001)
(0.8501545843 0.1407929343 0.001)
(2.841009679 0.1653983319 0.001)
(1.158990321 0.03460166813 0.001)
(1.347728442 0.08119959458 0.001)
(1.330138037 0.1089502074 0.001)
(1.314018829 0.08068045631 0.001)
(1.298281664 0.1071466689 0.001)
(1.28355061 0.08001348073 0.001)
(1.268220363 0.104583168 0.001)
(1.254668221 0.07880815747 0.001)
(1.238690872 0.1037437923 0.001)
(1.28080114 0.1296616586 0.001)
(1.226499337 0.07803475436 0.001)
(2.652271558 0.1188004054 0.001)
(2.669861963 0.0910497926 0.001)
(2.685981171 0.1193195437 0.001)
(2.701718336 0.09285333112 0.001)
(2.71644939 0.1199865193 0.001)
(2.731779637 0.09541683198 0.001)
(2.745331779 0.1211918425 0.001)
(2.761309128 0.09625620766 0.001)
(2.71919886 0.07033834144 0.001)
(2.773500663 0.1219652456 0.001)
(3.581794598 0.04973676378 0.001)
(0.4182054017 0.1502632362 0.001)
(1.084352699 0.1606928679 0.001)
(2.915647301 0.0393071321 0.001)
(2.860449669 0.1380715093 0.001)
(2.829128534 0.1320665248 0.001)
(1.139550331 0.06192849069 0.001)
(1.170871466 0.06793347522 0.001)
(0.745883479 0.03657813406 0.001)
(3.254116521 0.1634218659 0.001)
(2.454845858 0.08310216598 0.001)
(1.54514969 0.1169104752 0.001)
(1.268512572 0.05705580689 0.001)
(2.731487428 0.1429441931 0.001)
(1.760514568 0.0755106515 0.001)
(1.742686345 0.1031523116 0.001)
(1.726964011 0.07603407897 0.001)
(1.711146406 0.1006848276 0.001)
(1.698395451 0.07469352953 0.001)
(1.682717512 0.09817611853 0.001)
(1.694617507 0.123904714 0.001)
(1.666975268 0.1212837228 0.001)
(1.653430736 0.09512250772 0.001)
(1.636191693 0.1191172637 0.001)
(1.711170525 0.05438271553 0.001)
(1.623044249 0.09147458853 0.001)
(1.606924851 0.1176626774 0.001)
(1.677736439 0.1454451486 0.001)
(1.70510654 0.1491789927 0.001)
(2.239413943 0.1246240719 0.001)
(2.25726897 0.09700266152 0.001)
(2.272994237 0.1241169668 0.001)
(2.288814208 0.09947425644 0.001)
(2.301555438 0.1254846949 0.001)
(2.317247557 0.1020025792 0.001)
(2.305359352 0.07625676069 0.001)
(2.333007814 0.07889457797 0.001)
(2.346536102 0.1050707076 0.001)
(2.36379149 0.08106097289 0.001)
(2.289586108 0.1490676504 0.001)
(2.37693087 0.1087234262 0.001)
(2.393037041 0.08250102298 0.001)
(2.322255712 0.05467847496 0.001)
(2.294882112 0.05096804518 0.001)
(1.685908513 0.05370103558 0.001)
(3.464580662 0.1645334888 0.001)
(0.5354193381 0.03546651117 0.001)
(3.465175664 0.04131805411 0.001)
(0.5348243362 0.1586819459 0.001)
(0.04373496578 0.03675110462 0.001)
(3.956265034 0.1632488954 0.001)
(0.9487459613 0.1625178823 0.001)
(3.051254039 0.03748211769 0.001)
(0.07854404686 0.165950061 0.001)
(0.1033486901 0.1318095511 0.001)
(0.0657268552 0.1301677258 0.001)
(0.08857214205 0.09968144423 0.001)
(3.921455953 0.03404993898 0.001)
(3.89665131 0.06819044892 0.001)
(3.934273145 0.06983227417 0.001)
(3.911427858 0.1003185558 0.001)
(2.314279239 0.1478682433 0.001)
(1.798602919 0.02662432564 0.001)
(2.201363479 0.1734035213 0.001)
(3.487652381 0.06998172887 0.001)
(3.450513843 0.07370302957 0.001)
(3.470830502 0.1017627888 0.001)
(3.43595236 0.1034020355 0.001)
(3.416656942 0.07855701376 0.001)
(3.403883858 0.1065038267 0.001)
(3.386451708 0.08358589223 0.001)
(3.375525896 0.1095788075 0.001)
(3.358183012 0.08693933598 0.001)
(3.346339764 0.1127147832 0.001)
(3.363379514 0.1352322561 0.001)
(3.329323451 0.09159399684 0.001)
(3.344849236 0.06205105901 0.001)
(3.335840652 0.1381247196 0.001)
(3.420297528 0.1308562458 0.001)
(0.5123476187 0.1300182711 0.001)
(0.5494861573 0.1262969704 0.001)
(0.5291694979 0.09823721116 0.001)
(0.5640476397 0.09659796453 0.001)
(0.5833430582 0.1214429862 0.001)
(0.596116142 0.09349617334 0.001)
(0.6135482919 0.1164141078 0.001)
(0.6244741036 0.09042119249 0.001)
(0.6418169883 0.113060664 0.001)
(0.653660236 0.08728521684 0.001)
(0.6366204855 0.06476774392 0.001)
(0.6706765486 0.1084060032 0.001)
(0.6551507644 0.137948941 0.001)
(0.664159348 0.0618752804 0.001)
(0.5797024717 0.06914375425 0.001)
(2.788786475 0.09834903892 0.001)
(1.211213525 0.1016509611 0.001)
(2.779387669 0.06638269786 0.001)
(1.220612331 0.1336173021 0.001)
(2.503009512 0.1625937203 0.001)
(1.496990417 0.037407215 0.001)
(2.006611693 0.06863452115 0.001)
(0.336672312 0.1697688203 0.001)
(3.663327688 0.03023117975 0.001)
(0.3446411446 0.0288521357 0.001)
(3.655358855 0.1711478643 0.001)
(3.86353083 0.1716830328 0.001)
(0.1364691702 0.02831696717 0.001)
(3.840362694 0.03711182558 0.001)
(0.1596373057 0.1628881744 0.001)
(1.640822216 0.06605025835 0.001)
(1.611518952 0.06305843258 0.001)
(2.359131637 0.1341444318 0.001)
(2.387346959 0.1370071338 0.001)
(3.742388042 0.1634279234 0.001)
(0.2576119581 0.03657207661 0.001)
(0.4682517576 0.03241730451 0.001)
(3.531748242 0.1675826955 0.001)
(3.118368024 0.1663964141 0.001)
(0.8810825908 0.1713438241 0.001)
(0.881631976 0.03360358595 0.001)
(3.118917409 0.02865617591 0.001)
(2.139369066 0.06171688891 0.001)
(1.860611162 0.1383379023 0.001)
(3.770676404 0.0530991006 0.001)
(0.2293235958 0.1469008994 0.001)
(1.301816555 0.169267667 0.001)
(1.309639704 0.1390766073 0.001)
(2.698183445 0.03073233295 0.001)
(2.690360296 0.06092339266 0.001)
(2.489906399 0.03533969148 0.001)
(1.510093601 0.164660309 0.001)
(0.1101803031 0.06837682685 0.001)
(3.889819697 0.1316231732 0.001)
(2.071825537 0.03470292566 0.001)
(1.928269507 0.1655574034 0.001)
(1.297658726 0.03016259143 0.001)
(2.702341274 0.1698374086 0.001)
(0.392649176 0.1269361083 0.001)
(3.607350824 0.0730638917 0.001)
(1.864390491 0.0327904773 0.001)
(2.135568041 0.1672337595 0.001)
(2.074709654 0.1684052429 0.001)
(1.925333131 0.03167206234 0.001)
(2.339328761 0.1746797772 0.001)
(1.660655585 0.02534777023 0.001)
(2.548272169 0.1749070198 0.001)
(1.451727831 0.02509298023 0.001)
(0.4545669203 0.1793118774 0.001)
(3.54543308 0.02068812262 0.001)
(2.132149719 0.03245803686 0.001)
(1.867842265 0.1675609844 0.001)
(2.112909755 0.0502905008 0.001)
(0.6687152694 0.02239971809 0.001)
(3.331284731 0.1776002819 0.001)
(3.338860446 0.01997864036 0.001)
(0.661139554 0.1800213596 0.001)
(3.395817468 0.05463560351 0.001)
(0.6041825319 0.1453643965 0.001)
(1.887080186 0.1497409531 0.001)
(2.915447097 0.1784034604 0.001)
(1.084552903 0.02159653963 0.001)
(3.22595761 0.1349633567 0.001)
(0.7740423902 0.06503664335 0.001)
(3.107894041 0.1373905732 0.001)
(0.8921059585 0.06260942678 0.001)
(2.334330697 0.02789709788 0.001)
(1.665668309 0.1721711335 0.001)
(2.287012513 0.1763269847 0.001)
(1.712244289 0.01985942677 0.001)
(1.710164557 0.1758173014 0.001)
(2.289498673 0.02431855673 0.001)
(1.449596791 0.1754143814 0.001)
(1.435317461 0.1456528958 0.001)
(2.550403209 0.02458561859 0.001)
(2.564682539 0.05434710425 0.001)
(1.148756884 0.09742084678 0.001)
(2.851243116 0.1025791532 0.001)
(2.755136587 0.02460525988 0.001)
(2.739285641 0.04765331331 0.001)
(1.244863413 0.1753947401 0.001)
(1.260714359 0.1523466867 0.001)
(2.759389612 0.1731863235 0.001)
(1.240610388 0.02681367647 0.001)
(2.531048607 0.1565530019 0.001)
(1.468951393 0.04344699815 0.001)
(0.2752513962 0.06652273058 0.001)
(3.724748604 0.1334772694 0.001)
(1.442453136 0.05401230117 0.001)
(2.557546864 0.1459876992 0.001)
(0.02781314176 0.1292435985 0.001)
(3.972186858 0.07075640147 0.001)
(1.032573785 0.1744579361 0.001)
(1.050065058 0.1562355127 0.001)
(1.027751153 0.147237424 0.001)
(2.967426215 0.02554206387 0.001)
(2.949934942 0.04376448725 0.001)
(2.972248847 0.05276257599 0.001)
(1.032182491 0.02391432891 0.001)
(2.967817509 0.1760856711 0.001)
(3.637331483 0.06152413633 0.001)
(0.3626685168 0.1384758637 0.001)
(2.981695167 0.1476334886 0.001)
(1.018304833 0.05236651142 0.001)
(0.8221235832 0.02588487631 0.001)
(3.178403396 0.02670740346 0.001)
(0.821596604 0.1732925965 0.001)
(3.177876417 0.1741151237 0.001)
(1.753947435 0.1365891385 0.001)
(2.245566942 0.06366727383 0.001)
(1.906549208 0.05355116322 0.001)
(2.093419617 0.1464443773 0.001)
(3.292313429 0.07386486343 0.001)
(0.7076865711 0.1261351366 0.001)
(3.137273529 0.144871819 0.001)
(0.8627264709 0.05512818105 0.001)
(3.38556986 0.177037155 0.001)
(0.6144301401 0.02296284498 0.001)
(0.6137043657 0.1748310946 0.001)
(0.6310804755 0.1562870439 0.001)
(3.386295634 0.02516890541 0.001)
(3.368919525 0.04371295612 0.001)
(0.9794282806 0.1439292142 0.001)
(3.020571719 0.0560707858 0.001)
(3.193392178 0.1511054937 0.001)
(0.8066078215 0.04889450631 0.001)
(3.595722021 0.02472265681 0.001)
(3.592710096 0.1771425273 0.001)
(3.579809475 0.1542843668 0.001)
(0.4072899041 0.02285747275 0.001)
(0.4201905248 0.04571563316 0.001)
(0.4042779791 0.1752773432 0.001)
(0.5147807067 0.06606075328 0.001)
(3.485219293 0.1339392467 0.001)
(0.1975283135 0.02270637325 0.001)
(0.2111212026 0.04417306437 0.001)
(3.802471686 0.1772936267 0.001)
(3.788878797 0.1558269356 0.001)
(2.484328845 0.08611066048 0.001)
(1.515670287 0.1138930948 0.001)
(0.2197796893 0.1750153163 0.001)
(3.780220311 0.02498468374 0.001)
(2.901204667 0.1164871499 0.001)
(1.098795333 0.0835128501 0.001)
(0.4794635173 0.1305393146 0.001)
(3.520536483 0.0694606854 0.001)
(2.055548389 0.06041386805 0.001)
(1.344859212 0.1378598288 0.001)
(2.655140788 0.0621401712 0.001)
(2.276432213 0.07338000959 0.001)
(1.723535031 0.1267598275 0.001)
(3.388767666 0.1326747297 0.001)
(0.6112323338 0.06732527026 0.001)
(1.945988328 0.1409728717 0.001)
(1.974781849 0.1435517695 0.001)
(0.2002008679 0.151826968 0.001)
(3.799799132 0.04817303201 0.001)
(1.242043383 0.05428024003 0.001)
(2.757956617 0.14571976 0.001)
(1.826544144 0.1370935067 0.001)
(2.173428263 0.06299263803 0.001)
(2.329496259 0.1272600479 0.001)
(1.670478798 0.07314899972 0.001)
(3.871427249 0.1028038581 0.001)
(0.1285727508 0.09719614186 0.001)
(2.2080514 0.02672447274 0.001)
(0.8821831486 0.1454746973 0.001)
(3.117816851 0.05452530275 0.001)
(1.7919486 0.1733468244 0.001)
(0.3169361175 0.05231448426 0.001)
(3.683063882 0.1476855157 0.001)
(0.8245920811 0.1430726603 0.001)
(3.175407919 0.05692733967 0.001)
(3.159574228 0.1572284811 0.001)
(0.8404257716 0.04277151891 0.001)
(2.514363879 0.04079587164 0.001)
(1.485636121 0.1592041294 0.001)
(2.748995381 0.07101467564 0.001)
(1.251004619 0.1289853244 0.001)
(1.983167638 0.09354233057 0.001)
(0.1408397214 0.1323983678 0.001)
(3.859160279 0.06760163221 0.001)
(2.036697253 0.08525444906 0.001)
(0.6281027336 0.04233482769 0.001)
(3.371897266 0.1576651723 0.001)
(1.299388278 0.0529716305 0.001)
(2.700611722 0.1470283695 0.001)
(1.848579754 0.05591369544 0.001)
(2.151329763 0.1441537773 0.001)
(0.5475245959 0.06874027614 0.001)
(3.452475404 0.1312597239 0.001)
(2.623990508 0.02516745548 0.001)
(1.376009492 0.1748325445 0.001)
(1.070626382 0.04214264124 0.001)
(2.929373618 0.1578573588 0.001)
(1.649936956 0.1449837094 0.001)
(2.35005664 0.05515638471 0.001)
(3.068166471 0.1417644513 0.001)
(0.931833529 0.05823554869 0.001)
(0.792393282 0.1485793194 0.001)
(3.207606718 0.05142068064 0.001)
(3.277119288 0.1383623748 0.001)
(3.308393647 0.1252375471 0.001)
(0.7228807117 0.06163762515 0.001)
(0.6916063533 0.07476245287 0.001)
(3.533025481 0.04438706923 0.001)
(0.4669745186 0.1556129308 0.001)
(3.428666187 0.05093309697 0.001)
(0.5713338128 0.149066903 0.001)
(3.04807099 0.169279915 0.001)
(0.95192901 0.03072008505 0.001)
(3.77723566 0.1339329772 0.001)
(0.2227643404 0.06606702283 0.001)
(1.404869407 0.05436873517 0.001)
(2.595130593 0.1456312648 0.001)
(1.079744493 0.1801119187 0.001)
(2.920255507 0.01988808128 0.001)
(3.322836898 0.04087278063 0.001)
(0.6771631024 0.1591272194 0.001)
(3.83213603 0.1471500398 0.001)
(0.1678639697 0.0528499602 0.001)
(2.472590301 0.05808024713 0.001)
(1.527408812 0.1419224861 0.001)
(2.380317944 0.05623880522 0.001)
(1.047515078 0.1330119124 0.001)
(2.952484922 0.06698808764 0.001)
(1.619535231 0.1438986782 0.001)
(1.661186831 0.04882555565 0.001)
(2.591544192 0.06363605504 0.001)
(1.408455808 0.136363945 0.001)
(1.367940955 0.05526036925 0.001)
(2.632059045 0.1447396308 0.001)
(2.338618072 0.1507815701 0.001)
(1.109641765 0.06079747887 0.001)
(2.890358235 0.1392025211 0.001)
(3.609492741 0.04740509634 0.001)
(0.3905072594 0.1525949037 0.001)
(2.500413047 0.1837180924 0.001)
(1.499586939 0.01628209461 0.001)
(3.75360225 0.1413583459 0.001)
(0.2463977504 0.05864165411 0.001)
(0.04227689375 0.1769912573 0.001)
(3.957723106 0.02300874266 0.001)
(2.817550068 0.101508344 0.001)
(1.182449932 0.09849165595 0.001)
(0.8408628507 0.16009183 0.001)
(3.159137149 0.03990817 0.001)
(0.1381798554 0.06005904511 0.001)
(3.861820145 0.1399409549 0.001)
(1.7779847 0.05105491137 0.001)
(2.809204318 0.1571597441 0.001)
(1.190795682 0.04284025588 0.001)
(2.716277099 0.04314615036 0.001)
(1.283722901 0.1568538496 0.001)
(2.222941622 0.1503236074 0.001)
(3.006471622 0.1422067327 0.001)
(0.9935283784 0.05779326726 0.001)
(3.347502986 0.159927089 0.001)
(0.6524970145 0.04007291099 0.001)
(2.096005333 0.03589689024 0.001)
(1.90400742 0.1641653902 0.001)
(1.191874488 0.1545729918 0.001)
(2.808125512 0.0454270082 0.001)
(2.405921835 0.108853369 0.001)
(1.464314972 0.06657655029 0.001)
(2.53568502 0.1334235558 0.001)
(1.889206938 0.03720751748 0.001)
(1.59387052 0.09126935521 0.001)
(1.987990888 0.1206613864 0.001)
(2.110741571 0.162810028 0.001)
(2.423658003 0.08222660032 0.001)
(2.019766532 0.03877591554 0.001)
(0.38069635 0.0533932633 0.001)
(3.61930365 0.1466067367 0.001)
(1.576269221 0.1178915325 0.001)
(0.1572409499 0.1090285365 0.001)
(3.84275905 0.09097146346 0.001)
(3.556798846 0.03968675616 0.001)
(0.4432011535 0.1603132438 0.001)
(2.538459354 0.04599267937 0.001)
(1.461540646 0.1540073213 0.001)
(3.370316762 0.06626593724 0.001)
(0.6296832382 0.1337340628 0.001)
(1.816044752 0.05343268426 0.001)
(2.184001807 0.1467989632 0.001)
(2.760829932 0.04825386309 0.001)
(1.239170068 0.1517461369 0.001)
(0.6517139377 0.1626079742 0.001)
(3.348286062 0.03739202579 0.001)
(0.3528142904 0.0547780054 0.001)
(3.64718571 0.1452219946 0.001)
(1.045104774 0.04517876701 0.001)
(2.954895226 0.154821233 0.001)
(0.02264654792 0.02262496648 0.001)
(3.977353452 0.1773750335 0.001)
(2.740776413 0.1613631699 0.001)
(1.259223587 0.03863683013 0.001)
(0.4817585475 0.06035867883 0.001)
(3.518241453 0.1396413212 0.001)
(0.04751600794 0.1526846204 0.001)
(3.952483992 0.0473153796 0.001)
(1.216479245 0.05264353738 0.001)
(2.783520755 0.1473564626 0.001)
(2.800565421 0.1257639851 0.001)
(1.199434579 0.07423601489 0.001)
(3.766850264 0.1592723762 0.001)
(0.2331497355 0.04072762377 0.001)
(1.98166752 0.1708777526 0.001)
(2.416518514 0.137513977 0.001)
(1.58325899 0.0625783573 0.001)
(1.589368882 0.1444090502 0.001)
(0.9192994443 0.1412888801 0.001)
(3.080700556 0.05871111993 0.001)
(1.602871121 0.0364501124 0.001)
(1.278202782 0.03590616801 0.001)
(2.721797218 0.164093832 0.001)
(0.07458853325 0.0641164406 0.001)
(3.925411467 0.1358835594 0.001)
(2.397476625 0.1615259997 0.001)
(2.272032176 0.0484898709 0.001)
(1.727145155 0.1518467871 0.001)
(0.4479775635 0.04804031469 0.001)
(3.552022437 0.1519596853 0.001)
(1.698456036 0.03605443769 0.001)
(2.41057809 0.05571932323 0.001)
(3.139349824 0.03678294307 0.001)
(0.8606501762 0.1632170569 0.001)
(0.8600682948 0.03381828989 0.001)
(3.139931705 0.1661817101 0.001)
(2.303318006 0.1650132299 0.001)
(2.440939565 0.05619977012 0.001)
(1.559032844 0.1438600571 0.001)
(1.740589188 0.05375385926 0.001)
(1.333890281 0.05556818638 0.001)
(2.666109719 0.1444318136 0.001)
(2.263253602 0.1478079038 0.001)
(0.5976074131 0.04509389641 0.001)
(0.5664826761 0.04270583566 0.001)
(3.402392587 0.1549061036 0.001)
(3.433517324 0.1572941643 0.001)
(0.04766042681 0.1003376349 0.001)
(3.952339573 0.0996623651 0.001)
(0.6789305316 0.04482463559 0.001)
(3.321069468 0.1551753644 0.001)
(0.7253497653 0.1457306337 0.001)
(3.274650235 0.05426936628 0.001)
(2.394792004 0.03387408299 0.001)
(1.605160229 0.1662163168 0.001)
(0.7574249037 0.1442810682 0.001)
(3.242575096 0.05571893181 0.001)
(2.804817638 0.07650283848 0.001)
(1.195182362 0.1234971615 0.001)
(0.6947621244 0.1014822222 0.001)
(3.305237876 0.09851777776 0.001)
(3.224082776 0.1633478846 0.001)
(0.7759172242 0.03665211538 0.001)
(1.351953906 0.03343833216 0.001)
(2.648046094 0.1665616679 0.001)
(3.811713965 0.156141379 0.001)
(0.1882860349 0.04385862101 0.001)
(3.758483682 0.1808242934 0.001)
(0.2415163183 0.01917570662 0.001)
(0.1757972591 0.1813236497 0.001)
(3.824202741 0.01867635034 0.001)
(2.31017669 0.03640775567 0.001)
(2.964453885 0.13352103 0.001)
(1.035546115 0.06647897002 0.001)
(1.689790951 0.1636760226 0.001)
(3.131950582 0.182543648 0.001)
(0.8680494176 0.01745635196 0.001)
(0.6816709262 0.133913867 0.001)
(3.318329074 0.06608613305 0.001)
(3.194960886 0.1246911658 0.001)
(0.8050391142 0.07530883416 0.001)
(2.229925506 0.04177963704 0.001)
(1.769497102 0.1641156877 0.001)
(0.451094432 0.01922900501 0.001)
(3.548905568 0.180770995 0.001)
(0.8675834183 0.1828155757 0.001)
(3.132416582 0.0171844243 0.001)
(2.54932784 0.06969277554 0.001)
(1.45067216 0.1303072245 0.001)
(3.444083572 0.02365979062 0.001)
(0.5559164277 0.1763402094 0.001)
(3.019468132 0.1623266748 0.001)
(0.9805318678 0.0376733252 0.001)
(0.01969021978 0.1804169253 0.001)
(3.98030978 0.01958307474 0.001)
(1.397148571 0.1597445754 0.001)
(2.602851429 0.04025542461 0.001)
(2.087155714 0.1836074223 0.001)
(1.912844966 0.01639297053 0.001)
(2.003010885 0.1425000559 0.001)
(2.713582302 0.01764095573 0.001)
(1.286417698 0.1823590443 0.001)
(1.678463263 0.03655551136 0.001)
(2.32263803 0.1644465799 0.001)
(1.099517425 0.1732781432 0.001)
(2.900482575 0.02672185682 0.001)
(2.111762632 0.07357881113 0.001)
(0.9485936973 0.135755718 0.001)
(3.051406303 0.06424428197 0.001)
(2.876676571 0.116034015 0.001)
(1.123323429 0.08396598504 0.001)
(2.714466351 0.1832842897 0.001)
(1.285533649 0.01671571028 0.001)
(1.888214467 0.1264577569 0.001)
(1.494865039 0.1814296543 0.001)
(2.505134961 0.01857034589 0.001)
(3.253550011 0.1303583567 0.001)
(0.7464499888 0.06964164327 0.001)
(1.906068517 0.03124521264 0.001)
(2.485439289 0.1719512125 0.001)
(1.514560581 0.02805049328 0.001)
(2.093921161 0.1687756813 0.001)
(0.1818573193 0.1621642808 0.001)
(3.818142681 0.03783571922 0.001)
(1.093337554 0.04363463316 0.001)
(2.906662446 0.1563653668 0.001)
(1.066879071 0.1643671921 0.001)
(2.933120929 0.03563280789 0.001)
(3.892514289 0.1601364978 0.001)
(0.1074857105 0.03986350217 0.001)
(2.0305993 0.06064952471 0.001)
(3.029657534 0.02510828359 0.001)
(0.970342466 0.1748917164 0.001)
(2.186165508 0.03983905438 0.001)
(2.086754387 0.01736159003 0.001)
(1.91365696 0.1821829654 0.001)
(1.813818477 0.1602512801 0.001)
(1.772024675 0.02621543014 0.001)
(2.227554844 0.1740175399 0.001)
(0.7335887732 0.1704857862 0.001)
(3.266411227 0.02951421376 0.001)
(3.679990207 0.0568840907 0.001)
(0.3200097926 0.1431159093 0.001)
(0.3995174971 0.04362406478 0.001)
(3.600482503 0.1563759352 0.001)
(1.721930623 0.03835831468 0.001)
(1.878323246 0.01702947277 0.001)
(2.121661701 0.1829784512 0.001)
(1.005613871 0.1366106938 0.001)
(2.994386129 0.06338930621 0.001)
(2.645797619 0.03837977846 0.001)
(1.354202381 0.1616202215 0.001)
(3.980730481 0.1590496585 0.001)
(0.01926951876 0.04095034148 0.001)
(2.121375696 0.01590298248 0.001)
(2.113426042 0.03067127543 0.001)
(1.878624304 0.1840970175 0.001)
(1.886572894 0.1693512757 0.001)
(3.13681888 0.1229209366 0.001)
(0.8631811201 0.07707906338 0.001)
)


// ************************************************************************* //
