/*--------------------------------*- C++ -*----------------------------------*\
| =========                 |                                                 |
| \\      /  F ield         | OpenFOAM: The Open Source CFD Toolbox           |
|  \\    /   O peration     | Version:  2412                                  |
|   \\  /    A nd           | Website:  www.openfoam.com                      |
|    \\/     M anipulation  |                                                 |
\*---------------------------------------------------------------------------*/
FoamFile
{
    version     2.0;
    format      ascii;
    arch        "LSB;label=32;scalar=64";
    note        "nPoints:3862  nCells:3700  nFaces:13030  nInternalFaces:5470";
    class       labelList;
    location    "constant/polyMesh";
    object      neighbour;
}
// * * * * * * * * * * * * * * * * * * * * * * * * * * * * * * * * * * * * * //


5470
(
7
240
1814
18
120
3504
32
38
480
37
39
2605
13
236
2579
14
237
1789
25
223
2157
238
3582
40
45
2161
26
232
1817
44
55
959
33
211
2513
27
202
2412
255
3572
256
3573
46
52
1218
50
137
1127
51
138
1927
3526
3560
56
127
2603
30
124
1926
74
118
2789
75
119
2514
95
108
1024
103
109
2491
3532
3565
3493
3567
167
3615
67
201
1126
34
217
218
1230
3527
126
239
3311
2564
3630
3528
3562
131
311
161
234
1881
162
235
591
3641
3534
3552
119
3538
3658
91
227
1903
92
228
1534
106
219
2601
3659
124
3545
3548
3559
200
213
2135
214
230
1710
111
3638
227
3555
228
3557
215
3692
107
3633
115
221
2908
127
3563
3551
3586
134
303
3524
153
224
113
154
1804
114
140
2544
155
160
157
163
144
158
2507
170
229
787
145
146
2429
143
148
2154
293
3569
96
204
97
205
193
233
2777
130
168
3316
131
169
1021
112
207
319
3549
3604
3550
3605
152
198
2955
172
199
278
142
171
280
139
173
274
141
174
276
102
209
175
176
177
178
2222
179
180
181
182
183
184
185
187
186
188
189
190
191
192
3590
3591
208
245
300
123
182
3507
3546
3612
101
307
100
3481
129
3509
3613
106
125
3487
149
150
110
3490
3592
3609
135
292
1686
122
293
663
3503
3543
3597
3541
3617
3542
3618
164
3595
3603
164
243
149
249
150
244
251
3526
212
216
2862
220
225
3676
3536
3622
3537
3554
3697
151
246
3539
231
3544
267
3499
3533
133
301
233
3575
3535
196
1201
3547
3539
3593
326
3499
2106
156
194
3543
165
3520
216
3509
241
3589
238
247
3674
3552
3625
3553
3626
179
270
181
3507
188
273
169
184
192
272
185
258
190
271
187
258
159
177
257
168
176
1725
1525
2231
3532
218
2106
154
1725
1030
156
944
2430
158
896
2963
160
2430
2432
222
3577
221
3576
197
266
1811
217
3517
178
197
257
2067
3698
267
268
203
287
189
271
180
270
186
273
191
272
267
1810
1676
1562
2574
2123
1675
1525
1810
268
2073
2602
896
2123
2411
1726
2602
2411
1726
1676
310
3645
3506
3514
210
255
3665
256
3666
2963
208
315
205
3480
3494
3619
3511
3696
3606
3627
206
1906
207
1811
1675
209
3495
3483
3513
2072
3493
3661
3611
3627
246
876
3580
3635
3581
3634
224
1030
302
254
3513
229
1906
2552
3699
3578
226
3579
3621
3626
3505
3528
3657
3585
3640
3556
3558
3523
3548
3653
248
1147
3622
3628
3574
3587
3649
3586
3650
3617
3631
3618
3632
2723
3604
3643
3612
3637
242
875
252
616
250
3490
284
307
1668
3530
3509
3584
3654
298
312
286
3481
253
3473
3488
3504
3545
3680
269
3491
301
3521
2725
2571
265
1783
274
275
2464
276
277
2477
278
279
1898
280
281
414
285
286
2474
288
289
2357
266
2432
311
287
3495
279
281
277
275
2133
2427
2427
2153
2227
2133
1021
3091
302
303
737
306
308
1856
288
314
2227
3480
1673
1785
2544
291
1106
3501
3508
3530
294
314
3570
3663
3571
295
3468
296
318
3471
3484
298
957
3623
2475
304
3475
3476
305
3479
3501
2984
2372
317
3474
315
3475
1975
3474
3483
317
2955
310
313
1456
1805
3517
3563
3681
3531
3682
316
317
318
3483
319
3473
321
345
1872
340
2112
325
327
638
327
381
1014
355
748
1593
339
3369
333
3194
3248
339
405
1159
338
416
2759
349
792
3371
332
446
2711
335
1078
345
3314
346
379
503
358
1130
509
3106
3240
436
554
2218
347
770
905
425
634
370
389
530
354
357
1397
356
358
504
347
520
609
915
357
1002
2548
362
363
2576
364
2385
367
378
807
407
455
2350
374
482
1505
378
401
3258
372
1502
1295
3425
359
1901
2668
1118
367
3149
397
725
2681
386
430
694
413
3052
383
2781
419
2247
377
433
1211
376
388
2042
1485
445
449
549
471
487
925
391
453
379
439
1072
403
1398
410
437
498
3055
3115
1500
3239
3365
385
1154
394
1037
2776
1184
488
501
1431
416
2548
412
435
1735
427
2911
395
570
3196
1247
2171
479
483
389
425
1639
397
2889
583
413
423
659
434
1639
451
1791
2516
485
514
559
918
2803
590
3247
444
453
481
3291
454
506
1137
420
470
1092
422
1821
3511
408
3267
3024
3297
3383
469
2912
408
1088
1295
509
2187
782
1484
2225
520
3046
3377
484
552
623
415
1579
527
855
2578
417
2393
3136
493
2358
438
2148
3199
477
1049
442
512
1495
424
1594
707
1504
529
903
2070
1126
1690
495
887
441
566
3298
507
679
2971
451
2997
458
1791
2997
524
2611
2674
456
1974
462
1264
2797
530
571
1346
576
1503
481
1139
1951
3076
455
3251
565
798
570
2151
801
1000
550
1244
2597
551
2788
696
2887
3322
3344
3455
483
2587
493
744
486
3385
489
764
1876
535
2836
3276
856
3118
515
1477
2857
2162
690
691
3083
571
498
1350
763
593
982
573
1469
1871
501
2305
540
2901
3216
874
2871
3541
510
631
863
603
2906
531
626
995
534
633
1003
466
578
754
551
889
513
867
1182
474
2424
3515
484
1589
576
755
1220
3038
589
645
2096
1648
2122
3029
1582
1586
568
877
1171
531
603
2038
641
1876
489
641
728
481
639
642
1808
490
2392
1222
834
549
2236
3123
3345
1383
2236
679
2898
3000
553
3189
569
599
1482
519
731
2094
3227
574
661
676
1790
2494
756
783
3529
578
687
1993
2573
543
1472
2684
517
662
2244
3234
902
967
1490
801
3410
521
917
596
759
1953
560
2391
701
778
582
714
1828
3369
2334
3016
802
1475
1922
670
2550
547
2117
597
2158
2922
3275
672
783
1625
2143
532
538
1119
574
2613
3251
1130
2780
741
767
2063
541
843
2868
602
3315
755
847
1503
3231
3355
3462
2616
3304
2632
2693
3143
760
2757
1166
1152
717
2214
612
648
2588
2060
3009
1381
1490
656
899
2454
564
622
2531
1413
1504
581
617
3299
611
2991
935
3423
697
1144
2134
2230
3439
588
1228
2034
2946
3005
3065
637
701
1478
625
842
1029
1720
2747
2577
1247
2042
1923
753
2031
2393
3076
2043
3055
1535
3192
3395
618
941
1569
720
732
3173
670
1524
3236
1064
1383
584
1697
707
1413
1809
636
3303
3448
1084
1434
2388
968
1720
1350
2243
1138
2717
700
2575
3276
594
3064
584
1850
3341
2141
621
712
2501
2114
2710
1920
677
2165
2972
813
600
640
3059
2203
1429
1566
1567
597
711
1064
689
1192
588
1829
2404
2899
3121
611
688
2863
729
2371
3653
639
1139
1870
1483
738
3021
965
3652
674
2908
608
1690
1883
713
1712
627
2294
802
803
1257
628
2524
1674
658
1025
1132
600
2560
2617
740
831
1625
1116
1879
3259
1009
1925
2583
1597
2947
3138
666
702
1053
689
1436
2922
663
1147
759
1016
861
870
1341
2008
891
1809
629
874
3107
2884
2908
3488
652
894
1522
914
2113
667
832
1708
2104
708
1716
3002
695
703
3169
1225
1389
2747
2769
776
2890
1393
2269
2383
714
1483
2907
3081
870
2297
1016
3115
934
1194
1013
1465
1868
1140
2028
881
922
1463
705
2784
2111
2486
647
902
1381
3350
3447
760
1236
901
966
1202
867
3066
2959
740
3036
761
842
1182
1048
1316
1552
921
1158
654
676
2195
2316
2832
1413
2214
791
1406
3154
698
753
1474
660
1477
3162
702
1444
758
815
2081
1358
1969
865
945
2207
1066
1700
744
2004
2358
673
1556
957
3087
2220
2455
796
1343
1795
3281
1126
929
2909
3159
1045
1305
1612
857
1506
1992
3105
721
1400
2853
878
1195
2360
3317
866
1215
1996
749
960
1102
1921
1075
1660
878
1722
2018
854
1264
3312
1743
2196
3008
2305
1056
1169
1622
926
928
963
774
1104
1853
797
1369
3120
685
790
2506
781
1884
892
985
1062
890
1670
1721
2590
2007
2008
3216
3040
3140
1422
1554
2045
900
964
1431
1202
1712
1466
2886
1713
1771
2722
3394
722
1208
723
2988
3161
3282
3643
1928
2595
2037
2990
940
1878
3009
888
969
893
1114
1555
3302
853
895
736
894
2240
735
757
1120
955
2672
766
1515
1584
1797
970
742
892
2534
795
1223
2481
1375
1419
910
2660
3086
1010
1082
2270
1070
3089
1198
1479
2030
2031
1007
3004
1437
2025
3192
1211
2803
992
1407
1722
1511
1512
2925
1225
1515
1710
2673
873
2964
3238
1101
3137
738
2097
1514
3116
3212
1102
2505
2967
736
1172
2180
2337
2840
2365
1077
1423
3007
1133
2473
3094
1596
2598
763
1226
2346
1747
1457
1501
3308
754
1488
1923
2005
2915
3205
1002
3410
756
1019
1163
1964
2194
839
871
1705
963
968
1071
1589
1670
2118
2469
1708
1882
1836
1889
770
3338
1553
1677
1222
1792
2061
1065
1917
3191
2121
3283
3555
1578
1688
1762
3214
1026
1106
1759
1172
1267
1269
2994
1615
1840
2761
1356
1623
2316
1985
2326
2328
1378
1509
928
1384
2768
1399
1401
1640
2021
2364
1643
2898
2885
2911
2921
969
1508
1509
974
2374
1066
3265
1121
915
3006
3194
1125
2114
3315
787
1135
1785
1442
970
1279
2811
1329
1330
1333
804
2265
2537
2923
1074
1107
853
1097
1176
897
1317
2296
1617
2300
2140
2195
1971
2125
1557
1699
1010
2274
2395
875
1144
1686
3312
1765
1081
2399
1082
1265
1081
1388
2400
1091
1790
2402
1150
3197
1239
2167
2799
1155
1248
1249
1154
1248
1250
1252
2173
2627
813
1092
2174
1037
1041
1293
1949
898
2778
1323
1738
3057
1325
1958
1986
1329
1332
1963
1162
1332
1334
1164
1334
1335
1339
1992
2644
1085
1841
3051
825
1347
2645
1347
2045
2821
1170
1348
827
1362
2831
1179
1361
1365
2656
2837
830
1175
2851
2652
2930
1994
2320
1339
1416
1399
2001
2669
1398
1399
841
1420
2847
1386
1421
2897
1425
2013
2865
1193
2352
2354
1435
2870
1453
2856
2913
1207
1476
2373
2230
3419
1473
1563
2891
1391
1751
1773
847
1494
2894
1476
1073
2038
2906
1206
2042
3269
1492
1493
1781
977
1493
1497
1787
2205
2931
1418
889
2788
2143
3281
2236
3038
904
1822
1093
1605
1607
1045
1311
2753
906
2733
2953
1161
1738
1220
1576
1910
952
1972
1749
2238
2447
1630
2384
1388
2210
2764
962
1134
1412
1091
1147
2475
912
1764
2234
1564
2022
2462
1684
3141
3546
1143
947
2231
1646
3286
2468
1922
2987
3033
881
907
2958
2758
942
1689
2968
984
993
2048
1798
2751
3145
1048
1645
1649
1129
1666
3548
2495
3052
2445
2651
1358
1068
2026
1428
2014
2542
2229
2410
1120
2012
2819
961
2188
1838
1842
2867
3265
2457
2898
1014
2355
2381
1484
2465
1731
2261
1736
3248
990
2299
2823
3041
1741
1843
2761
1840
1843
1873
2360
2449
987
1190
1913
1415
3064
1434
2016
2956
1022
3624
2500
1145
1900
2027
1232
3149
1252
2802
1053
1604
1822
976
1046
1309
922
2924
2287
1341
1415
2198
1353
1977
2830
1124
2092
1057
1364
2835
2836
3153
2532
2846
3153
1387
2021
2341
2003
2855
2985
1067
1405
2888
1418
1419
1716
2232
2744
1404
2017
1056
1647
2541
1454
1874
2593
1028
1112
3587
1216
1396
1644
1648
3130
1844
2410
1223
2415
1281
1723
3062
3687
1351
2321
2063
2408
2654
2066
2476
2029
3237
3644
1663
2160
3342
974
1213
1261
1836
1890
2635
1410
1748
1411
1438
2425
985
2425
2878
1770
2507
1656
2544
3564
1685
1011
1687
1688
2603
2707
1519
2608
1864
1866
1392
1430
2860
1869
2065
1461
3164
1489
2382
1364
1080
2373
3569
3688
1728
2139
3448
3570
3610
1260
1304
1612
2289
1308
2815
1311
2290
1315
2638
2952
1171
1737
2294
1015
1837
2298
1556
1909
3137
1794
1980
1223
1516
1981
1391
1996
1136
1315
2362
3109
1689
2368
1768
2676
3631
990
1470
1523
2844
992
1015
2375
2362
1773
1788
1507
2194
2763
2597
3260
1581
1867
2346
1430
2424
3489
1456
2745
2859
1590
2902
2912
1264
3183
1193
2825
2916
1502
1080
1878
1426
1513
2431
1283
1297
2282
1043
2814
3150
1653
3098
1195
1749
2449
1891
2864
1480
2020
2460
1436
1454
3275
2426
3629
2150
1069
3253
2706
2791
3294
3351
3379
1083
1230
2182
2272
2273
2592
1641
2428
1685
2691
3535
2049
2509
1099
2738
1580
2357
1711
2149
3621
1715
2428
2693
2927
1875
1054
1481
2940
1650
2790
2489
2943
2700
2944
1235
1237
2621
1241
2169
2799
2628
1260
1884
2262
1269
1272
2239
1296
1543
1544
1292
1294
1095
1321
2080
1942
2538
1158
1301
2285
1614
2291
2440
1160
1615
3249
2182
2284
2401
1322
1326
2641
1052
1354
2306
2197
2312
1522
1355
2313
1169
1356
2832
1363
2834
2835
1558
1682
2127
1155
1367
2698
1370
1750
2186
1371
2210
2330
1756
1991
1369
2337
3141
1682
1867
2218
2768
1188
3131
1380
3154
1407
1696
2366
2940
1448
1486
1395
1449
2677
2874
1199
3350
2027
2884
1114
1520
2686
1450
3161
1565
3400
1778
1779
3223
1511
2359
2377
1661
3649
1470
3230
2060
2782
1389
1580
2417
1139
1671
2486
1590
1593
1904
2434
3584
1231
2728
2790
1883
2805
1266
2240
1290
1948
2812
1294
1299
1098
1327
2819
2642
2819
1331
1962
1221
1344
1336
2830
3116
1168
2406
2199
2094
2406
2938
1991
2095
1374
1986
1987
2100
2146
2247
1417
2007
2863
1436
2009
2593
1439
2067
3606
1467
1713
2029
1714
3577
1469
1772
2505
1948
2155
2722
2996
2091
3156
1565
1801
3372
1565
2748
1494
2692
2107
1664
2281
2283
2634
1165
1845
2301
1219
2471
1899
2722
1903
3027
1530
2136
3357
1218
2255
1894
1908
1909
1909
2444
1568
2143
2345
3191
1581
2419
1382
1411
1916
2131
1920
2094
1464
1466
1465
1467
3537
1921
2228
2505
2113
2134
3451
1660
2690
2594
2850
3037
1650
3540
1662
2139
3303
1233
3258
1234
2518
2971
2168
3075
1245
1246
3198
3291
2975
1601
1602
2256
1271
2810
3172
1952
1307
2291
1308
2292
2297
2443
1554
2821
1334
2822
2645
2821
1553
1846
1845
2404
1846
1967
2764
1556
2199
2530
2202
2831
2317
2929
1979
2201
2892
1363
2530
2531
1365
2838
1325
1374
2742
2843
2978
1385
1994
2348
2661
2847
1362
2663
2847
1361
1386
2930
1846
1394
2667
2852
2219
2668
1186
1401
2001
1402
2670
1400
1402
2873
1402
1403
1404
2002
2854
1408
2876
1655
1673
2349
1416
2863
3012
1435
2871
3070
1445
1446
2022
2033
2367
2462
2873
2932
1585
2103
1460
2135
3214
1459
2370
1462
2372
2567
3609
2011
2681
2889
1420
1468
2681
2682
2889
1468
1503
2032
2546
2685
2848
2893
1473
1485
1901
1468
1492
1780
2387
1564
2398
1261
1626
2397
2048
2400
1338
2837
2433
2434
2436
1573
1220
2310
1896
2090
1974
2321
2407
2482
1862
2350
2535
1480
1481
2993
1925
2969
2790
2998
2707
2572
2694
2495
2515
1691
2516
2305
3255
2520
2972
2164
2621
2165
2973
1929
2973
3176
1929
3075
2166
2167
2632
2521
2622
2169
2623
3188
1930
2622
3220
2521
3220
1930
1931
2171
2974
3198
2171
2522
2974
2172
2975
2205
2626
2975
2628
2174
2628
2976
2976
2977
2999
2173
2175
2675
1601
2176
2977
1932
2522
1601
1933
2629
2176
2591
2629
2260
1730
2178
2264
2554
1604
1605
2599
1537
1732
1937
2180
1938
2180
1540
1939
2181
2582
1274
2275
2556
1539
1540
1825
2078
1940
2183
2983
1826
2583
1610
1827
2583
1278
1609
2557
1278
1541
1887
1355
1828
2278
1734
1886
1887
1939
3229
1941
2078
2584
1734
1888
1543
1831
1942
1545
1943
2584
1547
1943
1945
1546
2184
3177
1548
1945
1946
1547
1548
1555
1946
2585
1549
2079
2122
2080
2585
1549
1835
1834
3330
1574
2718
1889
1890
1834
1949
1957
2633
2712
1550
1835
3010
2096
2586
2498
2949
3085
1953
2439
2949
2759
2994
1613
2759
1613
1614
1736
1736
1954
2950
2040
2951
1616
1955
2952
1781
1624
1737
2951
2442
2638
2953
1956
1957
2082
2732
1981
2481
1617
1892
2191
2525
2640
1617
1893
2188
2442
2443
2733
1559
1958
2192
2712
2443
2558
1960
2414
3179
2192
2083
2643
2083
2084
1962
2084
2193
1962
2193
2528
1963
2012
1964
1964
2119
1965
3011
2191
2470
1844
1944
2047
1965
2646
2528
1619
2647
2734
1742
1966
1969
2085
2609
2613
2444
2650
1620
1681
2086
1967
2087
2201
1976
2649
1969
1978
2714
1697
1679
1971
1577
1745
1852
1653
2470
1621
3097
2993
1621
1653
2037
2093
2203
1978
1993
2962
2484
2714
2962
2202
1979
2769
2204
1976
2657
2978
3015
2205
2754
1756
2095
2206
1897
1626
1752
1996
2741
2209
2533
3241
1559
1986
1988
2658
2212
2658
1989
2213
2588
1995
2215
2533
2534
2551
1992
2024
2766
1993
2715
3099
1756
2338
2127
1700
3201
1984
2660
2661
1754
2540
1995
1759
1760
2129
2535
2208
2225
2768
1936
3211
2219
2655
2219
2666
2656
2667
1998
2000
2000
2001
1702
2671
2985
2986
2985
3144
2220
2715
2420
1799
2786
1633
2456
2660
2028
2064
1915
1505
1917
2743
2987
3242
3256
2590
2008
3140
2658
2692
2010
2011
2682
2012
3002
2538
3213
1763
1788
2675
2014
2588
2718
3215
2014
2015
2104
2023
2223
2591
2866
1704
2458
1635
2004
2955
2774
2983
3205
2744
2563
2002
2017
1706
2147
1915
2147
2006
2543
3337
2456
3050
3088
2483
3522
1704
1707
3497
2019
2107
1757
2461
1766
3089
1566
2023
2224
2225
2465
2677
3183
2720
2786
2541
2769
3309
2025
2226
3395
2689
3080
2467
1561
1670
1803
1586
1634
1768
1706
2068
2463
1587
2543
2109
3494
2459
3476
2110
2464
1640
2504
1868
2721
2478
3016
3550
3318
2016
2030
2230
2545
2030
2546
2032
1642
2466
1932
2657
2663
3219
1643
3331
1644
1999
1774
1638
1802
2248
2036
3338
1717
1720
3319
2024
2594
2939
1719
1803
1591
3536
2575
1594
1719
2385
1778
2749
2118
2093
2990
1721
2119
2194
2040
2440
2467
2549
3195
2787
2918
3044
3409
3463
2235
3665
1806
2118
2043
1567
2948
2991
3020
2237
2551
2651
1596
2044
3108
2237
1878
3228
2961
3111
3122
3170
1687
1689
1924
2598
2709
3108
1612
2753
3110
2379
2423
1988
2229
1787
2048
2754
2599
2468
3146
1595
3112
1571
2789
2699
2791
2699
2942
2943
3415
2944
2054
2513
2490
2552
2055
2514
1927
3320
3465
1607
2266
2806
1608
2270
1823
2270
2274
1825
2582
2809
2278
2523
1825
1941
2810
1941
1693
2584
1944
2631
1693
1943
1944
1948
2585
1949
1956
1956
1959
2816
2276
2295
1839
1963
1844
2062
2937
1746
2654
2686
2130
2574
2672
2026
3397
1588
2109
1801
2748
2374
3165
2595
1808
2578
1882
2047
2917
2965
3030
2051
3622
2137
2580
3381
3689
1831
2760
1852
2307
2827
1695
2241
1855
2826
1851
1859
1699
3341
2344
2483
2858
2859
2454
2457
2860
1654
1898
2611
3447
3616
1769
2064
2430
3506
2902
3267
2575
3549
1805
2777
2909
1806
1923
2132
3167
2551
3117
3120
2282
2508
2933
1728
3034
3344
1883
2606
2619
1763
2175
1729
2186
2258
2178
2554
1732
2266
2267
1733
2267
2268
2395
2808
1829
2277
2288
2289
3041
3199
2290
1837
1737
2293
1893
2300
2307
1743
2304
2301
2404
1622
2312
2319
3097
1777
2317
1854
2258
1750
1753
2325
1752
2211
2397
1796
2099
2246
2216
2861
1683
1757
2211
1702
2890
2986
2348
2356
1764
2870
2106
2592
2332
2378
2539
2342
2363
2503
2366
2367
2486
2958
1672
1871
1717
2032
2867
3187
2273
2383
1776
1779
2312
3067
3228
1784
1981
1821
2058
3565
1850
2089
2560
2227
2421
2101
2371
1669
2357
1711
1800
2148
2920
3126
3235
2151
3196
3553
3650
1881
2469
3352
3690
2570
3615
1905
2491
3581
1980
2245
2246
2129
2452
2105
2344
2152
2477
2113
2710
1804
1783
2507
2280
2708
1740
1842
2086
2308
2482
2142
2244
2471
1858
2899
2408
2022
2398
1767
3114
3136
3426
2959
3071
2493
2162
2792
2167
2169
3143
3186
2302
2308
2608
1895
2310
1895
3074
1968
2204
2833
2834
1912
2849
2454
2849
2858
2854
1785
3043
3491
2458
2353
2354
1918
2884
3203
2872
2361
2407
2565
1869
2151
2069
2478
1772
2228
1772
1871
2893
2776
2923
3292
3434
3427
2991
3070
2396
3069
2927
3143
3188
2569
2601
1933
2256
1934
2260
2259
2262
2264
1937
2271
2933
1950
2284
2734
2018
2299
2732
1839
2301
1744
2241
2734
3042
3042
1910
2309
1972
2318
2736
3306
2737
3118
2318
2339
1983
2324
2279
2324
2325
2326
2979
2979
2980
2328
2330
2981
2342
1995
2359
2743
1861
2346
2589
2919
3101
3180
2109
2222
2376
3295
2359
2987
2366
2462
2337
2372
3572
2369
2426
2574
2963
2886
2990
2376
2367
2377
2364
2389
3204
2317
2386
2040
2749
2386
2751
3068
3223
2750
2233
2389
2536
2249
1924
3171
2399
2400
2754
1788
2056
2480
3087
3255
1793
1849
1973
2937
1973
2062
2471
2736
1797
2421
1980
3102
3190
2335
2502
2066
2422
2746
2361
3121
3429
2156
2745
2912
1876
2392
2393
2121
3166
1814
2723
1814
2724
2579
2725
2725
2726
2051
2510
2945
3404
2053
2701
2612
3446
2728
2177
2268
2272
2272
2275
2497
1891
2276
2556
2557
2277
1925
1886
1888
2811
2814
1833
1888
1889
2081
2185
2813
3158
2020
2731
1839
2280
3240
2816
2818
2829
3013
1967
2087
2088
2141
2061
2088
2089
2089
2126
1968
2446
2829
1911
2090
2650
1983
2499
2472
2947
2004
2737
1858
2446
2561
2098
2501
2561
2311
2333
2335
1862
2451
3000
2217
2451
3202
2409
2664
2144
2664
2716
2043
2144
2716
2369
2120
2152
2464
2098
3298
2665
3106
3270
3358
2156
3559
2044
2431
2925
2114
3318
1924
2368
2396
3640
2929
1935
2182
2275
2276
2278
2313
2281
1907
2295
2481
3261
2445
2784
3053
2128
2785
2322
2840
2069
2134
2710
2576
2911
2748
3580
3614
2723
2077
3592
2569
2295
2296
2783
3210
2405
2311
2314
2245
3200
2335
2968
2664
3043
3470
3017
2422
2573
2392
2132
2869
2111
2112
2153
2788
2738
3015
2161
2779
2492
2164
2620
2166
2624
2170
2801
2170
2257
2257
2258
2263
2265
2271
2806
2179
2179
2181
2807
2800
3263
2810
2184
2079
2079
2184
3029
2283
2285
2285
2286
2286
2287
2288
2290
2440
2815
2951
3160
2712
2189
2817
2191
3178
2084
2643
2820
2824
2189
2195
2126
2085
2714
3001
2322
2314
1974
2315
2448
2652
2093
2550
2203
2848
2316
2381
2615
2320
2320
2449
2327
2329
2212
2841
2841
2212
2214
2016
2450
2844
2534
3036
2666
2677
2851
2852
3103
2667
3103
2669
2770
2226
2856
2843
3155
2064
2339
2009
3157
2011
2661
2213
2229
2223
2872
3023
2362
2223
2224
2778
2363
3166
3045
2855
2882
2885
2369
2887
2775
2374
2506
2116
2378
2381
2382
3126
2116
2117
3004
2907
2370
3538
3679
2763
2900
2914
2237
2892
2356
2926
3674
2928
2941
2579
2941
2137
2756
3384
2138
3437
2074
3627
2075
3605
2413
3566
3594
2492
3626
2060
2783
2784
2587
2245
2130
2673
3139
2149
2883
2108
3562
2110
2071
2798
2632
3268
2569
3518
2412
2490
2571
3620
3593
2631
2812
2280
2817
2895
2642
2817
2446
3035
2242
2839
2967
3147
2127
2736
2839
2097
2842
2500
2349
2418
2451
3468
2418
2673
2131
2340
2351
2146
2674
2865
3194
3516
2872
2147
3611
2133
2477
3314
2692
2893
2894
2380
3066
2773
3558
3634
3552
3158
2552
2702
2308
3117
2243
2416
2738
3479
2222
2861
2485
3025
3279
3174
2782
2818
2587
2310
3124
2218
2347
2355
2772
2767
2573
2157
2772
3046
2427
2154
3316
3134
3443
2371
2231
2249
2577
3025
3556
3635
2612
2781
2795
3330
3366
2520
2797
2798
2799
3260
2974
2802
3128
2976
2804
2977
2581
2262
2263
2263
2807
2582
2625
2978
2708
2811
2279
2950
3249
2302
2818
2558
2733
2844
2642
2644
2197
2529
3243
2566
2828
3147
2735
2916
3252
2831
2652
2531
2739
2845
2322
2323
2740
2741
2330
3129
2533
2331
2841
2343
3102
2323
2340
2345
3469
2857
2742
3044
3155
2595
3080
2416
2388
3050
2327
2540
3168
3226
2920
3661
2420
3070
2928
2929
2599
3074
2560
3059
2937
2499
3221
2717
2565
2617
2429
2487
3575
3560
3693
3073
3346
2489
2700
2701
2960
2711
2729
2730
2553
2260
2553
2437
2948
2265
2554
2496
2555
2496
2555
2630
2555
2497
2523
2730
2438
2438
2586
2634
2498
3085
2994
2526
2950
2637
2731
2638
2639
2639
2423
3096
2761
3074
2468
2415
3209
2450
2558
3012
2529
2648
2529
2559
2826
2614
3013
3060
3026
2334
2614
2737
2472
2615
2946
2719
3100
2740
2980
2740
2979
2741
2536
2981
2341
2980
2407
2982
2334
3113
2742
3015
3018
2845
3017
3300
2610
2342
2562
2743
3006
2409
2535
3486
2957
2474
2772
2422
2476
2450
2956
2563
2956
3226
2459
3088
2592
3146
2719
2504
2540
2461
3089
2877
2426
2708
2731
3109
2730
2506
2547
2547
2982
2539
2688
3047
3171
2719
3032
3431
2749
2750
3244
3104
3184
2750
2753
3245
2861
3032
2696
3088
3582
2993
3246
2398
2698
2460
2959
2619
2729
2752
2804
2805
3038
3077
3218
2672
3472
2865
2570
2618
3618
2525
2760
2827
3669
2501
3119
3092
2716
3043
3053
2474
2864
2771
2869
2596
3091
3277
2995
2479
2936
3534
3677
2553
2629
2636
2758
3041
2637
2952
3109
3096
2445
2499
3124
2665
3013
2589
3508
2849
2859
3078
2659
3039
3104
2867
3280
3478
2635
2503
2485
2910
3268
2902
3266
3424
3519
2527
3152
2654
3304
3087
2862
2721
2727
3430
2571
3058
2589
2850
3039
3236
2970
3604
2511
3576
3407
3694
2618
2606
2728
2729
2780
2780
2806
2808
3254
3125
2875
3113
3021
2924
2842
3173
2724
2726
2705
3586
3571
3608
2604
2605
2607
2792
2793
2793
2794
3255
2794
2795
2620
2795
2796
2796
3260
2698
2557
2949
3287
2814
2823
3110
2640
3098
2773
2833
2835
2846
3180
2549
2857
3172
2565
2915
2878
2992
3666
2775
2868
2891
2969
3046
3275
3112
2808
2735
3061
3125
3063
3190
2744
2957
3036
2879
3222
3114
3542
2905
3033
3242
2606
3123
3127
3227
3283
2960
2866
2999
2636
2773
2948
2881
3163
3533
3639
3269
2992
2601
3487
2705
2702
2781
3052
3058
2782
2783
2862
2984
3082
3355
3210
3077
3090
3094
3329
2688
3056
2971
2757
2623
2800
2625
2800
2801
2627
2802
2931
2807
3062
2928
2641
2813
2635
2842
2815
3096
3150
3030
2713
2820
2824
2762
3187
2825
3057
2735
2825
2824
2837
2651
2832
2833
3099
2656
2838
2801
2715
2962
2663
2848
2894
3477
2838
2852
2853
2671
2854
2770
3156
2931
2870
2871
2697
2851
2874
2918
3008
3243
2888
2901
3019
2896
2684
2746
2891
3454
2892
3002
2812
2888
2900
3181
3066
3274
3343
2691
3127
3551
3319
2998
3345
2914
2932
3181
3107
3637
2897
2930
3406
3375
3389
3528
3574
3647
3561
3578
2727
3449
2779
3179
3328
3056
2903
3030
2938
3186
2876
2904
2886
3612
3493
2953
3054
3585
3159
3444
3324
3301
2866
3165
2936
2998
2945
3175
3085
3215
2914
3011
2822
3035
2834
2836
3099
2820
2903
2938
3133
2855
2858
2860
3185
3263
2890
3266
3311
3071
3054
3579
2988
3182
3222
2970
3370
3197
3356
3380
3290
3176
3175
3128
2999
3302
3093
3229
2965
3010
3011
3224
3138
3060
3042
3182
3071
3014
3054
3100
2983
3492
3201
3001
3103
3144
2969
2986
3048
3131
3022
2988
3132
2877
3069
3122
3256
3285
3217
3256
3339
3031
3362
3292
3396
3017
3502
3203
3317
3001
3003
2989
3081
2989
3298
3020
3020
2939
3007
3084
3285
3325
3183
3022
3296
3305
3657
3083
3208
3193
3226
2939
3037
3332
3068
3244
3310
2997
3234
3299
3195
3021
2961
2957
3654
3185
3187
3026
3049
3180
3184
3335
3349
3378
3386
3072
3617
3095
3364
3320
3408
3414
2954
3250
3061
3252
3204
3388
3307
3152
3250
3160
2972
3290
3326
3318
3060
3175
3101
3058
3100
3022
3170
3027
3625
3082
3315
3202
3037
3160
3132
3168
3295
3119
3093
3182
3051
3262
3057
3112
3212
3079
3033
3284
3144
3208
3367
3418
3363
3464
3207
3072
3135
3370
3449
3323
3157
3272
3121
3174
3059
3163
3272
3347
3284
3105
3162
3235
3628
3122
3167
3244
3245
3107
3262
3124
3253
3123
3097
3211
3142
3242
3339
3090
3310
3193
3243
3233
3084
3173
3095
3374
3259
3254
3118
3159
3201
3113
3169
3321
3269
3403
3274
3229
3104
3230
3126
3227
3139
3221
3172
3232
3289
3129
3241
3219
3293
3277
3278
3177
3186
3206
3189
3178
3209
3125
3264
3136
3291
3233
3158
3262
3181
3169
3156
3218
3363
3403
3372
3444
3210
3261
3247
3157
3264
3217
3285
3151
3223
3230
3218
3364
3405
3406
3197
3213
3233
3241
3300
3336
3292
3332
3289
3163
3293
3369
3273
3273
3212
3252
3328
3246
3455
3259
3323
3328
3288
3225
3324
3263
3287
3360
3202
3418
3332
3435
3557
3220
3248
3221
3313
3280
3224
3309
3238
3382
3232
3333
3216
3261
3246
3289
3232
3288
3360
3299
3325
3225
3278
3307
3394
3451
3280
3567
3354
3361
3583
3353
3346
3249
3278
3313
3264
3253
3287
3374
3392
3399
3356
3331
3267
3319
3340
3362
3321
3343
3376
3378
3302
3347
3336
3288
3334
3379
3306
3296
3311
3329
3325
3301
3339
3366
3485
3340
3373
3308
3336
3352
3353
3360
3412
3306
3354
3676
3323
3310
3324
3326
3341
3316
3361
3461
3456
3371
3431
3441
3384
3393
3414
3333
3380
3338
3651
3340
3359
3347
3348
3353
3417
3398
3457
3348
3466
3386
3399
3390
3357
3408
3467
3404
3413
3361
3398
3377
3359
3373
3424
3368
3368
3413
3428
3415
3425
3409
3423
3378
3420
3467
3433
3438
3428
3376
3390
3407
3380
3411
3450
3417
3632
3446
3450
3387
3400
3387
3430
3411
3422
3391
3422
3408
3402
3437
3419
3423
3434
3435
3443
3456
3401
3445
3401
3436
3453
3409
3433
3411
3427
3429
3442
3438
3439
3454
3420
3461
3441
3413
3442
3421
3465
3427
3431
3432
3573
3463
3459
3460
3438
3440
3436
3440
3441
3452
3453
3459
3436
3458
3437
3455
3458
3445
3440
3459
3447
3464
3460
3450
3462
3466
3458
3453
3457
3663
3460
3461
3603
3464
3465
3467
3469
3471
3472
3482
3472
3484
3477
3478
3485
3485
3486
3486
3481
3484
3491
3496
3497
3497
3498
3495
3502
3685
3506
3520
3504
3515
3516
3510
3605
3694
3503
3695
3523
3672
3564
3522
3644
3684
3540
3540
3683
3521
3619
3633
3554
3564
3518
3568
3525
3691
3568
3530
3523
3609
3613
3646
3695
3561
3639
3649
3615
3691
3616
3673
3566
3624
3625
3623
3628
3629
3629
3594
3631
3632
3687
3608
3681
3624
3637
3620
3679
3643
3644
3650
3621
3616
3651
3651
3652
3652
3653
3655
3655
3657
3623
3660
3660
3661
3662
3664
3662
3665
3666
3667
3667
3668
3669
3668
3669
3670
3671
3674
3676
3684
3677
3685
3639
3607
3636
3673
3610
3680
3635
3670
3634
3671
3613
3686
3686
3600
3602
3683
3601
3599
3672
3689
3690
3687
3688
3690
3611
3693
3678
3675
3619
3648
3656
3654
3677
3648
3642
3682
3663
3664
3646
3656
3679
3647
3647
3682
3685
3675
3680
3678
3681
3692
3697
3696
3699
3696
3692
3698
3697
3699
3698
)


// ************************************************************************* //
