/*--------------------------------*- C++ -*----------------------------------*\
| =========                 |                                                 |
| \\      /  F ield         | OpenFOAM: The Open Source CFD Toolbox           |
|  \\    /   O peration     | Version:  2412                                  |
|   \\  /    A nd           | Website:  www.openfoam.com                      |
|    \\/     M anipulation  |                                                 |
\*---------------------------------------------------------------------------*/
FoamFile
{
    version     2.0;
    format      ascii;
    arch        "LSB;label=32;scalar=64";
    note        "nPoints:6978  nCells:6842  nFaces:24015  nInternalFaces:10195";
    class       labelList;
    location    "constant/polyMesh";
    object      neighbour;
}
// * * * * * * * * * * * * * * * * * * * * * * * * * * * * * * * * * * * * * //


10195
(
51
4995
6303
145
5908
6571
66
196
5586
6116
6838
312
825
5906
50
279
4388
300
435
4976
74
569
4639
87
453
5231
582
6088
6308
126
197
787
35
292
4868
102
919
4938
39
199
6836
163
164
1773
217
222
6219
201
539
6727
83
367
496
325
538
6161
389
410
3729
84
5048
5102
22
284
827
3746
5084
313
5652
6475
234
473
782
522
568
6697
549
976
6538
471
5747
6694
85
5835
5944
148
288
6677
424
441
6349
398
840
5451
229
239
1119
56
274
4844
253
494
6570
542
165
383
4902
265
405
6506
75
491
2581
480
5189
215
252
899
190
368
979
93
545
5085
831
4743
5158
116
471
6287
209
260
3756
192
911
5362
55
70
4962
243
445
6098
146
440
56
4890
5158
5587
113
308
6043
76
115
5217
77
341
505
4884
3228
89
358
6549
128
958
6732
842
5286
6837
255
270
5093
374
672
6443
115
401
658
384
850
943
193
541
4893
336
459
6718
616
4864
187
194
5041
70
588
6347
268
409
1341
828
141
204
276
143
203
277
222
561
6824
530
5202
570
3689
718
959
298
4849
124
963
5077
915
6109
6473
98
273
6593
92
414
897
174
523
6615
689
5324
332
6797
396
928
134
625
5349
695
4772
117
2200
5592
693
6761
177
5045
5263
284
285
1121
5211
5554
5262
5354
110
826
5938
167
471
5237
450
504
6714
138
410
5641
1047
6661
798
6065
6548
4807
6282
6503
359
475
1008
721
6015
147
2227
5581
354
462
2556
144
861
5910
170
765
5091
673
841
6335
378
5339
5904
5049
6340
6394
961
5770
231
942
6487
150
279
727
4908
6756
214
5228
6497
5154
5497
6510
252
4925
300
644
5794
122
164
918
407
5499
6368
250
531
6234
3321
6057
246
3799
4956
383
5234
703
958
6555
5159
5929
895
6209
6839
485
6104
241
374
472
169
702
6161
173
6200
6509
235
5171
5840
4967
6463
6662
5612
5822
529
5742
6514
173
5578
5591
618
5548
5582
676
5776
242
895
6309
325
488
704
185
6260
192
230
5713
186
6822
448
5221
178
729
274
5180
259
5064
366
5307
216
515
689
4973
6356
376
384
960
487
726
5853
365
5880
5895
406
776
6560
552
5210
6149
247
271
6152
358
6612
6795
566
5656
5758
694
4706
5485
161
5196
5560
663
5448
213
902
6059
637
2004
4086
606
5292
295
311
310
254
2515
5088
4959
5366
470
508
296
411
977
281
5051
5100
6097
5172
6584
399
716
6222
212
603
5297
5916
4971
5578
600
6200
6599
315
694
6501
208
4897
6134
4908
4983
6425
308
713
5830
189
352
5247
772
6324
770
6326
397
611
629
710
2207
5430
6481
707
711
397
579
612
5169
5204
5736
521
849
361
517
2959
884
5036
550
877
237
893
6090
5042
6498
404
646
5004
5442
5951
5188
5451
6231
558
5679
562
5678
223
527
343
633
4912
349
681
3872
5264
5357
3760
5782
234
947
5116
5027
5347
6763
434
4853
5358
5409
676
5074
682
843
669
710
5278
5718
225
5164
6047
325
2104
5326
929
5559
6484
226
605
769
5953
853
4855
444
687
4616
4855
5883
4900
6374
528
647
6819
263
909
6829
984
5746
709
5829
5710
5749
238
984
5311
368
4763
6035
5496
5540
6635
344
815
5683
5993
6229
5414
5530
5080
5672
316
683
4879
415
6334
5614
6522
622
5745
450
5381
6288
609
6416
6835
5138
5781
4790
391
4791
262
371
6096
387
6360
429
1574
5501
1011
5963
6657
637
6153
356
5437
294
427
5420
571
630
789
425
628
5907
293
5063
5078
5090
280
814
6793
5218
6812
441
553
621
5558
531
6600
388
2126
5603
412
5720
5338
5636
487
5145
6701
319
5094
458
935
438
964
3024
6752
6841
567
671
857
6023
6022
356
5117
6280
4023
631
6771
491
5851
307
334
5110
372
401
657
1033
1092
5909
693
5417
6781
318
369
5225
5839
6028
299
5513
5784
779
5005
6821
457
5207
5331
4985
5565
5419
5472
5127
5364
424
5942
484
4724
305
5393
5665
715
3989
1083
5572
5074
499
4945
5336
446
524
4723
930
935
6244
641
6403
6613
5539
6079
592
647
6622
5115
6156
366
597
5528
6021
5139
6016
5193
6018
468
6735
5684
5725
4786
5614
6209
377
5994
888
5033
5333
6693
6798
5523
6494
5481
6765
377
522
6517
480
5301
6549
971
5604
6433
351
5057
6373
442
5266
5585
675
5725
5759
390
634
4811
392
5105
5642
488
5027
5109
389
435
676
513
5244
5280
5188
5671
5101
5148
6337
352
3348
342
5163
6642
5725
6703
380
648
680
709
4899
423
5044
6440
662
993
6072
4845
5358
454
5847
5677
6085
474
5761
535
5113
5371
529
913
6566
617
874
5524
452
4702
5709
767
4977
985
5706
6350
5914
6401
5552
595
953
6067
5178
5196
4938
5171
6741
5789
628
722
5308
6710
781
5702
461
671
802
695
2236
969
5465
6628
378
5460
5893
738
948
1692
5660
6379
4815
796
5492
540
395
5426
427
819
6146
5038
6650
852
2273
600
6742
6825
6621
494
955
6621
5062
5342
5976
5853
771
917
1925
4824
4874
560
4866
4940
432
5159
5192
3506
5825
490
4917
5918
610
682
1032
5803
5898
763
5147
5575
5046
5223
5144
5801
5104
6192
656
6209
6681
640
818
2094
5197
6817
799
6553
967
931
6240
753
5864
611
612
1854
1484
414
687
4972
426
4955
5881
5442
6814
549
5828
6115
6390
623
5841
5263
5876
6226
5055
5862
5125
453
780
5439
5443
807
5007
5421
4559
728
5350
860
4971
5366
608
4857
4871
966
4970
6454
511
770
6190
599
663
6061
512
772
6186
5376
5735
6257
548
5988
5121
6092
570
5925
5128
795
5218
5557
5146
5355
769
4970
5303
556
683
748
1760
6482
601
1112
6077
777
3182
6476
5030
5718
6823
5429
6715
6838
664
5780
778
2204
5156
4861
5419
6643
756
5797
507
814
969
524
5322
5570
5893
725
791
706
1361
4913
454
5220
564
674
756
6753
742
6081
6288
639
6013
1052
5162
624
688
731
626
2215
6055
5255
5519
5144
6274
688
6297
615
5365
5695
551
808
5146
5855
598
5804
6573
5276
6400
6620
705
909
6830
531
5099
6457
654
992
2452
6251
6840
514
794
4780
489
5706
955
5550
5252
6158
5652
6737
5588
5633
783
6300
6338
5442
6298
6568
636
5048
6006
717
747
6178
6464
600
645
5283
592
982
5771
575
797
4813
576
4812
914
5586
737
951
5183
6589
6763
6656
818
5260
5095
752
5142
5175
4814
6173
6746
5948
4907
5325
6538
515
5233
712
5192
5695
983
6465
6746
1000
6196
590
5172
6412
669
5903
6794
5718
5781
6562
644
5015
5542
5801
6030
990
5412
567
660
817
5283
6742
642
724
5866
5948
886
5629
5917
5344
5634
5343
6805
4955
5130
849
5349
629
697
4484
6182
4997
5256
734
1009
6238
565
5227
6556
582
740
6408
4780
5858
5263
5268
5957
4676
632
5400
5881
785
3748
5611
852
4825
5521
6564
6831
652
5203
662
5151
5614
655
745
941
793
847
6419
579
5848
5739
6023
5740
6022
702
5375
554
6768
5559
6526
802
937
5363
5613
4132
4785
5949
556
591
677
5150
5772
692
893
5213
808
4949
5189
720
5643
6635
555
1029
620
937
6072
6555
5449
5698
5069
5274
869
887
655
4801
6496
6805
4791
723
796
5324
992
5936
845
6821
4790
564
5223
5321
5249
5028
5270
806
6529
808
5045
5864
5635
5750
5130
862
954
927
5490
6319
5240
6730
6780
773
5445
6318
583
824
584
887
586
4795
5092
589
674
5797
5114
653
6104
6339
677
748
1512
5663
832
4854
833
4833
634
834
4853
836
4828
685
837
4849
838
4865
839
4841
6314
6721
941
5773
6610
757
6713
758
6712
6355
6569
927
5230
5783
6594
6615
846
933
4987
5631
5334
5543
983
4814
5589
5028
6151
657
658
5303
5384
659
4901
846
5788
6514
640
5686
5139
5368
844
900
3218
2008
690
5171
6115
701
5031
6089
630
5464
5167
6068
4874
5435
636
6722
774
3732
6540
4770
4949
2600
6375
5347
5462
5708
5870
5728
6542
790
794
5390
5536
905
5346
5733
6065
6000
712
848
6646
5925
6124
746
6125
777
4801
5535
6659
643
918
691
6224
6437
5682
5753
4758
793
6776
995
4610
966
5810
5606
5715
6759
4898
5804
6820
4914
5391
1791
5088
5610
776
5297
5369
755
5534
5919
5222
5473
5901
6409
785
5271
4879
5015
5794
4825
4842
5013
5104
5189
5946
932
959
5441
6149
1492
665
5040
1004
5461
804
4800
5152
981
5892
6052
906
5065
5068
6652
5465
6466
6832
2733
746
6140
4787
6013
5717
5629
6629
4941
5106
5177
5749
5257
5296
5699
681
5713
6169
4925
5034
732
6025
6358
715
5215
4993
5799
6719
4587
6417
6310
5369
5544
5783
6249
5827
5856
949
5653
780
790
5169
5834
5506
5654
765
830
6588
946
4921
5024
801
5752
6827
5564
6037
5374
759
6152
5877
6775
5549
6650
4988
6048
924
925
745
926
5359
6290
6138
5026
6035
5968
6391
6729
735
4770
4989
4992
6242
6278
5958
6062
932
5153
741
5634
5826
5607
6579
5325
6614
744
4960
5136
5814
6389
6443
868
4767
5460
5892
788
4890
5327
6400
5591
5803
933
5351
5933
842
6388
6121
6215
936
1668
5527
5690
5727
937
938
4919
5664
6176
5498
6026
5313
5609
766
5014
5131
6186
6667
4815
6190
6241
6647
899
4965
5219
956
2544
5964
974
5656
6243
3262
817
857
2299
816
5568
6648
4810
5317
5704
4952
5168
5045
5584
916
921
5797
912
5076
5267
6016
6018
935
5210
4873
5296
5356
864
4896
5571
972
4801
5343
3859
5208
973
5344
5589
5706
5526
5532
4899
6033
5679
6647
6822
5810
5962
5312
5635
5961
6553
6624
5467
5842
4750
5098
5981
5916
4942
5742
6342
5069
6153
1030
786
997
5340
6206
6263
6527
892
6488
6840
5272
5545
6007
871
954
813
875
876
5118
5984
873
5322
5102
5655
6708
6588
6058
6393
6530
957
5269
5871
6102
6409
5752
6785
5069
5088
6768
5666
5889
5302
804
1040
4779
934
2397
5170
5567
5832
6390
4948
6514
909
5766
5424
6099
6809
5699
5786
6673
4935
5060
5821
4813
5836
6366
5395
6670
5446
6440
4877
5259
3579
5515
975
4873
4947
5238
5456
5533
835
959
5986
5328
5990
6734
4809
5531
5663
6088
2845
6372
910
5909
4963
5070
5010
5422
5820
6776
6804
6150
6479
4881
4885
4880
4883
4882
4887
4884
4886
5671
6428
6537
6552
5399
844
4965
6039
6057
6325
6566
6296
6445
5424
6689
967
5342
5949
945
5454
6354
968
5979
6180
5655
5738
5917
5020
5977
6831
882
5138
6456
2813
912
940
3855
5378
5737
6152
5873
6775
4829
4867
4858
4859
4831
4868
5743
4840
4847
4823
4827
5757
4822
4846
5507
4834
4844
4890
4848
4860
4833
4836
961
4839
4850
4819
4858
4850
4856
5770
4852
4860
4824
4827
4832
4834
4838
4859
4819
4836
4821
4847
5724
4820
4829
5868
4843
4863
5389
4743
4945
5361
4420
5685
888
2943
5941
2914
5719
965
1960
5050
5416
6291
977
5646
986
4924
5009
1004
4927
4939
5604
6336
6461
914
6116
3801
4994
5564
5728
943
5032
5184
5541
5053
5250
5445
5769
1010
1031
4756
5306
5610
6727
4845
4957
4840
4957
5806
5666
5780
6384
5838
5919
5033
5034
5542
6030
6468
931
947
5252
3814
5208
5984
6076
4796
5874
5977
6251
5240
6838
5585
6250
5334
6032
6325
6762
6786
4851
5017
5863
4841
5017
4865
5035
5703
4820
5036
5438
4911
5648
988
5089
989
5793
6276
5830
6204
5889
5992
6030
6274
6172
5300
5788
1039
4915
5072
6539
991
4893
1047
5839
6576
1869
5075
6307
6294
6791
6309
981
5027
5745
5459
5556
1003
4889
5253
5390
6029
6480
6757
1013
4805
4869
952
2357
1005
3275
5754
6329
5968
6516
4904
5525
998
999
5737
4511
5427
5157
5037
5234
5819
5292
5785
6384
4888
5264
5582
5848
5168
6180
982
5287
6487
6609
5798
6099
5798
6053
5799
6585
4773
5195
3271
4782
5325
5840
1007
5236
6483
6623
5488
5648
1046
4789
4793
6051
6793
6618
3717
6343
6770
1035
4781
5373
5618
6071
1015
4931
1016
5625
4795
4882
1019
4981
5179
6357
6409
5437
5882
6765
5014
5091
997
1008
1121
1142
1024
5136
5420
6146
4934
6303
1010
1011
3294
1003
1014
2067
2690
4911
4778
5239
4910
5122
5674
1029
1030
1033
1012
1018
2421
2800
1017
5443
4889
5047
4738
4892
1036
1037
1038
5483
5690
5890
1020
1027
1041
1042
6083
5133
6337
6670
1064
4753
4759
1031
1032
1193
1043
5937
5408
5469
5890
1039
1040
1915
6082
4681
4737
4742
5670
4997
1300
1986
5387
1035
1048
3473
3158
4734
5329
1053
1054
4773
5348
2483
1560
1055
1056
4733
4918
1057
4761
1049
4712
4720
4774
4776
4806
4782
4953
6579
1097
4783
1097
4713
1091
4714
4719
4655
4709
4711
4693
4724
1058
4740
4707
5001
4706
4990
1059
4736
1060
5018
1061
4710
1062
4708
1065
1066
1069
4608
1070
4606
1067
4596
5750
4738
4760
4683
4766
1071
1072
4639
4640
1078
4635
4653
1075
4600
1076
1077
1080
4685
5147
5205
4607
4629
4637
1082
1967
4764
1087
1088
1090
4633
1089
4726
1082
4677
4632
4642
4667
1092
5508
4644
4652
4668
4670
1084
1086
1085
6041
1095
1096
1093
6045
1099
4666
1098
4613
4636
5945
1101
4662
4712
4716
1103
1094
1096
5408
6147
4716
1107
4627
1106
4617
1104
4577
5334
1108
1109
1104
1105
4483
1111
4692
1112
4588
4589
1115
4581
1116
4580
1118
4646
1117
4592
1113
4095
5510
1120
1121
1124
4578
4579
1122
1123
4171
1125
1127
1126
1157
1128
4678
1129
4594
1122
1289
1142
4599
3558
1124
4483
1289
1183
1184
1182
1185
4574
4619
1191
4603
1192
1193
1146
1148
3519
1153
1154
2239
1160
1161
3292
1162
1164
3786
1135
1158
2962
1138
1865
1165
1166
2064
1147
1238
5631
1139
2664
1140
2674
1141
3331
1143
3856
5615
1144
3554
1145
3651
1172
2395
1147
1214
1998
1150
2122
1157
1290
4576
1152
1998
1178
1179
1892
1160
1359
1166
1324
1161
1359
1163
1195
3130
1169
1171
1269
4643
1165
1324
1187
1234
4984
2437
3302
1838
5448
1167
2886
1238
2736
2366
3302
1168
2568
1175
1806
1189
3177
1173
1217
4026
1187
1240
1178
3900
1177
2389
1180
1200
3659
1212
3016
1189
1196
1236
1206
2652
3429
1195
2108
1205
2205
1186
1237
3124
1592
4585
1288
4575
2021
4586
1287
1290
1257
4073
2633
4258
4498
4540
3379
1234
1240
1391
1295
6054
1300
4628
1317
1199
1218
3374
3900
1200
3647
1243
1245
3477
1261
3978
4503
1504
4516
2125
1230
1294
1303
1221
1262
2703
1219
1304
3439
1241
1263
1302
1246
1437
1228
1396
1216
4085
5396
1287
1592
4532
1225
1276
2023
1211
4118
5411
1232
4005
1243
1515
1222
1264
1980
5229
5821
3819
4469
4508
1241
3746
1224
3654
1229
3194
1280
2285
1223
1227
3848
1233
2637
1252
1263
1235
3971
1232
2683
1239
3697
1252
1302
3029
1265
4019
1231
1764
1257
2711
1231
3639
1566
4440
1251
2321
3436
1254
1929
1269
2930
1304
3604
6061
1266
2831
2478
4123
1253
1258
2293
2286
1288
2021
4542
1262
2931
1291
4000
1312
1373
1563
1259
1326
3770
1260
1303
3866
1271
1296
3081
1316
1684
2597
1267
3416
1332
1351
1309
1319
1325
1307
1936
3271
1388
1259
3427
3522
1278
3369
3054
4544
1515
2102
1350
1403
1294
1566
1319
1887
1275
2188
1352
1883
4051
2068
3719
3721
3946
1274
4110
1957
4051
4431
1370
1388
1614
1286
3415
1314
2240
1291
2007
1404
1504
3362
1285
3572
1293
1381
3729
1373
1860
1298
1349
2958
1327
1692
1744
1298
1403
2671
1522
2015
2520
1365
2358
1550
1706
1623
1628
6120
4195
4297
1612
1663
4341
3250
5125
3369
1749
4661
1351
1674
1387
1482
2536
1835
1388
3194
4193
4999
1312
1402
1727
2118
2084
4353
1357
1571
2139
1332
1674
2782
1670
3957
1406
2434
5085
1559
2277
1436
1540
2382
1336
1339
1519
3984
1333
1344
3432
1378
1421
1335
1670
5716
1339
3335
1600
4597
1443
1960
4894
2759
1466
3530
5886
1322
1425
3928
1518
1605
1344
1552
4152
3422
1433
3718
1328
2265
2158
2477
3162
4063
1410
1976
3933
1348
1689
3623
1366
1447
4120
3074
1352
4364
1722
1730
3858
1607
3840
1572
2247
1588
1741
3927
1347
3165
3846
2365
2117
3836
4043
1493
3882
1443
1485
2262
1376
2986
4548
3916
1553
1726
3948
1439
1941
2045
1751
3791
2283
4064
1357
2992
1835
2284
2623
4361
1596
1680
2237
1751
1831
2890
1542
3614
5731
1424
1493
2379
2133
1699
3888
4176
3574
1629
3847
4098
1483
1927
1477
2491
4688
1380
1497
2920
1445
1448
2345
1405
3701
2040
3928
1413
1827
2882
1475
1582
3596
1407
1449
4270
4073
4416
1503
1560
3409
1710
3792
4916
2850
1409
1878
4151
1456
3571
5184
1593
3531
1685
1761
2255
1432
1561
4503
4525
4543
1837
1946
1522
3802
1452
2222
4119
1396
1566
2928
1496
1949
4033
4307
4504
4509
1471
1588
2780
1793
2245
1621
1853
3247
1599
1836
3794
1495
3668
1478
1619
1919
1406
1780
2272
1467
1651
4728
1551
1841
3510
2743
1476
1512
3048
1686
1732
2052
1440
1850
4758
1490
1650
1985
1474
1657
3559
2382
2537
2597
3747
4523
1528
2412
4006
1590
2075
1432
1454
1516
1899
4147
1827
4220
1426
1710
3605
2101
3050
3611
1608
3235
1455
1840
4061
1778
1970
2330
1520
2444
3320
1627
1698
1721
1473
1735
2795
1682
1713
3225
1513
1795
3246
1454
2609
1871
3215
3766
1703
2278
4909
2095
2185
1447
2822
1966
2049
1453
3739
3936
1459
1707
1744
1441
1969
3573
4531
4552
4566
1562
1583
3657
1656
1887
3073
1457
2818
5023
1546
2220
4167
1766
2769
1912
4090
1533
1572
2755
4100
5704
1967
2051
2138
3065
1765
3742
4474
4174
1678
1694
4136
1755
4573
1638
1736
1795
3607
2047
2644
1752
3372
1567
1598
2182
1766
1800
1867
1855
3820
1813
3775
3070
1698
3323
1968
3161
2006
2467
1532
1813
2772
2158
2566
1718
2326
5626
1777
1890
3650
1523
1999
2600
1530
1697
4038
4462
4489
4491
1626
3230
3354
1906
2180
1524
3758
1508
3060
6032
2695
3487
4246
1633
1777
3455
2043
2447
1823
1862
4089
1951
2648
1652
2860
4154
4436
2019
2407
1926
2221
1758
1858
1568
1607
2369
1545
1861
2203
1594
1990
2534
1636
4966
1809
2546
1931
3330
2124
3720
1489
3506
5234
1641
1854
3062
1664
2555
3146
3014
3582
1956
2063
1561
1807
2240
1604
3179
2501
1498
2100
3080
1782
3008
3656
3982
2189
4094
2010
3382
1709
1756
2109
1676
4007
4013
1555
1569
3588
1549
2398
2672
1915
2650
2564
1595
3333
6207
1547
3876
5386
1521
2153
2666
1925
2572
1518
1787
3420
1541
1784
3953
1771
1849
5687
1921
1978
2344
1683
2140
4117
2480
1545
4242
1557
2038
3186
3191
1684
1884
3783
4105
3466
3888
4413
3480
5449
1569
4765
1617
2137
2636
1660
1978
2291
1548
2496
5651
1792
2175
2207
3324
4943
1797
2833
1791
2334
5306
2002
2238
1746
2558
1927
2218
5741
1700
1717
2824
2413
3154
3401
1843
1903
3587
1576
2119
3346
1584
1752
3611
2832
3181
1889
3411
1921
2019
1661
3211
3224
1868
2470
2870
1821
3055
3854
2154
4031
2710
3484
3366
5371
1843
2025
2465
2815
3349
3930
2171
2689
1735
3780
3889
1721
3868
1774
1784
2565
2333
2525
2009
2270
2313
1761
2018
2988
3904
3488
4942
2411
2808
1616
1739
2614
1783
2631
3789
1791
2515
2187
2938
1627
1701
1834
2811
1682
3017
3589
1816
1975
2744
1763
3131
1798
1810
3238
2830
3280
1786
3481
5855
2146
4113
4566
1755
2844
4568
3467
3687
4249
1796
1898
3245
1762
2453
1994
2181
2177
3232
1817
1976
3239
1589
2896
3066
1659
1765
3236
3959
1965
5186
3849
4153
1801
2729
3199
4531
1615
4562
1789
3289
2200
2746
2449
4089
1870
2003
3365
2334
2387
3606
3817
1934
1986
1667
1901
3313
2393
2442
5769
3799
3983
4202
2032
2887
2053
2429
2310
2665
4460
4039
1632
4220
1721
1775
2904
1728
1825
2986
2041
3259
4697
2448
4872
1618
1714
3485
2330
3870
1947
2105
2350
2730
3925
3997
1792
2086
2314
2934
1639
1861
3334
2391
3987
1924
3834
3982
1961
4257
1869
1879
2604
2329
4279
4363
2874
3005
1939
1935
2042
3726
4375
1884
2323
3561
1679
3816
3847
2099
2300
1942
3509
1803
3619
4649
1894
4028
4371
1790
2318
2523
2689
3603
2344
3923
2552
2645
1750
2135
3290
2008
2956
1711
1866
4876
1651
2875
3213
1648
2089
5409
1737
2452
5185
1655
3173
3301
1734
1754
2657
1852
3015
1924
2129
2816
3033
3152
2771
2196
2503
2429
3928
5474
1933
3152
3219
2926
3456
1821
3597
3320
3846
1662
3254
4003
2243
2428
3798
4114
2061
2855
1997
2509
1936
4111
2552
3883
1847
3143
4341
1953
4040
4412
2192
3086
1723
5241
1772
2369
4077
2734
1731
1818
1908
1875
2087
2636
1948
2653
3097
4025
1716
2170
3431
2162
4312
1871
2034
3726
2329
4381
2254
2322
1862
3548
1738
2244
2500
2992
3634
4129
4012
1889
3501
2307
3540
3750
4018
4060
1828
3267
4135
2292
4284
1891
3184
5458
1740
3004
4488
4473
1983
3815
4029
2343
4014
1753
1855
3550
2584
2880
3137
2233
2776
4146
3885
4405
2007
2911
2402
2639
1711
3126
3735
1769
3592
1712
3260
5503
3383
3763
4793
1808
3216
3967
4998
1742
1747
2835
3610
4047
2027
4804
2397
3684
1909
4017
2175
3272
1874
2493
2954
2182
3665
3079
3784
3465
4016
1881
1964
5142
1873
2593
3807
2595
3220
2048
3655
1845
1876
3264
2093
2345
3954
3603
3864
2808
2918
4512
4537
2315
3578
3805
4096
4203
2641
2774
3766
3973
1770
1781
4211
2050
4008
4256
1958
4222
2163
2267
2950
3592
2790
4462
2372
2643
2043
4112
1992
2852
2639
3583
4136
6029
3544
3687
3768
2194
2247
2745
3149
1822
2658
2848
2436
5095
3702
3736
4427
3947
2506
2624
2271
2846
3954
2143
2810
3694
3733
3926
1822
3251
1826
3056
3524
1785
3000
3718
1795
3741
2103
2541
2389
3529
4714
4140
1993
3991
4061
2228
3153
4556
2058
2377
2097
3685
1893
2757
2308
3018
3351
3653
2517
3818
2799
3094
3925
4293
5365
3725
3521
4211
3284
3557
4631
3764
3886
1829
3624
2059
3898
2762
3893
3012
2319
2985
2157
2556
2053
2074
1914
3175
3712
2016
2115
3642
3759
2340
1833
4901
2755
3774
3931
2202
2978
2223
3999
3436
3668
1932
1995
3341
1819
2591
1948
3637
1911
2848
3457
2088
4173
2305
2809
3208
2067
3907
4754
1857
2286
2230
3908
2090
2599
2664
3331
1919
3251
1859
2955
3842
1820
1850
3176
3754
1905
3963
4087
1846
2852
3693
1824
2440
1977
3381
3778
4169
2876
2965
2027
4991
3276
3845
4164
4390
2573
2794
1916
2367
2944
3843
3960
2891
3097
3508
3521
2012
3493
4052
2618
4303
1975
3626
4204
1904
5104
3042
3583
2133
3196
3903
2471
3790
2705
2836
1927
3331
3554
3769
4318
3233
3467
3828
3945
4034
3738
1848
2295
2814
3056
4139
3188
4002
2448
2641
3517
4219
1900
5161
2094
2075
3788
4071
1943
3098
1866
3735
3110
4476
2287
3823
4107
2886
3204
2305
3913
3229
4043
2226
3984
3883
4143
2232
3645
3841
2328
2804
4977
2281
2366
4197
2738
3425
2791
4096
2608
1873
4234
2460
2481
3767
3950
3627
3286
3555
3919
3997
3661
4060
2640
3975
4132
2055
2132
2802
3855
2203
2380
3334
2077
4467
2231
2267
5569
2839
4126
2490
2092
2250
2553
1988
2563
5390
1930
1907
3688
4275
1952
2038
4216
2152
2216
2331
3203
2260
2461
3885
4032
1946
3621
3995
2062
2397
4703
2465
2513
4040
2393
5250
4156
4215
2079
2260
2159
3181
2348
2799
2849
2388
3285
3491
5729
2857
4302
2116
4127
4021
4121
2448
4247
3781
3910
1973
2219
3166
2072
2468
1945
3570
2272
4179
4280
3713
3923
2150
3542
4492
2535
3321
6254
2798
2806
4278
4190
2489
3461
6101
5254
2883
3266
3468
3744
4066
4236
1949
2210
2167
4690
1956
2569
4017
2358
2412
2252
3697
2005
2273
2673
4050
2869
3910
2028
4027
4582
4641
4788
2473
3675
3760
3250
3444
5644
3323
4759
2298
3259
4443
2770
5768
2022
3011
3038
5969
3410
4111
4209
3505
3640
4295
2351
3054
2616
3899
2141
2664
2962
2877
3780
2035
3710
4080
4135
1967
2451
4677
3600
3837
3892
3781
4470
4485
2355
3741
3386
3418
3724
3539
2511
4101
2018
2161
2312
2276
5412
5476
3127
3185
1982
2756
3209
3792
2326
5541
3959
4289
2123
2906
2199
2837
6194
2167
2716
2943
3448
4995
2108
2915
3203
4224
4036
2110
3933
4150
2543
2748
4784
3814
3859
2315
2318
2536
4230
6177
4192
4248
2415
3488
4016
2000
3610
3437
2072
3109
3830
2215
2400
3136
3494
3793
2586
4065
2395
2424
3115
3727
4161
2719
4030
2011
2367
3692
3979
2188
2293
3326
3229
3836
2736
2962
3422
2594
2752
2053
2521
3423
2842
3775
2557
4394
2515
2941
2647
4028
3672
3839
4227
2136
3624
3685
2125
2577
3442
3542
2652
4026
2016
2128
3495
2129
3278
3279
2129
3834
4442
2183
3506
3759
3501
2458
2091
3540
3564
4570
2208
3618
2030
2911
2326
2721
2778
2090
3285
2206
3073
3373
2174
3475
4593
2148
3108
3691
2831
2841
2494
3440
3555
2709
4987
2189
2655
3072
2234
4350
2803
4380
2277
2759
2983
2467
2490
3263
3813
2354
2817
3404
4417
6197
2160
3708
2347
3965
2229
3364
3696
3845
2121
4004
2071
3406
3569
2071
4540
2977
6107
3057
3454
2425
2858
2088
3176
3562
3616
2471
2541
2920
2646
4964
3242
3806
3833
2084
2677
3669
2532
3433
2868
3065
3479
4132
5846
2242
4041
2454
4450
3378
3994
2919
3020
2429
3423
5298
2229
2438
3046
2635
2360
2478
2116
3362
3498
3123
3377
4158
3535
3666
2445
2641
3341
2209
3504
3947
2246
2810
3025
2605
3771
2279
2603
3486
2659
3210
2553
2559
3005
2112
3064
3394
2258
3323
4753
3019
3717
5080
2505
2777
2866
5881
2251
3673
2394
4191
2451
2818
5987
3206
3581
5933
2566
3967
3548
4007
4917
2239
3574
3690
4691
6187
2812
3362
2196
2409
3187
2191
3880
2360
2930
3947
4368
3746
3814
2261
5146
2419
4273
2638
3643
2388
2727
3365
3912
4189
4404
2886
2246
3938
2275
4156
2339
3347
4056
3689
5279
3285
3365
3627
2263
2442
6183
4065
4087
3747
4087
4442
2760
4182
2332
4458
3163
3316
5952
2163
2375
2379
3574
3451
3870
2130
3428
2930
2284
3514
2158
3347
3438
3289
3567
2796
4308
3171
3635
5767
4068
4895
3514
3240
3623
3658
2513
2815
2649
5114
2290
4293
2249
4305
2410
3787
2826
4093
2546
2600
3110
3218
5533
2838
4010
2343
2953
3400
4084
4292
4335
3011
4076
2334
3310
5580
2327
3700
3155
3599
5362
2282
3715
3248
3609
4732
2449
2856
2964
4290
2299
5029
2435
2501
5198
2686
2740
4309
3482
3516
2726
2994
2396
4699
3223
3818
3196
4422
2770
2281
2899
2998
2453
2791
3170
2441
4618
4663
5650
2658
3457
3520
2918
3164
3188
2486
3653
3156
4296
2622
3875
5691
2351
2952
3643
2423
3576
2342
2254
3224
3507
2353
3405
2948
3355
3981
2602
2952
5266
2270
3498
2316
5046
2941
2468
3582
2592
3257
3756
3480
3882
2408
2942
3745
3410
3840
2609
3593
2335
4408
5623
2433
3470
2591
4140
2537
3620
3984
3263
3419
2430
2937
3635
3649
2310
3118
3399
2318
3109
3578
2878
2913
2800
3145
3579
3938
2607
2754
3671
3663
5008
3570
3647
4023
4973
3025
3059
3580
2431
3518
2864
3873
2488
2834
3309
2292
2967
3217
2977
3629
5355
2622
2645
3275
3093
2717
3034
2231
3600
4138
3077
3667
2731
3608
3745
4252
2716
3511
3241
3740
2534
3045
2417
3269
4179
2366
2899
3020
3680
3698
3177
3515
2625
4549
4200
2288
3157
3571
2317
4056
2416
4059
3564
4375
2463
2650
2729
2610
4772
2391
2722
2882
2990
2902
2510
3136
3309
4067
2349
3565
2338
3742
2670
3716
3491
3533
3476
2490
2925
2961
4546
2921
3080
3282
3707
2942
3891
3633
3705
3395
3986
5383
4098
3359
3710
3254
3920
4323
2396
3067
3645
3352
4061
3063
3222
3350
2526
2708
5178
2741
3539
2944
3471
2556
2836
2923
4152
4180
2426
3560
3999
3553
2364
2903
3158
2373
3821
3838
3120
3035
3712
2325
5174
2320
3496
3508
3500
3517
2781
4487
2312
3433
3804
3114
4304
3538
3734
3830
2674
3452
3544
3661
4139
3859
3604
3698
2539
3686
3777
2643
3349
2737
3217
3854
3265
3523
2680
3246
3658
2753
2781
2814
6155
3478
4454
2540
4985
5363
2406
4229
4373
2317
3708
3122
3283
3541
2571
2714
3630
2528
2577
3784
2324
3166
3274
2735
3364
3723
2314
3357
3518
3675
2475
3581
2903
3318
2701
3699
5518
4623
2481
2785
2955
2588
2488
4067
2570
3833
2678
5248
3447
3543
5192
3424
5475
2400
2854
3205
3586
3360
4012
2731
2876
3269
3472
2496
5516
3384
3872
4285
4193
3595
5938
3314
3353
2651
4216
3067
3841
2991
3294
4928
3527
3729
5453
2697
3631
2516
3641
2623
3081
2709
2906
3007
2692
3701
2639
3175
2418
2559
2874
3795
2675
4660
2763
3239
3346
3353
2995
4535
4411
2411
3100
4295
2630
4141
2359
2811
2548
3684
2748
3824
4342
2622
5913
3848
2402
3127
2921
3071
3585
4175
2734
3271
5294
3032
3487
3863
3018
5632
3053
3589
2678
2523
2909
2996
2611
2508
3023
3178
2607
3085
4705
3432
4361
2718
3783
3679
4326
5280
3207
3553
2773
3391
5012
2549
2950
2432
2853
3111
2435
3826
5225
2440
3047
3831
4159
2473
2502
3357
2670
2764
2834
2408
3398
4252
3803
4232
4365
2627
3665
3363
2683
2715
4777
4905
3556
2822
3215
3973
3471
2493
2723
3077
3483
2677
3413
3481
3482
5479
3335
2602
3613
5585
3400
2953
4014
5207
3321
3795
4086
3102
3343
3817
3227
3305
2750
3104
3934
2922
3724
2487
3546
3621
2623
3825
4386
3057
3618
4091
3089
3657
2859
4272
3462
5414
3247
3556
3825
5375
2540
3028
3238
2991
5576
2476
3855
4946
2484
3605
2710
3667
2579
3755
3578
3830
3055
4199
5566
2938
3337
2612
4351
3420
3862
2545
5546
3541
4198
3886
5150
3519
2581
5688
2507
2736
2447
4316
2718
2753
3299
4204
3704
4659
5673
2873
3023
5657
2714
3797
3143
3692
2747
3224
4301
2927
3174
2840
3873
5202
3704
3748
3246
3684
4154
2555
2749
2892
2547
2998
3368
2692
2804
3272
2462
3986
2755
2807
2940
2613
2872
2838
3013
3104
3132
2606
3409
2533
2594
2951
4346
3363
3398
3587
3561
3642
2532
2549
3730
3173
4203
3970
2573
2901
3646
3756
2748
2784
3042
3616
5199
2585
3773
3447
4443
3008
2979
3009
5405
3853
3878
4286
2924
3213
4869
2538
3715
3118
4238
3027
3676
4071
2972
3354
3017
3757
3401
3358
3545
3512
4696
2698
2828
3609
3256
2985
3523
3112
3270
3808
2590
2746
2771
3159
2512
2782
3106
2706
2814
2997
2764
3066
5636
2865
3257
2922
3141
2797
3348
6156
3413
3639
2562
3459
3040
3786
3679
5244
2619
3303
3157
3416
2522
3044
2759
2831
3803
2539
3038
3477
4202
4213
2599
2843
2733
2813
2815
2849
3731
3972
3279
3421
3504
3664
4226
4493
5065
3021
3417
3425
3147
3430
3301
3412
2898
4771
5203
3382
3493
3062
3261
4348
2653
2891
3849
3134
4134
5061
3602
2542
2595
3133
2661
3694
3242
2769
3966
5124
3380
3751
2634
2863
3513
2574
5110
3189
3418
2705
2923
6048
2674
3856
3260
3391
3674
2728
3375
3924
2981
4109
4718
3140
3291
2675
2970
4221
4206
2727
3661
2940
3462
3926
3110
3469
5238
2832
2912
4159
3075
3761
3169
5313
2812
3194
2593
2900
3458
2993
3061
4035
2590
3700
3378
3757
2984
3338
2684
2715
2949
3039
3047
2784
3009
2723
3117
3867
2679
2704
2959
3659
2707
2969
5341
2616
3199
2591
3084
3112
5925
2660
2846
3981
2625
2907
3988
2702
3367
2802
3151
2821
3045
2649
2956
3329
2966
3396
2973
3316
5974
3130
3387
5078
2843
3033
4049
2609
2662
2968
2642
2677
2879
2939
3223
2738
3417
3620
3284
4914
5434
2766
3322
3127
3404
3199
3800
3295
3088
3367
2982
3464
3087
3318
3711
6205
2830
4097
2699
2897
2667
2958
2995
3125
2726
2835
2867
2776
2859
3036
4395
2801
2866
3195
2689
2909
3393
2739
3820
3449
2752
2926
2951
2728
3310
2761
2880
3313
2656
3002
5079
3061
3342
3588
3972
2772
2851
2882
3177
5888
2708
3863
2976
3598
3256
2931
4012
3531
3577
4134
5931
2681
3099
2712
3247
3569
3312
3536
5070
3389
4032
2935
3091
4118
3544
3044
4218
2765
3221
2971
3527
4262
3201
3625
2826
4926
2676
3202
3450
3412
4194
2669
3035
4389
5680
3326
3887
3053
4333
5755
3454
4091
2694
3148
2730
2992
2894
3277
3831
2948
4196
3682
3099
3288
2939
5822
2949
3266
4651
3051
4145
3370
2720
5256
2791
4104
2989
3029
2786
2795
2849
3198
3069
4802
3231
3292
3974
2960
6201
3198
3426
3529
2788
2916
3090
3598
5594
3267
4080
4168
3384
2785
3237
3767
2725
4168
3970
4183
2789
2839
2898
3139
3337
2712
3004
2798
2869
2779
3129
3851
3068
3403
2761
3939
2854
3853
3916
4452
3782
3536
5477
3002
3156
3463
3652
5330
2961
3124
3908
2794
2901
2948
2892
3344
3940
5116
5123
3326
2766
3352
2805
4063
3465
4468
3174
3460
3371
3026
3747
3964
2964
3332
2832
4064
3562
3768
3225
3021
2996
3001
5320
3290
5431
3116
3453
2758
2987
2769
3075
3129
3512
5619
3428
3752
2773
2988
3591
2765
2824
3298
3737
2772
2862
2875
2830
2855
2968
3797
3001
3325
3187
4029
4044
4047
3638
3200
4125
3537
3674
3402
4944
5093
5789
2884
2947
3086
3082
3159
2786
3381
3197
3079
3030
2913
3102
4085
3272
3490
3744
3748
3893
3317
3489
3612
2800
2875
2924
2783
3296
5245
3161
3660
2809
3037
2946
4289
3478
2983
2833
3811
3917
3435
4256
2821
2857
3244
3872
3897
3464
4797
2798
3677
2840
3076
4130
3129
3474
3566
3737
2889
3043
4283
3475
4102
3868
2932
3932
3030
3411
3648
3617
3000
3255
2929
3956
3732
4792
3212
3338
3324
2957
4253
3510
3459
3550
2932
3615
3006
2916
3572
3866
3617
4282
4906
3879
3191
2827
2947
3311
2975
2894
3047
3949
3183
2888
4182
4447
4720
3303
4225
5310
3133
3154
2905
5196
3190
4379
3402
4201
3253
3106
3300
2895
4318
3206
4221
4244
3595
3796
3051
3082
3083
3789
3696
3439
3621
3149
3235
2867
3306
3782
3093
3346
3138
4266
4065
3125
3202
3281
3344
3630
2866
3601
5400
2905
3754
3049
3192
3039
3253
3230
3282
2912
3107
3573
2929
3170
3528
3355
3901
3922
3280
3607
3296
4121
4214
3425
2979
3896
3078
3339
2908
3155
3936
3238
3450
3776
3135
3743
3029
4525
3305
4264
5732
3007
3032
3343
3606
3091
3731
3281
3765
3027
3069
3060
3183
5003
4054
2945
2990
3197
3865
3225
3910
3307
5617
3186
3430
3798
3422
3480
3473
2945
4146
2994
3992
2933
3153
2999
3669
3377
3139
3143
3980
3022
3188
5922
3111
5167
3204
5134
2999
3037
3116
3208
4159
3231
4099
3131
3397
3319
3516
3294
3273
4404
3249
2946
4277
2975
4019
2980
3172
2957
2974
4106
3107
3898
2979
5667
3405
4100
5317
5318
5470
3087
5455
5972
3653
3485
5066
3240
3167
3414
4543
3135
3537
3220
3557
3390
3371
3638
3388
3261
3058
3288
2982
3628
4347
3374
2970
3361
4668
3676
3112
3274
3216
3223
3503
4336
3070
3019
4296
4306
3128
3160
3214
3345
3026
4958
3361
4652
3022
3151
3937
5812
3085
5669
3049
3219
3248
3276
4155
3396
3107
3241
3255
3370
3055
5662
4929
4506
4564
3960
5140
3142
3844
3193
4545
3123
3517
4245
3568
3599
5043
3048
4093
3233
3452
3687
4499
3282
3015
3561
3451
3397
3293
3136
3424
3681
3725
3105
3186
3249
3301
3520
5482
3360
3700
3878
4017
5107
3628
3644
3287
3300
4021
3632
5251
6000
4538
3332
3436
5120
3968
3078
3809
4164
3463
3513
3138
4355
3502
3229
3388
3566
4288
4050
3292
3306
3210
3721
5774
3058
3534
3720
3147
3560
3329
4321
3262
4186
3635
4406
3142
3408
3414
4305
3169
4526
3144
3580
3824
3509
4287
3135
3232
3469
3479
5900
3702
4310
3397
3537
4410
3092
3180
3146
4206
4170
4485
4020
5425
3633
3106
3971
3237
3307
5595
3554
3102
3493
3408
3673
5430
3091
5247
3086
3941
3632
3236
3939
5119
3465
4500
3384
3575
3287
3608
4357
3167
3239
3253
4124
4217
3370
3531
5668
4088
3172
3477
4469
3212
3434
3424
3793
4935
3182
4208
5028
3327
3411
3813
5090
5971
3642
3234
3133
3289
3918
3509
3563
3484
3900
4001
3281
4191
4637
3361
3976
4312
3401
3530
3122
3233
4031
3510
3325
3273
3221
3406
3785
3227
4034
3484
3593
3395
3763
3254
3303
3739
4030
3190
4209
3168
3275
3344
4969
4057
3200
3532
3378
5128
3168
4131
3178
4268
4161
3439
3709
3995
3907
3781
4671
4269
6076
3393
3930
5155
3333
3421
3828
3258
3255
3440
3328
4550
3212
4024
3559
4429
3622
4036
4778
3335
3596
3405
3611
3360
3356
3184
3502
3576
3466
3463
5560
4009
4079
4140
3488
3743
4345
3400
3943
4069
3549
5103
3339
3385
3277
4049
3313
3829
3296
3615
3976
4269
4005
3245
3434
4094
4299
5817
3380
3499
3507
3627
3315
3892
3723
3580
4128
5160
3861
4461
4739
3431
3518
3607
4110
5372
5495
3513
3456
4153
3549
5385
3847
4337
5007
4319
3552
5180
3345
3302
3372
3998
5815
3283
4719
3474
5481
3958
3533
3470
4174
4954
3453
3993
3524
3597
4010
4413
3450
3525
3622
6196
3265
3707
3594
4426
3690
4930
3656
5067
3672
3532
4018
3555
3489
3332
3711
3850
4397
5311
3525
5232
3392
3525
3671
4157
3459
3961
3526
4120
4103
4635
3427
3770
4177
4508
5302
3458
4374
3896
4240
3857
4729
3475
4598
5478
3837
3901
3371
3821
4185
3308
4130
4243
5555
3998
4243
4352
4490
3682
3616
3449
4045
3875
4074
3443
4988
3342
4004
4502
3881
4276
4731
3418
4904
3630
3367
4030
3402
3753
3753
4362
3547
5950
4048
3389
5471
6009
4074
3492
5143
6002
3410
3740
4356
3428
3446
4108
3489
3832
3884
3357
3447
5924
3432
3714
4260
3354
4214
3909
5176
3737
3412
3528
3648
4254
3373
5112
4339
4062
3426
3969
3796
5837
3848
3844
3718
4529
3385
3420
3725
4113
4216
4129
3497
3515
4354
3500
3445
3778
4247
4015
3549
4260
4053
4922
4315
3711
3492
3943
4222
3604
3912
4210
3736
5352
4878
4025
3503
3454
3605
4255
5242
3951
4058
3592
3716
4980
3445
3591
3426
4274
3673
3738
3522
3985
3462
4324
3802
4932
3638
3595
3651
3807
3862
3894
4122
3812
3842
4184
4925
3458
3641
3770
3570
3772
3822
3657
4477
4417
5401
3469
4424
4052
3962
4484
3699
5587
4510
3487
4235
4037
3545
3563
4203
3582
3987
4396
3486
3563
4126
4011
4346
3612
4261
4068
3524
3558
3764
4717
3812
3579
5423
3584
3706
3629
5790
4432
4701
3490
5824
3871
4331
5599
3682
4081
4192
4300
3652
3992
3647
3822
3685
3602
3728
4398
3953
4150
4284
3675
3705
4291
3861
3681
3512
4372
3787
5472
5166
5335
3776
3992
4180
3543
3828
3990
3802
4239
3639
3825
4142
3762
3541
4092
4070
4498
4151
3560
3879
3779
4350
4514
4358
3650
5127
5480
4530
4747
3556
3899
3602
3861
3894
3640
4388
3600
4555
5746
3649
4015
5351
5054
5558
3902
3670
4144
5220
5847
3735
3594
3575
3958
3701
4173
5249
5267
5896
3917
4285
4414
3636
3742
3777
3914
3934
3758
3931
3713
3755
4008
3895
6003
4149
4228
3904
5561
3897
3932
4384
5068
4045
3699
3996
3994
4169
4654
6191
3986
5911
4265
3744
4076
3704
4642
3680
4934
3843
3977
4055
4457
4149
4466
4968
3655
3636
3980
5040
3911
3835
4158
3852
4088
4165
3772
4400
5675
3952
5221
3708
3949
4114
3906
4137
3906
3827
6145
4277
4316
6162
4048
5094
4000
4042
4434
3676
3788
4084
3686
3914
3760
5019
3924
3696
3734
3678
4190
3866
3695
3918
3915
4344
4166
4313
4491
5305
5796
4268
3860
3977
3710
4366
4974
5056
3771
3951
5851
3749
3878
4359
4078
3722
3727
3795
4075
4133
4297
4340
3803
3974
4099
5332
4090
3714
3975
4053
4237
4353
4008
3881
4311
4205
4081
4903
4228
4436
4198
4194
4160
4188
3913
4044
4097
4271
3730
3777
3823
3789
3774
4223
4389
4062
5736
3891
3991
3851
4154
4117
3871
4473
5609
4263
4509
3776
6179
3801
3962
4349
3829
3800
5468
3893
4902
3767
3961
3929
4178
4362
4171
3791
3867
4350
4165
3775
3991
4325
5006
3937
5640
5598
4421
3801
5856
4281
3786
3887
4227
3874
4900
6184
4368
3995
4183
3838
3877
4233
3988
4106
3827
3887
4196
4389
3895
4392
5338
3999
4038
3929
3942
4083
3941
4982
3817
3903
3852
4078
4163
3918
4303
3869
3906
4046
4069
3914
5181
3953
4534
4563
3851
3867
6130
4166
3932
3915
4806
3856
3936
3944
4035
4148
4251
4438
4187
4261
4437
4224
4105
4455
5214
3957
4330
4435
4139
4145
3913
4105
4071
4032
4405
4170
4409
4336
4125
4495
4054
4418
3985
4385
3924
3970
3940
4372
4369
5570
3972
3902
4423
4246
4066
5635
4207
5384
5071
3966
4205
4116
5608
4037
4147
4332
3895
6064
4242
4085
4123
4428
4095
4465
4219
4454
3920
3975
4250
3934
4148
4441
4279
6169
4190
4464
4148
4001
4390
3996
4014
4381
5331
3968
3996
3968
4762
4023
4291
4340
4109
4155
4240
3942
4272
4134
3944
4157
4446
4035
4057
4276
4178
4374
4119
4476
3997
4180
4333
4215
4072
4278
4430
5562
3994
3941
5319
4059
5502
4241
3950
4334
4448
5323
4309
4347
4418
3990
4265
4099
5960
4013
3983
4213
4420
4186
4430
4111
4320
4320
4036
3990
5993
4043
4435
4127
4959
4221
4542
5764
4053
4005
5113
4185
4015
3998
4106
4067
4510
4549
4124
4163
4078
4057
4348
5138
4177
4197
4045
4288
5410
4001
4302
4227
4024
4160
4329
4437
4141
4280
5491
4143
4177
4393
4047
4021
4176
4244
4208
4504
4185
4314
4457
4055
4160
4453
4122
4110
4370
4102
4184
5553
4415
4235
4112
4200
4229
4062
4251
4077
5290
4232
4461
5293
4298
4468
4407
4075
4144
4200
4054
4124
4382
4274
4122
4391
4070
4207
4251
4394
4452
4339
4167
4147
4137
4757
4212
4298
4353
5620
4322
4552
5106
4255
4419
4402
4343
4115
4248
4415
4131
4234
4290
4214
4327
4266
4297
4572
4103
4271
4210
4295
4481
4378
4301
4301
4141
4218
4532
5885
4161
4114
4378
4317
5295
4308
4433
4774
4464
4218
4250
4323
4128
5435
4261
4321
4320
4458
4265
4182
4142
4364
5374
4287
4210
4217
4226
4303
4427
4327
4363
4322
4149
4224
4533
4422
4192
4270
4318
4196
4245
4452
4299
4364
4245
4186
4349
4501
4502
4550
4259
4356
4249
4230
4199
4387
4187
4352
4481
4267
4338
4401
4238
4198
4470
4474
4275
4331
4324
4212
4439
4446
4237
5989
4383
4283
4449
4393
4419
4272
4253
4239
4257
4307
4294
4377
4243
4382
4223
4241
4235
4242
4725
5227
4341
4253
4434
4391
4332
4259
4398
4332
4276
4400
4367
4395
4263
4239
4338
4317
4384
5517
5930
4402
4343
6185
4360
4282
4377
4416
4629
4363
4439
4306
4416
4789
4328
4451
4311
4336
4380
5466
4522
4398
4493
4570
4591
4352
4407
4319
5454
4360
4373
4511
4356
4315
4395
4387
4403
4299
4283
4386
5462
4370
4428
4370
4313
4281
4445
4471
5404
4339
4471
4315
4334
4304
4354
4305
4465
4388
4368
4406
4358
4376
4875
4347
4479
4328
4475
4423
6020
4312
4524
4449
4372
4365
5697
4444
4479
4482
5506
4440
5676
5556
4440
4429
4329
4344
4371
4428
4365
4399
4451
4329
4391
4425
5879
5206
4338
4397
4472
4375
5850
4385
4384
4768
4910
4445
4396
5135
4412
4424
4383
4397
4406
4992
4379
4978
4409
6126
5695
4409
5360
4394
4431
4421
4380
5926
4401
4517
4403
6098
4467
4401
4400
4396
5563
5450
4418
5141
4414
4490
4421
4393
4403
4399
4422
4441
5055
4402
4520
4472
4444
4425
5538
4432
5226
4544
4555
4451
4438
4487
4444
4458
4536
4425
4435
4438
4434
4466
4429
4446
4488
5677
4478
4482
4450
4475
4466
4461
4475
4473
4455
4499
4715
4450
4702
4453
4478
4471
5137
4480
4486
4491
4478
4495
4583
4711
4557
4622
4535
4498
4584
4742
4476
4472
5175
4494
4506
4515
4497
4480
4500
4486
4514
4561
4484
4561
4490
4494
5808
4515
4507
4514
4507
4537
4509
4500
4528
4497
4499
4515
4730
4516
4529
4538
4541
4533
4520
4527
4546
4539
4547
4545
4543
4517
4534
4548
4539
4551
4567
4523
5062
4519
4529
4546
4530
4550
4536
4527
4553
4748
4553
5022
4538
4528
4576
4564
4541
4562
4530
4533
4554
4566
4539
4547
4553
4563
4573
4567
4568
4571
4565
4565
4551
4571
4562
4572
4557
4590
4560
4558
4673
4572
4560
4571
4579
5149
4621
4578
4565
4567
4569
4570
4573
4575
4645
4582
4583
4588
5312
4589
4587
4585
4620
4586
4679
4656
4625
4591
4665
4590
4591
4595
4596
4595
4634
4594
4602
4597
4601
4597
4604
4604
4601
5998
4684
5683
4627
4727
4602
4603
5422
4616
4618
4644
4672
4662
4749
4656
4658
4666
4752
4614
4615
5096
4614
5097
4615
5281
4617
4620
6034
5397
4640
4619
4657
4624
4626
4631
4647
4634
4638
4630
4638
4626
4648
4643
4709
4634
4643
4646
4680
4649
4637
4650
4653
4660
4669
4636
4646
4654
4682
4648
4675
4676
4658
4660
4663
4674
4648
4650
4657
4673
4667
4656
4668
4669
4671
4664
4670
4707
4722
4664
4667
4664
4677
4678
4735
4678
4674
4679
4737
4679
4674
5956
4672
4673
4694
5473
4694
4682
5000
4734
4745
6413
4685
5831
4692
5395
4692
4691
4695
5444
4688
4695
4698
4689
4690
4700
5920
4697
4704
6199
4704
4696
5224
4698
4699
4700
4701
5392
4703
5682
4723
4721
4939
4708
4710
4726
4727
4727
4729
4715
4718
4803
4730
4730
4717
4731
4732
4731
4732
4722
4729
4927
4746
4746
4744
5457
5653
4739
4755
4736
5100
4740
4749
5380
4749
4752
4754
4805
4752
4895
4897
4964
4757
6303
4745
4757
5081
4767
4748
5997
5025
4843
5314
4864
5314
5860
4762
4762
4760
4765
5246
6075
4764
4765
4920
4766
5148
5500
6454
5463
5818
4812
4784
6202
5081
5086
5457
6171
4797
5222
4797
6085
4803
5031
5428
6528
4781
5059
4802
5504
4802
4929
5200
6420
4783
4788
4803
5115
6203
6309
6001
6149
5709
5939
4872
4872
5378
5381
5467
5573
4878
5199
5689
5896
5255
4946
5792
5269
5466
5926
4982
5016
5232
5624
5852
4900
5647
4920
5523
5011
6189
5277
5715
6392
5269
5943
5300
6442
4880
5321
4885
4881
6585
6391
5013
5292
4882
4884
4996
5819
5261
5272
5260
5270
5601
5995
5216
5273
5064
4881
5262
6084
4880
4886
5869
4887
5217
4883
4885
5511
5053
4870
5163
5259
5063
5073
6090
5072
5271
5162
4928
5391
5531
5511
4953
5434
4876
5872
6259
5029
5982
5039
5359
6168
5717
5082
4894
4897
4892
5627
5833
6546
4920
4918
4954
4954
5316
5724
5874
6566
6525
4966
4966
4968
5530
4969
4969
5509
4977
5605
5621
6441
6387
4980
5954
4980
4931
5226
6583
5401
5741
5915
5124
5624
4991
5867
4991
5051
5721
6278
5047
6133
4998
5978
5841
6110
6311
5155
5985
5003
5999
5001
5187
5012
5012
5108
5001
5019
6195
5129
5298
5796
4995
6574
5417
6278
6757
5161
5692
6329
5840
5040
5601
5254
5970
5046
4944
6355
6067
5733
5661
5294
5844
5008
5742
6836
5737
6181
6251
5186
5339
6177
5143
5905
5039
5245
5680
6562
4959
6093
5103
6066
5324
5744
6257
4963
5476
5477
6087
5947
5044
5447
5547
5500
6597
5053
5322
5112
5112
6198
5833
5906
6747
6230
6354
5116
5258
5876
5916
6459
4989
4990
5119
5660
6813
5120
5440
5120
5087
6147
6275
6036
5353
6592
5134
6100
6801
5701
6806
5597
5613
6331
5536
5000
5246
5600
5044
5607
6640
5543
5951
6446
5953
6112
5180
5282
5181
5181
5059
5165
6054
6669
5191
6518
5642
6385
6001
5076
5694
5205
5209
6091
6069
6132
5678
6181
6260
5025
5393
5214
5415
5594
6019
6079
5086
5089
5494
5963
6119
6709
5179
5912
5066
5067
5357
5482
5597
5549
5551
5190
5495
6060
6512
6754
5256
6113
5187
6639
5783
6301
5216
5856
5204
5281
6014
5293
5698
5293
5156
5295
5861
6663
5194
6631
6686
6228
5475
5894
5126
5310
5310
5714
5714
5320
5319
5320
5319
6617
5426
6452
5730
5730
5805
6407
5076
5119
5819
5537
5341
5512
5341
5329
5157
5215
6110
6802
6840
5387
5396
5284
5315
5766
6679
5329
5360
5723
5519
6653
5372
5372
5380
5131
5377
5377
5966
5389
5479
5828
6392
5380
5376
5814
6722
5583
5869
5107
5965
5200
5388
6051
6237
5405
5173
5425
5812
5411
5411
5489
6649
6803
5464
6421
5498
6208
5198
6185
5253
5458
6123
5398
5342
5931
5468
5468
5474
5849
5279
6108
6276
6408
6410
5376
5761
5520
5406
5711
5148
5491
6157
6694
5291
6062
5633
6024
5502
5502
6069
6466
5508
5510
5554
5510
5787
6220
5200
5418
5154
5470
5471
5775
6273
5875
6353
5968
5161
5795
5899
5899
5995
5870
6368
5546
5778
5546
5174
6302
5682
6212
6427
5506
6107
5553
5553
5558
6036
6294
6328
5560
5185
5914
6015
6607
5239
6208
5569
5569
5570
5291
6602
5296
5383
5876
6767
5760
6702
6315
6344
5483
6140
5499
6227
6008
5580
5621
6397
6614
5595
5595
5352
5996
5598
6148
5599
6256
5364
5937
6268
6084
5903
6378
6569
6090
5316
5520
5827
5986
6676
5576
6128
5617
5617
5231
5248
5619
6118
5620
5623
5626
5568
6705
5631
5894
6193
6301
6199
5658
5423
5515
5572
5696
6511
6499
6584
5345
6431
5644
5504
6313
5654
6074
5393
5722
5747
6100
6547
5657
5657
6166
5667
5668
5668
5669
5304
5669
6426
6172
5928
5628
5813
6638
5496
6024
6122
6122
5354
6127
6127
5273
5582
5992
6779
5675
5675
6021
6781
6151
6154
6154
6164
6112
6269
5459
6402
6774
6160
6301
5990
6704
6119
6472
5697
5697
5727
5419
6130
6717
5285
5491
5354
6223
6559
6807
6025
6706
6010
6315
6336
5833
6088
6811
5716
5749
6178
6142
6011
6216
6382
6266
6320
6341
5318
6480
6512
5736
5748
5445
5785
5741
5849
5593
6326
6533
5525
6092
5663
5843
6324
5746
5750
5755
5748
6175
6157
5767
5767
5717
5709
5774
5347
6763
6367
6424
5540
6218
5796
5884
5808
5370
5815
5760
6632
5821
6008
5346
5658
5693
6361
6611
5954
5893
6007
6050
6448
6449
6656
5694
5649
6131
6317
6160
6235
5850
5851
6038
6489
5855
5844
6215
6164
5410
5646
5705
5733
5940
5712
6070
5602
5879
6093
5522
6293
6304
6633
6692
6272
5751
5960
6316
6483
6665
5886
5886
5678
5403
6480
6699
5679
5416
5759
6806
5813
6111
5583
5983
5494
6078
5588
5503
5529
5527
5452
5920
5816
5923
6544
5831
5922
5696
6500
5641
5644
6037
6136
5930
6292
5528
5756
6644
5864
6222
5779
6359
5552
5458
5622
5593
5689
6298
5878
5969
5969
5628
5504
5509
5762
5972
5571
5987
5823
6176
5529
5618
5937
5788
5850
5998
6000
6312
6003
5620
5732
6211
5664
5934
5901
6723
6009
5710
6225
5433
6082
6014
6020
6020
5439
6083
6649
5719
5751
5565
5888
6168
6442
6083
5659
6118
6081
6711
5967
6666
6061
6064
5779
5880
5681
5677
5927
5454
5575
5612
6076
5641
6626
6111
6230
6052
5648
5854
6098
5686
5956
6239
5493
6101
5547
6045
6511
6205
6205
6130
6199
6197
6145
6155
6155
5489
6156
6162
5602
6184
6183
6179
6129
5590
5609
6187
6210
6592
5811
5859
6575
5835
6432
6553
5854
6526
6217
5786
6249
5515
6146
5771
6796
6434
5935
6206
6431
6770
6478
6494
6175
5812
6003
5567
5513
5526
6108
5611
5891
6256
5525
6267
5672
5999
6041
5538
5639
5866
5574
5971
5820
6202
5722
5791
6429
5817
5932
6170
6395
6659
6228
5608
5757
5802
6162
6792
6665
5573
5915
5551
5959
5887
5792
6248
6053
6293
6029
5705
5978
5685
5898
6688
6105
5577
6244
6032
6105
6531
5615
6270
6201
6295
6465
6213
6235
6304
6385
5667
5772
5556
6402
5765
6745
6779
5562
6373
6401
5711
6231
6471
5743
5880
6044
6627
6046
5806
6045
5972
5700
6091
6476
6286
5626
6163
5873
5734
5891
6442
5593
5743
5888
6103
6216
6381
6104
5791
6040
5634
5755
6148
6234
5989
6207
6386
6143
6219
6824
6070
6606
6429
6056
6749
6596
5996
5996
6184
6809
6033
6359
6407
6468
6405
5867
6768
5768
5984
5921
6132
6273
6342
5852
5842
6414
6172
6240
5639
6305
5646
6131
5763
6800
5808
6716
5932
6117
6461
5775
6300
6194
5674
5800
6266
6643
6393
6674
6760
6389
5661
6460
5839
6031
5857
6006
6374
6259
6299
5927
6073
5941
6073
5700
5884
6285
6095
6107
6577
6520
6196
6572
6606
6841
6532
6044
6246
6364
5722
5980
6484
5929
6331
6708
6120
6012
6432
5954
5904
6563
6143
5711
6240
5921
6629
6769
6550
6267
6067
6329
6054
6124
6568
5865
6109
6730
6335
6348
6188
6749
5919
6034
5862
6215
6195
5823
6323
5807
6024
6134
6347
5734
6126
5944
6232
6649
6311
6543
5716
5713
6169
6492
5815
5878
5890
6242
6380
6096
6385
6223
6479
6506
6538
6500
6037
6192
6239
5928
6224
6519
5768
6703
6718
6655
6716
6693
6712
6692
6713
6310
6377
6052
6323
6111
5868
6658
6080
6499
6348
6378
6595
6710
5918
5958
6430
6297
6758
6475
6092
6208
6474
6706
6078
6423
6581
6650
6213
6624
6642
6816
6084
5970
6394
5939
6338
6497
6626
6089
6528
6755
5790
6068
6379
5854
6700
5971
6091
5966
6034
6318
6121
6135
6522
6246
5981
6376
6604
6129
6367
6086
5939
6335
6750
6835
6174
6399
6274
5845
6041
5859
6814
6229
6539
6059
6007
6206
5830
6587
6756
6006
5898
6601
5911
6257
6010
6461
5875
6337
6660
6740
6316
6547
5915
5943
6211
6839
6330
6618
6704
6302
6405
6660
6114
6560
6058
6463
6232
6094
6356
5847
6372
6248
6414
6139
6201
6260
6735
6358
6147
6679
6203
6332
6317
6292
6751
6772
6436
6639
6060
6438
5908
5981
6068
6345
6485
6064
6027
6250
6500
6511
6570
5918
5910
6421
5985
5926
6094
6231
6264
5877
6221
5938
6509
6239
6012
6232
5979
6002
6382
5924
5973
5935
6678
6777
6168
6277
6275
6044
6425
6106
5902
6393
6403
5983
6332
6102
6676
6776
6398
6177
5979
6180
6802
6102
6723
6561
6256
5960
6284
5936
6163
6026
6109
6591
5955
6073
6737
6040
6664
6668
6481
6085
6437
6482
6669
5949
6544
6573
6380
6445
6720
6596
6414
6441
6131
6306
6690
6101
6587
6095
6611
5982
6464
6271
6370
6621
6561
6575
6508
6561
6571
6333
6173
6696
6017
6176
6698
6567
6213
6679
6023
6351
6022
6352
6415
6367
6590
6300
6328
6108
6440
6557
6340
5989
6233
6571
6597
6141
6214
6271
6226
6361
6513
6055
6376
6455
6672
6252
6321
6059
6081
6241
6784
5992
6465
6598
6182
6165
6210
6653
6575
6601
6740
6077
6268
6042
6308
6467
6811
6458
6589
6772
6574
6695
6631
6458
6563
6766
6534
6238
6345
6633
6027
6191
6632
6243
6411
6778
6144
6473
6267
6031
6654
6241
6137
6175
6375
6171
6498
6075
6271
6194
6047
6429
6677
6813
6404
6407
6653
6375
6137
6265
6359
6270
6495
6406
6433
6126
6166
6503
6736
6662
6764
6286
6214
6370
6523
6066
6253
6796
6179
6594
6623
6339
6444
6539
6141
6120
6728
6601
6412
6534
6238
6230
6651
6134
6617
6136
6597
6198
6501
6804
6457
6599
6504
6416
6253
6327
6281
6362
6573
6488
6507
6331
6482
6430
6630
6741
6313
6689
6771
6540
6505
6535
6423
6644
6669
6443
6583
6369
6370
6424
6701
6178
6243
6252
6332
6807
6593
6355
6794
6227
6477
6334
6282
6225
6609
6254
6467
6474
6275
6572
6258
6554
6691
6223
6495
6515
6435
6747
6773
6502
6775
6556
6498
6517
6282
6346
6497
6678
6610
6771
6836
6577
6581
6731
6735
6444
6766
6574
6324
6572
6503
6518
6214
6724
6326
6250
6421
6422
6502
6382
6292
6356
6462
6217
6522
6658
6729
6233
6489
6396
6236
6499
6491
6740
6281
6486
6562
6327
6357
6446
6622
6757
6284
6487
6518
6780
6493
6444
6695
6457
6395
6483
6627
6462
6509
6603
6268
6320
6399
6789
6565
6259
6264
6436
6397
6673
6327
6548
6736
6582
6655
6682
6506
6600
6422
6496
6685
6428
6655
6708
6524
6773
6602
6379
6841
6349
6508
6564
6790
6383
6491
6458
6422
6466
6625
6285
6495
6769
6387
6565
6371
6459
6630
6767
6638
6790
6567
6323
6471
6753
6365
6464
6549
6580
6661
6696
6801
6315
6605
6322
6746
6350
6536
6542
6727
6374
6436
6640
6344
6644
6792
6349
6619
6590
6620
6410
6738
6435
6470
6690
6477
6559
6818
6317
6785
6410
6535
6748
6338
6543
6577
6722
6691
6527
6391
6833
6472
6668
6424
6433
6732
6437
6619
6743
6831
6431
6656
6516
6762
6720
6733
6617
6552
6588
6448
6693
6449
6692
6376
6554
6476
6548
6609
6688
6726
6501
6568
6814
6438
6521
6557
6528
6698
6612
6672
6743
6748
6493
6545
6567
6530
6674
6642
6386
6417
6718
6418
6419
6603
6675
6531
6760
6827
6663
6788
6586
6641
6583
6684
6759
6620
6616
6541
6636
6637
6586
6837
6453
6590
6460
6519
6558
6711
6714
6580
6625
6687
6680
6520
6663
6584
6611
6749
6516
6686
6694
6641
6645
6837
6671
6662
6666
6595
6565
6428
6682
6698
6755
6545
6624
6672
6782
6802
6666
6537
6559
6645
6479
6683
6820
6527
6546
6605
6798
6835
6507
6544
6564
6505
6631
6664
6730
6817
6634
6810
6779
6688
6707
6578
6700
6560
6591
6687
6640
6535
6714
6582
6629
6808
6619
6646
6787
6664
6715
6811
6703
6488
6715
6723
6695
6526
6520
6529
6608
6739
6592
6491
6558
6675
6789
6810
6494
6680
6616
6702
6758
6686
6668
6819
6551
6787
6699
6622
6816
6682
6808
6754
6636
6733
6764
6545
6744
6546
6747
6593
6661
6783
6608
6674
6604
6725
6654
6822
6721
6551
6770
6721
6606
6681
6839
6806
6773
6801
6570
6578
6683
6645
6707
6732
6596
6648
6760
6772
6794
6677
6752
6657
6580
6830
6716
6719
6652
6803
6701
6725
6751
6795
6777
6815
6759
6726
6797
6671
6637
6800
6614
6799
6745
6793
6782
6671
6675
6623
6685
6815
6832
6678
6665
6742
6828
6744
6712
6713
6731
6739
6734
6774
6799
6673
6797
6738
6829
6743
6654
6705
6681
6774
6738
6823
6826
6685
6670
6680
6805
6812
6709
6783
6786
6825
6809
6702
6821
6719
6699
6754
6823
6734
6733
6791
6726
6787
6778
6753
6748
6789
6764
6744
6767
6799
6782
6795
6833
6745
6824
6790
6784
6786
6758
6798
6792
6813
6818
6788
6778
6781
6783
6766
6808
6826
6817
6810
6827
6803
6800
6816
6812
6818
6834
6820
6828
6834
6832
6830
6834
)


// ************************************************************************* //
