/*--------------------------------*- C++ -*----------------------------------*\
| =========                 |                                                 |
| \\      /  F ield         | OpenFOAM: The Open Source CFD Toolbox           |
|  \\    /   O peration     | Version:  2412                                  |
|   \\  /    A nd           | Website:  www.openfoam.com                      |
|    \\/     M anipulation  |                                                 |
\*---------------------------------------------------------------------------*/
FoamFile
{
    version     2.0;
    format      ascii;
    arch        "LSB;label=32;scalar=64";
    note        "nPoints:1912  nCells:1766  nFaces:6253  nInternalFaces:2577";
    class       labelList;
    location    "constant/polyMesh";
    object      neighbour;
}
// * * * * * * * * * * * * * * * * * * * * * * * * * * * * * * * * * * * * * //


2577
(
14
210
221
13
720
1034
32
106
1541
21
137
536
93
103
1448
47
1577
1653
42
412
1570
37
143
1440
10
323
721
70
315
846
57
1421
439
1562
1738
98
283
346
1248
1580
897
1198
102
653
22
445
1596
23
312
507
83
256
1218
39
492
1106
79
421
1052
619
1280
32
1456
376
1107
105
667
1765
48
87
404
119
422
472
38
74
557
126
212
422
73
421
1121
40
49
163
115
611
1701
403
43
252
431
76
254
1509
46
731
779
41
737
1582
1055
1625
337
1093
129
1461
50
1764
731
1207
420
1731
422
1083
181
226
599
246
262
407
539
1199
322
554
300
1223
1628
1748
1512
1671
109
202
296
131
1071
1406
105
233
1624
63
570
1399
112
562
1243
95
146
1588
257
1711
64
573
1353
99
121
324
61
129
390
240
373
65
869
1620
798
1120
88
1139
137
514
74
423
1612
163
177
259
255
482
1744
144
218
356
1376
1417
149
189
1717
90
176
202
639
1589
544
110
206
249
101
551
91
302
350
225
988
1387
442
466
130
440
590
113
312
1459
160
1220
1505
221
1013
109
120
248
164
243
414
270
284
342
132
194
178
361
127
387
1414
308
1236
429
711
234
349
1473
597
1252
101
496
556
1183
1499
107
1253
1254
167
188
213
142
651
134
202
128
320
709
1252
736
1360
317
1495
118
165
386
1693
401
893
383
985
339
437
1374
1416
165
274
209
462
486
371
1233
1275
1746
390
492
1287
413
1489
150
162
370
282
495
741
249
506
410
606
132
666
1125
1416
192
356
1059
136
216
426
125
483
517
1298
1526
410
1216
1180
1605
622
1202
313
391
1703
203
150
167
328
153
482
187
334
1503
277
289
1430
285
1535
1706
210
378
552
186
325
1516
201
264
267
754
154
283
657
736
219
429
470
833
1501
162
276
324
165
379
409
590
629
784
242
906
1627
257
1075
1467
362
1465
205
651
336
1312
1360
412
479
1549
208
258
323
376
573
881
235
304
648
430
1709
184
237
457
434
1352
416
438
191
450
1425
463
299
1487
213
297
328
180
526
561
303
309
310
267
286
288
277
982
1457
261
264
303
211
288
297
482
1631
316
822
403
461
1157
1178
643
1048
280
1196
417
453
475
1255
1756
264
286
310
512
516
1403
1517
782
1762
606
1090
196
301
699
477
1585
254
670
367
1039
1092
199
248
214
820
1725
1284
1654
203
226
404
294
333
391
223
295
322
682
1424
415
1603
1048
206
247
667
580
1466
278
392
1483
238
470
348
1630
512
535
1326
252
1513
598
348
1506
445
476
246
227
232
489
456
1255
1256
1761
237
415
468
341
313
1294
1475
412
1223
284
522
614
1281
1696
228
291
782
292
448
269
522
1579
399
465
679
307
355
430
266
447
1123
1321
712
1707
510
241
251
939
717
335
506
484
566
749
298
673
1026
1365
1565
572
589
265
1437
1758
446
488
608
1485
1650
1664
907
314
413
1412
1584
635
1579
360
449
489
1046
1073
1631
1055
1514
1484
279
1256
319
1628
359
382
525
712
1603
1534
282
441
839
1562
1739
268
1046
948
340
591
1081
1193
293
636
368
395
442
326
666
1564
374
452
1225
667
1123
306
487
584
443
959
633
563
1251
406
721
501
868
315
330
1190
1270
1155
1276
353
432
1326
327
347
1028
1418
1342
1485
293
627
1157
463
685
432
1501
1507
1645
344
420
503
907
1044
357
1202
1291
1299
398
1066
1450
411
921
968
329
1612
369
578
1221
458
1567
1534
1450
584
1726
892
516
1058
600
1078
1421
1598
845
661
1661
338
1734
388
1483
1713
1645
545
557
404
448
1066
1355
1598
1465
991
1390
1048
1621
435
548
1377
423
534
1305
1436
338
568
597
380
411
626
1100
791
1495
451
494
551
1273
545
585
1283
504
1425
508
567
552
930
1542
1667
395
419
424
502
907
368
380
424
799
1173
495
518
549
1116
1327
451
470
1121
1187
529
720
448
1532
383
953
1625
1150
1509
402
681
384
521
1375
1327
1553
752
796
647
1158
1668
1744
1240
1682
590
1717
1304
1368
369
395
1242
1363
1544
602
454
1228
1377
555
1447
543
1038
1064
439
480
478
1132
425
446
676
1316
459
619
1586
516
1123
1482
1234
414
505
623
1408
1587
1613
428
1088
402
517
688
494
696
1265
1323
980
1251
426
1682
1302
1395
1117
1618
1188
1319
436
467
625
1226
1452
500
655
1373
1531
504
1136
447
591
1166
461
1219
1313
838
586
595
1214
427
604
1538
1732
491
641
753
696
959
1217
702
1672
1318
1282
511
521
467
700
473
1266
1736
454
665
1317
655
578
1615
427
1467
982
531
511
567
1336
661
459
642
1499
460
698
1125
1564
528
805
507
881
465
1193
505
933
1302
1294
1383
1214
1677
1152
1228
1482
467
497
1459
838
546
1666
833
1607
504
1105
1310
1266
1508
607
1747
523
462
493
745
945
1059
945
1005
1115
1337
572
614
939
1008
973
1278
542
1455
1557
1081
602
639
948
1005
615
683
1277
634
872
1283
1090
1329
478
1747
513
542
630
478
719
989
1314
633
1633
533
1551
1098
1369
493
571
756
540
1300
500
488
586
1488
1162
1182
892
916
603
1231
646
753
1194
596
823
1076
978
1439
1244
1073
1206
607
1746
565
1372
1441
518
672
741
1052
929
1374
1443
1480
1236
1480
1575
1598
1459
1022
1088
570
1037
1194
566
1496
1175
1614
620
1012
612
769
547
940
1401
1479
628
631
727
1438
554
671
682
663
636
524
1102
564
578
1116
1282
553
1272
596
609
650
587
904
1008
1366
594
632
546
1558
697
1307
1510
1223
1373
1221
1496
598
1694
589
663
561
668
1070
576
581
875
601
1200
1169
1462
1153
1395
1446
560
1635
564
993
799
592
675
558
1244
581
689
1062
1383
1472
1528
668
1197
1460
608
676
597
962
771
690
692
565
1098
1640
605
1343
627
1075
1594
911
740
1088
1296
634
1110
1062
1183
1381
1616
621
726
1084
1129
644
675
605
630
672
632
579
1306
1397
1347
1546
652
1055
1182
588
779
1563
1104
1403
1590
1173
1241
687
764
966
594
820
619
1265
603
1051
621
674
778
759
613
706
772
1742
1449
1501
669
684
1563
1641
1061
677
1086
1678
727
1328
1730
1325
715
762
1050
1171
1287
1297
1589
1096
1758
690
839
1579
720
645
654
993
832
1000
1344
649
672
898
1176
1283
976
648
771
1090
1623
665
1102
1364
1156
1211
711
1615
656
649
686
1383
1623
1201
912
1483
689
1308
1259
1143
1193
656
686
705
772
640
1035
1230
1297
707
713
664
1024
751
752
685
1621
669
1275
740
789
662
823
1391
1661
664
680
705
1218
1522
1536
660
792
1398
1080
1536
1658
897
1191
1617
733
758
963
691
695
1728
730
1037
1431
772
1293
1751
1261
1089
1695
1485
1538
1098
1163
703
816
902
1075
687
763
680
724
971
1070
1111
757
1163
1180
1342
698
1107
1231
1028
729
1180
1192
820
761
1093
1241
805
946
710
711
1293
695
734
1634
999
1468
1169
1337
1276
1609
1156
1165
715
730
917
910
1477
766
1010
728
1207
768
729
744
708
1405
742
878
754
1336
1735
1752
922
964
735
755
963
823
764
774
836
1282
1408
725
1155
1268
1165
1209
1467
733
893
954
1406
1688
774
998
734
889
775
870
898
940
1638
821
951
1177
806
871
1569
773
890
773
900
1273
801
1199
748
901
960
789
792
1092
1189
1201
1013
1388
1292
1461
1691
761
806
770
1630
760
775
810
1325
1447
1686
750
947
1047
1333
830
891
815
1586
1184
1117
799
804
934
770
781
762
812
1043
1095
767
835
866
942
931
813
1068
971
766
778
811
800
779
879
904
971
1430
1441
783
1612
996
943
778
920
1003
1539
793
830
943
1239
1312
786
870
1666
794
1380
1278
1564
923
1103
1619
794
803
819
828
938
795
800
880
1101
915
923
944
1455
1734
961
827
836
908
811
814
829
1546
818
903
915
911
825
950
992
803
828
835
937
927
995
1031
894
826
974
986
809
880
903
814
834
811
896
816
998
821
1518
873
831
1362
972
901
981
1151
834
936
826
918
894
1220
1599
827
877
957
883
913
1019
891
884
1186
1397
913
837
867
1130
1392
1449
977
870
935
840
841
1244
844
845
1160
1610
864
1626
855
861
862
846
869
1285
1643
848
854
1171
853
854
858
1287
852
856
852
853
1190
857
856
1305
1385
1417
1076
860
1529
1555
863
1299
865
1646
864
864
865
1250
884
914
869
1280
1026
924
942
1012
1137
896
941
876
908
1161
1583
949
1200
935
952
922
1351
1177
909
1353
919
950
1453
943
1010
928
1216
1521
1217
1328
1274
1637
1410
1687
953
985
956
1006
965
1515
1025
1545
1235
1628
1741
914
1614
1024
1131
1185
1002
1007
965
1130
1502
955
1028
1020
1054
1065
1274
1555
967
913
947
1234
1359
1616
1024
1117
969
1017
1045
1387
931
958
928
990
949
1069
1040
1248
1310
1400
1023
987
1001
1144
1000
1030
1128
1174
1535
1700
932
1049
984
1425
1547
1218
972
941
969
1175
1232
1007
1014
966
944
1043
938
967
997
977
946
1063
1576
994
955
1320
1004
1033
973
1162
1011
1029
1440
1095
1541
1015
985
1210
964
983
973
978
1593
1015
1427
999
1118
1110
1243
1049
1011
983
1031
1004
1669
1752
984
990
995
1014
976
990
1067
979
986
1126
978
1016
1019
1087
1635
1023
1191
1311
1023
995
1042
1032
1390
1402
1474
1058
1286
1727
1108
1601
1093
1001
1029
1003
1025
1019
1021
1010
1006
1573
1035
1003
1036
1021
1454
1138
1146
1064
1097
1557
1035
1262
1198
1085
1017
1043
1049
1032
1076
1106
1072
1119
1091
1396
1640
1295
1143
1129
1139
1490
1031
1108
1392
1286
1074
1094
1366
1539
1040
1112
1213
1403
1101
1636
1060
1328
1717
1072
1082
1172
1476
1402
1567
1296
1052
1152
1302
1681
1068
1289
1106
1145
1082
1258
1060
1500
1542
1077
1240
1516
1469
1222
1195
1234
1324
1095
1103
1517
1178
1267
1458
1072
1085
1544
1074
1091
1080
1153
1670
1179
1124
1687
1174
1145
1237
1081
1181
1084
1329
1318
1133
1203
1558
1091
1142
1179
1665
1134
1108
1114
1372
1739
1343
1754
1107
1316
1263
1703
1227
1189
1456
1260
1503
1308
1424
1141
1181
1508
1233
1261
1413
1146
1167
1225
1272
1290
1128
1245
1510
1590
1603
1127
1134
1133
1205
1583
1398
1131
1445
1142
1245
1751
1181
1249
1138
1540
1644
1494
1401
1531
1209
1290
1146
1519
1144
1254
1569
1413
1424
1164
1378
1168
1599
1490
1493
1225
1258
1249
1374
1230
1461
1237
1298
1298
1300
1300
1303
1370
1709
1427
1617
1242
1724
1303
1307
1440
1415
1568
1211
1361
1307
1422
1362
1432
1380
1641
1213
1647
1270
1677
1606
1281
1323
1205
1222
1210
1561
1303
1371
1498
1385
1418
1624
1268
1426
1386
1455
1734
1433
1350
1279
1423
1648
1186
1362
1426
1649
1565
1331
1543
1247
1354
1227
1417
1351
1246
1414
1618
1297
1434
1247
1547
1290
1322
1351
1453
1453
1262
1292
1520
1729
1412
1708
1724
1267
1243
1389
1433
1371
1419
1404
1254
1353
1345
1390
1619
1399
1690
1316
1494
1464
1464
1295
1366
1723
1470
1537
1346
1554
1699
1340
1670
1492
1745
1370
1697
1253
1449
1381
1588
1269
1395
1645
1692
1691
1419
1473
1260
1491
1720
1634
1470
1524
1409
1479
1500
1504
1330
1529
1528
1405
1658
1678
1493
1505
1350
1269
1378
1442
1270
1264
1688
1396
1574
1568
1634
1447
1473
1527
1350
1509
1550
1502
1704
1580
1704
1621
1389
1407
1586
1749
1684
1759
1436
1610
1427
1291
1626
1363
1558
1313
1615
1324
1539
1386
1626
1407
1484
1711
1331
1367
1646
1637
1342
1505
1697
1533
1572
1682
1481
1526
1345
1596
1560
1591
1611
1443
1753
1329
1357
1674
1418
1471
1476
1745
1404
1442
1474
1428
1488
1515
1527
1571
1673
1490
1494
1470
1496
1549
1551
1549
1570
1763
1339
1552
1553
1462
1486
1406
1552
1554
1438
1429
1730
1516
1587
1657
1521
1422
1556
1554
1600
1530
1632
1585
1642
1413
1435
1578
1712
1410
1407
1466
1665
1434
1737
1415
1460
1520
1492
1735
1397
1637
1584
1701
1393
1548
1372
1738
1622
1445
1431
1441
1437
1566
1476
1686
1570
1602
1506
1575
1530
1560
1744
1578
1604
1566
1607
1581
1514
1613
1594
1460
1538
1511
1452
1527
1553
1605
1423
1477
1608
1597
1719
1595
1613
1657
1486
1719
1463
1602
1604
1679
1721
1577
1751
1707
1451
1609
1659
1523
1583
1648
1706
1502
1746
1431
1565
1685
1489
1442
1653
1673
1643
1713
1533
1611
1684
1458
1531
1649
1478
1679
1741
1481
1491
1692
1712
1716
1471
1629
1541
1633
1652
1532
1479
1572
1652
1593
1659
1611
1655
1639
1695
1693
1575
1623
1721
1535
1706
1512
1551
1759
1528
1745
1594
1567
1550
1555
1690
1702
1663
1592
1723
1663
1590
1689
1698
1525
1559
1648
1743
1663
1508
1524
1630
1537
1542
1523
1597
1601
1737
1521
1546
1625
1581
1557
1519
1540
1544
1636
1600
1698
1574
1556
1691
1627
1631
1700
1714
1728
1715
1568
1545
1589
1701
1561
1585
1584
1708
1587
1676
1680
1710
1668
1569
1681
1725
1681
1610
1685
1720
1683
1736
1644
1629
1639
1606
1651
1743
1694
1601
1638
1607
1632
1714
1636
1662
1655
1606
1653
1619
1638
1723
1715
1731
1733
1647
1671
1714
1660
1727
1618
1727
1643
1758
1705
1710
1693
1685
1765
1671
1642
1754
1664
1647
1725
1674
1736
1673
1700
1665
1695
1654
1740
1674
1660
1668
1658
1699
1756
1756
1711
1712
1732
1729
1760
1765
1749
1704
1743
1710
1726
1722
1702
1718
1677
1686
1690
1680
1698
1755
1718
1689
1730
1747
1740
1720
1703
1726
1759
1696
1742
1709
1715
1757
1707
1752
1716
1754
1722
1750
1721
1724
1732
1755
1753
1740
1753
1760
1757
1739
1748
1762
1750
1762
1764
1761
1764
1763
1763
)


// ************************************************************************* //
