/*--------------------------------*- C++ -*----------------------------------*\
| =========                 |                                                 |
| \\      /  F ield         | OpenFOAM: The Open Source CFD Toolbox           |
|  \\    /   O peration     | Version:  2412                                  |
|   \\  /    A nd           | Website:  www.openfoam.com                      |
|    \\/     M anipulation  |                                                 |
\*---------------------------------------------------------------------------*/
FoamFile
{
    version     2.0;
    format      ascii;
    arch        "LSB;label=32;scalar=64";
    class       vectorField;
    location    "constant/polyMesh";
    object      points;
}
// * * * * * * * * * * * * * * * * * * * * * * * * * * * * * * * * * * * * * //


1912
(
(-0.3 0.15 0)
(0 0.15 0)
(0 0 0)
(0.2 0 0)
(0.2 0.3 0)
(-0.3 0.3 0)
(-0.3 0.15 0.001)
(0 0.15 0.001)
(0 0 0.001)
(0.2 0 0.001)
(0.2 0.3 0.001)
(-0.3 0.3 0.001)
(-0.2887515721 0.15 0)
(-0.2781159646 0.15 0)
(-0.2670761365 0.15 0)
(-0.2556872211 0.15 0)
(-0.2449119031 0.15 0)
(-0.2340903007 0.15 0)
(-0.2226880766 0.15 0)
(-0.2116933631 0.15 0)
(-0.2010399947 0.15 0)
(-0.189751446 0.15 0)
(-0.178546063 0.15 0)
(-0.1679220394 0.15 0)
(-0.1568375938 0.15 0)
(-0.1454677219 0.15 0)
(-0.1347334626 0.15 0)
(-0.1238651864 0.15 0)
(-0.1124552172 0.15 0)
(-0.1015059958 0.15 0)
(-0.09082867347 0.15 0)
(-0.07950568685 0.15 0)
(-0.0683438541 0.15 0)
(-0.05772520015 0.15 0)
(-0.04659643213 0.15 0)
(-0.0359628581 0.15 0)
(-0.02652756691 0.15 0)
(-0.01837697438 0.15 0)
(-0.0113361568 0.15 0)
(-0.005254009295 0.15 0)
(0 0.145 0)
(0 0.14 0)
(0 0.135 0)
(0 0.13 0)
(0 0.125 0)
(0 0.12 0)
(0 0.115 0)
(0 0.11 0)
(0 0.105 0)
(0 0.1 0)
(0 0.095 0)
(0 0.09 0)
(0 0.085 0)
(0 0.08 0)
(0 0.075 0)
(0 0.07 0)
(0 0.065 0)
(0 0.06 0)
(0 0.055 0)
(0 0.05 0)
(0 0.045 0)
(0 0.04 0)
(0 0.035 0)
(0 0.03 0)
(0 0.025 0)
(0 0.02 0)
(0 0.015 0)
(0 0.01 0)
(0 0.005 0)
(0.004990542502 0 0)
(0.009981085004 0 0)
(0.01497162751 0 0)
(0.01996217001 0 0)
(0.02495271251 0 0)
(0.02994325501 0 0)
(0.03493379751 0 0)
(0.03992434002 0 0)
(0.04491488252 0 0)
(0.05082872103 0 0)
(0.05914529639 0 0)
(0.06983819335 0 0)
(0.08070346486 0 0)
(0.09156524239 0 0)
(0.1024235627 0 0)
(0.1132784914 0 0)
(0.1241300834 0 0)
(0.1349783677 0 0)
(0.1458233576 0 0)
(0.1566651175 0 0)
(0.167503629 0 0)
(0.1783389281 0 0)
(0.1891710421 0 0)
(0.2 0.01158770631 0)
(0.2 0.02776279175 0)
(0.2 0.05034132254 0)
(0.2 0.08185789509 0)
(0.2 0.1255937069 0)
(0.2 0.1744062931 0)
(0.2 0.2181421049 0)
(0.2 0.2496586775 0)
(0.2 0.2722372082 0)
(0.2 0.2884122937 0)
(0.1883160536 0.3 0)
(0.1758289879 0.3 0)
(0.1647961991 0.3 0)
(0.151815007 0.3 0)
(0.1410854315 0.3 0)
(0.1279696703 0.3 0)
(0.1171968054 0.3 0)
(0.1043053754 0.3 0)
(0.09314254576 0.3 0)
(0.08083543731 0.3 0)
(0.06894309654 0.3 0)
(0.0574547078 0.3 0)
(0.04481030778 0.3 0)
(0.03388590754 0.3 0)
(0.02083744077 0.3 0)
(0.01012950763 0.3 0)
(-0.002963830006 0.3 0)
(-0.01380165323 0.3 0)
(-0.02658083152 0.3 0)
(-0.03789553618 0.3 0)
(-0.05 0.3 0)
(-0.06210446382 0.3 0)
(-0.07341916848 0.3 0)
(-0.08619834677 0.3 0)
(-0.09703616999 0.3 0)
(-0.1101295076 0.3 0)
(-0.1208374408 0.3 0)
(-0.1338859075 0.3 0)
(-0.1448103078 0.3 0)
(-0.1574547078 0.3 0)
(-0.1689430965 0.3 0)
(-0.1808354373 0.3 0)
(-0.1931425458 0.3 0)
(-0.2043053754 0.3 0)
(-0.2171968054 0.3 0)
(-0.2279696703 0.3 0)
(-0.2410854315 0.3 0)
(-0.251815007 0.3 0)
(-0.2647961991 0.3 0)
(-0.2758289879 0.3 0)
(-0.2883160536 0.3 0)
(-0.3 0.2890577864 0)
(-0.3 0.2740250402 0)
(-0.3 0.2533725926 0)
(-0.3 0.225 0)
(-0.3 0.1966274074 0)
(-0.3 0.1759749598 0)
(-0.3 0.1609422136 0)
(-0.2887515721 0.15 0.001)
(-0.2781159646 0.15 0.001)
(-0.2670761365 0.15 0.001)
(-0.2556872211 0.15 0.001)
(-0.2449119031 0.15 0.001)
(-0.2340903007 0.15 0.001)
(-0.2226880766 0.15 0.001)
(-0.2116933631 0.15 0.001)
(-0.2010399947 0.15 0.001)
(-0.189751446 0.15 0.001)
(-0.178546063 0.15 0.001)
(-0.1679220394 0.15 0.001)
(-0.1568375938 0.15 0.001)
(-0.1454677219 0.15 0.001)
(-0.1347334626 0.15 0.001)
(-0.1238651864 0.15 0.001)
(-0.1124552172 0.15 0.001)
(-0.1015059958 0.15 0.001)
(-0.09082867347 0.15 0.001)
(-0.07950568685 0.15 0.001)
(-0.0683438541 0.15 0.001)
(-0.05772520015 0.15 0.001)
(-0.04659643213 0.15 0.001)
(-0.0359628581 0.15 0.001)
(-0.02652756691 0.15 0.001)
(-0.01837697438 0.15 0.001)
(-0.0113361568 0.15 0.001)
(-0.005254009295 0.15 0.001)
(0 0.145 0.001)
(0 0.14 0.001)
(0 0.135 0.001)
(0 0.13 0.001)
(0 0.125 0.001)
(0 0.12 0.001)
(0 0.115 0.001)
(0 0.11 0.001)
(0 0.105 0.001)
(0 0.1 0.001)
(0 0.095 0.001)
(0 0.09 0.001)
(0 0.085 0.001)
(0 0.08 0.001)
(0 0.075 0.001)
(0 0.07 0.001)
(0 0.065 0.001)
(0 0.06 0.001)
(0 0.055 0.001)
(0 0.05 0.001)
(0 0.045 0.001)
(0 0.04 0.001)
(0 0.035 0.001)
(0 0.03 0.001)
(0 0.025 0.001)
(0 0.02 0.001)
(0 0.015 0.001)
(0 0.01 0.001)
(0 0.005 0.001)
(0.004990542502 0 0.001)
(0.009981085004 0 0.001)
(0.01497162751 0 0.001)
(0.01996217001 0 0.001)
(0.02495271251 0 0.001)
(0.02994325501 0 0.001)
(0.03493379751 0 0.001)
(0.03992434002 0 0.001)
(0.04491488252 0 0.001)
(0.05082872103 0 0.001)
(0.05914529639 0 0.001)
(0.06983819335 0 0.001)
(0.08070346486 0 0.001)
(0.09156524239 0 0.001)
(0.1024235627 0 0.001)
(0.1132784914 0 0.001)
(0.1241300834 0 0.001)
(0.1349783677 0 0.001)
(0.1458233576 0 0.001)
(0.1566651175 0 0.001)
(0.167503629 0 0.001)
(0.1783389281 0 0.001)
(0.1891710421 0 0.001)
(0.2 0.01158770631 0.001)
(0.2 0.02776279175 0.001)
(0.2 0.05034132254 0.001)
(0.2 0.08185789509 0.001)
(0.2 0.1255937069 0.001)
(0.2 0.1744062931 0.001)
(0.2 0.2181421049 0.001)
(0.2 0.2496586775 0.001)
(0.2 0.2722372082 0.001)
(0.2 0.2884122937 0.001)
(0.1883160536 0.3 0.001)
(0.1758289879 0.3 0.001)
(0.1647961991 0.3 0.001)
(0.151815007 0.3 0.001)
(0.1410854315 0.3 0.001)
(0.1279696703 0.3 0.001)
(0.1171968054 0.3 0.001)
(0.1043053754 0.3 0.001)
(0.09314254576 0.3 0.001)
(0.08083543731 0.3 0.001)
(0.06894309654 0.3 0.001)
(0.0574547078 0.3 0.001)
(0.04481030778 0.3 0.001)
(0.03388590754 0.3 0.001)
(0.02083744077 0.3 0.001)
(0.01012950763 0.3 0.001)
(-0.002963830006 0.3 0.001)
(-0.01380165323 0.3 0.001)
(-0.02658083152 0.3 0.001)
(-0.03789553618 0.3 0.001)
(-0.05 0.3 0.001)
(-0.06210446382 0.3 0.001)
(-0.07341916848 0.3 0.001)
(-0.08619834677 0.3 0.001)
(-0.09703616999 0.3 0.001)
(-0.1101295076 0.3 0.001)
(-0.1208374408 0.3 0.001)
(-0.1338859075 0.3 0.001)
(-0.1448103078 0.3 0.001)
(-0.1574547078 0.3 0.001)
(-0.1689430965 0.3 0.001)
(-0.1808354373 0.3 0.001)
(-0.1931425458 0.3 0.001)
(-0.2043053754 0.3 0.001)
(-0.2171968054 0.3 0.001)
(-0.2279696703 0.3 0.001)
(-0.2410854315 0.3 0.001)
(-0.251815007 0.3 0.001)
(-0.2647961991 0.3 0.001)
(-0.2758289879 0.3 0.001)
(-0.2883160536 0.3 0.001)
(-0.3 0.2890577864 0.001)
(-0.3 0.2740250402 0.001)
(-0.3 0.2533725926 0.001)
(-0.3 0.225 0.001)
(-0.3 0.1966274074 0.001)
(-0.3 0.1759749598 0.001)
(-0.3 0.1609422136 0.001)
(0.004212677478 0.09754779238 0)
(0.005559873147 0.1218208137 0)
(0.004637618357 0.1482594552 0)
(-0.002823729058 0.1545713938 0)
(0.00464569073 0.07250667411 0)
(0.09686501899 0.008345945469 0)
(0.08781186015 0.2905110749 0)
(0.003492072619 0.04736044893 0)
(0.03929434746 0.2907795119 0)
(0.04714239931 0.005188856079 0)
(-0.00838274162 0.2906141698 0)
(-0.03001941346 0.157766735 0)
(-0.09664775263 0.1590801641 0)
(-0.1407813375 0.1586303578 0)
(-0.218507461 0.1594950658 0)
(-0.05556745161 0.2901180699 0)
(-0.115020812 0.2907065073 0)
(-0.1752126934 0.2904316192 0)
(-0.2228917292 0.2906211642 0)
(0.1225832378 0.2906704253 0)
(-0.06262050927 0.1593668374 0)
(-0.173257203 0.1588772723 0)
(0.004280258987 0.02758637396 0)
(0.1292476805 0.007685729532 0)
(0.03277447053 0.004679999521 0)
(-0.2503136472 0.1575459132 0)
(0.06467906231 0.007756412573 0)
(0.0170810614 0.004658342151 0)
(0.1672715914 0.1054072498 0)
(0.1707409036 0.1988344143 0)
(-0.2466329361 0.2904303388 0)
(-0.09193686614 0.2915640648 0)
(0.01590803771 0.2910029731 0)
(-0.1391801091 0.290746204 0)
(0.1462878401 0.290501017 0)
(-0.01498259071 0.1557241407 0)
(0.06332524022 0.2904969793 0)
(-0.1996897851 0.2905032909 0)
(-0.03199248716 0.2899217973 0)
(-0.1182130815 0.1594023518 0)
(0.1620843738 0.009404681693 0)
(-0.1951962249 0.1593573694 0)
(0.004218087382 0.03742285254 0)
(0.004204792431 0.01728292523 0)
(0.004106116653 0.05729686336 0)
(0.004495770573 0.08279986044 0)
(0.004330127019 0.1075 0)
(-0.2777952582 0.2428052902 0)
(0.004407896023 0.132693735 0)
(-0.2703125935 0.2904453246 0)
(0.1699336844 0.2898413366 0)
(-0.2722737896 0.1597902714 0)
(0.184455459 0.03679602879 0)
(0.1848237982 0.2625846645 0)
(-0.286266979 0.1858995867 0)
(0.004218317751 0.007693632681 0)
(0.1836039324 0.009562982472 0)
(-0.2897138133 0.2823127524 0)
(0.1884442397 0.2797674224 0)
(-0.2893892327 0.1690949963 0)
(0.1582600047 0.1379876005 0)
(0.1357479559 0.1201974588 0)
(0.1370465998 0.08900608205 0)
(0.1131529847 0.1030754386 0)
(0.1099511089 0.1288047795 0)
(0.09081692661 0.1142479055 0)
(0.08701938172 0.1361432442 0)
(0.09182973771 0.09254433558 0)
(0.07531459054 0.1000370395 0)
(0.0765541084 0.08315417371 0)
(0.06235395586 0.09040371969 0)
(0.06198512061 0.07506954142 0)
(0.05995928918 0.105167873 0)
(0.07667062324 0.06744133489 0)
(0.06394866936 0.06119928875 0)
(0.05290144196 0.06608567879 0)
(0.0535925354 0.05520846408 0)
(0.04436710936 0.05995378963 0)
(0.0445654703 0.05014128796 0)
(0.04362873211 0.06903795869 0)
(0.06230621345 0.04983045698 0)
(0.03550620323 0.05419099569 0)
(0.03683663622 0.04518965526 0)
(0.04445535809 0.04084324802 0)
(0.0369166687 0.03691687068 0)
(0.04407267616 0.03254829089 0)
(0.02952076159 0.03983927243 0)
(0.03148373224 0.03392860201 0)
(0.1050571803 0.1518877573 0)
(0.0844694556 0.1585698501 0)
(0.1004634924 0.1734355017 0)
(0.07826325033 0.178946354 0)
(0.09507783419 0.1933112308 0)
(0.0766807215 0.1986990251 0)
(0.06273762954 0.1885076588 0)
(0.05965601154 0.2062081965 0)
(0.04862658284 0.1943841736 0)
(0.04570712683 0.2081801944 0)
(0.03610423735 0.2002015125 0)
(0.03408414093 0.2117307406 0)
(0.02502828266 0.2042382848 0)
(0.02285868662 0.2153219839 0)
(0.01433243321 0.2083100345 0)
(0.01226048365 0.2193887718 0)
(0.0038979038 0.2122972817 0)
(0.00188021003 0.2231526621 0)
(-0.0063927547 0.2161000213 0)
(-0.008400996134 0.2268172293 0)
(-0.01662690445 0.2198074448 0)
(-0.01859074677 0.2304504802 0)
(-0.0267981985 0.2234527595 0)
(0.04221457941 0.2188643135 0)
(-0.02877766127 0.2340729283 0)
(-0.03699593883 0.2270795565 0)
(-0.03506157736 0.2164551799 0)
(-0.04539589107 0.2199572803 0)
(-0.04724610192 0.2306801796 0)
(-0.05554050381 0.22357958 0)
(-0.05749500828 0.2342967816 0)
(-0.06571506184 0.2271810943 0)
(0.01013557291 0.2302291233 0)
(-0.06374012737 0.2165124158 0)
(-0.07389407366 0.2200760656 0)
(-0.07598466625 0.2307203362 0)
(-0.08414567538 0.2235943514 0)
(-0.08627563816 0.2342271671 0)
(-0.09444237094 0.2270811334 0)
(0.04993769655 0.1816123381 0)
(0.006385591338 0.2025954337 0)
(-0.09655025376 0.23771784 0)
(-0.104702297 0.2305738713 0)
(-0.1026102587 0.2199391673 0)
(-0.112857041 0.2234255272 0)
(-0.1149508473 0.2340706398 0)
(-0.1231124908 0.2269259181 0)
(-0.121009047 0.2162842633 0)
(-0.1312834061 0.2197762619 0)
(-0.1333907538 0.2304437374 0)
(-0.1415908476 0.2232641156 0)
(-0.1437014955 0.2339644532 0)
(-0.1519327528 0.226765876 0)
(-0.1497866768 0.2160680076 0)
(-0.1601797023 0.2195393027 0)
(-0.1623781366 0.2303642425 0)
(-0.1707800399 0.222937646 0)
(-0.172998757 0.2339954392 0)
(-0.1817996073 0.2265569207 0)
(-0.0718126443 0.2095007726 0)
(0.02616513266 0.1932523773 0)
(0.09068690224 0.2119241905 0)
(-0.1793430787 0.2151033723 0)
(-0.1910253011 0.2183473903 0)
(-0.1933941311 0.2308436186 0)
(-0.2032745374 0.2226743364 0)
(-0.2055408098 0.2356062632 0)
(-0.02079917019 0.240683074 0)
(-0.06179025285 0.2059628436 0)
(-0.08838624196 0.2448637644 0)
(-0.04922812204 0.2413591195 0)
(-0.09866549623 0.248356703 0)
(-0.01462383075 0.2079300258 0)
(-0.1291572471 0.2091451325 0)
(-0.1189044459 0.2056572475 0)
(-0.135483322 0.2411806527 0)
(-0.1458187775 0.2447458796 0)
(-0.2008009406 0.2095754927 0)
(-0.2133368512 0.2142339956 0)
(-0.06981438151 0.1989814945 0)
(-0.05983333949 0.1955635713 0)
(-0.1956783163 0.2435151636 0)
(-0.1579560565 0.2088639429 0)
(-0.207581993 0.2483984674 0)
(-0.2179474996 0.2402055178 0)
(-0.1270369398 0.1985265586 0)
(-0.1168032633 0.1950530875 0)
(-0.1375679726 0.2519948251 0)
(-0.1480125241 0.2555784025 0)
(-0.2112596165 0.2006606369 0)
(-0.2240295438 0.2052885503 0)
(-0.2001268746 0.1964771014 0)
(-0.09050709432 0.2555009059 0)
(-0.1007570978 0.2590021101 0)
(-0.2200987909 0.253578092 0)
(-0.07983146302 0.20249788 0)
(-0.07779944418 0.1920190026 0)
(-0.05950916895 0.2450075886 0)
(-0.05120739348 0.2521045443 0)
(-0.0615571248 0.2557665013 0)
(0.06915682604 0.1461448523 0)
(0.02345525509 0.03681582533 0)
(0.02450104213 0.03118720049 0)
(0.02288474237 0.04297701099 0)
(-0.1976479203 0.2561790916 0)
(-0.124861264 0.1881131372 0)
(-0.135151202 0.191430328 0)
(0.04811673898 0.09587112159 0)
(0.04670895621 0.109163454 0)
(0.03686263021 0.1021192407 0)
(0.03528528198 0.1130696132 0)
(-0.11446491 0.1851811021 0)
(0.0273521239 0.1060449279 0)
(0.0282447199 0.09648482458 0)
(0.0242988432 0.1157202319 0)
(0.03277334309 0.1230586734 0)
(-0.0878154821 0.1954898607 0)
(-0.2219168953 0.1915958215 0)
(-0.2348648989 0.1964071464 0)
(-0.2371202026 0.2140327554 0)
(0.02343789866 0.1256283901 0)
(0.03051654943 0.1323983122 0)
(0.02064157093 0.1347181776 0)
(0.02819272026 0.1415614883 0)
(-0.08575846427 0.1850973525 0)
(-0.2316020513 0.2439074553 0)
(-0.2335484155 0.2588926238 0)
(-0.1396966184 0.2628537081 0)
(-0.1502288188 0.2664594113 0)
(-0.1585679484 0.259181306 0)
(-0.1292987917 0.2592175069 0)
(-0.07580238961 0.1816448647 0)
(-0.05311649091 0.2628133555 0)
(-0.04282191946 0.2592470934 0)
(-0.06391107879 0.2655894743 0)
(0.04211422727 0.1319617657 0)
(-0.1861451305 0.2502810394 0)
(-0.1880721985 0.2620674535 0)
(0.1089606457 0.2075010212 0)
(0.103700344 0.2258175784 0)
(0.08462581647 0.2307063138 0)
(0.09780737312 0.2423602159 0)
(0.1136073254 0.2399557568 0)
(0.08275094999 0.2471437993 0)
(0.09315862557 0.2575698859 0)
(0.07876462509 0.2604182294 0)
(0.06927693683 0.2513762637 0)
(0.06566943068 0.263475315 0)
(0.05643539826 0.2544350373 0)
(0.05341118878 0.2662620291 0)
(0.04477681276 0.2578554838 0)
(-0.09260464664 0.2661441115 0)
(-0.1028065097 0.2696587168 0)
(0.01659420463 0.04094178467 0)
(0.01695233361 0.04706700962 0)
(-0.2497754259 0.2014791318 0)
(-0.232080561 0.1826087394 0)
(-0.05190082071 0.2023996133 0)
(-0.04996477659 0.1921811235 0)
(-0.0418670264 0.1990286079 0)
(-0.04025615116 0.1889127579 0)
(-0.04799744844 0.1823060114 0)
(-0.03851253399 0.1790807446 0)
(-0.03101298707 0.1853916245 0)
(-0.045999853 0.1725245685 0)
(-0.02925723085 0.1759644346 0)
(-0.02205067401 0.1819958079 0)
(-0.01954123908 0.1725876853 0)
(-0.01313646743 0.1791732813 0)
(-0.01489733449 0.1879509476 0)
(-0.00643831746 0.1847012909 0)
(-0.004806160179 0.1763501302 0)
(0.00173431074 0.1816681863 0)
(0.003108241784 0.1732579167 0)
(0.01015184748 0.1791343667 0)
(0.01121574178 0.1701685512 0)
(0.01852780152 0.1761432385 0)
(0.01973086365 0.16676944 0)
(-0.1313643123 0.2700755033 0)
(-0.0447171613 0.2699482324 0)
(-0.03489411755 0.2661271863 0)
(0.01894406533 0.1437697187 0)
(0.02011915771 0.1003104942 0)
(0.01986337342 0.09150583377 0)
(0.02851208696 0.08754686845 0)
(0.02120210926 0.08342194349 0)
(0.02269886098 0.05049799628 0)
(0.01667539748 0.05369370998 0)
(0.02244662585 0.05682052402 0)
(0.0161624497 0.06040425227 0)
(0.02223710851 0.06373318749 0)
(0.02722273747 0.172701967 0)
(0.02905944048 0.1635197171 0)
(0.06082816937 0.2418192858 0)
(-0.05560604381 0.1756129209 0)
(0.01221209081 0.1606382825 0)
(0.01573760089 0.06688251711 0)
(-0.1088733936 0.2518731233 0)
(-0.1085732242 0.2022194323 0)
(-0.1609770324 0.2699292457 0)
(0.04118530041 0.2710946363 0)
(0.03345570266 0.2611691471 0)
(0.03635044983 0.2498961095 0)
(0.02549286579 0.2530785923 0)
(0.0227039402 0.2638307361 0)
(0.01486043439 0.2561761616 0)
(0.0120520832 0.2661863257 0)
(0.004389973802 0.2591325425 0)
(0.001613759623 0.269008616 0)
(-0.005966125381 0.2620884748 0)
(0.02783042405 0.2423069807 0)
(-0.1330412357 0.180786889 0)
(-0.1434599276 0.1844472972 0)
(0.05162309583 0.03641783274 0)
(0.05092149219 0.02806175574 0)
(0.04386247931 0.02443131886 0)
(0.05891868329 0.03189317697 0)
(0.04969802659 0.02004862586 0)
(-0.004033507722 0.2522194603 0)
(-0.1997882939 0.2698632611 0)
(0.01822374125 0.03470521907 0)
(0.04244297794 0.0168424537 0)
(0.03756355513 0.02106470174 0)
(-0.003566208362 0.1672858285 0)
(0.05661130829 0.1194418178 0)
(-0.2219746195 0.2683680365 0)
(-0.08365877642 0.1748314268 0)
(-0.09371040008 0.1779730832 0)
(0.1227015989 0.1677745146 0)
(-0.008625337497 0.2722652253 0)
(0.07430090231 0.2725056794 0)
(0.02905172231 0.07897240463 0)
(0.03593578276 0.08285132256 0)
(0.01816761922 0.1207673229 0)
(-0.2459098892 0.2485731601 0)
(-0.2472998344 0.2669143387 0)
(0.002591043849 0.1542278518 0)
(-0.08985993035 0.2058979298 0)
(-0.08019827592 0.2520371683 0)
(-0.03302572147 0.255397112 0)
(0.03752277287 0.01335313888 0)
(0.03308907347 0.01710517808 0)
(-0.01621984381 0.2651983155 0)
(-0.01881942763 0.2755828882 0)
(-0.1454051431 0.1948880276 0)
(-0.1535894259 0.1877585503 0)
(-0.1516403952 0.1773091831 0)
(-0.1618009847 0.1806021026 0)
(-0.1638876525 0.1912487057 0)
(-0.1722664599 0.1839943722 0)
(-0.1741076375 0.1944249423 0)
(-0.007879544561 0.1936076621 0)
(0.05066527626 0.2777451553 0)
(0.01453771734 0.08530384043 0)
(0.01497762002 0.07917950859 0)
(-0.1210892762 0.2662914342 0)
(-0.1535337704 0.2789443006 0)
(-0.1598343756 0.1700251386 0)
(-0.2540869492 0.218961897 0)
(-0.1644652198 0.241380338 0)
(0.01760865826 0.273426996 0)
(-0.2193687709 0.1789709384 0)
(-0.1692116458 0.2627213859 0)
(0.03866263754 0.2391368567 0)
(-0.1889138938 0.275316785 0)
(-0.07315584944 0.1722838751 0)
(0.165035674 0.07187422352 0)
(0.1396213006 0.06236576907 0)
(0.1208368181 0.07178218508 0)
(0.1214080805 0.05107273603 0)
(0.1387227775 0.04078554346 0)
(0.1030893132 0.06167993238 0)
(0.1059142438 0.04302342913 0)
(0.09063409664 0.04948077603 0)
(0.09248946396 0.03526580701 0)
(0.1054018232 0.02832086063 0)
(-0.1822604873 0.1870206838 0)
(-0.1807616005 0.1766888684 0)
(-0.1905273388 0.1810495394 0)
(0.00806866533 0.186783428 0)
(0.01227789306 0.04380228068 0)
(-0.2659793844 0.2057399214 0)
(0.008484710859 0.1533800753 0)
(0.01324976079 0.1391216576 0)
(0.08006135662 0.0411909495 0)
(0.08155979262 0.02878786167 0)
(-0.2286619657 0.1692613997 0)
(0.01021385759 0.06340594518 0)
(0.02933568016 0.2324560746 0)
(0.06573512805 0.1628385124 0)
(0.05363809366 0.1525517651 0)
(0.03670184461 0.1693003461 0)
(0.03351990444 0.1777514375 0)
(-0.1710365197 0.273753636 0)
(0.1567902738 0.04926016048 0)
(-0.123562037 0.2771449997 0)
(0.01547487221 0.1272732543 0)
(0.1547456502 0.03045400067 0)
(0.01857742549 0.1083629059 0)
(0.01335006401 0.1034117698 0)
(-0.079675757 0.1662726132 0)
(0.1660294167 0.2262961898 0)
(0.02135128922 0.07089513485 0)
(0.02834621668 0.06727913824 0)
(-0.2390777835 0.173280962 0)
(0.01387106284 0.09693859975 0)
(0.00782101954 0.09056373851 0)
(1.006958801e-05 0.1600295633 0)
(-0.006013065948 0.160224835 0)
(-0.01071846776 0.1652674051 0)
(-0.2614177994 0.1893461798 0)
(0.1427743337 0.2171604695 0)
(0.1440261376 0.2408569183 0)
(-0.2777599512 0.2619028505 0)
(-0.228740681 0.2299253001 0)
(0.05662238893 0.009119854401 0)
(0.06052287679 0.01556194479 0)
(0.06791895951 0.01542463542 0)
(0.05545413479 0.1365092374 0)
(-0.09481368278 0.2761674361 0)
(-0.08405487567 0.2725562534 0)
(-0.1060361088 0.2810897561 0)
(0.01054342289 0.1096435656 0)
(0.02491843109 0.1497367895 0)
(0.03499656221 0.148117386 0)
(-0.0004813907039 0.2799559761 0)
(0.07608796058 0.05346206798 0)
(-0.01656715342 0.1971545583 0)
(0.05162799122 0.08384399827 0)
(0.01052986381 0.1463499375 0)
(0.07354882553 0.2168216397 0)
(0.01216728165 0.03799021279 0)
(0.09244512304 0.02362845038 0)
(0.08187154278 0.01763281002 0)
(0.0283184844 0.2907587417 0)
(0.03388741475 0.2814420628 0)
(-0.03651171441 0.2783044749 0)
(0.03560460521 0.02823043652 0)
(0.02989620744 0.02567828877 0)
(0.1225254044 0.0326774015 0)
(0.1149516311 0.01922095049 0)
(0.0156848474 0.1517995317 0)
(-0.1258905546 0.2887504758 0)
(0.006098806604 0.1415508492 0)
(-0.2084135714 0.1864257449 0)
(-0.2076714596 0.1739427979 0)
(-0.01975323596 0.2884487069 0)
(0.05115163291 0.2895080407 0)
(0.06945999745 0.129614214 0)
(0.06969841186 0.03393150797 0)
(-0.05362360287 0.1661326761 0)
(-0.04356391489 0.1642852952 0)
(-0.2111324857 0.2905416261 0)
(-0.2060253503 0.2809200247 0)
(0.01122343471 0.05703709275 0)
(0.01171616295 0.05054435221 0)
(0.1409501271 0.0233082636 0)
(-0.2343626316 0.2714030045 0)
(0.004056541263 0.2905247141 0)
(-0.2345950093 0.2906485878 0)
(0.06332158297 0.0225432214 0)
(-0.08013777811 0.2903957754 0)
(-0.06787502796 0.2898459299 0)
(-0.06185222633 0.280253253 0)
(0.07525861608 0.2907260745 0)
(0.01656822461 0.1983918927 0)
(-0.04810368732 0.2806535817 0)
(-0.1888749177 0.2046078402 0)
(0.08778956665 0.2701462622 0)
(0.1017536145 0.2679579051 0)
(0.09723816642 0.2809723703 0)
(0.1087924125 0.277468396 0)
(0.1167135832 0.2685204312 0)
(-0.0275820075 0.1664979079 0)
(-0.2616110485 0.2549345089 0)
(-0.2632499292 0.2708735133 0)
(-0.2582586651 0.2373037122 0)
(0.1725343504 0.2738451197 0)
(0.1671155875 0.258293586 0)
(0.1549253699 0.2714611302 0)
(-0.2169324215 0.2805795628 0)
(-0.01860958294 0.1637500631 0)
(0.06833779972 0.230764312 0)
(0.06045707154 0.2214020483 0)
(-0.2583056031 0.2905766198 0)
(-0.1505649651 0.2903376767 0)
(0.04296983092 0.009814902649 0)
(0.03778107293 0.008037872594 0)
(0.03315393704 0.01078821427 0)
(0.02883749354 0.01366331322 0)
(0.02830453075 0.01862050548 0)
(0.02426833703 0.01574265326 0)
(0.02355761535 0.02048562336 0)
(0.01965607391 0.01769602409 0)
(0.01899841745 0.02258401151 0)
(0.01522690741 0.01961389331 0)
(0.0141904792 0.02438485522 0)
(0.01611481979 0.01490162146 0)
(0.02452439159 0.01078716864 0)
(0.01041112693 0.02152164125 0)
(0.01837722896 0.02756659939 0)
(0.01345961641 0.02906525085 0)
(0.04939048558 0.01153691422 0)
(0.06221909885 0.2755217336 0)
(-0.1750930465 0.2450844362 0)
(0.09017573839 0.07452635935 0)
(-0.00368027921 0.2062785127 0)
(0.04169359908 0.004446826705 0)
(-0.07416015979 0.2792741055 0)
(0.1345275509 0.2906891701 0)
(0.1293236549 0.2778321375 0)
(-0.03672864343 0.1702093456 0)
(0.01126983068 0.2820741274 0)
(0.009807458904 0.06977595827 0)
(-0.1493015022 0.1664568686 0)
(-0.0217465868 0.1560192671 0)
(0.004807087996 0.1651350101 0)
(-0.1627199105 0.2894141457 0)
(-0.06561216975 0.178605952 0)
(-0.274276055 0.1747959081 0)
(-0.2598835406 0.174438213 0)
(0.1581573238 0.2905374155 0)
(0.022195076 0.1580327896 0)
(-0.1878832739 0.2883995285 0)
(-0.09818792653 0.1988420083 0)
(-0.0677665948 0.1887335175 0)
(-0.02471646428 0.212858008 0)
(-0.03338968879 0.2060739564 0)
(-0.04356211327 0.2094624898 0)
(-0.03224084114 0.1957007213 0)
(-0.107183 0.1593223005 0)
(-0.1140709493 0.1685753584 0)
(-0.1243418493 0.1682616482 0)
(-0.1027204854 0.1701425266 0)
(-0.1030073291 0.291378306 0)
(-0.1842185704 0.1590196741 0)
(0.0356828554 0.06341984356 0)
(-0.2071002576 0.1614383952 0)
(0.01675908056 0.2459328546 0)
(-0.1343723719 0.2805170644 0)
(-0.209790518 0.2613406741 0)
(-0.0309542104 0.2446144279 0)
(-0.1272704756 0.2483524696 0)
(-0.1608839588 0.1597335776 0)
(-0.09224430649 0.2164853007 0)
(-0.07205050294 0.2590505949 0)
(-0.2534623178 0.2803491783 0)
(0.0392520637 0.1579187961 0)
(0.04995943997 0.1679269147 0)
(-0.1064464102 0.191736185 0)
(-0.1041202515 0.1817377498 0)
(0.02863441726 0.008237729073 0)
(0.02462072813 0.005827630512 0)
(0.02074307211 0.008090736931 0)
(-0.1107416964 0.2128153503 0)
(-0.1003695571 0.2093665315 0)
(-0.1294447122 0.1591556958 0)
(-0.1354626475 0.1688693633 0)
(-0.0677605832 0.2378969007 0)
(-0.1067955935 0.2412164163 0)
(0.109718326 0.2888681932 0)
(0.004330090089 0.01249993604 0)
(0.008566867525 0.009902836394 0)
(0.008128829545 0.004587982128 0)
(0.01268546518 0.007470923544 0)
(0.0042586013 0.03242439029 0)
(0.008494972977 0.03039440972 0)
(0.005023659774 0.02222955194 0)
(0.008403846895 0.01462162432 0)
(0.0239333386 0.02644251411 0)
(-0.1394496797 0.2126161245 0)
(-0.0577531724 0.1855639102 0)
(0.108108008 0.009019695647 0)
(-0.1422789329 0.2735887966 0)
(-0.0001916755901 0.2337489671 0)
(-0.0105046246 0.2370847781 0)
(-0.1252105565 0.2375917316 0)
(-0.07806429132 0.2413931073 0)
(-0.06985665785 0.2485253102 0)
(0.006106607559 0.2492470688 0)
(-0.09600648912 0.1884793733 0)
(-0.1372834113 0.2020087386 0)
(-0.01418655071 0.2556970098 0)
(0.07514942094 0.009360675025 0)
(0.07209849949 0.0234488031 0)
(-0.08234784446 0.2623656691 0)
(-0.08191144193 0.2130327582 0)
(0.004127588653 0.04276425769 0)
(-0.03901882443 0.2376910912 0)
(-0.05370526521 0.2129208805 0)
(-0.04104269855 0.2484022314 0)
(-0.1108963119 0.2625786422 0)
(-0.1170238461 0.2447560555 0)
(-0.1897751955 0.1697183184 0)
(-0.1475719114 0.2054682067 0)
(-0.2467409058 0.1837765784 0)
(-0.1540663987 0.2375864713 0)
(-0.1701814181 0.1739622 0)
(-0.1190753492 0.2555115386 0)
(0.004347041644 0.06242202939 0)
(0.004109034668 0.05170678951 0)
(-0.1557520658 0.1983276031 0)
(0.02846760927 0.2724473721 0)
(0.02987075639 0.04840850131 0)
(-0.1683722821 0.2123042669 0)
(0.02057020849 0.2260493567 0)
(0.004835674811 0.06718510116 0)
(0.009358453882 0.07541561859 0)
(0.01682726168 0.1871277143 0)
(0.004330127019 0.0775 0)
(-0.07447835632 0.1581811196 0)
(0.004218317681 0.1025079654 0)
(0.04780079516 0.2464982278 0)
(-0.1132875446 0.2730921064 0)
(0.05258062551 0.04545186242 0)
(-0.2603430125 0.1612055463 0)
(-0.1561937157 0.2483512608 0)
(0.00562100062 0.1586821566 0)
(-0.06312410312 0.1694204099 0)
(0.00468175745 0.1127582983 0)
(0.008846362508 0.1160643682 0)
(-0.1841848315 0.2383794363 0)
(0.03264482707 0.02199570598 0)
(0.1151193384 0.1880068717 0)
(-0.02347175107 0.1911219967 0)
(-0.165983707 0.2017242187 0)
(-0.09115569232 0.1680404089 0)
(0.1210821416 0.2225440252 0)
(-0.2394014495 0.1606296604 0)
(0.1420911842 0.1869274303 0)
(0.1396637025 0.009673129312 0)
(0.08139611019 0.2810025759 0)
(0.00488030409 0.1275588004 0)
(0.1728961625 0.009706311889 0)
(0.1781211743 0.02119739522 0)
(-0.1666599926 0.2519923564 0)
(-0.04306066196 0.2902363189 0)
(0.1075178967 0.2548930893 0)
(-0.2286698507 0.1578772252 0)
(0.1220529837 0.2538764607 0)
(0.1293124704 0.2645261776 0)
(-0.211116312 0.2720551073 0)
(0.1503088335 0.01019330727 0)
(-0.2157168446 0.2267762931 0)
(0.07037689882 0.1153487616 0)
(0.009578393573 0.1256661189 0)
(-0.0271829078 0.281373662 0)
(-0.02323437448 0.2514869995 0)
(0.190402416 0.0194840868 0)
(-0.02390018697 0.2028161954 0)
(0.008330661199 0.0405531606 0)
(0.1820725208 0.290266638 0)
(0.0005657165733 0.189901644 0)
(0.02862628719 0.05982176952 0)
(0.01507772106 0.07311924021 0)
(-0.2819839879 0.2906121415 0)
(-0.2765606861 0.2781787294 0)
(-0.1793888331 0.2798576284 0)
(0.00972963825 0.08100576112 0)
(-0.2826731944 0.2053199593 0)
(-0.05560584399 0.2725906091 0)
(0.03590485977 0.09205650625 0)
(0.1412073356 0.2802425259 0)
(0.0204411781 0.01313585923 0)
(-0.2834337684 0.1592107062 0)
(0.004148749645 0.08769726196 0)
(0.1828168434 0.05866525309 0)
(-0.1221496993 0.1780730561 0)
(-0.228285752 0.2809335767 0)
(0.008313110736 0.03510823651 0)
(0.04975130321 0.2358465934 0)
(-0.07467167127 0.2689049804 0)
(0.0435617709 0.120102787 0)
(0.02257667251 0.2818587122 0)
(0.09844325474 0.2920703277 0)
(0.036211988 0.1398757097 0)
(0.1297442929 0.1446016844 0)
(0.008845215846 0.025694487 0)
(-0.008612810371 0.1550590235 0)
(-0.02555637728 0.262488857 0)
(-0.1767136956 0.2041745708 0)
(0.08613435363 0.007975001836 0)
(0.0610194508 0.04009963166 0)
(-0.01121242668 0.2813733933 0)
(0.02641399195 0.1827810366 0)
(0.0691773288 0.2823161382 0)
(0.003817598621 0.1171286961 0)
(-0.1425811416 0.1755739202 0)
(-0.1772959668 0.2564677002 0)
(0.03742145601 0.003432939764 0)
(0.009810912835 0.1306322107 0)
(-0.2731322419 0.2225217967 0)
(-0.2438587542 0.230650557 0)
(-0.2410714349 0.2814705947 0)
(0.03463232148 0.07345689379 0)
(-0.01102708758 0.172200898 0)
(-0.199782029 0.1682117573 0)
(-0.1636873874 0.2795437558 0)
(-0.08716464547 0.2824778572 0)
(0.1187042874 0.008424603375 0)
(0.1696276205 0.03263325456 0)
(-0.1781022581 0.1671622422 0)
(0.003865526586 0.1372863513 0)
(0.03761649318 0.1865483558 0)
(0.1014270793 0.01718511665 0)
(-0.050703326 0.1576716618 0)
(0.149467519 0.2561801747 0)
(0.00766677875 0.2394640931 0)
(0.1049055579 0.08031966265 0)
(0.01848884425 0.2360312957 0)
(-0.1506544228 0.1569641608 0)
(0.04464633033 0.1450296524 0)
(-0.1789865096 0.2683640982 0)
(0.1467479086 0.1609579954 0)
(0.008707754023 0.1001154803 0)
(0.01243228785 0.01235624403 0)
(0.003783265578 0.0925 0)
(-0.2237888246 0.2180513789 0)
(-0.02653073141 0.271512564 0)
(-0.002820736329 0.2426479163 0)
(0.1411340466 0.2673500973 0)
(0.01658298074 0.01010228789 0)
(0.02818511669 0.003749071821 0)
(-0.1444777055 0.2826827918 0)
(-0.2158112708 0.1690617761 0)
(0.01249529425 0.003357533783 0)
(0.12777409 0.01791217293 0)
(0.08775962947 0.06176338788 0)
(-0.1986354926 0.1863223811 0)
(0.008747298766 0.08579340149 0)
(-0.115335024 0.2817890896 0)
(-0.01284488495 0.2462867637 0)
(0.05647240316 0.02341150971 0)
(0.1803674248 0.242810168 0)
(0.0313708294 0.221987071 0)
(0.05796782864 0.2831325298 0)
(0.04295224108 0.08670788999 0)
(-0.08598473604 0.1584515724 0)
(0.07056875786 0.04330253375 0)
(0.02863851601 0.02998679852 0)
(0.02715511612 0.02267151501 0)
(0.007472760404 0.04721606711 0)
(-0.04038371082 0.1571044691 0)
(0.04943536031 0.127003902 0)
(0.01334887483 0.03365304044 0)
(0.0430581116 0.2821935867 0)
(0.00850179653 0.09515928272 0)
(0.06132662889 0.1759663556 0)
(-0.1826715738 0.1961841852 0)
(-0.0009268683329 0.1979911393 0)
(0.01174956385 0.01695211728 0)
(0.1675056577 0.01888515127 0)
(0.1566663223 0.01877376901 0)
(0.1614012171 0.2448874074 0)
(0.02137759505 0.07655155323 0)
(0.04034122125 0.229154711 0)
(0.008561360559 0.1356171359 0)
(-0.01126731042 0.1598337713 0)
(0.1622734808 0.2813932281 0)
(-0.2887735953 0.2697630976 0)
(-0.09754798808 0.2848121463 0)
(0.003659329116 0.00366185605 0)
(-0.2911665139 0.2913345965 0)
(-0.2642978715 0.2819597708 0)
(-0.196526724 0.2812028331 0)
(0.1358736347 0.2536019755 0)
(0.1299027594 0.2379992677 0)
(0.126193038 0.2038684563 0)
(0.007696779391 0.05968466841 0)
(0.05420038594 0.01531179749 0)
(0.1912347687 0.29125861 0)
(0.02122413993 0.003609889734 0)
(-0.1115874928 0.17688379 0)
(-0.2666940994 0.1675574847 0)
(0.04319103522 0.07854968587 0)
(-0.2919361048 0.1579790617 0)
(0.008830335656 0.1944892228 0)
(0.008229937126 0.1046357562 0)
(0.01560258349 0.1148304297 0)
(0.01717423705 0.03115525315 0)
(0.02720337828 0.03438074246 0)
(0.007958597975 0.018521572 0)
(-0.1684518427 0.1659520861 0)
(0.05838486224 0.2316022041 0)
(-0.009406407245 0.2007094019 0)
(0.1705924774 0.165589126 0)
(0.02089019557 0.03165160766 0)
(0.15257027 0.2828270633 0)
(0.1188459591 0.08668019942 0)
(0.1717451742 0.04984578409 0)
(-0.1909495917 0.1913310179 0)
(0.05263486716 0.004958491912 0)
(0.008562498168 0.2738134508 0)
(0.0141343922 0.1333004104 0)
(-0.06959147597 0.1652906978 0)
(0.008255909682 0.05378118014 0)
(0.05040562882 0.07451969491 0)
(-0.02448939767 0.1610084933 0)
(0.08021712938 0.1235242684 0)
(0.1922136779 0.008010390997 0)
(0.0125990297 0.09105445546 0)
(0.02768719983 0.05372214713 0)
(0.06584059216 0.02827747523 0)
(0.1179296946 0.2809711924 0)
(-0.1991341812 0.1776117565 0)
(0.0910401824 0.01467336754 0)
(-0.03550817834 0.1629733092 0)
(0.03117940465 0.1556632452 0)
(0.07425960568 0.01646673089 0)
(-0.01496782846 0.1683012208 0)
(0.0733178134 0.2407846626 0)
(0.04254790649 0.1758556152 0)
(-0.06750334627 0.2736383037 0)
(-0.1288732727 0.1740150178 0)
(0.05047813704 0.2254878869 0)
(-0.171138815 0.2823682654 0)
(0.01573102777 0.03712114868 0)
(0.0373733888 0.01707210651 0)
(-0.2743917513 0.1947917469 0)
(0.02695182895 0.07343102495 0)
(0.01970825293 0.0381962762 0)
(-0.2492933898 0.1684794789 0)
(0.01220495069 0.1210703847 0)
(0.05170258527 0.2160285279 0)
(0.004212677478 0.09754779238 0.001)
(0.005559873147 0.1218208137 0.001)
(0.004637618357 0.1482594552 0.001)
(-0.002823729058 0.1545713938 0.001)
(0.00464569073 0.07250667411 0.001)
(0.09686501899 0.008345945469 0.001)
(0.08781186015 0.2905110749 0.001)
(0.003492072619 0.04736044893 0.001)
(0.03929434746 0.2907795119 0.001)
(0.04714239931 0.005188856079 0.001)
(-0.00838274162 0.2906141698 0.001)
(-0.03001941346 0.157766735 0.001)
(-0.09664775263 0.1590801641 0.001)
(-0.1407813375 0.1586303578 0.001)
(-0.218507461 0.1594950658 0.001)
(-0.05556745161 0.2901180699 0.001)
(-0.115020812 0.2907065073 0.001)
(-0.1752126934 0.2904316192 0.001)
(-0.2228917292 0.2906211642 0.001)
(0.1225832378 0.2906704253 0.001)
(-0.06262050927 0.1593668374 0.001)
(-0.173257203 0.1588772723 0.001)
(0.004280258987 0.02758637396 0.001)
(0.1292476805 0.007685729532 0.001)
(0.03277447053 0.004679999521 0.001)
(-0.2503136472 0.1575459132 0.001)
(0.06467906231 0.007756412573 0.001)
(0.0170810614 0.004658342151 0.001)
(0.1672715914 0.1054072498 0.001)
(0.1707409036 0.1988344143 0.001)
(-0.2466329361 0.2904303388 0.001)
(-0.09193686614 0.2915640648 0.001)
(0.01590803771 0.2910029731 0.001)
(-0.1391801091 0.290746204 0.001)
(0.1462878401 0.290501017 0.001)
(-0.01498259071 0.1557241407 0.001)
(0.06332524022 0.2904969793 0.001)
(-0.1996897851 0.2905032909 0.001)
(-0.03199248716 0.2899217973 0.001)
(-0.1182130815 0.1594023518 0.001)
(0.1620843738 0.009404681693 0.001)
(-0.1951962249 0.1593573694 0.001)
(0.004218087382 0.03742285254 0.001)
(0.004204792431 0.01728292523 0.001)
(0.004106116653 0.05729686336 0.001)
(0.004495770573 0.08279986044 0.001)
(0.004330127019 0.1075 0.001)
(-0.2777952582 0.2428052902 0.001)
(0.004407896023 0.132693735 0.001)
(-0.2703125935 0.2904453246 0.001)
(0.1699336844 0.2898413366 0.001)
(-0.2722737896 0.1597902714 0.001)
(0.184455459 0.03679602879 0.001)
(0.1848237982 0.2625846645 0.001)
(-0.286266979 0.1858995867 0.001)
(0.004218317751 0.007693632681 0.001)
(0.1836039324 0.009562982472 0.001)
(-0.2897138133 0.2823127524 0.001)
(0.1884442397 0.2797674224 0.001)
(-0.2893892327 0.1690949963 0.001)
(0.1582600047 0.1379876005 0.001)
(0.1357479559 0.1201974588 0.001)
(0.1370465998 0.08900608205 0.001)
(0.1131529847 0.1030754386 0.001)
(0.1099511089 0.1288047795 0.001)
(0.09081692661 0.1142479055 0.001)
(0.08701938172 0.1361432442 0.001)
(0.09182973771 0.09254433558 0.001)
(0.07531459054 0.1000370395 0.001)
(0.0765541084 0.08315417371 0.001)
(0.06235395586 0.09040371969 0.001)
(0.06198512061 0.07506954142 0.001)
(0.05995928918 0.105167873 0.001)
(0.07667062324 0.06744133489 0.001)
(0.06394866936 0.06119928875 0.001)
(0.05290144196 0.06608567879 0.001)
(0.0535925354 0.05520846408 0.001)
(0.04436710936 0.05995378963 0.001)
(0.0445654703 0.05014128796 0.001)
(0.04362873211 0.06903795869 0.001)
(0.06230621345 0.04983045698 0.001)
(0.03550620323 0.05419099569 0.001)
(0.03683663622 0.04518965526 0.001)
(0.04445535809 0.04084324802 0.001)
(0.0369166687 0.03691687068 0.001)
(0.04407267616 0.03254829089 0.001)
(0.02952076159 0.03983927243 0.001)
(0.03148373224 0.03392860201 0.001)
(0.1050571803 0.1518877573 0.001)
(0.0844694556 0.1585698501 0.001)
(0.1004634924 0.1734355017 0.001)
(0.07826325033 0.178946354 0.001)
(0.09507783419 0.1933112308 0.001)
(0.0766807215 0.1986990251 0.001)
(0.06273762954 0.1885076588 0.001)
(0.05965601154 0.2062081965 0.001)
(0.04862658284 0.1943841736 0.001)
(0.04570712683 0.2081801944 0.001)
(0.03610423735 0.2002015125 0.001)
(0.03408414093 0.2117307406 0.001)
(0.02502828266 0.2042382848 0.001)
(0.02285868662 0.2153219839 0.001)
(0.01433243321 0.2083100345 0.001)
(0.01226048365 0.2193887718 0.001)
(0.0038979038 0.2122972817 0.001)
(0.00188021003 0.2231526621 0.001)
(-0.0063927547 0.2161000213 0.001)
(-0.008400996134 0.2268172293 0.001)
(-0.01662690445 0.2198074448 0.001)
(-0.01859074677 0.2304504802 0.001)
(-0.0267981985 0.2234527595 0.001)
(0.04221457941 0.2188643135 0.001)
(-0.02877766127 0.2340729283 0.001)
(-0.03699593883 0.2270795565 0.001)
(-0.03506157736 0.2164551799 0.001)
(-0.04539589107 0.2199572803 0.001)
(-0.04724610192 0.2306801796 0.001)
(-0.05554050381 0.22357958 0.001)
(-0.05749500828 0.2342967816 0.001)
(-0.06571506184 0.2271810943 0.001)
(0.01013557291 0.2302291233 0.001)
(-0.06374012737 0.2165124158 0.001)
(-0.07389407366 0.2200760656 0.001)
(-0.07598466625 0.2307203362 0.001)
(-0.08414567538 0.2235943514 0.001)
(-0.08627563816 0.2342271671 0.001)
(-0.09444237094 0.2270811334 0.001)
(0.04993769655 0.1816123381 0.001)
(0.006385591338 0.2025954337 0.001)
(-0.09655025376 0.23771784 0.001)
(-0.104702297 0.2305738713 0.001)
(-0.1026102587 0.2199391673 0.001)
(-0.112857041 0.2234255272 0.001)
(-0.1149508473 0.2340706398 0.001)
(-0.1231124908 0.2269259181 0.001)
(-0.121009047 0.2162842633 0.001)
(-0.1312834061 0.2197762619 0.001)
(-0.1333907538 0.2304437374 0.001)
(-0.1415908476 0.2232641156 0.001)
(-0.1437014955 0.2339644532 0.001)
(-0.1519327528 0.226765876 0.001)
(-0.1497866768 0.2160680076 0.001)
(-0.1601797023 0.2195393027 0.001)
(-0.1623781366 0.2303642425 0.001)
(-0.1707800399 0.222937646 0.001)
(-0.172998757 0.2339954392 0.001)
(-0.1817996073 0.2265569207 0.001)
(-0.0718126443 0.2095007726 0.001)
(0.02616513266 0.1932523773 0.001)
(0.09068690224 0.2119241905 0.001)
(-0.1793430787 0.2151033723 0.001)
(-0.1910253011 0.2183473903 0.001)
(-0.1933941311 0.2308436186 0.001)
(-0.2032745374 0.2226743364 0.001)
(-0.2055408098 0.2356062632 0.001)
(-0.02079917019 0.240683074 0.001)
(-0.06179025285 0.2059628436 0.001)
(-0.08838624196 0.2448637644 0.001)
(-0.04922812204 0.2413591195 0.001)
(-0.09866549623 0.248356703 0.001)
(-0.01462383075 0.2079300258 0.001)
(-0.1291572471 0.2091451325 0.001)
(-0.1189044459 0.2056572475 0.001)
(-0.135483322 0.2411806527 0.001)
(-0.1458187775 0.2447458796 0.001)
(-0.2008009406 0.2095754927 0.001)
(-0.2133368512 0.2142339956 0.001)
(-0.06981438151 0.1989814945 0.001)
(-0.05983333949 0.1955635713 0.001)
(-0.1956783163 0.2435151636 0.001)
(-0.1579560565 0.2088639429 0.001)
(-0.207581993 0.2483984674 0.001)
(-0.2179474996 0.2402055178 0.001)
(-0.1270369398 0.1985265586 0.001)
(-0.1168032633 0.1950530875 0.001)
(-0.1375679726 0.2519948251 0.001)
(-0.1480125241 0.2555784025 0.001)
(-0.2112596165 0.2006606369 0.001)
(-0.2240295438 0.2052885503 0.001)
(-0.2001268746 0.1964771014 0.001)
(-0.09050709432 0.2555009059 0.001)
(-0.1007570978 0.2590021101 0.001)
(-0.2200987909 0.253578092 0.001)
(-0.07983146302 0.20249788 0.001)
(-0.07779944418 0.1920190026 0.001)
(-0.05950916895 0.2450075886 0.001)
(-0.05120739348 0.2521045443 0.001)
(-0.0615571248 0.2557665013 0.001)
(0.06915682604 0.1461448523 0.001)
(0.02345525509 0.03681582533 0.001)
(0.02450104213 0.03118720049 0.001)
(0.02288474237 0.04297701099 0.001)
(-0.1976479203 0.2561790916 0.001)
(-0.124861264 0.1881131372 0.001)
(-0.135151202 0.191430328 0.001)
(0.04811673898 0.09587112159 0.001)
(0.04670895621 0.109163454 0.001)
(0.03686263021 0.1021192407 0.001)
(0.03528528198 0.1130696132 0.001)
(-0.11446491 0.1851811021 0.001)
(0.0273521239 0.1060449279 0.001)
(0.0282447199 0.09648482458 0.001)
(0.0242988432 0.1157202319 0.001)
(0.03277334309 0.1230586734 0.001)
(-0.0878154821 0.1954898607 0.001)
(-0.2219168953 0.1915958215 0.001)
(-0.2348648989 0.1964071464 0.001)
(-0.2371202026 0.2140327554 0.001)
(0.02343789866 0.1256283901 0.001)
(0.03051654943 0.1323983122 0.001)
(0.02064157093 0.1347181776 0.001)
(0.02819272026 0.1415614883 0.001)
(-0.08575846427 0.1850973525 0.001)
(-0.2316020513 0.2439074553 0.001)
(-0.2335484155 0.2588926238 0.001)
(-0.1396966184 0.2628537081 0.001)
(-0.1502288188 0.2664594113 0.001)
(-0.1585679484 0.259181306 0.001)
(-0.1292987917 0.2592175069 0.001)
(-0.07580238961 0.1816448647 0.001)
(-0.05311649091 0.2628133555 0.001)
(-0.04282191946 0.2592470934 0.001)
(-0.06391107879 0.2655894743 0.001)
(0.04211422727 0.1319617657 0.001)
(-0.1861451305 0.2502810394 0.001)
(-0.1880721985 0.2620674535 0.001)
(0.1089606457 0.2075010212 0.001)
(0.103700344 0.2258175784 0.001)
(0.08462581647 0.2307063138 0.001)
(0.09780737312 0.2423602159 0.001)
(0.1136073254 0.2399557568 0.001)
(0.08275094999 0.2471437993 0.001)
(0.09315862557 0.2575698859 0.001)
(0.07876462509 0.2604182294 0.001)
(0.06927693683 0.2513762637 0.001)
(0.06566943068 0.263475315 0.001)
(0.05643539826 0.2544350373 0.001)
(0.05341118878 0.2662620291 0.001)
(0.04477681276 0.2578554838 0.001)
(-0.09260464664 0.2661441115 0.001)
(-0.1028065097 0.2696587168 0.001)
(0.01659420463 0.04094178467 0.001)
(0.01695233361 0.04706700962 0.001)
(-0.2497754259 0.2014791318 0.001)
(-0.232080561 0.1826087394 0.001)
(-0.05190082071 0.2023996133 0.001)
(-0.04996477659 0.1921811235 0.001)
(-0.0418670264 0.1990286079 0.001)
(-0.04025615116 0.1889127579 0.001)
(-0.04799744844 0.1823060114 0.001)
(-0.03851253399 0.1790807446 0.001)
(-0.03101298707 0.1853916245 0.001)
(-0.045999853 0.1725245685 0.001)
(-0.02925723085 0.1759644346 0.001)
(-0.02205067401 0.1819958079 0.001)
(-0.01954123908 0.1725876853 0.001)
(-0.01313646743 0.1791732813 0.001)
(-0.01489733449 0.1879509476 0.001)
(-0.00643831746 0.1847012909 0.001)
(-0.004806160179 0.1763501302 0.001)
(0.00173431074 0.1816681863 0.001)
(0.003108241784 0.1732579167 0.001)
(0.01015184748 0.1791343667 0.001)
(0.01121574178 0.1701685512 0.001)
(0.01852780152 0.1761432385 0.001)
(0.01973086365 0.16676944 0.001)
(-0.1313643123 0.2700755033 0.001)
(-0.0447171613 0.2699482324 0.001)
(-0.03489411755 0.2661271863 0.001)
(0.01894406533 0.1437697187 0.001)
(0.02011915771 0.1003104942 0.001)
(0.01986337342 0.09150583377 0.001)
(0.02851208696 0.08754686845 0.001)
(0.02120210926 0.08342194349 0.001)
(0.02269886098 0.05049799628 0.001)
(0.01667539748 0.05369370998 0.001)
(0.02244662585 0.05682052402 0.001)
(0.0161624497 0.06040425227 0.001)
(0.02223710851 0.06373318749 0.001)
(0.02722273747 0.172701967 0.001)
(0.02905944048 0.1635197171 0.001)
(0.06082816937 0.2418192858 0.001)
(-0.05560604381 0.1756129209 0.001)
(0.01221209081 0.1606382825 0.001)
(0.01573760089 0.06688251711 0.001)
(-0.1088733936 0.2518731233 0.001)
(-0.1085732242 0.2022194323 0.001)
(-0.1609770324 0.2699292457 0.001)
(0.04118530041 0.2710946363 0.001)
(0.03345570266 0.2611691471 0.001)
(0.03635044983 0.2498961095 0.001)
(0.02549286579 0.2530785923 0.001)
(0.0227039402 0.2638307361 0.001)
(0.01486043439 0.2561761616 0.001)
(0.0120520832 0.2661863257 0.001)
(0.004389973802 0.2591325425 0.001)
(0.001613759623 0.269008616 0.001)
(-0.005966125381 0.2620884748 0.001)
(0.02783042405 0.2423069807 0.001)
(-0.1330412357 0.180786889 0.001)
(-0.1434599276 0.1844472972 0.001)
(0.05162309583 0.03641783274 0.001)
(0.05092149219 0.02806175574 0.001)
(0.04386247931 0.02443131886 0.001)
(0.05891868329 0.03189317697 0.001)
(0.04969802659 0.02004862586 0.001)
(-0.004033507722 0.2522194603 0.001)
(-0.1997882939 0.2698632611 0.001)
(0.01822374125 0.03470521907 0.001)
(0.04244297794 0.0168424537 0.001)
(0.03756355513 0.02106470174 0.001)
(-0.003566208362 0.1672858285 0.001)
(0.05661130829 0.1194418178 0.001)
(-0.2219746195 0.2683680365 0.001)
(-0.08365877642 0.1748314268 0.001)
(-0.09371040008 0.1779730832 0.001)
(0.1227015989 0.1677745146 0.001)
(-0.008625337497 0.2722652253 0.001)
(0.07430090231 0.2725056794 0.001)
(0.02905172231 0.07897240463 0.001)
(0.03593578276 0.08285132256 0.001)
(0.01816761922 0.1207673229 0.001)
(-0.2459098892 0.2485731601 0.001)
(-0.2472998344 0.2669143387 0.001)
(0.002591043849 0.1542278518 0.001)
(-0.08985993035 0.2058979298 0.001)
(-0.08019827592 0.2520371683 0.001)
(-0.03302572147 0.255397112 0.001)
(0.03752277287 0.01335313888 0.001)
(0.03308907347 0.01710517808 0.001)
(-0.01621984381 0.2651983155 0.001)
(-0.01881942763 0.2755828882 0.001)
(-0.1454051431 0.1948880276 0.001)
(-0.1535894259 0.1877585503 0.001)
(-0.1516403952 0.1773091831 0.001)
(-0.1618009847 0.1806021026 0.001)
(-0.1638876525 0.1912487057 0.001)
(-0.1722664599 0.1839943722 0.001)
(-0.1741076375 0.1944249423 0.001)
(-0.007879544561 0.1936076621 0.001)
(0.05066527626 0.2777451553 0.001)
(0.01453771734 0.08530384043 0.001)
(0.01497762002 0.07917950859 0.001)
(-0.1210892762 0.2662914342 0.001)
(-0.1535337704 0.2789443006 0.001)
(-0.1598343756 0.1700251386 0.001)
(-0.2540869492 0.218961897 0.001)
(-0.1644652198 0.241380338 0.001)
(0.01760865826 0.273426996 0.001)
(-0.2193687709 0.1789709384 0.001)
(-0.1692116458 0.2627213859 0.001)
(0.03866263754 0.2391368567 0.001)
(-0.1889138938 0.275316785 0.001)
(-0.07315584944 0.1722838751 0.001)
(0.165035674 0.07187422352 0.001)
(0.1396213006 0.06236576907 0.001)
(0.1208368181 0.07178218508 0.001)
(0.1214080805 0.05107273603 0.001)
(0.1387227775 0.04078554346 0.001)
(0.1030893132 0.06167993238 0.001)
(0.1059142438 0.04302342913 0.001)
(0.09063409664 0.04948077603 0.001)
(0.09248946396 0.03526580701 0.001)
(0.1054018232 0.02832086063 0.001)
(-0.1822604873 0.1870206838 0.001)
(-0.1807616005 0.1766888684 0.001)
(-0.1905273388 0.1810495394 0.001)
(0.00806866533 0.186783428 0.001)
(0.01227789306 0.04380228068 0.001)
(-0.2659793844 0.2057399214 0.001)
(0.008484710859 0.1533800753 0.001)
(0.01324976079 0.1391216576 0.001)
(0.08006135662 0.0411909495 0.001)
(0.08155979262 0.02878786167 0.001)
(-0.2286619657 0.1692613997 0.001)
(0.01021385759 0.06340594518 0.001)
(0.02933568016 0.2324560746 0.001)
(0.06573512805 0.1628385124 0.001)
(0.05363809366 0.1525517651 0.001)
(0.03670184461 0.1693003461 0.001)
(0.03351990444 0.1777514375 0.001)
(-0.1710365197 0.273753636 0.001)
(0.1567902738 0.04926016048 0.001)
(-0.123562037 0.2771449997 0.001)
(0.01547487221 0.1272732543 0.001)
(0.1547456502 0.03045400067 0.001)
(0.01857742549 0.1083629059 0.001)
(0.01335006401 0.1034117698 0.001)
(-0.079675757 0.1662726132 0.001)
(0.1660294167 0.2262961898 0.001)
(0.02135128922 0.07089513485 0.001)
(0.02834621668 0.06727913824 0.001)
(-0.2390777835 0.173280962 0.001)
(0.01387106284 0.09693859975 0.001)
(0.00782101954 0.09056373851 0.001)
(1.006958801e-05 0.1600295633 0.001)
(-0.006013065948 0.160224835 0.001)
(-0.01071846776 0.1652674051 0.001)
(-0.2614177994 0.1893461798 0.001)
(0.1427743337 0.2171604695 0.001)
(0.1440261376 0.2408569183 0.001)
(-0.2777599512 0.2619028505 0.001)
(-0.228740681 0.2299253001 0.001)
(0.05662238893 0.009119854401 0.001)
(0.06052287679 0.01556194479 0.001)
(0.06791895951 0.01542463542 0.001)
(0.05545413479 0.1365092374 0.001)
(-0.09481368278 0.2761674361 0.001)
(-0.08405487567 0.2725562534 0.001)
(-0.1060361088 0.2810897561 0.001)
(0.01054342289 0.1096435656 0.001)
(0.02491843109 0.1497367895 0.001)
(0.03499656221 0.148117386 0.001)
(-0.0004813907039 0.2799559761 0.001)
(0.07608796058 0.05346206798 0.001)
(-0.01656715342 0.1971545583 0.001)
(0.05162799122 0.08384399827 0.001)
(0.01052986381 0.1463499375 0.001)
(0.07354882553 0.2168216397 0.001)
(0.01216728165 0.03799021279 0.001)
(0.09244512304 0.02362845038 0.001)
(0.08187154278 0.01763281002 0.001)
(0.0283184844 0.2907587417 0.001)
(0.03388741475 0.2814420628 0.001)
(-0.03651171441 0.2783044749 0.001)
(0.03560460521 0.02823043652 0.001)
(0.02989620744 0.02567828877 0.001)
(0.1225254044 0.0326774015 0.001)
(0.1149516311 0.01922095049 0.001)
(0.0156848474 0.1517995317 0.001)
(-0.1258905546 0.2887504758 0.001)
(0.006098806604 0.1415508492 0.001)
(-0.2084135714 0.1864257449 0.001)
(-0.2076714596 0.1739427979 0.001)
(-0.01975323596 0.2884487069 0.001)
(0.05115163291 0.2895080407 0.001)
(0.06945999745 0.129614214 0.001)
(0.06969841186 0.03393150797 0.001)
(-0.05362360287 0.1661326761 0.001)
(-0.04356391489 0.1642852952 0.001)
(-0.2111324857 0.2905416261 0.001)
(-0.2060253503 0.2809200247 0.001)
(0.01122343471 0.05703709275 0.001)
(0.01171616295 0.05054435221 0.001)
(0.1409501271 0.0233082636 0.001)
(-0.2343626316 0.2714030045 0.001)
(0.004056541263 0.2905247141 0.001)
(-0.2345950093 0.2906485878 0.001)
(0.06332158297 0.0225432214 0.001)
(-0.08013777811 0.2903957754 0.001)
(-0.06787502796 0.2898459299 0.001)
(-0.06185222633 0.280253253 0.001)
(0.07525861608 0.2907260745 0.001)
(0.01656822461 0.1983918927 0.001)
(-0.04810368732 0.2806535817 0.001)
(-0.1888749177 0.2046078402 0.001)
(0.08778956665 0.2701462622 0.001)
(0.1017536145 0.2679579051 0.001)
(0.09723816642 0.2809723703 0.001)
(0.1087924125 0.277468396 0.001)
(0.1167135832 0.2685204312 0.001)
(-0.0275820075 0.1664979079 0.001)
(-0.2616110485 0.2549345089 0.001)
(-0.2632499292 0.2708735133 0.001)
(-0.2582586651 0.2373037122 0.001)
(0.1725343504 0.2738451197 0.001)
(0.1671155875 0.258293586 0.001)
(0.1549253699 0.2714611302 0.001)
(-0.2169324215 0.2805795628 0.001)
(-0.01860958294 0.1637500631 0.001)
(0.06833779972 0.230764312 0.001)
(0.06045707154 0.2214020483 0.001)
(-0.2583056031 0.2905766198 0.001)
(-0.1505649651 0.2903376767 0.001)
(0.04296983092 0.009814902649 0.001)
(0.03778107293 0.008037872594 0.001)
(0.03315393704 0.01078821427 0.001)
(0.02883749354 0.01366331322 0.001)
(0.02830453075 0.01862050548 0.001)
(0.02426833703 0.01574265326 0.001)
(0.02355761535 0.02048562336 0.001)
(0.01965607391 0.01769602409 0.001)
(0.01899841745 0.02258401151 0.001)
(0.01522690741 0.01961389331 0.001)
(0.0141904792 0.02438485522 0.001)
(0.01611481979 0.01490162146 0.001)
(0.02452439159 0.01078716864 0.001)
(0.01041112693 0.02152164125 0.001)
(0.01837722896 0.02756659939 0.001)
(0.01345961641 0.02906525085 0.001)
(0.04939048558 0.01153691422 0.001)
(0.06221909885 0.2755217336 0.001)
(-0.1750930465 0.2450844362 0.001)
(0.09017573839 0.07452635935 0.001)
(-0.00368027921 0.2062785127 0.001)
(0.04169359908 0.004446826705 0.001)
(-0.07416015979 0.2792741055 0.001)
(0.1345275509 0.2906891701 0.001)
(0.1293236549 0.2778321375 0.001)
(-0.03672864343 0.1702093456 0.001)
(0.01126983068 0.2820741274 0.001)
(0.009807458904 0.06977595827 0.001)
(-0.1493015022 0.1664568686 0.001)
(-0.0217465868 0.1560192671 0.001)
(0.004807087996 0.1651350101 0.001)
(-0.1627199105 0.2894141457 0.001)
(-0.06561216975 0.178605952 0.001)
(-0.274276055 0.1747959081 0.001)
(-0.2598835406 0.174438213 0.001)
(0.1581573238 0.2905374155 0.001)
(0.022195076 0.1580327896 0.001)
(-0.1878832739 0.2883995285 0.001)
(-0.09818792653 0.1988420083 0.001)
(-0.0677665948 0.1887335175 0.001)
(-0.02471646428 0.212858008 0.001)
(-0.03338968879 0.2060739564 0.001)
(-0.04356211327 0.2094624898 0.001)
(-0.03224084114 0.1957007213 0.001)
(-0.107183 0.1593223005 0.001)
(-0.1140709493 0.1685753584 0.001)
(-0.1243418493 0.1682616482 0.001)
(-0.1027204854 0.1701425266 0.001)
(-0.1030073291 0.291378306 0.001)
(-0.1842185704 0.1590196741 0.001)
(0.0356828554 0.06341984356 0.001)
(-0.2071002576 0.1614383952 0.001)
(0.01675908056 0.2459328546 0.001)
(-0.1343723719 0.2805170644 0.001)
(-0.209790518 0.2613406741 0.001)
(-0.0309542104 0.2446144279 0.001)
(-0.1272704756 0.2483524696 0.001)
(-0.1608839588 0.1597335776 0.001)
(-0.09224430649 0.2164853007 0.001)
(-0.07205050294 0.2590505949 0.001)
(-0.2534623178 0.2803491783 0.001)
(0.0392520637 0.1579187961 0.001)
(0.04995943997 0.1679269147 0.001)
(-0.1064464102 0.191736185 0.001)
(-0.1041202515 0.1817377498 0.001)
(0.02863441726 0.008237729073 0.001)
(0.02462072813 0.005827630512 0.001)
(0.02074307211 0.008090736931 0.001)
(-0.1107416964 0.2128153503 0.001)
(-0.1003695571 0.2093665315 0.001)
(-0.1294447122 0.1591556958 0.001)
(-0.1354626475 0.1688693633 0.001)
(-0.0677605832 0.2378969007 0.001)
(-0.1067955935 0.2412164163 0.001)
(0.109718326 0.2888681932 0.001)
(0.004330090089 0.01249993604 0.001)
(0.008566867525 0.009902836394 0.001)
(0.008128829545 0.004587982128 0.001)
(0.01268546518 0.007470923544 0.001)
(0.0042586013 0.03242439029 0.001)
(0.008494972977 0.03039440972 0.001)
(0.005023659774 0.02222955194 0.001)
(0.008403846895 0.01462162432 0.001)
(0.0239333386 0.02644251411 0.001)
(-0.1394496797 0.2126161245 0.001)
(-0.0577531724 0.1855639102 0.001)
(0.108108008 0.009019695647 0.001)
(-0.1422789329 0.2735887966 0.001)
(-0.0001916755901 0.2337489671 0.001)
(-0.0105046246 0.2370847781 0.001)
(-0.1252105565 0.2375917316 0.001)
(-0.07806429132 0.2413931073 0.001)
(-0.06985665785 0.2485253102 0.001)
(0.006106607559 0.2492470688 0.001)
(-0.09600648912 0.1884793733 0.001)
(-0.1372834113 0.2020087386 0.001)
(-0.01418655071 0.2556970098 0.001)
(0.07514942094 0.009360675025 0.001)
(0.07209849949 0.0234488031 0.001)
(-0.08234784446 0.2623656691 0.001)
(-0.08191144193 0.2130327582 0.001)
(0.004127588653 0.04276425769 0.001)
(-0.03901882443 0.2376910912 0.001)
(-0.05370526521 0.2129208805 0.001)
(-0.04104269855 0.2484022314 0.001)
(-0.1108963119 0.2625786422 0.001)
(-0.1170238461 0.2447560555 0.001)
(-0.1897751955 0.1697183184 0.001)
(-0.1475719114 0.2054682067 0.001)
(-0.2467409058 0.1837765784 0.001)
(-0.1540663987 0.2375864713 0.001)
(-0.1701814181 0.1739622 0.001)
(-0.1190753492 0.2555115386 0.001)
(0.004347041644 0.06242202939 0.001)
(0.004109034668 0.05170678951 0.001)
(-0.1557520658 0.1983276031 0.001)
(0.02846760927 0.2724473721 0.001)
(0.02987075639 0.04840850131 0.001)
(-0.1683722821 0.2123042669 0.001)
(0.02057020849 0.2260493567 0.001)
(0.004835674811 0.06718510116 0.001)
(0.009358453882 0.07541561859 0.001)
(0.01682726168 0.1871277143 0.001)
(0.004330127019 0.0775 0.001)
(-0.07447835632 0.1581811196 0.001)
(0.004218317681 0.1025079654 0.001)
(0.04780079516 0.2464982278 0.001)
(-0.1132875446 0.2730921064 0.001)
(0.05258062551 0.04545186242 0.001)
(-0.2603430125 0.1612055463 0.001)
(-0.1561937157 0.2483512608 0.001)
(0.00562100062 0.1586821566 0.001)
(-0.06312410312 0.1694204099 0.001)
(0.00468175745 0.1127582983 0.001)
(0.008846362508 0.1160643682 0.001)
(-0.1841848315 0.2383794363 0.001)
(0.03264482707 0.02199570598 0.001)
(0.1151193384 0.1880068717 0.001)
(-0.02347175107 0.1911219967 0.001)
(-0.165983707 0.2017242187 0.001)
(-0.09115569232 0.1680404089 0.001)
(0.1210821416 0.2225440252 0.001)
(-0.2394014495 0.1606296604 0.001)
(0.1420911842 0.1869274303 0.001)
(0.1396637025 0.009673129312 0.001)
(0.08139611019 0.2810025759 0.001)
(0.00488030409 0.1275588004 0.001)
(0.1728961625 0.009706311889 0.001)
(0.1781211743 0.02119739522 0.001)
(-0.1666599926 0.2519923564 0.001)
(-0.04306066196 0.2902363189 0.001)
(0.1075178967 0.2548930893 0.001)
(-0.2286698507 0.1578772252 0.001)
(0.1220529837 0.2538764607 0.001)
(0.1293124704 0.2645261776 0.001)
(-0.211116312 0.2720551073 0.001)
(0.1503088335 0.01019330727 0.001)
(-0.2157168446 0.2267762931 0.001)
(0.07037689882 0.1153487616 0.001)
(0.009578393573 0.1256661189 0.001)
(-0.0271829078 0.281373662 0.001)
(-0.02323437448 0.2514869995 0.001)
(0.190402416 0.0194840868 0.001)
(-0.02390018697 0.2028161954 0.001)
(0.008330661199 0.0405531606 0.001)
(0.1820725208 0.290266638 0.001)
(0.0005657165733 0.189901644 0.001)
(0.02862628719 0.05982176952 0.001)
(0.01507772106 0.07311924021 0.001)
(-0.2819839879 0.2906121415 0.001)
(-0.2765606861 0.2781787294 0.001)
(-0.1793888331 0.2798576284 0.001)
(0.00972963825 0.08100576112 0.001)
(-0.2826731944 0.2053199593 0.001)
(-0.05560584399 0.2725906091 0.001)
(0.03590485977 0.09205650625 0.001)
(0.1412073356 0.2802425259 0.001)
(0.0204411781 0.01313585923 0.001)
(-0.2834337684 0.1592107062 0.001)
(0.004148749645 0.08769726196 0.001)
(0.1828168434 0.05866525309 0.001)
(-0.1221496993 0.1780730561 0.001)
(-0.228285752 0.2809335767 0.001)
(0.008313110736 0.03510823651 0.001)
(0.04975130321 0.2358465934 0.001)
(-0.07467167127 0.2689049804 0.001)
(0.0435617709 0.120102787 0.001)
(0.02257667251 0.2818587122 0.001)
(0.09844325474 0.2920703277 0.001)
(0.036211988 0.1398757097 0.001)
(0.1297442929 0.1446016844 0.001)
(0.008845215846 0.025694487 0.001)
(-0.008612810371 0.1550590235 0.001)
(-0.02555637728 0.262488857 0.001)
(-0.1767136956 0.2041745708 0.001)
(0.08613435363 0.007975001836 0.001)
(0.0610194508 0.04009963166 0.001)
(-0.01121242668 0.2813733933 0.001)
(0.02641399195 0.1827810366 0.001)
(0.0691773288 0.2823161382 0.001)
(0.003817598621 0.1171286961 0.001)
(-0.1425811416 0.1755739202 0.001)
(-0.1772959668 0.2564677002 0.001)
(0.03742145601 0.003432939764 0.001)
(0.009810912835 0.1306322107 0.001)
(-0.2731322419 0.2225217967 0.001)
(-0.2438587542 0.230650557 0.001)
(-0.2410714349 0.2814705947 0.001)
(0.03463232148 0.07345689379 0.001)
(-0.01102708758 0.172200898 0.001)
(-0.199782029 0.1682117573 0.001)
(-0.1636873874 0.2795437558 0.001)
(-0.08716464547 0.2824778572 0.001)
(0.1187042874 0.008424603375 0.001)
(0.1696276205 0.03263325456 0.001)
(-0.1781022581 0.1671622422 0.001)
(0.003865526586 0.1372863513 0.001)
(0.03761649318 0.1865483558 0.001)
(0.1014270793 0.01718511665 0.001)
(-0.050703326 0.1576716618 0.001)
(0.149467519 0.2561801747 0.001)
(0.00766677875 0.2394640931 0.001)
(0.1049055579 0.08031966265 0.001)
(0.01848884425 0.2360312957 0.001)
(-0.1506544228 0.1569641608 0.001)
(0.04464633033 0.1450296524 0.001)
(-0.1789865096 0.2683640982 0.001)
(0.1467479086 0.1609579954 0.001)
(0.008707754023 0.1001154803 0.001)
(0.01243228785 0.01235624403 0.001)
(0.003783265578 0.0925 0.001)
(-0.2237888246 0.2180513789 0.001)
(-0.02653073141 0.271512564 0.001)
(-0.002820736329 0.2426479163 0.001)
(0.1411340466 0.2673500973 0.001)
(0.01658298074 0.01010228789 0.001)
(0.02818511669 0.003749071821 0.001)
(-0.1444777055 0.2826827918 0.001)
(-0.2158112708 0.1690617761 0.001)
(0.01249529425 0.003357533783 0.001)
(0.12777409 0.01791217293 0.001)
(0.08775962947 0.06176338788 0.001)
(-0.1986354926 0.1863223811 0.001)
(0.008747298766 0.08579340149 0.001)
(-0.115335024 0.2817890896 0.001)
(-0.01284488495 0.2462867637 0.001)
(0.05647240316 0.02341150971 0.001)
(0.1803674248 0.242810168 0.001)
(0.0313708294 0.221987071 0.001)
(0.05796782864 0.2831325298 0.001)
(0.04295224108 0.08670788999 0.001)
(-0.08598473604 0.1584515724 0.001)
(0.07056875786 0.04330253375 0.001)
(0.02863851601 0.02998679852 0.001)
(0.02715511612 0.02267151501 0.001)
(0.007472760404 0.04721606711 0.001)
(-0.04038371082 0.1571044691 0.001)
(0.04943536031 0.127003902 0.001)
(0.01334887483 0.03365304044 0.001)
(0.0430581116 0.2821935867 0.001)
(0.00850179653 0.09515928272 0.001)
(0.06132662889 0.1759663556 0.001)
(-0.1826715738 0.1961841852 0.001)
(-0.0009268683329 0.1979911393 0.001)
(0.01174956385 0.01695211728 0.001)
(0.1675056577 0.01888515127 0.001)
(0.1566663223 0.01877376901 0.001)
(0.1614012171 0.2448874074 0.001)
(0.02137759505 0.07655155323 0.001)
(0.04034122125 0.229154711 0.001)
(0.008561360559 0.1356171359 0.001)
(-0.01126731042 0.1598337713 0.001)
(0.1622734808 0.2813932281 0.001)
(-0.2887735953 0.2697630976 0.001)
(-0.09754798808 0.2848121463 0.001)
(0.003659329116 0.00366185605 0.001)
(-0.2911665139 0.2913345965 0.001)
(-0.2642978715 0.2819597708 0.001)
(-0.196526724 0.2812028331 0.001)
(0.1358736347 0.2536019755 0.001)
(0.1299027594 0.2379992677 0.001)
(0.126193038 0.2038684563 0.001)
(0.007696779391 0.05968466841 0.001)
(0.05420038594 0.01531179749 0.001)
(0.1912347687 0.29125861 0.001)
(0.02122413993 0.003609889734 0.001)
(-0.1115874928 0.17688379 0.001)
(-0.2666940994 0.1675574847 0.001)
(0.04319103522 0.07854968587 0.001)
(-0.2919361048 0.1579790617 0.001)
(0.008830335656 0.1944892228 0.001)
(0.008229937126 0.1046357562 0.001)
(0.01560258349 0.1148304297 0.001)
(0.01717423705 0.03115525315 0.001)
(0.02720337828 0.03438074246 0.001)
(0.007958597975 0.018521572 0.001)
(-0.1684518427 0.1659520861 0.001)
(0.05838486224 0.2316022041 0.001)
(-0.009406407245 0.2007094019 0.001)
(0.1705924774 0.165589126 0.001)
(0.02089019557 0.03165160766 0.001)
(0.15257027 0.2828270633 0.001)
(0.1188459591 0.08668019942 0.001)
(0.1717451742 0.04984578409 0.001)
(-0.1909495917 0.1913310179 0.001)
(0.05263486716 0.004958491912 0.001)
(0.008562498168 0.2738134508 0.001)
(0.0141343922 0.1333004104 0.001)
(-0.06959147597 0.1652906978 0.001)
(0.008255909682 0.05378118014 0.001)
(0.05040562882 0.07451969491 0.001)
(-0.02448939767 0.1610084933 0.001)
(0.08021712938 0.1235242684 0.001)
(0.1922136779 0.008010390997 0.001)
(0.0125990297 0.09105445546 0.001)
(0.02768719983 0.05372214713 0.001)
(0.06584059216 0.02827747523 0.001)
(0.1179296946 0.2809711924 0.001)
(-0.1991341812 0.1776117565 0.001)
(0.0910401824 0.01467336754 0.001)
(-0.03550817834 0.1629733092 0.001)
(0.03117940465 0.1556632452 0.001)
(0.07425960568 0.01646673089 0.001)
(-0.01496782846 0.1683012208 0.001)
(0.0733178134 0.2407846626 0.001)
(0.04254790649 0.1758556152 0.001)
(-0.06750334627 0.2736383037 0.001)
(-0.1288732727 0.1740150178 0.001)
(0.05047813704 0.2254878869 0.001)
(-0.171138815 0.2823682654 0.001)
(0.01573102777 0.03712114868 0.001)
(0.0373733888 0.01707210651 0.001)
(-0.2743917513 0.1947917469 0.001)
(0.02695182895 0.07343102495 0.001)
(0.01970825293 0.0381962762 0.001)
(-0.2492933898 0.1684794789 0.001)
(0.01220495069 0.1210703847 0.001)
(0.05170258527 0.2160285279 0.001)
)


// ************************************************************************* //
