/*--------------------------------*- C++ -*----------------------------------*\
| =========                 |                                                 |
| \\      /  F ield         | OpenFOAM: The Open Source CFD Toolbox           |
|  \\    /   O peration     | Version:  2412                                  |
|   \\  /    A nd           | Website:  www.openfoam.com                      |
|    \\/     M anipulation  |                                                 |
\*---------------------------------------------------------------------------*/
FoamFile
{
    version     2.0;
    format      ascii;
    arch        "LSB;label=32;scalar=64";
    class       faceList;
    location    "constant/polyMesh";
    object      faces;
}
// * * * * * * * * * * * * * * * * * * * * * * * * * * * * * * * * * * * * * //


846
(
4(97 116 215 196)
4(100 199 215 116)
4(100 97 196 199)
4(116 161 260 215)
4(125 116 215 224)
4(125 224 260 161)
4(142 241 254 155)
4(142 118 217 241)
4(118 155 254 217)
4(96 120 219 195)
4(85 184 219 120)
4(85 96 195 184)
4(115 116 215 214)
4(95 194 215 116)
4(95 115 214 194)
4(96 112 211 195)
4(112 120 219 211)
4(115 161 260 214)
4(97 95 194 196)
4(94 115 214 193)
4(95 94 193 194)
4(100 199 216 117)
4(116 117 216 215)
4(86 142 241 185)
4(86 185 254 155)
4(142 165 264 241)
4(118 217 264 165)
4(109 146 245 208)
4(109 208 256 157)
4(146 157 256 245)
4(121 90 189 220)
4(90 122 221 189)
4(121 220 221 122)
4(94 91 190 193)
4(91 115 214 190)
4(125 224 246 147)
4(125 84 183 224)
4(84 147 246 183)
4(88 165 264 187)
4(142 88 187 241)
4(126 125 224 225)
4(126 225 246 147)
4(22 85 184 58)
4(22 58 219 120)
4(121 220 268 169)
4(121 123 222 220)
4(123 169 268 222)
4(24 91 190 60)
4(24 60 193 94)
4(42 90 189 78)
4(42 78 220 121)
4(119 92 191 218)
4(92 154 253 191)
4(119 218 253 154)
4(83 121 220 182)
4(83 182 268 169)
4(124 156 255 223)
4(152 124 223 251)
4(152 251 255 156)
4(109 163 262 208)
4(146 245 262 163)
4(43 90 189 79)
4(90 127 226 189)
4(122 221 226 127)
4(25 91 190 61)
4(39 92 191 75)
4(38 74 191 92)
4(20 56 192 93)
4(21 93 192 57)
4(85 94 193 184)
4(85 184 194 95)
4(135 133 232 234)
4(135 234 235 136)
4(133 136 235 232)
4(91 128 227 190)
4(115 214 227 128)
4(96 195 196 97)
4(96 95 194 195)
4(23 94 193 59)
4(85 23 59 184)
4(100 199 240 141)
4(117 141 240 216)
4(41 121 220 77)
4(83 41 77 182)
4(143 145 244 242)
4(145 159 258 244)
4(143 242 258 159)
4(97 98 197 196)
4(96 195 197 98)
4(129 109 208 228)
4(129 228 256 157)
4(117 216 224 125)
4(122 123 222 221)
4(133 232 266 167)
4(135 167 266 234)
4(122 124 223 221)
4(123 222 223 124)
4(132 106 205 231)
4(132 231 232 133)
4(106 133 232 205)
4(101 200 240 141)
4(101 100 199 200)
4(117 216 225 126)
4(107 206 208 109)
4(104 109 208 203)
4(107 104 203 206)
4(143 89 188 242)
4(89 145 244 188)
4(107 129 228 206)
4(110 107 206 209)
4(110 209 228 129)
4(122 156 255 221)
4(40 76 182 83)
4(98 197 198 99)
4(97 99 198 196)
4(140 131 230 239)
4(140 239 248 149)
4(131 149 248 230)
4(92 191 264 165)
4(119 165 264 218)
4(103 106 205 202)
4(103 202 231 132)
4(98 113 212 197)
4(112 98 197 211)
4(112 211 212 113)
4(98 130 229 197)
4(113 212 229 130)
4(127 9 45 226)
4(9 176 275 45)
4(127 226 275 176)
4(118 110 209 217)
4(110 155 254 209)
4(130 102 201 229)
4(102 131 230 201)
4(130 229 230 131)
4(99 198 229 130)
4(99 102 201 198)
4(39 154 253 75)
4(21 57 219 120)
4(99 198 199 100)
4(104 203 240 141)
4(104 101 200 203)
4(127 162 261 226)
4(9 45 261 162)
4(83 154 253 182)
4(40 76 253 154)
4(131 230 273 174)
4(140 174 273 239)
4(150 249 264 165)
4(150 92 191 249)
4(13 81 180 49)
4(12 48 180 81)
4(84 161 260 183)
4(161 177 276 260)
4(84 183 276 177)
4(102 132 231 201)
4(131 230 231 132)
4(109 208 240 141)
4(105 104 203 204)
4(105 204 206 107)
4(108 107 206 207)
4(108 207 209 110)
4(111 110 209 210)
4(111 210 217 118)
4(124 223 267 168)
4(152 168 267 251)
4(99 101 200 198)
4(101 102 201 200)
4(43 170 269 79)
4(90 189 269 170)
4(103 101 200 202)
4(103 202 203 104)
4(32 68 237 138)
4(33 138 237 69)
4(103 105 204 202)
4(105 106 205 204)
4(32 80 179 68)
4(31 67 179 80)
4(31 137 236 67)
4(30 66 236 137)
4(166 265 268 169)
4(166 114 213 265)
4(114 169 268 213)
4(25 171 270 61)
4(91 190 270 171)
4(13 134 233 49)
4(81 180 233 134)
4(102 103 202 201)
4(80 179 237 138)
4(14 50 238 139)
4(15 139 238 51)
4(153 154 253 252)
4(83 153 252 182)
4(12 48 243 144)
4(81 144 243 180)
4(123 166 265 222)
4(38 74 271 172)
4(92 172 271 191)
4(14 134 233 50)
4(20 56 272 173)
4(93 173 272 192)
4(120 219 263 164)
4(112 164 263 211)
4(88 150 249 187)
4(113 145 244 212)
4(112 211 244 145)
4(80 137 236 179)
4(11 47 243 144)
4(11 87 186 47)
4(10 46 186 87)
4(113 159 258 212)
4(105 204 207 108)
4(81 136 235 180)
4(136 144 243 235)
4(134 233 238 139)
4(108 207 210 111)
4(132 231 266 167)
4(33 69 185 86)
4(34 86 185 70)
4(81 180 234 135)
4(134 135 234 233)
4(106 205 247 148)
4(105 148 247 204)
4(148 158 257 247)
4(106 205 257 158)
4(137 236 246 147)
4(137 126 225 236)
4(93 192 219 120)
4(86 138 237 185)
4(15 51 181 82)
4(16 82 181 52)
4(161 128 227 260)
4(128 177 276 227)
4(137 236 245 146)
4(80 146 245 179)
4(30 147 246 66)
4(29 65 246 147)
4(34 70 241 142)
4(35 142 241 71)
4(87 186 243 144)
4(111 210 218 119)
4(118 119 218 217)
4(16 52 242 143)
4(17 143 242 53)
4(126 225 245 146)
4(29 84 183 65)
4(28 64 183 84)
4(82 139 238 181)
4(139 238 239 140)
4(82 140 239 181)
4(108 207 213 114)
4(111 114 213 210)
4(90 162 261 189)
4(130 229 273 174)
4(134 233 248 149)
4(139 149 248 238)
4(91 160 259 190)
4(128 227 259 160)
4(135 234 248 149)
4(80 179 256 157)
4(138 157 256 237)
4(129 155 254 228)
4(108 148 247 207)
4(114 148 247 213)
4(36 72 249 150)
4(37 150 249 73)
4(18 54 250 151)
4(19 151 250 55)
4(35 71 187 88)
4(36 88 187 72)
4(17 53 188 89)
4(18 89 188 54)
4(127 156 255 226)
4(82 181 242 143)
4(141 163 262 240)
4(144 152 251 243)
4(87 186 251 152)
4(148 166 265 247)
4(158 257 265 166)
4(0 170 269 4)
4(2 171 270 6)
4(136 152 251 235)
4(162 261 269 170)
4(3 7 271 172)
4(1 5 272 173)
4(111 153 252 210)
4(114 213 252 153)
4(133 232 257 158)
4(10 176 275 46)
4(153 119 218 252)
4(126 163 262 225)
4(117 216 262 163)
4(8 170 269 44)
4(160 259 270 171)
4(26 171 270 62)
4(37 73 271 172)
4(19 55 272 173)
4(82 159 258 181)
4(140 239 258 159)
4(89 188 250 151)
4(28 64 276 177)
4(93 192 263 164)
4(86 178 277 185)
4(138 237 277 178)
4(124 166 265 223)
4(27 160 259 63)
4(26 62 259 160)
4(8 44 261 162)
4(87 186 255 156)
4(136 235 267 168)
4(133 168 267 232)
4(131 230 266 167)
4(149 248 266 167)
4(113 212 273 174)
4(155 178 277 254)
4(145 164 263 244)
4(156 176 275 255)
4(87 186 275 176)
4(150 172 271 249)
4(151 173 272 250)
4(93 151 250 192)
4(124 158 257 223)
4(89 175 274 188)
4(145 244 274 175)
4(159 174 273 258)
4(27 177 276 63)
4(160 259 276 177)
4(158 257 267 168)
4(157 256 277 178)
4(153 252 268 169)
4(129 178 277 228)
4(151 175 274 250)
4(93 175 274 192)
4(164 263 274 175)
3(100 116 97)
3(199 196 215)
3(125 161 116)
3(224 215 260)
3(142 155 118)
3(241 217 254)
3(85 120 96)
3(184 195 219)
3(95 116 115)
3(194 214 215)
3(96 120 112)
3(195 211 219)
3(116 161 115)
3(215 214 260)
3(97 116 95)
3(196 194 215)
3(95 115 94)
3(194 193 214)
3(100 117 116)
3(199 215 216)
3(86 155 142)
3(185 241 254)
3(118 165 142)
3(217 241 264)
3(109 157 146)
3(208 245 256)
3(121 122 90)
3(220 189 221)
3(94 115 91)
3(193 190 214)
3(125 147 84)
3(224 183 246)
3(142 165 88)
3(241 187 264)
3(126 147 125)
3(225 224 246)
3(22 120 85)
3(58 184 219)
3(121 169 123)
3(220 222 268)
3(24 94 91)
3(60 190 193)
3(42 121 90)
3(78 189 220)
3(119 154 92)
3(218 191 253)
3(83 169 121)
3(182 220 268)
3(152 156 124)
3(251 223 255)
3(146 163 109)
3(245 208 262)
3(42 90 43)
3(78 79 189)
3(122 127 90)
3(221 189 226)
3(24 91 25)
3(60 61 190)
3(38 92 39)
3(74 75 191)
3(20 93 21)
3(56 57 192)
3(85 95 94)
3(184 193 194)
3(135 136 133)
3(234 232 235)
3(115 128 91)
3(214 190 227)
3(96 97 95)
3(195 194 196)
3(85 94 23)
3(184 59 193)
3(100 141 117)
3(199 216 240)
3(83 121 41)
3(182 77 220)
3(23 94 24)
3(59 60 193)
3(41 121 42)
3(77 78 220)
3(143 159 145)
3(242 244 258)
3(96 98 97)
3(195 196 197)
3(85 96 95)
3(184 194 195)
3(129 157 109)
3(228 208 256)
3(117 125 116)
3(216 215 224)
3(121 123 122)
3(220 221 222)
3(133 167 135)
3(232 234 266)
3(123 124 122)
3(222 221 223)
3(132 133 106)
3(231 205 232)
3(101 141 100)
3(200 199 240)
3(117 126 125)
3(216 224 225)
3(22 85 23)
3(58 59 184)
3(107 109 104)
3(206 203 208)
3(143 145 89)
3(242 188 244)
3(110 129 107)
3(209 206 228)
3(124 156 122)
3(223 221 255)
3(40 83 41)
3(76 77 182)
3(98 99 97)
3(197 196 198)
3(140 149 131)
3(239 230 248)
3(92 165 119)
3(191 218 264)
3(103 132 106)
3(202 205 231)
3(107 129 109)
3(206 208 228)
3(112 113 98)
3(211 197 212)
3(113 130 98)
3(212 197 229)
3(127 176 9)
3(226 45 275)
3(118 155 110)
3(217 209 254)
3(130 131 102)
3(229 201 230)
3(99 130 102)
3(198 201 229)
3(92 154 39)
3(191 75 253)
3(98 130 99)
3(197 198 229)
3(21 120 22)
3(57 58 219)
3(99 100 97)
3(198 196 199)
3(104 141 101)
3(203 200 240)
3(9 162 127)
3(45 226 261)
3(40 154 83)
3(76 182 253)
3(131 174 140)
3(230 239 273)
3(150 165 92)
3(249 191 264)
3(12 81 13)
3(48 49 180)
3(84 177 161)
3(183 260 276)
3(131 132 102)
3(230 201 231)
3(96 112 98)
3(195 197 211)
3(109 141 104)
3(208 203 240)
3(105 107 104)
3(204 203 206)
3(108 110 107)
3(207 206 209)
3(111 118 110)
3(210 209 217)
3(124 168 152)
3(223 251 267)
3(99 102 101)
3(198 200 201)
3(90 170 43)
3(189 79 269)
3(103 104 101)
3(202 200 203)
3(32 138 33)
3(68 69 237)
3(103 106 105)
3(202 204 205)
3(99 101 100)
3(198 199 200)
3(31 80 32)
3(67 68 179)
3(30 137 31)
3(66 67 236)
3(166 169 114)
3(265 213 268)
3(91 171 25)
3(190 61 270)
3(81 134 13)
3(180 49 233)
3(102 132 103)
3(201 202 231)
3(80 138 32)
3(179 68 237)
3(14 139 15)
3(50 51 238)
3(83 154 153)
3(182 252 253)
3(12 144 81)
3(48 180 243)
3(123 169 166)
3(222 265 268)
3(102 103 101)
3(201 200 202)
3(38 172 92)
3(74 191 271)
3(103 105 104)
3(202 203 204)
3(13 134 14)
3(49 50 233)
3(20 173 93)
3(56 192 272)
3(120 164 112)
3(219 211 263)
3(88 165 150)
3(187 249 264)
3(112 145 113)
3(211 212 244)
3(31 137 80)
3(67 179 236)
3(11 144 12)
3(47 48 243)
3(10 87 11)
3(46 47 186)
3(145 159 113)
3(244 212 258)
3(105 108 107)
3(204 206 207)
3(81 144 136)
3(180 235 243)
3(134 139 14)
3(233 50 238)
3(108 111 110)
3(207 209 210)
3(132 167 133)
3(231 232 266)
3(33 86 34)
3(69 70 185)
3(81 135 134)
3(180 233 234)
3(106 148 105)
3(205 204 247)
3(106 158 148)
3(205 247 257)
3(137 147 126)
3(236 225 246)
3(93 120 21)
3(192 57 219)
3(81 136 135)
3(180 234 235)
3(84 161 125)
3(183 224 260)
3(33 138 86)
3(69 185 237)
3(15 82 16)
3(51 52 181)
3(161 177 128)
3(260 227 276)
3(137 146 80)
3(236 179 245)
3(29 147 30)
3(65 66 246)
3(30 147 137)
3(66 236 246)
3(34 142 35)
3(70 71 241)
3(87 144 11)
3(186 47 243)
3(111 119 118)
3(210 217 218)
3(16 143 17)
3(52 53 242)
3(126 146 137)
3(225 236 245)
3(28 84 29)
3(64 65 183)
3(15 139 82)
3(51 181 238)
3(139 140 82)
3(238 181 239)
3(108 114 111)
3(207 210 213)
3(127 162 90)
3(226 189 261)
3(39 154 40)
3(75 76 253)
3(130 174 131)
3(229 230 273)
3(134 149 139)
3(233 238 248)
3(128 160 91)
3(227 190 259)
3(135 149 134)
3(234 233 248)
3(80 157 138)
3(179 237 256)
3(110 155 129)
3(209 228 254)
3(105 148 108)
3(204 207 247)
3(86 142 34)
3(185 70 241)
3(139 149 140)
3(238 239 248)
3(108 148 114)
3(207 213 247)
3(36 150 37)
3(72 73 249)
3(18 151 19)
3(54 55 250)
3(35 88 36)
3(71 72 187)
3(17 89 18)
3(53 54 188)
3(122 156 127)
3(221 226 255)
3(82 143 16)
3(181 52 242)
3(109 163 141)
3(208 240 262)
3(115 161 128)
3(214 227 260)
3(84 147 29)
3(183 65 246)
3(87 152 144)
3(186 243 251)
3(158 166 148)
3(257 247 265)
3(43 170 0)
3(79 4 269)
3(25 171 2)
3(61 6 270)
3(144 152 136)
3(243 235 251)
3(162 170 90)
3(261 189 269)
3(3 172 38)
3(7 74 271)
3(1 173 20)
3(5 56 272)
3(114 153 111)
3(213 210 252)
3(133 158 106)
3(232 205 257)
3(9 176 10)
3(45 46 275)
3(153 154 119)
3(252 218 253)
3(117 163 126)
3(216 225 262)
3(111 153 119)
3(210 218 252)
3(35 142 88)
3(71 187 241)
3(0 170 8)
3(4 44 269)
3(160 171 91)
3(259 190 270)
3(2 171 26)
3(6 62 270)
3(37 172 3)
3(73 7 271)
3(19 173 1)
3(55 5 272)
3(17 143 89)
3(53 188 242)
3(140 159 82)
3(239 181 258)
3(148 166 114)
3(247 213 265)
3(146 157 80)
3(245 179 256)
3(88 150 36)
3(187 72 249)
3(89 151 18)
3(188 54 250)
3(28 177 84)
3(64 183 276)
3(93 164 120)
3(192 219 263)
3(126 163 146)
3(225 245 262)
3(138 178 86)
3(237 185 277)
3(123 166 124)
3(222 223 265)
3(26 160 27)
3(62 63 259)
3(8 162 9)
3(44 45 261)
3(82 159 143)
3(181 242 258)
3(87 156 152)
3(186 251 255)
3(136 168 133)
3(235 232 267)
3(131 167 132)
3(230 231 266)
3(141 163 117)
3(240 216 262)
3(149 167 131)
3(248 230 266)
3(113 174 130)
3(212 229 273)
3(135 167 149)
3(234 248 266)
3(86 178 155)
3(185 254 277)
3(119 165 118)
3(218 217 264)
3(112 164 145)
3(211 244 263)
3(87 176 156)
3(186 255 275)
3(92 172 150)
3(191 249 271)
3(93 173 151)
3(192 250 272)
3(124 166 158)
3(223 257 265)
3(145 175 89)
3(244 188 274)
3(140 174 159)
3(239 258 273)
3(160 177 27)
3(259 63 276)
3(158 168 124)
3(257 223 267)
3(157 178 138)
3(256 237 277)
3(27 177 28)
3(63 64 276)
3(156 176 127)
3(255 226 275)
3(152 168 136)
3(251 235 267)
3(10 176 87)
3(46 186 275)
3(133 168 158)
3(232 257 267)
3(159 174 113)
3(258 212 273)
3(153 169 83)
3(252 182 268)
3(114 169 153)
3(213 252 268)
3(128 177 160)
3(227 259 276)
3(150 172 37)
3(249 73 271)
3(151 173 19)
3(250 55 272)
3(155 178 129)
3(254 228 277)
3(129 178 157)
3(228 256 277)
3(89 175 151)
3(188 250 274)
3(151 175 93)
3(250 192 274)
3(26 171 160)
3(62 259 270)
3(8 170 162)
3(44 261 269)
3(164 175 145)
3(263 244 274)
3(93 175 164)
3(192 263 274)
4(12 13 49 48)
4(32 33 69 68)
4(31 32 68 67)
4(30 31 67 66)
4(14 15 51 50)
4(13 14 50 49)
4(11 12 48 47)
4(10 11 47 46)
4(33 34 70 69)
4(15 16 52 51)
4(29 30 66 65)
4(34 35 71 70)
4(16 17 53 52)
4(28 29 65 64)
4(36 37 73 72)
4(18 19 55 54)
4(35 36 72 71)
4(17 18 54 53)
4(9 10 46 45)
4(0 8 44 4)
4(2 26 62 6)
4(37 3 7 73)
4(19 1 5 55)
4(26 27 63 62)
4(8 9 45 44)
4(27 28 64 63)
4(24 25 61 60)
4(20 21 57 56)
4(23 24 60 59)
4(22 23 59 58)
4(21 22 58 57)
4(25 2 6 61)
4(1 20 56 5)
4(42 43 79 78)
4(38 39 75 74)
4(41 42 78 77)
4(40 41 77 76)
4(39 40 76 75)
4(43 0 4 79)
4(3 38 74 7)
)


// ************************************************************************* //
