/*--------------------------------*- C++ -*----------------------------------*\
| =========                 |                                                 |
| \\      /  F ield         | OpenFOAM: The Open Source CFD Toolbox           |
|  \\    /   O peration     | Version:  2412                                  |
|   \\  /    A nd           | Website:  www.openfoam.com                      |
|    \\/     M anipulation  |                                                 |
\*---------------------------------------------------------------------------*/
FoamFile
{
    version     2.0;
    format      ascii;
    arch        "LSB;label=32;scalar=64";
    note        "nPoints:278  nCells:236  nFaces:846  nInternalFaces:334";
    class       labelList;
    location    "constant/polyMesh";
    object      neighbour;
}
// * * * * * * * * * * * * * * * * * * * * * * * * * * * * * * * * * * * * * //


334
(
7
9
71
6
44
127
10
11
65
5
18
42
6
7
8
80
108
162
34
14
31
36
44
152
205
16
206
25
43
187
21
27
45
20
33
17
127
163
109
178
50
124
51
70
23
45
102
28
38
26
39
59
68
175
37
223
55
85
198
161
192
87
143
159
95
68
104
107
125
35
42
46
126
199
147
162
41
42
38
51
49
201
39
56
53
114
197
57
80
61
229
50
47
119
204
55
194
60
119
173
72
91
176
61
81
82
184
212
61
83
150
159
74
69
71
75
153
202
76
206
90
97
63
80
110
69
203
73
174
218
84
150
67
79
145
69
86
144
125
91
81
88
143
196
100
144
145
213
109
209
96
101
127
130
190
97
200
161
105
115
115
118
118
136
215
219
91
103
166
169
103
105
98
128
105
122
98
111
111
133
102
186
224
167
180
106
121
103
149
117
140
175
223
112
116
194
170
209
117
171
210
191
207
188
114
207
131
135
135
220
222
151
126
168
146
142
200
128
152
126
148
123
151
165
173
133
138
191
193
140
160
162
225
138
187
133
163
152
178
164
177
206
160
184
192
163
190
141
153
185
154
172
169
203
148
153
180
225
204
187
216
228
154
186
188
226
189
227
178
188
184
189
218
197
201
168
198
186
211
179
181
219
233
182
183
177
224
221
220
177
192
201
233
232
232
226
227
197
213
230
217
235
205
216
211
214
232
233
208
219
221
202
204
222
228
234
218
220
226
227
231
215
230
234
222
217
225
221
229
224
229
231
235
235
)


// ************************************************************************* //
