/*--------------------------------*- C++ -*----------------------------------*\
| =========                 |                                                 |
| \\      /  F ield         | OpenFOAM: The Open Source CFD Toolbox           |
|  \\    /   O peration     | Version:  2412                                  |
|   \\  /    A nd           | Website:  www.openfoam.com                      |
|    \\/     M anipulation  |                                                 |
\*---------------------------------------------------------------------------*/
FoamFile
{
    version     2.0;
    format      ascii;
    arch        "LSB;label=32;scalar=64";
    class       vectorField;
    location    "constant/polyMesh";
    object      points;
}
// * * * * * * * * * * * * * * * * * * * * * * * * * * * * * * * * * * * * * //


278
(
(0 0 0)
(4 0 0)
(4 3 0)
(0 3 0)
(0 0 0.001)
(4 0 0.001)
(4 3 0.001)
(0 3 0.001)
(0.3072612393 0 0)
(0.6161484652 0 0)
(0.9220074552 0 0)
(1.232028098 0 0)
(1.537045393 0 0)
(1.847632831 0 0)
(2.152367169 0 0)
(2.462954607 0 0)
(2.767971902 0 0)
(3.077992545 0 0)
(3.383851535 0 0)
(3.692738761 0 0)
(4 0.3366688087 0)
(4 0.7876204433 0)
(4 1.262540148 0)
(4 1.737459852 0)
(4 2.212379557 0)
(4 2.663331191 0)
(3.692738761 3 0)
(3.383851535 3 0)
(3.077992545 3 0)
(2.767971902 3 0)
(2.462954607 3 0)
(2.152367169 3 0)
(1.847632831 3 0)
(1.537045393 3 0)
(1.232028098 3 0)
(0.9220074552 3 0)
(0.6161484652 3 0)
(0.3072612393 3 0)
(0 2.663331191 0)
(0 2.212379557 0)
(0 1.737459852 0)
(0 1.262540148 0)
(0 0.7876204433 0)
(0 0.3366688087 0)
(0.3072612393 0 0.001)
(0.6161484652 0 0.001)
(0.9220074552 0 0.001)
(1.232028098 0 0.001)
(1.537045393 0 0.001)
(1.847632831 0 0.001)
(2.152367169 0 0.001)
(2.462954607 0 0.001)
(2.767971902 0 0.001)
(3.077992545 0 0.001)
(3.383851535 0 0.001)
(3.692738761 0 0.001)
(4 0.3366688087 0.001)
(4 0.7876204433 0.001)
(4 1.262540148 0.001)
(4 1.737459852 0.001)
(4 2.212379557 0.001)
(4 2.663331191 0.001)
(3.692738761 3 0.001)
(3.383851535 3 0.001)
(3.077992545 3 0.001)
(2.767971902 3 0.001)
(2.462954607 3 0.001)
(2.152367169 3 0.001)
(1.847632831 3 0.001)
(1.537045393 3 0.001)
(1.232028098 3 0.001)
(0.9220074552 3 0.001)
(0.6161484652 3 0.001)
(0.3072612393 3 0.001)
(0 2.663331191 0.001)
(0 2.212379557 0.001)
(0 1.737459852 0.001)
(0 1.262540148 0.001)
(0 0.7876204433 0.001)
(0 0.3366688087 0.001)
(2.002984101 2.737392841 0)
(1.691545758 0.2653520153 0)
(2.615324663 0.2640810695 0)
(0.3575262 1.538997968 0)
(2.927678457 2.736440965 0)
(3.611435041 1.499757086 0)
(1.422992632 2.736697477 0)
(1.091827705 0.2559534656 0)
(0.7634953406 2.781726829 0)
(3.23092204 0.2648816553 0)
(0.3543447489 0.5345182246 0)
(3.645641805 2.463935387 0)
(0.3410496562 2.437855374 0)
(3.676435241 0.5472325859 0)
(3.609710842 1.965583157 0)
(3.241884822 1.751150392 0)
(3.233914647 1.315811181 0)
(2.900122921 1.558052112 0)
(2.876751194 1.166235915 0)
(2.565254694 1.367533293 0)
(2.574248578 1.756704228 0)
(2.256928855 1.564868001 0)
(2.250195972 1.199748861 0)
(1.945424737 1.388317352 0)
(1.949320331 1.751979381 0)
(1.636099661 1.577930316 0)
(1.642988375 1.212421203 0)
(1.643566403 1.937909855 0)
(1.324974986 1.766163649 0)
(1.972524957 2.153304558 0)
(1.34093874 2.117337865 0)
(1.009405941 1.951001083 0)
(3.172780965 0.951561026 0)
(2.848263731 0.8329170384 0)
(1.025148783 1.593072585 0)
(3.300823473 2.218012811 0)
(2.919637373 2.035255208 0)
(2.548682669 2.121282166 0)
(1.041593792 2.303108115 0)
(0.6905362663 2.145034653 0)
(3.610722391 0.9957934372 0)
(0.4202767645 1.069815037 0)
(0.7099933397 0.760295236 0)
(0.8048990327 1.077726908 0)
(1.07448385 0.8380149093 0)
(2.75720703 2.428196835 0)
(2.443072889 2.450420576 0)
(0.6539164841 0.376405513 0)
(3.346828842 2.574621117 0)
(1.648995198 2.281412815 0)
(2.561513084 1.028039804 0)
(2.277934787 0.8354465018 0)
(1.955727066 1.041794253 0)
(1.672945661 0.8361526085 0)
(1.999867812 0.2650463735 0)
(1.839007948 0.532046769 0)
(1.532597873 0.5291025459 0)
(2.304868198 2.731991252 0)
(1.714596414 2.745946431 0)
(2.307615022 0.2668819787 0)
(2.452380504 0.5280402056 0)
(2.253007961 1.928525184 0)
(1.074431747 2.688844548 0)
(2.931998327 0.2741856122 0)
(1.386021876 0.262601023 0)
(3.106345591 0.5807729747 0)
(2.152367169 2.468286824 0)
(2.610625514 2.724508271 0)
(1.34914529 1.395903609 0)
(2.146181541 0.5312026665 0)
(0.4802426609 2.736427836 0)
(3.52474126 0.2537395152 0)
(1.23108643 0.525198111 0)
(0.6864244181 1.775750346 0)
(0.3403134173 1.964269213 0)
(1.37329516 2.436089886 0)
(0.9348886318 0.4961500049 0)
(1.855266779 2.483993224 0)
(1.368081356 1.039865346 0)
(2.760773168 0.5322832898 0)
(3.513683362 2.773698348 0)
(3.080516203 2.470522462 0)
(0.4534313866 0.219941184 0)
(2.279982872 2.212818034 0)
(3.398543598 0.7284600121 0)
(0.7343791704 2.493539737 0)
(1.056256439 1.233080504 0)
(1.980230831 0.7587141801 0)
(1.375839034 0.7536667041 0)
(0.720529448 1.416913728 0)
(0.223007475 0.2182256435 0)
(3.770412785 2.780192985 0)
(0.2257107113 2.76752288 0)
(3.778783052 0.2275281819 0)
(2.590757207 0.7577240039 0)
(3.387397546 0.4750173486 0)
(0.8480239824 0.2210327945 0)
(3.228536693 2.812023389 0)
(1.605688976 2.52740047 0)
(2.002984101 2.737392841 0.001)
(1.691545758 0.2653520153 0.001)
(2.615324663 0.2640810695 0.001)
(0.3575262 1.538997968 0.001)
(2.927678457 2.736440965 0.001)
(3.611435041 1.499757086 0.001)
(1.422992632 2.736697477 0.001)
(1.091827705 0.2559534656 0.001)
(0.7634953406 2.781726829 0.001)
(3.23092204 0.2648816553 0.001)
(0.3543447489 0.5345182246 0.001)
(3.645641805 2.463935387 0.001)
(0.3410496562 2.437855374 0.001)
(3.676435241 0.5472325859 0.001)
(3.609710842 1.965583157 0.001)
(3.241884822 1.751150392 0.001)
(3.233914647 1.315811181 0.001)
(2.900122921 1.558052112 0.001)
(2.876751194 1.166235915 0.001)
(2.565254694 1.367533293 0.001)
(2.574248578 1.756704228 0.001)
(2.256928855 1.564868001 0.001)
(2.250195972 1.199748861 0.001)
(1.945424737 1.388317352 0.001)
(1.949320331 1.751979381 0.001)
(1.636099661 1.577930316 0.001)
(1.642988375 1.212421203 0.001)
(1.643566403 1.937909855 0.001)
(1.324974986 1.766163649 0.001)
(1.972524957 2.153304558 0.001)
(1.34093874 2.117337865 0.001)
(1.009405941 1.951001083 0.001)
(3.172780965 0.951561026 0.001)
(2.848263731 0.8329170384 0.001)
(1.025148783 1.593072585 0.001)
(3.300823473 2.218012811 0.001)
(2.919637373 2.035255208 0.001)
(2.548682669 2.121282166 0.001)
(1.041593792 2.303108115 0.001)
(0.6905362663 2.145034653 0.001)
(3.610722391 0.9957934372 0.001)
(0.4202767645 1.069815037 0.001)
(0.7099933397 0.760295236 0.001)
(0.8048990327 1.077726908 0.001)
(1.07448385 0.8380149093 0.001)
(2.75720703 2.428196835 0.001)
(2.443072889 2.450420576 0.001)
(0.6539164841 0.376405513 0.001)
(3.346828842 2.574621117 0.001)
(1.648995198 2.281412815 0.001)
(2.561513084 1.028039804 0.001)
(2.277934787 0.8354465018 0.001)
(1.955727066 1.041794253 0.001)
(1.672945661 0.8361526085 0.001)
(1.999867812 0.2650463735 0.001)
(1.839007948 0.532046769 0.001)
(1.532597873 0.5291025459 0.001)
(2.304868198 2.731991252 0.001)
(1.714596414 2.745946431 0.001)
(2.307615022 0.2668819787 0.001)
(2.452380504 0.5280402056 0.001)
(2.253007961 1.928525184 0.001)
(1.074431747 2.688844548 0.001)
(2.931998327 0.2741856122 0.001)
(1.386021876 0.262601023 0.001)
(3.106345591 0.5807729747 0.001)
(2.152367169 2.468286824 0.001)
(2.610625514 2.724508271 0.001)
(1.34914529 1.395903609 0.001)
(2.146181541 0.5312026665 0.001)
(0.4802426609 2.736427836 0.001)
(3.52474126 0.2537395152 0.001)
(1.23108643 0.525198111 0.001)
(0.6864244181 1.775750346 0.001)
(0.3403134173 1.964269213 0.001)
(1.37329516 2.436089886 0.001)
(0.9348886318 0.4961500049 0.001)
(1.855266779 2.483993224 0.001)
(1.368081356 1.039865346 0.001)
(2.760773168 0.5322832898 0.001)
(3.513683362 2.773698348 0.001)
(3.080516203 2.470522462 0.001)
(0.4534313866 0.219941184 0.001)
(2.279982872 2.212818034 0.001)
(3.398543598 0.7284600121 0.001)
(0.7343791704 2.493539737 0.001)
(1.056256439 1.233080504 0.001)
(1.980230831 0.7587141801 0.001)
(1.375839034 0.7536667041 0.001)
(0.720529448 1.416913728 0.001)
(0.223007475 0.2182256435 0.001)
(3.770412785 2.780192985 0.001)
(0.2257107113 2.76752288 0.001)
(3.778783052 0.2275281819 0.001)
(2.590757207 0.7577240039 0.001)
(3.387397546 0.4750173486 0.001)
(0.8480239824 0.2210327945 0.001)
(3.228536693 2.812023389 0.001)
(1.605688976 2.52740047 0.001)
)


// ************************************************************************* //
