/*--------------------------------*- C++ -*----------------------------------*\
| =========                 |                                                 |
| \\      /  F ield         | OpenFOAM: The Open Source CFD Toolbox           |
|  \\    /   O peration     | Version:  2412                                  |
|   \\  /    A nd           | Website:  www.openfoam.com                      |
|    \\/     M anipulation  |                                                 |
\*---------------------------------------------------------------------------*/
FoamFile
{
    version     2.0;
    format      ascii;
    arch        "LSB;label=32;scalar=64";
    note        "nPoints:3850  nCells:3722  nFaces:13091  nInternalFaces:5519";
    class       labelList;
    location    "constant/polyMesh";
    object      neighbour;
}
// * * * * * * * * * * * * * * * * * * * * * * * * * * * * * * * * * * * * * //


5519
(
479
3273
3712
62
343
2582
51
653
3504
11
240
631
64
224
985
853
3359
3713
430
582
2554
110
124
3659
190
494
3286
122
297
1005
52
572
2448
150
2394
134
1053
3050
113
332
2923
287
738
983
141
313
2045
89
112
2499
441
723
3479
41
729
2824
410
676
3715
100
3532
3707
103
596
2239
138
486
203
464
983
440
696
3385
29
57
2059
902
3379
3719
927
3477
3718
50
197
830
153
3172
84
317
1015
67
233
3148
142
677
820
80
575
2724
139
602
3433
43
388
662
363
644
670
102
955
2420
60
257
947
269
281
2014
81
361
1454
757
1112
137
295
2991
58
614
83
288
1916
150
181
840
104
694
2468
134
3283
3644
93
511
2955
64
129
618
478
580
845
3236
222
2696
133
290
513
75
958
2715
424
806
3655
253
254
1981
94
1705
97
995
77
1419
2770
1708
2318
263
1046
2894
407
2595
179
577
1764
2282
147
633
634
346
468
571
679
1941
78
1312
2235
98
250
3126
143
2324
2390
201
284
303
285
325
702
132
3407
3709
146
541
849
2177
3006
148
1004
2923
2311
2755
950
1123
111
144
345
590
2433
2285
2380
2223
2985
3717
349
1136
1060
1128
90
357
2229
127
199
995
481
507
3534
164
372
785
373
775
374
782
109
1727
2831
391
560
3121
572
2425
359
1668
273
366
1969
380
460
2968
959
2928
432
3560
120
270
1438
2911
2929
346
696
3062
1800
2557
2269
2290
2634
2830
178
2383
2411
125
241
688
298
338
1055
194
236
667
1422
2526
271
3555
194
519
2413
3180
430
3380
116
2240
2727
204
587
2040
2539
3464
2278
3456
3710
177
2338
2743
537
842
3494
433
500
504
888
964
191
2257
675
2350
3451
902
972
2340
3287
157
237
697
680
2574
2504
3163
3716
1920
2459
496
2024
3529
176
1275
2376
2210
2552
214
3702
3450
244
403
1998
168
404
1999
424
702
3536
467
842
248
3651
3657
2242
2680
2250
2373
935
1880
332
582
220
823
874
593
2966
566
2120
645
3037
2128
3358
3714
793
188
383
2055
565
2809
3708
399
666
155
1108
2917
2546
2863
420
609
2794
314
343
422
2956
3074
711
3476
3500
319
370
630
191
498
2084
353
499
3474
741
797
2798
922
2167
229
3704
3720
257
544
1374
208
505
3032
1900
1994
344
2016
2840
723
1003
1438
172
192
2174
2385
2695
940
3492
3721
212
350
907
744
978
2223
434
2321
2346
2472
369
1269
606
2422
396
556
715
495
252
859
3697
187
2532
2573
278
705
720
235
2485
2569
234
266
714
554
2510
521
1938
434
435
1753
2454
3462
715
239
791
201
2736
379
205
2408
2436
225
342
454
2342
2398
228
531
3057
473
641
573
740
2258
3343
507
2442
3631
251
2601
838
2184
2640
2676
323
337
2102
328
548
2852
633
2074
309
2787
2984
292
459
944
293
720
2859
311
354
283
2479
2583
2700
3691
570
612
1202
329
409
1025
314
490
589
240
645
2686
242
2388
2675
307
675
508
2958
3044
226
1247
585
2178
2581
315
725
970
2735
652
2964
322
2739
3258
522
2805
872
3557
2356
3489
3711
523
586
1979
433
506
921
1058
3113
412
413
2910
3186
639
736
640
737
308
719
3610
2369
3222
730
573
2887
275
692
275
2353
2570
568
2438
739
3522
3550
418
2164
3259
549
823
2909
296
2352
339
599
2230
671
3225
489
3640
1982
2935
392
1887
299
621
1798
342
2444
2586
1731
266
587
1001
868
3050
3270
351
2840
3547
520
2717
3608
425
2131
2674
2684
3383
475
542
1040
476
543
1044
569
515
3196
3520
390
580
649
2385
2423
809
2549
2703
3563
321
1087
2644
566
939
417
2143
3396
530
534
3097
3713
370
2457
2776
802
2799
632
695
922
1032
2341
3165
2007
2464
520
3002
3474
531
2605
2714
428
316
629
2317
3225
3239
3081
3250
643
854
1193
2891
296
2736
375
2061
377
2056
474
936
3554
626
3064
648
1123
3089
2316
2866
820
889
431
993
2759
627
2629
3453
955
2341
3596
532
3696
971
3284
3621
470
2912
315
718
2872
957
3634
2581
3690
2548
2832
345
700
980
624
967
360
428
2929
2355
2512
407
366
607
1801
641
680
320
817
3364
743
2808
602
2887
2822
3040
2533
2608
3094
3282
794
909
2672
487
2991
442
589
2307
2553
2684
3253
1070
3268
616
2462
514
1208
2898
333
699
2289
620
1813
2357
345
379
850
364
966
1214
491
738
2619
712
713
2337
2857
397
566
2001
402
2000
2182
3509
2476
578
2843
2381
359
411
3252
353
674
3460
1052
2262
818
819
3190
3346
591
2658
3387
3484
439
727
381
1078
2335
382
757
1076
2053
3178
595
2043
2734
3289
477
2911
892
2635
635
709
1097
410
3700
824
2475
2381
3437
3601
2282
726
820
2143
474
3011
3413
466
2839
2829
527
844
3493
384
632
386
826
385
2906
394
827
398
828
829
400
3004
443
464
3418
488
589
834
763
918
764
915
776
913
773
912
769
916
783
911
501
767
919
772
917
784
839
914
672
830
3139
3187
482
2542
603
927
2812
746
2077
524
745
2083
747
2084
750
2106
748
2097
749
2103
751
2085
525
752
2101
754
2071
755
2104
753
2098
647
885
2451
415
759
2560
834
445
852
2505
594
1098
3068
559
2059
471
583
472
802
590
631
3131
2773
2972
529
2572
3539
976
3628
2407
3424
555
972
3575
691
2837
637
938
969
3102
3632
685
2835
3700
3707
2631
2815
698
2884
438
2561
3113
833
716
2404
2915
3394
581
2520
2337
3111
615
1743
814
1365
511
2274
3052
616
617
1183
1098
2462
450
819
2497
2791
609
3377
536
673
885
3144
459
848
2752
2630
2823
462
743
3636
469
653
3303
600
611
1861
984
1000
1097
485
862
2164
2750
3681
596
681
3396
535
850
2301
493
682
456
817
3687
1031
3680
638
652
3230
760
3329
3474
953
2677
3169
845
2126
3538
478
2342
890
2350
2403
978
503
697
2346
1248
3528
588
3290
2497
3133
627
3319
2627
2628
655
661
661
663
657
660
3605
525
658
524
664
2259
2884
3561
509
3656
2299
3422
3682
3091
3424
1381
2617
565
2610
3370
540
2495
3226
517
2400
516
2151
2891
535
736
2016
2977
536
737
538
2567
879
2254
3081
878
3509
510
3194
639
2394
2678
3158
598
798
867
651
520
899
723
2951
790
3073
591
873
2809
640
825
2663
3167
2789
541
2604
3582
2746
3603
762
3664
619
812
1693
593
886
2813
2361
3473
2650
2710
2024
3466
2714
2733
3205
649
792
832
620
730
2692
2810
1749
2995
683
849
2205
2204
2304
2706
3039
741
2990
1286
2416
3246
3028
3689
882
2430
1650
578
3141
623
2271
3307
3410
3479
2363
3077
3077
3239
552
957
3401
2171
3514
847
1142
3322
1141
3323
759
2560
685
2530
3706
804
2940
3221
909
3436
3648
839
2661
675
3232
553
965
2364
574
2188
2924
2393
2518
1031
3234
563
2943
2703
3349
2654
3425
975
1929
2466
564
3117
3215
781
2002
2936
3573
2620
2693
2748
711
3084
3446
1086
2235
2663
3150
3065
851
2450
2593
3109
3389
581
583
2305
2306
601
3412
1826
3364
2821
3005
2351
3223
2800
2941
3644
579
3444
3679
684
2548
3254
610
980
993
2536
2610
3484
2224
3467
910
3136
3110
671
3652
793
3065
2258
2937
3156
683
866
1059
2638
2670
2564
689
796
1225
689
2310
2721
3427
938
1862
2744
3031
3585
3127
3206
807
1053
3615
803
843
1016
2191
2445
896
2562
810
1036
3325
3635
3110
3541
689
969
2740
3124
686
2172
2534
2537
3118
847
2549
1101
1223
2315
900
901
700
850
645
2373
3279
735
866
1180
2181
2558
642
2803
759
947
2359
3655
3694
3441
724
863
1559
1608
2897
3140
3646
2011
1043
903
939
2344
2186
2395
794
2721
2950
3135
3330
2441
2539
721
907
908
2633
2772
2835
3071
707
1045
2447
3403
3446
873
3360
3209
888
1007
2761
756
2257
1227
2429
859
920
3684
766
914
768
912
916
770
911
771
915
706
774
913
777
917
778
779
790
705
780
786
919
707
787
918
801
2621
730
2394
682
878
2364
731
898
2566
2614
3466
3501
792
2496
2470
2592
3422
2128
3292
3054
3618
2340
2363
2503
800
961
923
3054
3617
2836
1984
1224
2787
3174
2179
2367
710
2346
2426
740
2653
2406
2922
3161
704
3681
805
2518
708
2393
2430
1383
2542
2244
2778
2130
2476
2470
1925
2868
2454
856
971
2992
2929
870
965
2770
2164
2671
2056
2054
2784
2058
2406
2584
2651
3570
825
904
2698
952
2097
954
2077
929
3106
932
2750
2877
877
2286
3040
939
3491
806
3388
934
911
951
2063
2576
3683
2433
2959
937
2645
2854
2965
2858
2969
2219
3087
3704
944
3210
2687
3637
869
875
1358
2672
2926
3111
2796
2962
2990
843
2150
3438
3100
3688
2937
2664
2326
2554
3587
3304
3336
3438
2119
2113
2117
2116
2114
2120
2115
2122
2118
2121
2124
2123
821
1416
2368
2416
3460
3499
2568
3158
3349
3066
3629
2070
2107
2065
2091
2067
2098
2499
2081
2086
2094
2099
2072
2080
2080
2090
2068
2092
2065
2101
2100
2105
2072
2088
2069
2073
2066
2067
2069
2078
2068
2100
2086
2087
2094
2105
2087
2089
2093
2095
2082
2090
2066
2092
2081
2096
2075
2088
2083
2099
2079
2107
2070
2104
2438
821
2076
2091
3118
1122
3415
2790
2281
2857
2229
2436
2906
948
1214
2693
3154
2292
2294
2350
2516
2753
2287
2752
3036
3098
3106
953
1022
2856
3308
841
3401
3675
868
3511
809
962
1789
1768
2623
3030
892
893
1293
2151
3262
864
891
2227
2313
2321
871
2576
3549
857
2572
2832
3379
2379
2793
2187
3210
2029
3013
3115
3362
948
949
951
2987
953
954
952
2491
992
2769
2690
2206
2920
3246
2632
2936
2884
3128
855
1261
2048
876
2757
3686
2053
2257
2682
1001
2245
2759
963
2403
2675
2732
1129
2130
3385
3448
2372
3357
3409
2834
961
1022
894
2719
2788
1091
1860
2744
2999
2587
3012
860
1577
3242
3572
2757
3566
884
942
1204
3423
1038
2039
2455
2534
2829
883
2400
963
1038
2214
2607
2940
3327
968
969
2844
3505
1832
2214
2311
3234
2780
3305
2956
3087
3363
2199
3375
1038
1398
2904
2921
2485
2521
965
3331
3383
1164
2325
3369
897
933
2531
2406
2570
2858
3047
906
1850
3203
1624
3432
891
942
1864
2967
2854
3016
925
2889
2039
1363
1866
2634
910
2604
956
3003
3152
981
2303
1004
2533
1967
2431
2536
2957
986
2623
985
2246
3564
987
2417
905
1557
2153
945
1171
2396
989
990
2126
3017
997
2907
993
994
2201
995
998
996
2729
3349
2951
3097
2716
999
2916
2422
2904
3444
979
2675
2661
2789
3535
2588
3208
3397
1001
1002
2474
2610
3676
2284
2329
3088
1005
2948
2226
3037
2200
2986
2389
2573
2947
3544
1009
2872
2786
3070
3648
2409
2807
2831
2149
1062
2179
2185
2465
1010
1026
2502
2672
2800
2200
2310
1014
2541
2216
3089
1015
1017
1016
3376
1020
3114
3407
2342
3636
1102
3354
2256
2780
2992
1021
2176
2702
2281
3368
3495
2605
2811
2969
3123
1025
2253
2851
2976
3557
991
1006
1007
1294
2530
2662
2737
2701
3076
2965
3134
2490
2991
3507
983
2742
2933
3193
1035
2484
1010
1029
2005
2578
3033
2709
1036
2271
1037
3032
1018
2355
3049
2820
3187
1039
2414
2188
3321
1080
3357
1040
1042
1044
2547
1043
2221
1041
1045
1048
3278
2797
3570
2359
2773
2771
3635
2739
1050
1269
2760
1635
1149
2127
2522
2345
2980
1954
1553
2295
2443
1013
1024
1564
2514
1052
2319
1054
1055
1056
3282
1019
1556
1030
1068
1557
1058
1059
2150
1072
1559
2471
1068
3155
1061
1028
1117
2262
2473
2480
1029
1974
2195
1072
2565
3719
3043
3145
1049
1057
2960
1047
1051
2919
1066
2806
2181
1070
2012
1071
2681
1077
1078
2017
1076
2018
1075
1074
1073
3081
3250
1069
2449
1082
2439
1089
2631
1086
2510
1081
2638
1094
3151
1095
2633
1096
2427
2953
1092
2511
1098
2150
2916
3164
1101
2596
1083
1991
1064
1545
3245
1081
1560
2423
2513
1103
1104
1724
1977
1986
1127
1558
1106
1108
2558
1109
2026
1111
1113
1115
2778
1112
1114
2027
1110
1093
1116
1117
2116
3004
1127
1119
1883
1212
2838
1085
1092
1552
2893
1123
1088
2521
1118
1963
1134
1547
1097
1126
2296
3025
3624
1134
1909
1974
2161
3250
1128
2587
1129
2434
1892
1992
3288
1105
1541
2460
1131
2537
3464
1984
2813
1136
1137
1126
2628
1138
1944
1120
1132
1856
3198
1143
2913
2147
2401
1141
1948
2148
1140
2945
1142
1144
1145
2312
1947
2322
1146
1914
1971
1147
2668
1148
2583
1122
3175
1566
1125
1892
1905
1942
1946
3033
1154
1155
1901
1902
2900
1156
1157
1879
1937
1149
1150
1445
1874
1932
3201
2480
1916
1985
1160
2852
1952
1956
1971
1167
1958
1169
2215
1163
1168
1165
1166
1164
1170
1171
1957
1172
1173
1153
1174
1674
1450
2861
1153
1175
1176
1158
1857
2772
1842
1178
1179
1180
1181
1904
2382
1182
1183
1193
1842
1161
1177
1185
1186
2520
1174
1176
1927
1930
2005
1919
2051
2989
1189
2305
1886
2052
1188
1190
1187
2306
1990
3000
2461
3299
1191
1192
1953
1917
3267
2479
1193
1908
1194
1184
1210
1196
3007
1897
3164
2267
1197
2712
1869
1907
1198
1215
1241
1199
2811
1200
1956
1922
2740
2543
2727
1202
1889
1201
1203
1204
1205
1206
1918
1210
1910
1210
1253
3224
1208
1899
1209
2402
1211
1875
1214
1215
1216
1824
1218
2441
1217
1846
1966
1219
1845
1965
1220
2751
1212
1213
1806
1852
1221
2716
1222
1223
1808
1287
2493
1225
1226
2901
1228
1229
1227
1849
1230
1848
1231
1964
1232
2244
1235
1834
1234
1233
1764
1861
1236
2657
1237
1238
3124
1830
1898
1239
2149
1240
1805
1242
2266
1811
1828
1244
1837
1243
1885
1245
1839
1246
1247
1248
1831
1249
1250
1251
1252
1253
1863
2788
3188
1254
2365
1255
2362
1257
1258
1260
1854
1816
1259
1261
2847
1853
2949
1262
1263
1813
1951
1264
1838
3029
1265
2555
1760
1823
1924
1266
1806
1267
3265
1268
1269
1270
1819
2110
1271
1825
1814
1817
1272
2405
1274
1277
1287
1843
1285
1807
1294
1832
1291
1293
1296
1815
1299
1881
1281
1617
2453
2358
2561
1284
1356
1303
1306
1719
1342
3301
1282
1781
2320
1304
1333
1574
1283
1401
1784
1459
1696
1348
1725
1359
1788
1451
1634
1343
1354
1297
1521
3211
1290
1368
1516
1308
1331
1483
1338
1729
1346
1363
1302
1316
1460
1847
1358
1304
1310
1670
1355
2659
1380
1673
1334
1338
1353
1360
1371
1313
1365
1742
1322
1374
1597
1646
2653
1387
2157
1738
1334
1379
1744
1594
1646
1319
1467
1499
1451
1751
1320
1393
1736
1328
1376
1333
1727
2725
1323
1522
1370
1753
1362
1382
2865
1318
1348
1525
1399
1594
1345
1607
2288
1405
1568
1446
1462
1489
1657
1328
1351
1736
1350
1731
1340
1415
1325
1463
2713
1381
1698
1329
1367
1780
1332
1379
1385
1703
1428
1518
1340
1477
1536
1367
1750
1470
1689
1611
1762
1339
1372
1375
1344
1386
1658
1366
1636
2412
1666
1588
1637
1733
1349
1447
2972
2353
2388
1651
2656
1501
1513
1467
1726
1441
1821
1389
1406
1638
2738
1471
1496
1361
1619
1394
1412
1364
1409
1490
1473
1479
1410
1429
1826
2955
1743
1779
1581
1623
1642
1433
1385
1704
2269
2652
1456
1645
1396
1606
2648
1488
1659
1530
1685
1728
1437
1512
1770
1387
1485
1713
1527
1692
1431
1440
1390
1715
1391
1666
1762
1472
1449
1740
1394
1421
1378
1384
1610
1403
1524
1771
1391
2842
1383
1397
1668
1452
1390
1392
1758
1574
1670
1691
1392
1715
2586
1464
1627
1425
1701
1695
1412
1766
1418
1649
1654
2550
1531
1707
1629
1705
1426
1577
1463
1702
1478
1535
3207
1506
1783
1420
1529
1682
1425
1444
1474
1665
2649
1515
1725
1413
1623
1412
1643
1647
1477
1672
2436
1765
2420
1453
1458
1490
1492
1512
1443
1679
1596
1674
2196
1641
2216
1488
1521
1464
1481
1607
1647
1678
1612
1675
1640
2735
1422
1738
1678
1437
1655
2298
1473
1540
1609
1637
1433
2704
1456
1482
1591
1487
1716
1510
1810
1448
1633
1741
2748
3229
1469
1693
1818
1635
1602
1654
2741
1607
1627
1632
1722
1757
1777
1652
1475
1476
1503
1585
1862
2804
1469
3214
1513
1620
1751
1581
2508
1573
1628
1452
1698
1476
1726
1495
1711
1453
1642
1688
1712
1460
1702
1782
1710
1717
1596
2517
1618
1685
1773
1630
1466
1606
1639
1651
1741
1760
2762
1683
1516
1521
1659
1486
1503
1498
1465
1496
1616
1531
1745
1481
1500
1568
2722
2827
1578
1704
1472
2560
1616
1744
1681
1684
1494
1768
1723
1641
1504
1523
1507
1729
1509
1575
1648
1662
1621
1734
1634
1652
1491
1583
1601
1600
1688
1619
1626
1593
1663
2419
1491
1763
1778
1527
1519
1718
1498
1505
1594
1506
2771
1633
1638
1638
1520
1540
1689
3179
1597
1619
1515
1534
1599
1752
1601
1631
1763
1699
1562
2833
1576
1719
1625
1511
1609
1523
1526
2236
1613
2615
1717
1978
1580
1661
1659
1667
1532
1584
1713
1757
1673
1529
1574
1604
1573
1750
1595
1770
1578
2927
1661
1680
1579
1658
1667
1687
2192
1533
1562
1669
1533
1624
2175
1611
1563
2683
1532
1600
3213
1681
3293
1592
2390
1665
1737
1538
1541
1546
2300
1551
1554
2797
2970
1561
1547
1567
3248
1553
1565
1549
1560
1550
1569
1550
1569
1555
2695
2585
1570
1560
1564
2578
2506
1571
1565
3176
1608
1582
1589
2775
1570
1571
1660
2528
3222
2602
1598
1615
1767
1593
1677
1704
1584
2630
2723
1648
1590
1592
1605
1775
1614
1732
3197
1653
1692
1707
1636
2160
1591
1708
1732
1611
1640
2726
1663
1745
1591
1742
1720
2176
1613
1637
1605
1644
2785
1662
1656
1779
1620
1656
1740
1700
1701
1769
1622
1642
1724
1610
1658
1735
1629
2647
1680
1682
1688
1691
1697
1622
2765
1657
1746
1662
1660
2440
1631
1671
1782
1645
1653
2030
1633
2966
1649
2622
1645
1706
1679
1667
1759
1785
1708
1731
1728
2203
2260
3243
2764
1694
1663
1772
2851
2899
1671
1776
1684
1747
2198
2845
1664
1784
1676
1730
2184
2283
1714
1709
1780
1787
1739
1669
1687
1733
2389
2532
1672
1673
3241
1761
1752
1766
2676
1710
1712
3063
2605
2641
1697
1788
2979
2261
2551
1755
1695
2503
3287
1737
2697
1705
1774
3172
1696
1744
1730
2331
3199
2613
1734
2939
1699
1721
2444
1756
1720
1702
1706
1714
1721
2563
1739
1752
1714
2505
1758
1771
2468
1741
2251
1715
1719
1748
1772
1724
1722
1747
1789
1728
1778
1794
2159
1777
1790
1738
1775
1749
3295
1735
1742
1737
1746
1746
1745
1767
1755
1754
1780
1791
1759
1759
1761
1774
1793
1757
1796
2263
1784
1796
1767
1769
1766
1797
1786
1800
1783
1771
1775
1785
1776
2918
1785
2579
1792
1786
1782
1792
1799
1795
1792
1793
2168
1795
1795
1794
2202
1802
2519
2621
3061
1803
1803
2191
1804
2783
1800
2609
1809
2330
1809
3255
1811
1812
1820
1825
2448
1807
1810
1810
1996
1822
1823
1814
2876
1817
1815
2494
1819
2696
1820
1821
2425
1821
3279
1827
2317
1829
1839
1952
1826
1833
2655
1836
2452
1836
1896
1831
2228
1832
1841
3217
1837
1838
1844
1890
2766
1844
2354
3161
1843
1843
1963
2644
1855
2218
1856
1858
1848
2516
1849
1876
1854
1872
1853
1854
1864
1954
1871
2250
3296
1870
2290
2753
1877
2636
1878
1878
3180
1882
1923
1884
1942
2173
1888
2482
1863
1881
1881
1891
1876
1955
3298
1872
2639
1892
1972
2643
1896
1906
1924
1875
1882
1894
2646
1894
1928
1876
1895
2400
2825
1895
2507
1885
1901
2446
1900
1903
3057
1902
2673
1913
1953
2207
1911
2020
1915
1889
1935
1921
2819
1921
2687
1898
1913
2667
1926
2227
1898
1931
2328
1899
1933
1923
1899
1934
1937
1939
1936
1938
2805
1906
1907
1940
1973
2593
1923
1910
3012
1941
2500
2650
1919
1946
1922
1945
3078
1915
1943
2910
2366
2254
1918
2539
3230
1922
1949
2669
1950
2450
1928
2370
1930
1931
1935
2021
1934
1961
2217
1954
1935
1962
1997
1962
3205
2818
1968
3260
1970
1970
1968
3300
1945
2597
1975
1992
1976
2883
1956
2028
1946
1957
2538
1958
1989
1980
2888
1981
2566
1964
2289
1963
1964
1966
1982
1965
1966
1988
2172
2455
1965
2889
2933
1995
2286
1972
2002
3252
2000
2001
2428
1999
2013
1973
2003
2008
2008
2287
2013
2410
1978
2042
1996
1985
2255
2019
2194
1990
1989
2300
2309
2528
1985
2030
2717
2031
2177
2774
2031
3119
1990
1996
2034
2038
2038
2456
2756
2499
3180
2046
2485
2003
3231
2057
2277
2055
2060
2057
2062
2383
2006
2369
2385
2134
2014
3195
2023
2050
2125
2015
2483
2651
2222
2471
3249
2308
2686
2028
2637
2028
2015
2023
3698
2026
2145
2027
2146
2133
2268
2051
2137
2052
2138
2036
2108
2111
2035
2614
2043
2044
2302
2051
2052
2545
3495
3002
2144
2035
2041
2049
2036
2049
2730
2042
2377
2817
2037
2041
2047
2155
2110
2435
2656
2044
2841
2047
2489
2132
2211
2170
2466
2064
2882
3010
2050
3294
2123
2121
2665
2118
2115
2124
2122
2189
2114
2117
2654
2113
3210
2119
2190
3233
3623
2108
2938
2117
2121
2120
3240
2113
2118
2122
2123
2116
2115
2119
2114
2661
2874
3098
2124
2112
2111
2131
2136
2149
2864
2136
2165
2195
3251
2950
2196
3077
3072
2135
2243
2284
3516
2140
2140
2156
2142
2147
2138
2225
2193
3312
2156
2145
2162
2146
2163
2166
2211
2512
2523
3237
3462
2162
2197
3054
2247
2996
2147
2148
2241
3194
2154
2163
2165
2426
3114
2158
3244
2173
2180
2163
2198
3266
2166
2691
2160
3104
2432
2292
2894
2173
2559
2193
3086
3502
2237
3036
2293
2878
2952
2293
2569
2584
2922
2571
2506
3415
2236
2767
2236
2336
2618
3567
2577
2197
2781
2782
2665
3300
2208
2209
2243
2251
2377
2873
2296
2309
2733
3143
3575
2204
3311
2205
2431
2263
2263
2384
2208
2197
3316
2225
2567
2937
2988
3407
2799
2221
2408
2288
2685
2288
3454
3322
3323
3424
3620
2289
2846
2232
2213
2248
2988
3374
2232
2677
3532
3586
2242
2272
2228
2305
2535
3238
2336
2931
2317
2890
3216
3701
2248
2279
2351
2312
2565
3058
3418
3011
3690
2241
2308
2527
2328
2328
2899
2323
2361
2575
2655
3309
2242
2264
2297
2392
2243
2270
2280
2551
2298
3192
2421
2758
3353
2646
3617
2467
2537
2777
3335
2600
2773
2271
2437
2286
2336
2270
2463
2921
3042
2370
2600
2498
2930
3094
2267
2612
2255
3129
2956
3557
3506
2307
2470
2261
3069
2588
2541
2348
3152
2488
3126
3615
2402
2509
2402
2401
3024
2405
2275
2279
3058
3130
3167
3355
2862
3177
2339
2386
2291
3098
2428
3173
3272
3550
3249
2297
2349
2433
2458
2498
2515
2349
2648
3275
3439
2710
2997
3036
2319
2345
2826
3253
2514
2946
2460
2339
2498
3059
3227
2460
3080
3262
2670
2860
2330
2848
2925
3042
2598
3001
2424
3411
2319
3324
2640
2683
2870
2698
3026
3671
2362
2462
3240
2986
3295
2524
3101
2427
2500
2828
2488
3473
2900
3207
2391
2954
3193
3552
2506
3108
2802
3112
2519
2519
2688
2546
2745
3373
2347
2469
3218
2553
2826
3170
2438
3389
3099
3218
2360
3494
3631
2378
2386
2724
2417
3398
2611
2487
2544
2349
3112
2386
3427
2555
2415
2555
2602
3272
3273
2849
3279
2944
3041
3020
2378
2544
2561
2522
3434
2366
3160
2795
2873
3157
3400
3579
3313
2849
2529
2595
2608
2859
3004
2849
2794
3060
3635
2391
2676
2989
2953
3243
3048
2399
2396
3384
2619
3027
3412
2481
2596
2597
2445
2738
2590
2791
3107
2742
2615
2615
2649
2544
2853
3709
2483
3512
2414
2443
2660
3471
3006
3075
2424
2487
3389
3451
2794
3681
2779
3091
3274
2906
3549
3581
2637
3276
3117
3231
2432
2856
2772
2987
3023
2570
3161
3620
2637
2502
3067
3115
2420
3400
2895
3159
3079
2695
3131
2696
3099
2491
2458
2880
2950
2518
3458
3221
2712
2866
2657
2902
2580
3392
2679
2846
2722
3093
2727
3145
3280
2775
2735
3333
2728
2890
2913
3311
2751
2775
3220
2762
3084
3297
2766
2787
2689
3014
3237
2774
2781
3034
2534
3157
2459
2998
2778
3019
2706
3043
2513
3576
2752
2932
2878
2543
3449
2785
2591
2743
2959
2476
2875
2688
3461
3598
3708
2641
3142
2589
2730
3294
2529
2533
2594
2811
2806
2593
2705
2819
2823
2817
2813
3105
2559
2763
3244
2527
3228
2817
3189
2700
2891
2870
2768
2793
3055
2838
2908
2749
3159
3028
3256
2814
2886
3358
3148
3339
3422
3590
3436
2861
3183
3403
2865
2747
2850
2588
2974
2612
2705
3382
2893
3204
2815
2893
2802
2606
3243
2889
2567
2619
2901
2910
2861
3428
3552
2738
3051
2703
3158
3405
2807
3242
2591
2556
2582
3567
2591
2594
2927
2598
3543
3269
2933
3015
2786
2796
3330
3142
3350
2945
3517
3644
3606
2945
3073
3566
2702
2877
2915
2970
3352
3530
3601
3443
2585
2707
2731
3596
3023
2938
2647
3105
2881
3367
2652
3488
3049
3000
2729
3168
2980
2577
3212
3456
2971
2928
3278
2810
3612
3455
2838
3035
2845
3095
2599
2709
3693
2875
3057
3457
2879
3063
3007
2960
3204
3026
3600
3227
3334
2869
2754
2612
2839
2913
2616
3521
2972
3203
3371
2892
2636
2665
3137
2914
2953
3365
3559
3594
3166
2731
3101
2616
2645
2755
3266
2982
2952
2713
2819
3072
3580
2942
3487
3172
2915
3060
2669
2625
3175
3108
2627
3176
3176
3658
3708
3179
3248
2863
3139
2987
2635
2785
3300
3245
2830
3298
2989
3199
3046
3066
3656
2694
3205
3211
2709
3296
3213
3214
3293
3224
3195
3229
3287
3260
3255
3265
3265
2801
3346
2749
3008
2691
2946
2677
3626
2761
2978
3107
2721
2880
3344
2795
3009
2711
3278
3316
2879
3274
3348
2971
3497
2864
2960
3168
3361
2916
3022
3049
3058
2917
3187
3089
3238
2708
3437
2867
3663
3037
3624
2848
2903
3093
2814
3075
3312
2805
3309
2990
2733
3342
2856
3181
3202
3144
3406
3418
3100
2814
2871
2767
3044
3082
2788
3165
2860
3411
2792
3197
2779
2928
3354
3502
3092
2973
3056
3140
3502
2841
3062
3170
3601
2993
3014
2809
3360
3658
2954
3010
3044
3131
2726
3508
3277
2900
3096
3103
2864
3039
3239
3652
2919
2938
3363
3169
3174
3090
3641
2877
2881
3393
2869
3475
2790
2886
3050
3219
2896
3355
2962
3353
3356
2964
3232
2961
3128
3318
3055
3288
3710
3386
3716
2852
2761
3117
3014
2919
3220
2967
3082
2974
3329
2984
2834
3034
3660
2792
2870
3402
3060
3056
3347
3490
2824
3251
3224
3632
3030
3531
3685
3016
3132
3137
3613
2804
3268
2863
3714
3357
3143
3498
3493
3525
3125
3127
3020
3115
3343
3363
3155
2816
2820
2962
2848
3305
3347
3381
2907
3476
3630
2892
3021
3123
2868
3022
3121
3102
3674
3053
3235
3092
2932
2850
3047
2844
3185
3328
2944
3015
3646
3350
3508
3539
2897
3096
2966
3281
2963
2976
2947
3597
3078
3698
3302
3246
3367
3147
3286
3135
3390
2868
2882
3341
3583
3414
3038
3218
3718
3162
3271
3654
3111
3593
3668
3189
3163
3553
3025
3086
3061
3408
2875
2878
2885
3120
3568
2930
2981
3132
3159
3245
3319
3356
3395
3186
3627
2886
2975
3433
2998
3024
2897
3248
3253
3122
3132
3150
3201
3007
3012
3178
3541
3110
3541
3299
3314
3042
3191
3431
3573
3613
3212
3235
3345
3445
3001
3033
3035
3097
3420
3139
3181
3609
3259
3367
3481
3029
3090
3455
3653
3079
3200
2941
3560
2943
3192
3006
3076
3439
3018
3463
3589
3298
3350
3431
3177
3328
3720
3450
3154
3628
2970
3301
3088
3377
3382
3425
3341
3445
3479
2975
3293
3052
3171
3608
3010
3270
3223
3166
3174
3146
3623
3230
3477
3417
3001
3532
3721
3382
3141
3194
3499
3373
3338
3147
3428
3127
3600
3242
3390
3604
2997
3291
3361
3071
3258
3306
3009
3185
3336
3668
2994
3305
3188
3314
3228
3515
3255
3309
3040
3053
3192
3173
3413
3544
3458
3329
3112
3155
3639
3697
3052
3553
3419
3442
3130
3577
3393
3429
3420
3647
3554
3565
3314
3335
3106
3310
3351
3164
3531
3109
3241
3486
3263
3438
3556
3514
3316
3413
3442
3268
3325
3099
3326
3138
3113
3148
3711
3378
3530
3588
3655
3675
3435
3302
3592
3200
3333
3119
3650
3646
3149
3153
3524
3516
3402
3421
3507
3340
3589
3116
3625
3320
3466
3208
3526
3436
3625
3291
3706
3449
3087
3496
3076
3641
3333
3536
3603
3291
3380
3394
3182
3236
3448
3695
3240
3312
3306
3247
3179
3369
3365
3609
3621
3207
3507
3138
3591
3533
3587
3524
3559
3432
3385
3315
3173
3326
3577
3670
3449
3212
3184
3604
3310
3429
3468
3492
3528
3134
3206
3151
3169
3136
3331
3495
3442
3467
3154
3459
3404
3217
3200
3636
3286
3461
3650
3403
3489
3434
3469
3462
3216
3654
3167
3542
3326
3665
3701
3266
3318
3452
3514
3611
3190
3638
3406
3596
3281
3584
3459
3545
3592
3315
3470
3238
3308
3202
3320
3446
3571
3491
3627
3578
3604
3335
3512
3387
3236
3548
3237
3366
3391
3430
3409
3307
3606
3461
3215
3715
3391
3576
3477
3590
3431
3527
3235
3432
3578
3231
3483
3612
3283
3666
3471
3559
3525
3249
3652
3611
3689
3672
3546
3487
3445
3469
3653
3680
3264
3471
3280
3664
3439
3637
3527
3633
3352
3457
3284
3308
3720
3281
3356
3497
3361
3394
3443
3536
3275
3336
3289
3624
3354
3464
3485
3545
3395
3483
3547
3522
3503
3678
3578
3398
3627
3414
3440
3712
3365
3517
3609
3496
3537
3591
3342
3637
3555
3574
3700
3706
3576
3669
3618
3391
3520
3369
3393
3608
3482
3602
3441
3482
3380
3392
3695
3543
3366
3525
3415
3345
3395
3505
3324
3662
3520
3564
3653
3543
3458
3562
3685
3699
3704
3717
3447
3510
3405
3563
3569
3370
3465
3338
3480
3623
3414
3397
3460
3387
3465
3345
3650
3696
3657
3667
3679
3673
3463
3597
3448
3518
3588
3649
3622
3580
3478
3647
3651
3505
3511
3687
3570
3417
3517
3484
3430
3569
3383
3399
3437
3521
3540
3546
3511
3515
3400
3472
3410
3614
3688
3659
3441
3453
3531
3660
3468
3571
3586
3707
3572
3607
3558
3499
3491
3510
3519
3634
3509
3595
3647
3529
3470
3551
3599
3669
3544
3512
3519
3447
3459
3516
3666
3539
3642
3713
3503
3522
3428
3533
3497
3526
3616
3643
3657
3718
3529
3494
3719
3661
3670
3480
3581
3584
3686
3493
3542
3634
3490
3619
3598
3526
3663
3674
3645
3709
3629
3638
3580
3535
3564
3717
3579
3582
3513
3478
3519
3671
3595
3683
3710
3711
3561
3496
3490
3676
3714
3715
3488
3558
3712
3518
3611
3642
3571
3630
3569
3574
3694
3548
3602
3562
3687
3581
3595
3546
3702
3615
3538
3607
3530
3540
3691
3594
3548
3641
3552
3579
3620
3630
3547
3705
3648
3702
3560
3619
3683
3614
3643
3677
3649
3597
3585
3588
3645
3628
3633
3680
3574
3605
3610
3686
3626
3592
3619
3621
3695
3684
3622
3631
3622
3670
3587
3659
3693
3703
3616
3639
3661
3721
3599
3673
3692
3671
3633
3666
3690
3607
3703
3613
3645
3682
3618
3661
3693
3678
3674
3672
3640
3705
3689
3663
3716
3667
3672
3694
3662
3685
3667
3678
3677
3692
3669
3676
3703
3682
3696
3697
3691
3699
3705
3701
)


// ************************************************************************* //
