/*--------------------------------*- C++ -*----------------------------------*\
| =========                 |                                                 |
| \\      /  F ield         | OpenFOAM: The Open Source CFD Toolbox           |
|  \\    /   O peration     | Version:  2412                                  |
|   \\  /    A nd           | Website:  www.openfoam.com                      |
|    \\/     M anipulation  |                                                 |
\*---------------------------------------------------------------------------*/
FoamFile
{
    version     2.0;
    format      ascii;
    arch        "LSB;label=32;scalar=64";
    note        "nPoints:2712  nCells:2560  nFaces:9036  nInternalFaces:3764";
    class       labelList;
    location    "constant/polyMesh";
    object      neighbour;
}
// * * * * * * * * * * * * * * * * * * * * * * * * * * * * * * * * * * * * * //


3764
(
30
500
1547
8
218
241
182
212
2253
82
101
581
65
201
77
134
347
125
128
2549
44
629
949
207
2429
140
345
633
42
79
1427
211
2255
2376
69
138
307
48
84
569
61
348
1725
33
296
2477
49
257
385
154
463
2355
54
481
865
365
761
2382
43
376
1934
31
846
928
55
489
1748
180
287
1172
37
103
980
512
1506
1758
262
291
1326
476
1338
1695
66
1551
1804
305
2021
2397
1203
1885
792
1953
932
1433
2552
472
2463
268
2246
2383
98
179
1323
115
276
1785
206
758
288
1491
2278
213
429
872
75
345
443
122
2044
2369
616
835
198
841
331
1886
67
202
1595
195
423
1225
333
1211
2031
1281
1307
1012
1218
203
782
856
126
146
824
309
1591
2131
86
2251
2299
253
1276
1742
1782
88
1004
1615
447
752
1873
87
266
1950
278
315
196
204
216
873
1439
109
339
385
236
342
451
71
823
879
166
905
343
836
1629
2489
717
1584
2366
148
1222
436
515
2554
262
1283
144
386
700
506
824
2354
110
405
672
750
1139
307
328
334
150
1677
178
393
1632
510
668
206
265
716
242
718
2389
279
1971
353
354
448
313
860
105
1733
2256
1025
2238
659
1788
800
1841
294
387
484
277
640
801
231
518
773
157
160
1601
131
320
2298
95
873
1181
282
392
235
398
829
369
548
2033
452
747
209
706
1279
310
408
820
704
2420
380
1339
2360
576
1226
302
506
532
771
2172
256
269
1420
149
290
536
719
796
2208
1474
2435
1248
2029
152
650
2406
172
1035
2120
564
1338
2302
146
436
465
302
554
190
1171
1483
304
352
2557
248
618
837
418
419
647
252
703
2547
787
812
1016
812
2242
229
406
680
346
360
624
765
841
302
590
254
965
2475
592
850
245
353
367
141
1364
2352
690
1653
223
270
1097
221
225
539
289
2215
343
390
840
225
237
1170
379
402
975
194
1585
174
347
567
249
319
762
1204
476
564
718
264
359
784
406
1318
308
325
600
661
509
762
1262
336
353
398
1495
378
545
165
770
1017
215
574
180
570
1214
495
570
1123
1831
2559
185
1968
2241
648
1754
386
575
626
565
1749
1879
220
1881
246
686
2348
237
293
544
314
523
1362
378
579
580
1236
1871
327
230
852
908
286
1301
2342
205
251
919
382
520
567
187
288
1522
600
1706
1219
2207
2555
589
2215
395
418
474
215
1237
1515
589
1750
2173
2042
2175
248
909
2097
635
984
1951
1839
1870
261
738
1613
449
510
552
301
357
257
551
1264
1229
1395
227
1469
2514
572
765
2556
762
825
224
228
1175
274
1887
2077
237
258
504
876
2543
478
1344
259
2263
461
840
922
763
850
210
381
884
272
410
2452
450
1081
969
1979
479
2487
1177
1648
1642
2216
229
314
1406
505
1240
2453
523
1370
629
651
1280
2134
344
1669
548
1468
235
479
2319
652
323
1857
464
714
721
247
420
847
1577
2249
681
1713
340
801
284
463
1791
338
1827
418
1456
277
512
582
1583
1660
2212
1832
2538
642
424
549
825
877
498
1599
1799
1215
1746
2061
368
807
2407
725
1570
2295
347
383
545
742
1465
1665
334
1642
2358
666
1186
891
1444
956
1247
2518
1016
2119
2369
380
769
1845
2027
1124
1945
912
443
779
428
555
1192
561
1364
1387
1796
283
890
918
1963
467
1986
2053
610
1598
1474
277
384
2251
2531
339
654
1399
295
1560
1389
452
733
1264
327
720
576
1299
507
1534
341
542
2187
1221
2557
1612
2527
275
1576
579
1677
2374
1215
1346
727
1889
2444
1570
2505
560
701
883
1401
821
1902
1274
2519
316
1163
1899
533
848
883
348
492
1449
1492
1403
2411
350
424
1190
807
2479
495
1639
1636
376
1297
453
508
1333
1904
694
817
1765
337
852
651
1749
511
606
1654
2105
524
1846
1917
428
493
501
468
785
786
594
723
2470
928
1625
465
515
930
752
1826
1224
2099
326
711
861
1943
748
2270
742
1623
2062
2506
560
566
2045
755
815
2476
1238
2039
1673
1063
1540
942
2248
413
899
1788
338
523
862
791
794
630
2379
330
1350
1543
351
1811
1931
1533
2288
760
781
1899
1175
2536
435
1101
1084
874
1585
610
622
888
917
1870
1459
1998
366
1130
1264
1561
1989
1600
536
537
380
1943
424
736
706
556
721
795
441
710
2159
2543
1352
1798
1974
1136
484
981
571
354
480
2227
526
731
617
2290
902
1014
1183
456
828
1096
517
1467
2320
1014
1647
381
806
1770
446
774
387
773
425
1541
1608
473
1096
1539
453
726
870
414
808
2279
486
2553
1474
2539
827
1396
809
2438
1231
2359
445
507
666
607
1561
2034
660
1706
2396
629
756
1270
440
673
1384
454
592
2550
1942
926
1247
1895
950
735
1064
1270
2282
2425
440
1962
462
2000
2008
578
877
417
510
835
597
831
1463
887
2065
598
1538
2539
685
1162
1400
2169
1289
1842
2248
1451
2190
458
736
1190
550
611
636
955
455
809
2473
874
1660
1704
647
1832
2532
942
2414
467
609
2253
1689
2367
2558
1734
1819
830
896
1640
1811
1371
2391
604
612
1026
595
2372
781
987
1159
573
1273
1493
1564
1568
717
844
591
1355
2245
436
661
2032
1464
2170
732
1601
546
666
617
637
896
550
1230
1275
1628
1874
1520
1853
477
761
819
439
913
1471
799
468
757
704
1648
2296
771
813
1977
636
678
1866
539
822
986
486
804
2301
583
775
497
843
1963
662
810
910
833
1521
1651
1346
1746
502
872
2350
1284
619
661
1305
1950
2086
709
1008
1689
1958
827
1753
530
2170
488
767
876
1412
912
537
1626
1992
804
2548
1817
1880
490
1609
2081
1739
2181
503
1764
2104
679
2033
2512
475
1732
541
2260
2051
801
927
1670
530
643
933
1658
2375
519
578
1318
697
1250
1855
656
802
1823
1536
2430
631
869
732
1390
516
684
1977
782
808
730
1559
2135
978
2504
699
2059
621
708
743
846
1263
2524
884
832
838
936
819
752
902
1314
958
1483
1545
1956
667
2181
509
1579
1619
1527
1596
714
2162
638
728
775
2211
786
1314
1958
815
1850
1917
2177
571
1518
1527
894
907
927
1023
2089
2512
1233
1386
852
989
723
2143
1197
1858
829
945
778
818
900
984
853
1209
1238
693
737
749
579
2183
2324
1988
2504
767
1483
620
1080
562
1800
713
1300
2187
1033
1908
2534
792
1711
1393
1470
549
623
644
1457
1598
663
1595
1852
577
918
2443
951
1304
1843
2200
1246
1466
1123
1791
2306
1040
1043
596
941
1416
901
844
857
1295
989
1098
2334
2363
573
899
939
557
1686
1674
1122
2086
674
712
1328
1831
789
1110
912
1285
1621
1649
650
1193
1237
951
1624
1023
1182
675
710
957
1170
1198
1306
1478
615
1260
1626
599
1631
2379
589
2070
710
1399
1790
2028
614
2318
821
1544
1962
790
863
868
669
1031
2163
2205
1535
1662
1821
985
1780
1652
1698
1450
2092
2100
977
930
1516
1408
1664
2016
2158
1499
1571
715
780
1772
943
986
1435
707
744
1555
602
900
670
777
869
1670
1785
1937
2096
2091
767
788
1448
755
1850
772
2472
628
1550
1972
2060
654
2435
655
1282
1812
1127
1299
1391
606
838
805
1004
1316
1154
1209
1293
1391
1394
881
1536
2156
895
1178
2200
1184
1839
1457
1440
1573
1011
1083
1321
1341
1607
2128
2440
787
2239
676
964
653
1285
824
1840
968
628
1341
1388
2104
907
1489
934
1554
671
1175
1456
933
1994
704
1971
2542
2009
1631
1728
692
1880
845
891
2333
1195
2174
653
1272
2250
971
2254
1249
1272
1684
724
1322
1322
1418
1423
1996
2000
1098
1150
1460
758
830
1621
1698
820
1661
1647
2167
2457
861
1348
2009
1334
1477
1656
1382
1394
1497
1133
2440
1032
1351
2106
2387
1576
1701
739
1772
1249
1486
1582
669
839
1088
899
1447
719
2280
1496
1594
811
1455
1035
1789
1911
1295
1696
1849
691
1190
1649
1999
885
692
1771
1812
961
2122
769
1774
1463
2180
2008
2187
753
906
798
1126
1330
1561
1582
1581
1717
1707
1765
1298
1477
1402
1418
1434
1747
2241
2465
745
936
1596
1955
1004
2179
1245
1481
2275
1005
1301
2274
1383
1441
1494
984
2158
731
893
868
1434
1441
2219
2221
1152
1443
2285
904
1338
2523
1360
1671
1287
1486
1494
1345
1637
1652
1707
821
1827
1149
1277
1769
953
1442
760
1159
1716
1540
948
1424
1321
1497
776
982
814
1198
1367
1768
1218
2008
2370
1331
1404
1700
1765
1295
974
2268
905
990
1634
1284
1331
1415
2456
1499
1830
1407
1525
926
945
1403
1898
1423
1478
974
1467
2028
1315
1357
1754
1690
1807
1653
1800
2070
938
1686
833
1383
1320
2037
1404
1407
776
889
1275
1356
2098
2261
941
1382
1176
1400
766
922
1226
1450
1605
1690
2035
1706
2434
913
1402
1415
2294
1197
1304
1446
885
944
831
962
1094
2416
770
1886
2151
2350
1104
814
1306
1607
2274
856
1297
1691
878
926
966
2436
832
903
1342
1666
2078
1482
1273
1695
2515
2556
788
816
1084
1198
816
1472
1204
2298
1745
1781
842
1415
1163
2279
955
1495
1872
1349
1579
1468
2139
1507
1947
934
1372
1449
1880
1282
2174
1960
928
1747
2287
1701
1781
822
1967
2166
2410
867
1083
1090
1205
1590
800
805
2162
1525
1872
1507
1820
2139
2361
2286
1365
1475
2368
2364
2103
1205
1480
1386
2014
1717
2142
1348
965
1580
1707
1646
1909
2112
2485
924
935
2352
828
1000
1007
1835
1357
2049
1022
1278
2098
842
1160
1552
1286
923
940
1105
1107
1551
1535
2294
1599
1970
2115
1657
2359
2287
2124
2141
1435
1610
1290
1462
1618
2075
920
946
947
1766
2044
871
1165
1320
874
2358
2392
2319
1412
2295
1221
1431
2526
888
1546
2047
1766
1844
1027
1673
1877
890
898
1274
2322
960
976
1206
1605
1856
1154
2039
1755
966
1429
916
1244
2033
1438
914
923
1890
2325
2110
1155
1671
1129
1775
1428
1577
1989
936
1488
914
924
1129
1178
1365
1281
994
1000
1510
892
922
1420
973
1087
960
2145
903
967
1920
1923
2094
2503
1633
954
1599
1675
2079
2513
1006
1170
1324
1625
1542
1952
958
1317
1427
1792
1938
946
1105
1126
2401
1184
1199
1414
2228
1733
1744
1875
1135
1353
931
1916
2446
1600
1767
1087
1089
1446
1451
1514
935
952
1253
1996
950
1674
2552
2138
1131
1574
1248
2218
1672
1861
1036
1386
2104
998
1537
1018
1564
1352
2189
998
1843
2485
1086
1088
2085
1223
973
1363
1268
1814
2128
2440
1828
1729
1345
1157
1460
1963
2100
1525
2301
2553
1462
2357
1171
1585
1660
2490
1634
2370
1166
1614
970
1022
1080
1085
1086
2388
1335
1957
977
1156
1455
2267
1104
1653
1915
1192
1254
1640
982
1829
1015
1620
1961
1994
1753
1988
980
1103
1078
1365
1473
1271
999
1102
987
1838
1795
988
991
1939
1938
1262
1579
998
1163
1027
1101
1376
1489
1635
1217
1326
1034
1108
1200
1015
1091
1876
1091
1117
1212
1076
1605
1315
1093
1120
1302
1019
1093
1211
1094
1100
1227
1716
1875
1216
1217
1476
1349
1583
1109
1110
1111
1112
1164
1285
1115
1116
2297
1111
1430
1018
1168
1273
1115
2046
1259
2134
2356
1168
1508
1318
1776
1158
1202
1252
1177
2182
1153
1191
1071
1133
1682
1837
1092
1113
1220
1034
1113
1251
1107
2039
1108
1208
1744
1965
1128
1699
1457
1128
1132
1146
1148
1145
1147
1147
1148
1439
1146
1167
1429
1145
1587
1144
1438
1143
1144
1142
1166
1116
1143
1141
1337
1140
1142
1139
2017
1137
1141
1138
1140
1136
1139
1115
1575
1134
1138
1112
1137
1136
1195
1132
1134
1110
1573
1194
1544
1109
1926
1279
1111
1436
1851
1124
1187
1122
1124
1101
1571
1119
1122
1114
1119
2030
1114
1568
1102
1743
1106
1128
1168
1236
1103
1232
1475
1104
1473
1554
1448
1239
1311
1286
1105
1107
1112
1118
1134
1116
1142
1146
1328
2052
1723
1877
1887
1731
1185
1216
1959
1125
1140
1856
1226
1108
1548
1275
1132
1808
1137
1173
1151
1256
1946
1143
1180
1299
1700
2024
1685
1151
1188
1656
1206
1450
2230
1807
1936
1252
1912
2534
1158
1901
1151
1174
1181
1872
1495
1589
1524
1708
1937
2260
1889
2478
1258
1296
1238
1247
1806
1311
1884
1937
1520
1908
2050
2330
1242
1335
1549
1180
1266
1191
1993
1269
2147
1179
1179
1643
1397
1830
2228
1262
1334
2532
1174
1411
1250
1666
2175
2542
1785
1181
1254
2083
1222
2545
1903
1246
1858
1894
1210
1692
1257
1373
1915
1964
2070
1413
2286
1837
1900
1234
1919
1234
1345
1888
1509
1350
1517
1325
1336
1310
1353
1354
1353
1392
1801
2082
2379
2313
1293
1655
1914
2109
1325
1515
1258
1332
1428
1465
1591
1352
1907
1255
2314
1430
1909
1333
1787
1973
1368
1410
2415
2325
1323
1503
2495
2504
1294
1419
1257
1278
1259
1836
2494
1290
1924
1249
1287
1657
2157
1358
1770
1455
1882
1381
1856
2189
1358
2442
1421
1954
2024
2114
1375
1436
1429
1288
1470
1310
1329
2288
2455
2023
1721
1816
1336
1368
1452
1283
1637
1693
1274
1664
1373
1410
2038
1941
2558
1681
2166
1385
1598
1846
2497
1409
1595
1302
1940
1454
1578
1628
1420
1453
1329
2183
1871
1506
1583
1769
1303
1932
2164
2250
1985
1432
1873
2558
1317
2045
1904
1347
1565
1356
1472
2328
2447
2479
1374
1654
1675
2497
1458
1519
1541
1381
1490
1559
1854
2020
1783
1569
1663
1984
2363
2185
1428
1333
1492
1987
1699
1911
2072
2236
2398
1369
1377
1510
1343
1551
1683
1487
1868
1738
1971
2316
1496
1555
1602
1645
1562
1557
2179
1969
1329
1343
1500
1901
2071
1397
1997
1795
2357
2043
1377
1377
1389
1505
1643
1461
1477
2108
1370
1432
1359
1893
2068
1549
1816
1482
2315
1422
1559
1562
1348
1555
1594
1732
1454
1723
1790
1745
2148
2016
1839
1548
1780
1369
1380
1703
2184
1383
1723
1601
1881
1806
2107
2120
2396
2421
2022
2429
1503
1506
2216
1498
1603
1903
1518
2457
1975
1504
2022
1466
1597
1792
2349
1502
1979
1499
2076
1661
2289
2111
2165
2113
2136
1392
1558
1382
1674
1803
2136
2527
1604
1687
1546
1764
1775
1514
1905
2309
1422
1784
2336
2095
1979
2267
1762
1774
1402
1524
1669
2066
2178
1814
1610
1724
2428
2244
1545
1592
1927
1894
2005
2135
1511
2015
2165
2489
1786
1465
1855
2305
1854
1910
1498
1501
1743
1433
1721
1773
2277
1437
1641
1464
1452
2150
1602
1638
1588
1622
2196
1522
1756
1882
2010
2239
1826
2255
1966
2130
2140
1830
1874
1906
1702
1702
1575
1867
2300
1813
1921
1611
1935
1829
2266
1685
2088
2314
1741
1821
2003
1761
1817
1586
1490
1612
1638
1539
2190
1560
2037
2308
2392
1991
1569
1680
2351
1614
1565
2448
1593
2559
2343
2450
1678
1851
2310
1810
1810
1492
1817
2304
1809
2080
2398
1566
2289
2001
2210
1651
1512
2111
1513
2113
2335
1500
1504
1613
2324
1547
1574
1924
2127
1886
1998
2146
1566
2331
1563
1553
1572
1616
1629
1739
1758
1505
1567
2002
1564
1982
1586
2354
1558
2538
2546
1920
1923
2012
2006
1828
1860
1616
1853
1526
1572
1592
1912
1926
1891
1705
2069
2296
1676
1647
1968
2193
1529
1907
1957
1531
1961
1888
1632
1794
1818
2001
2069
2003
2056
1934
2129
1548
1939
1936
2090
1679
1827
1616
2220
2302
1853
1912
1902
1720
1913
1883
2030
2017
1567
1683
1983
1659
1705
2001
1588
2347
1562
1646
1720
1748
1930
1897
1982
1847
2303
2076
1720
1980
1641
1980
1719
1940
1687
1726
2195
2214
2142
2359
2156
2226
2459
1928
1823
2050
1777
1725
2052
1680
1736
1876
1646
1976
2441
2385
2386
1784
2269
1948
1663
1793
1813
1824
1699
1812
2413
2340
1901
2037
1802
2165
1869
1834
1898
1896
2147
1643
1833
1845
1680
1782
2284
1686
1739
2016
2093
1710
2125
2204
1976
2480
2399
2438
1724
1730
1953
1650
1638
1862
1885
2176
2292
1678
1813
2328
1759
1859
1693
1709
1819
1883
1930
1891
2057
1932
1815
1881
2283
1644
2318
1676
1916
1953
2002
2069
2427
2452
2454
1694
2214
2100
1857
2521
2235
2423
1688
1903
2268
2280
2506
2252
2323
1688
2097
1855
2107
2087
1863
2053
2253
1712
2351
2357
2164
2094
1893
1852
1868
1944
2177
1906
1783
2153
1726
1755
1947
2208
1965
2345
2259
1709
1760
2163
1714
1713
2206
2405
1929
1978
1945
2022
1865
1962
2282
2262
2502
2551
1878
1935
2483
2422
2219
2393
2121
2260
2308
2412
2491
1752
1981
1740
1876
2131
2013
2322
2127
2188
1815
1779
2176
1752
1760
1769
1744
1995
2159
2213
2303
1887
2353
2122
1742
2284
2448
2202
2205
1824
1918
1925
2458
1800
2425
1859
2042
1737
1859
2054
2058
2183
2224
1864
2117
1752
1825
1990
2062
2133
1794
2057
1799
2417
2036
2152
2067
2087
2023
2189
2226
1822
2141
1793
2110
1964
1973
1934
2173
2234
2064
2025
2310
1757
1764
1763
1913
1951
1767
2346
2126
1861
1805
2161
1794
1891
2242
2063
2052
2205
1871
1928
2257
2330
1833
1841
1892
1897
2137
2184
1931
2225
2151
2206
2367
1796
1825
1939
2481
1847
2019
2408
2004
2526
1964
2520
1808
2007
2055
2472
2355
2198
1847
2188
2404
1860
1864
2029
1863
2493
2321
1848
2136
2292
2489
1892
2552
1890
2259
1833
1966
2518
2240
1949
2132
2236
2225
2047
1986
1893
1913
2169
1967
2419
2513
2018
2116
2334
2330
2264
2026
1873
2218
2232
2199
2015
2106
2378
2027
2161
2118
2155
2209
1908
2406
2291
2413
2265
2125
2171
2373
2236
2486
2161
2177
1896
2527
2077
2295
1922
2228
1954
2116
2263
2084
2222
1983
1883
1948
2437
2201
2036
2245
1867
2031
2046
1994
2237
2278
2066
2168
2172
2505
1931
2196
2216
2460
2267
2426
2547
1896
2059
2501
2230
1966
2511
2085
2553
2160
2231
2447
2118
2317
1932
2025
2144
1981
2065
1927
2334
2362
2032
2011
2517
2469
2066
2316
2014
2529
2045
2174
2081
1991
2153
2143
2238
2082
2351
2041
2275
2098
1959
2190
2055
2075
1948
2149
2195
2263
2290
2555
2058
1955
2044
2344
2173
2215
2269
2005
2482
2429
1949
2086
2247
1950
1997
2390
2537
2170
2249
1959
2023
2065
2375
2002
2013
2059
2224
2365
2193
2332
2398
2238
2321
1985
2246
2234
2484
2535
2004
2376
2232
2389
2019
2191
2026
1993
2383
2211
2042
2067
2530
2034
2126
2404
2054
2166
2510
2362
2101
2256
2137
2035
2018
2010
2258
2121
2528
2255
2213
2356
2494
2120
2338
2030
2332
2074
2464
2078
2087
2513
2247
2223
2294
2516
2374
2119
2344
2424
2467
2309
2235
2168
2064
2320
2218
2046
2192
2124
2254
2096
2383
2415
2089
2203
2381
2233
2455
2356
2380
2169
2172
2185
2262
2319
2382
2339
2437
2339
2312
2192
2084
2212
2202
2198
2167
2180
2116
2119
2313
2315
2360
2492
2175
2376
2380
2416
2470
2388
2476
2200
2201
2373
2281
2445
2338
2341
2144
2314
2419
2102
2332
2111
2113
2184
2245
2514
2382
2329
2419
2395
2207
2272
2338
2421
2105
2462
2158
2298
2138
2453
2456
2426
2223
2227
2449
2203
2512
2258
2281
2390
2466
2461
2290
2522
2148
2431
2149
2507
2460
2400
2467
2219
2273
2397
2449
2365
2373
2442
2137
2265
2129
2194
2524
2129
2414
2152
2237
2409
2443
2462
2171
2233
2458
2284
2391
2380
2451
2222
2329
2188
2237
2194
2333
2299
2385
2337
2478
2461
2477
2324
2459
2496
2446
2475
2217
2384
2336
2282
2315
2346
2311
2367
2463
2199
2307
2343
2230
2259
2243
2355
2535
2326
2176
2399
2498
2515
2480
2457
2292
2321
2417
2474
2196
2232
2377
2192
2554
2500
2287
2531
2247
2271
2275
2408
2306
2503
2278
2433
2507
2517
2375
2252
2271
2381
2418
2268
2271
2339
2412
2450
2496
2293
2311
2394
2466
2509
2531
2503
2532
2229
2283
2502
2545
2256
2433
2484
2493
2281
2252
2401
2452
2499
2555
2500
2529
2265
2370
2431
2451
2326
2414
2465
2533
2509
2468
2291
2413
2464
2403
2473
2523
2310
2328
2337
2377
2360
2439
2525
2323
2387
2299
2509
2342
2323
2498
2556
2443
2446
2366
2434
2347
2337
2483
2347
2521
2371
2354
2350
2395
2540
2326
2557
2461
2462
2548
2432
2482
2388
2475
2449
2488
2411
2444
2501
2516
2453
2317
2336
2408
2371
2519
2418
2544
2495
2519
2488
2402
2431
2459
2559
2456
2470
2389
2463
2477
2416
2476
2353
2551
2447
2490
2369
2381
2433
2425
2471
2492
2415
2526
2460
2393
2544
2400
2466
2363
2397
2467
2485
2402
2390
2474
2506
2436
2454
2554
2483
2484
2533
2426
2508
2401
2465
2500
2498
2448
2409
2541
2400
2424
2418
2410
2407
2487
2522
2548
2508
2468
2499
2534
2479
2544
2510
2444
2528
2542
2540
2546
2510
2496
2507
2478
2501
2432
2464
2517
2437
2493
2497
2524
2495
2491
2539
2549
2473
2536
2546
2471
2530
2494
2455
2521
2511
2487
2550
2486
2469
2520
2480
2515
2537
2502
2541
2505
2529
2545
2543
2525
2530
2520
2547
2514
2528
2522
2537
2540
2535
2538
2551
2550
)


// ************************************************************************* //
