/*--------------------------------*- C++ -*----------------------------------*\
| =========                 |                                                 |
| \\      /  F ield         | OpenFOAM: The Open Source CFD Toolbox           |
|  \\    /   O peration     | Version:  2412                                  |
|   \\  /    A nd           | Website:  www.openfoam.com                      |
|    \\/     M anipulation  |                                                 |
\*---------------------------------------------------------------------------*/
FoamFile
{
    version     2.0;
    format      ascii;
    arch        "LSB;label=32;scalar=64";
    class       vectorField;
    location    "constant/polyMesh";
    object      points;
}
// * * * * * * * * * * * * * * * * * * * * * * * * * * * * * * * * * * * * * //


2712
(
(0 0 0)
(-1 -1 0)
(2 -1 0)
(-1 1 0)
(2 1 0)
(-1 -1 0.001)
(2 -1 0.001)
(-1 1 0.001)
(2 1 0.001)
(0 0 0.001)
(0.00109366728 0.001575136295 0)
(0.00286993156 0.002442467573 0)
(0.004773541404 0.002991138375 0)
(0.006719197218 0.003367975878 0)
(0.008683464596 0.003632645573 0)
(0.01065709304 0.003815698841 0)
(0.01263562617 0.003935195298 0)
(0.01461662777 0.004002946381 0)
(0.01659865177 0.00402722701 0)
(0.01858078971 0.004014149999 0)
(0.02056244895 0.003968420927 0)
(0.02254323407 0.003893781949 0)
(0.02452287888 0.003793287964 0)
(0.02650120518 0.00366948661 0)
(0.02847809648 0.003524540077 0)
(0.03045348069 0.003360310163 0)
(0.03242731817 0.003178419247 0)
(0.03439959323 0.002980294488 0)
(0.03637030789 0.002767200514 0)
(0.03833947744 0.002540266403 0)
(0.04030712697 0.002300505724 0)
(0.0422732887 0.00204883199 0)
(0.04423799966 0.001786069954 0)
(0.04620130002 0.001512965648 0)
(0.04816323188 0.001230195915 0)
(0.05012383811 0.000938374991 0)
(0.05208316131 0.0006380592491 0)
(0.054041243 0.0003297514041 0)
(0.0559981231 1.390574045e-05 0)
(0.05795383938 -0.0003090686242 0)
(0.05990842699 -0.0006388054023 0)
(0.06186191785 -0.0009749791785 0)
(0.06381434057 -0.001317302394 0)
(0.06576572007 -0.001665523523 0)
(0.06771607731 -0.002019425655 0)
(0.06966542901 -0.002378825413 0)
(0.07161378746 -0.002743571475 0)
(0.07356116039 -0.003113543263 0)
(0.07550755075 -0.003488650041 0)
(0.07745295654 -0.003868830086 0)
(0.07939737066 -0.004254049889 0)
(0.08134078074 -0.004644303425 0)
(0.08328316899 -0.005039611447 0)
(0.08522451203 -0.005440020849 0)
(0.08716478073 -0.005845604087 0)
(0.08910394005 -0.006256458599 0)
(0.09104194877 -0.006672706537 0)
(0.09297875954 -0.007094493322 0)
(0.09491431911 -0.007521984795 0)
(0.09684857296 -0.007955345964 0)
(0.09878124549 -0.008395691302 0)
(0.09675886048 -0.008982826231 0)
(0.0947787509 -0.009073953228 0)
(0.0927983649 -0.009158870608 0)
(0.09081773622 -0.009237927821 0)
(0.08883688949 -0.009311320049 0)
(0.08685584625 -0.009379202016 0)
(0.08487462582 -0.009441699976 0)
(0.08289324579 -0.00949891615 0)
(0.08091172229 -0.009550926939 0)
(0.07893007017 -0.009597782588 0)
(0.07694830337 -0.009639506628 0)
(0.0749664351 -0.009676095273 0)
(0.07298447818 -0.009707516764 0)
(0.0710024453 -0.009733710662 0)
(0.06902034931 -0.009754587102 0)
(0.06703820353 -0.009770026 0)
(0.06505602215 -0.009779876202 0)
(0.06307382053 -0.009783954216 0)
(0.06109161569 -0.009782042792 0)
(0.05910942677 -0.009773889899 0)
(0.05712727555 -0.009759207388 0)
(0.05514518707 -0.009737669243 0)
(0.05316319035 -0.009708908648 0)
(0.05118131921 -0.009672516142 0)
(0.04919961322 -0.009628037417 0)
(0.04721811881 -0.009574970193 0)
(0.04523689063 -0.009512759155 0)
(0.0432559931 -0.009440791961 0)
(0.04127550232 -0.009358394748 0)
(0.03929550826 -0.009264825854 0)
(0.03731611767 -0.009159266628 0)
(0.03533745745 -0.009040811854 0)
(0.03335967888 -0.008908459015 0)
(0.03138296298 -0.008761093544 0)
(0.02940752735 -0.008597469694 0)
(0.02743363526 -0.008416184725 0)
(0.02546160745 -0.008215647815 0)
(0.02349183823 -0.007994037998 0)
(0.02152481774 -0.007749246193 0)
(0.01956116387 -0.007478794458 0)
(0.01760166921 -0.007179720588 0)
(0.01564737296 -0.00684840803 0)
(0.01369967584 -0.006480325719 0)
(0.01176053389 -0.006069611641 0)
(0.009832808019 -0.005608367974 0)
(0.007920948226 -0.005085386232 0)
(0.006032478744 -0.004483655854 0)
(0.004181813582 -0.003774697707 0)
(0.002402388602 -0.002903826109 0)
(0.0008036737227 -0.001741283767 0)
(-0.8 -1 0)
(-0.6 -1 0)
(-0.4 -1 0)
(-0.2 -1 0)
(0 -1 0)
(0.2 -1 0)
(0.4 -1 0)
(0.6 -1 0)
(0.8 -1 0)
(1 -1 0)
(1.2 -1 0)
(1.4 -1 0)
(1.6 -1 0)
(1.8 -1 0)
(-1 0.8 0)
(-1 0.6 0)
(-1 0.4 0)
(-1 0.2 0)
(-1 0 0)
(-1 -0.2 0)
(-1 -0.4 0)
(-1 -0.6 0)
(-1 -0.8 0)
(2 -0.8 0)
(2 -0.6 0)
(2 -0.4 0)
(2 -0.2 0)
(2 0 0)
(2 0.2 0)
(2 0.4 0)
(2 0.6 0)
(2 0.8 0)
(1.8 1 0)
(1.6 1 0)
(1.4 1 0)
(1.2 1 0)
(1 1 0)
(0.8 1 0)
(0.6 1 0)
(0.4 1 0)
(0.2 1 0)
(0 1 0)
(-0.2 1 0)
(-0.4 1 0)
(-0.6 1 0)
(-0.8 1 0)
(-0.8 -1 0.001)
(-0.6 -1 0.001)
(-0.4 -1 0.001)
(-0.2 -1 0.001)
(0 -1 0.001)
(0.2 -1 0.001)
(0.4 -1 0.001)
(0.6 -1 0.001)
(0.8 -1 0.001)
(1 -1 0.001)
(1.2 -1 0.001)
(1.4 -1 0.001)
(1.6 -1 0.001)
(1.8 -1 0.001)
(-1 0.8 0.001)
(-1 0.6 0.001)
(-1 0.4 0.001)
(-1 0.2 0.001)
(-1 0 0.001)
(-1 -0.2 0.001)
(-1 -0.4 0.001)
(-1 -0.6 0.001)
(-1 -0.8 0.001)
(2 -0.8 0.001)
(2 -0.6 0.001)
(2 -0.4 0.001)
(2 -0.2 0.001)
(2 0 0.001)
(2 0.2 0.001)
(2 0.4 0.001)
(2 0.6 0.001)
(2 0.8 0.001)
(1.8 1 0.001)
(1.6 1 0.001)
(1.4 1 0.001)
(1.2 1 0.001)
(1 1 0.001)
(0.8 1 0.001)
(0.6 1 0.001)
(0.4 1 0.001)
(0.2 1 0.001)
(0 1 0.001)
(-0.2 1 0.001)
(-0.4 1 0.001)
(-0.6 1 0.001)
(-0.8 1 0.001)
(0.00109366728 0.001575136295 0.001)
(0.00286993156 0.002442467573 0.001)
(0.004773541404 0.002991138375 0.001)
(0.006719197218 0.003367975878 0.001)
(0.008683464596 0.003632645573 0.001)
(0.01065709304 0.003815698841 0.001)
(0.01263562617 0.003935195298 0.001)
(0.01461662777 0.004002946381 0.001)
(0.01659865177 0.00402722701 0.001)
(0.01858078971 0.004014149999 0.001)
(0.02056244895 0.003968420927 0.001)
(0.02254323407 0.003893781949 0.001)
(0.02452287888 0.003793287964 0.001)
(0.02650120518 0.00366948661 0.001)
(0.02847809648 0.003524540077 0.001)
(0.03045348069 0.003360310163 0.001)
(0.03242731817 0.003178419247 0.001)
(0.03439959323 0.002980294488 0.001)
(0.03637030789 0.002767200514 0.001)
(0.03833947744 0.002540266403 0.001)
(0.04030712697 0.002300505724 0.001)
(0.0422732887 0.00204883199 0.001)
(0.04423799966 0.001786069954 0.001)
(0.04620130002 0.001512965648 0.001)
(0.04816323188 0.001230195915 0.001)
(0.05012383811 0.000938374991 0.001)
(0.05208316131 0.0006380592491 0.001)
(0.054041243 0.0003297514041 0.001)
(0.0559981231 1.390574045e-05 0.001)
(0.05795383938 -0.0003090686242 0.001)
(0.05990842699 -0.0006388054023 0.001)
(0.06186191785 -0.0009749791785 0.001)
(0.06381434057 -0.001317302394 0.001)
(0.06576572007 -0.001665523523 0.001)
(0.06771607731 -0.002019425655 0.001)
(0.06966542901 -0.002378825413 0.001)
(0.07161378746 -0.002743571475 0.001)
(0.07356116039 -0.003113543263 0.001)
(0.07550755075 -0.003488650041 0.001)
(0.07745295654 -0.003868830086 0.001)
(0.07939737066 -0.004254049889 0.001)
(0.08134078074 -0.004644303425 0.001)
(0.08328316899 -0.005039611447 0.001)
(0.08522451203 -0.005440020849 0.001)
(0.08716478073 -0.005845604087 0.001)
(0.08910394005 -0.006256458599 0.001)
(0.09104194877 -0.006672706537 0.001)
(0.09297875954 -0.007094493322 0.001)
(0.09491431911 -0.007521984795 0.001)
(0.09684857296 -0.007955345964 0.001)
(0.09878124549 -0.008395691302 0.001)
(0.09675886048 -0.008982826231 0.001)
(0.0947787509 -0.009073953228 0.001)
(0.0927983649 -0.009158870608 0.001)
(0.09081773622 -0.009237927821 0.001)
(0.08883688949 -0.009311320049 0.001)
(0.08685584625 -0.009379202016 0.001)
(0.08487462582 -0.009441699976 0.001)
(0.08289324579 -0.00949891615 0.001)
(0.08091172229 -0.009550926939 0.001)
(0.07893007017 -0.009597782588 0.001)
(0.07694830337 -0.009639506628 0.001)
(0.0749664351 -0.009676095273 0.001)
(0.07298447818 -0.009707516764 0.001)
(0.0710024453 -0.009733710662 0.001)
(0.06902034931 -0.009754587102 0.001)
(0.06703820353 -0.009770026 0.001)
(0.06505602215 -0.009779876202 0.001)
(0.06307382053 -0.009783954216 0.001)
(0.06109161569 -0.009782042792 0.001)
(0.05910942677 -0.009773889899 0.001)
(0.05712727555 -0.009759207388 0.001)
(0.05514518707 -0.009737669243 0.001)
(0.05316319035 -0.009708908648 0.001)
(0.05118131921 -0.009672516142 0.001)
(0.04919961322 -0.009628037417 0.001)
(0.04721811881 -0.009574970193 0.001)
(0.04523689063 -0.009512759155 0.001)
(0.0432559931 -0.009440791961 0.001)
(0.04127550232 -0.009358394748 0.001)
(0.03929550826 -0.009264825854 0.001)
(0.03731611767 -0.009159266628 0.001)
(0.03533745745 -0.009040811854 0.001)
(0.03335967888 -0.008908459015 0.001)
(0.03138296298 -0.008761093544 0.001)
(0.02940752735 -0.008597469694 0.001)
(0.02743363526 -0.008416184725 0.001)
(0.02546160745 -0.008215647815 0.001)
(0.02349183823 -0.007994037998 0.001)
(0.02152481774 -0.007749246193 0.001)
(0.01956116387 -0.007478794458 0.001)
(0.01760166921 -0.007179720588 0.001)
(0.01564737296 -0.00684840803 0.001)
(0.01369967584 -0.006480325719 0.001)
(0.01176053389 -0.006069611641 0.001)
(0.009832808019 -0.005608367974 0.001)
(0.007920948226 -0.005085386232 0.001)
(0.006032478744 -0.004483655854 0.001)
(0.004181813582 -0.003774697707 0.001)
(0.002402388602 -0.002903826109 0.001)
(0.0008036737227 -0.001741283767 0.001)
(0.9012952236 0.8337086015 0)
(0.8998441708 -0.8376782274 0)
(1.840334544 0.1061459846 0)
(-0.8881975452 0.2975737699 0)
(-0.8225243751 -0.2916102454 0)
(-0.3 0.8267949192 0)
(-0.309232539 -0.8358183211 0)
(0.2998495543 0.833045152 0)
(0.07095906878 -0.0008700297785 0)
(0.3032084322 -0.8542380643 0)
(0.06797293544 -0.0114519255 0)
(1.296831172 0.8371978873 0)
(1.296248839 -0.812391125 0)
(1.813592064 -0.2993205247 0)
(1.864326948 0.4992274806 0)
(1.704264832 -0.8291511908 0)
(-0.6818616485 0.8114342305 0)
(-0.6891594695 -0.8102953122 0)
(1.698730381 0.8309348211 0)
(-0.4938132987 -0.8337846296 0)
(-0.401852238 -0.677563893 0)
(-0.2374591115 -0.6807973709 0)
(-0.3132077901 -0.5486014139 0)
(-0.1794280253 -0.5466357942 0)
(-0.2435038641 -0.4432335872 0)
(0.03994740146 -0.01106167403 0)
(-0.1320809397 -0.4410074614 0)
(-0.1859440469 -0.356120847 0)
(-0.09948757501 -0.3527412086 0)
(-0.1422273021 -0.2739977833 0)
(0.02030877297 -0.009314592714 0)
(-0.06844422475 -0.2796842511 0)
(-0.2223542245 -0.2811270102 0)
(-0.188925766 -0.2192407707 0)
(-0.2547971004 -0.2156752656 0)
(-0.2168308252 -0.1555060127 0)
(-0.2867830154 -0.1542197613 0)
(-0.2489335385 -0.09487318859 0)
(-0.02826852121 -0.3334870084 0)
(-0.001031676796 -0.2660413727 0)
(0.03724742677 -0.3225086367 0)
(0.06350430242 -0.264682078 0)
(0.0998846939 -0.3132611946 0)
(0.1204447544 -0.2594039146 0)
(0.1598171687 -0.3042146805 0)
(0.1821046018 -0.2489928308 0)
(0.2229930365 -0.2979706261 0)
(0.2539387806 -0.2346309853 0)
(0.2961526159 -0.2904280836 0)
(0.3242323323 -0.2193716331 0)
(0.3771321536 -0.2826193491 0)
(0.4089235463 -0.2003372884 0)
(0.4706437507 -0.2731508986 0)
(0.5046445853 -0.1790477387 0)
(0.4298031638 -0.1031629921 0)
(0.5402776785 -0.07881638297 0)
(0.617694557 -0.1618312587 0)
(0.6566150868 -0.04866953382 0)
(0.7452785252 -0.1432254058 0)
(0.7862014393 -0.01274983928 0)
(0.4622519109 0.02168868525 0)
(-0.3211105413 -0.09243534625 0)
(-0.2686891226 -0.03016462553 0)
(-0.04610161714 -0.2299278258 0)
(0.8820824605 -0.1186157984 0)
(0.08628759217 -0.2181423207 0)
(0.08788342896 -0.01096377785 0)
(0.07802215117 -0.01146423927 0)
(0.9266559909 0.02142353528 0)
(-0.1936528437 -0.09958074965 0)
(0.2843870832 -0.1664862341 0)
(-0.3578052923 -0.02605643761 0)
(-0.3144045419 0.04120094099 0)
(-0.2353932178 0.03968427984 0)
(-0.271057995 0.1058212742 0)
(-0.2011169464 0.1026637267 0)
(0.03340313449 0.004724017848 0)
(-0.2298841743 0.1684017012 0)
(-0.1567435183 0.1568364859 0)
(-0.187230581 0.2298569782 0)
(-0.1061540777 0.2154798691 0)
(-0.2653354 0.237944963 0)
(-0.1417550108 0.2935392295 0)
(-0.06425078584 0.2854406845 0)
(-0.02933207728 0.2195351995 0)
(0.01491940537 0.284616636 0)
(0.03921427583 0.2201500547 0)
(0.05317839566 0.002043577878 0)
(0.07991338041 0.2693576893 0)
(0.1057916527 0.200932831 0)
(0.1510317671 0.2750556173 0)
(-0.01416544339 0.3591097851 0)
(-0.3611143384 -0.4183703619 0)
(1.026877855 -0.09015567216 0)
(1.07490874 0.05704397804 0)
(0.07940929922 -0.3790949352 0)
(0.8271885548 0.1231739508 0)
(0.6975621026 -0.2648958614 0)
(-0.1693235162 0.04488829818 0)
(-0.3614148374 -0.1669482652 0)
(0.003970788422 0.1593778333 0)
(0.01966105476 0.005838750369 0)
(0.2649254494 -0.3592048572 0)
(-0.4033171677 0.04935084376 0)
(1.18047918 -0.0607258068 0)
(1.230320521 0.09232299544 0)
(1.120098797 0.2120162164 0)
(0.9755884816 -0.2383028191 0)
(0.43157383 -0.3580535509 0)
(0.1857980406 0.1953242123 0)
(0.2570660112 0.2566974499 0)
(0.1991488384 0.3576890584 0)
(0.3107443784 0.3521417274 0)
(1.280901281 0.2501235662 0)
(-0.450260954 -0.02914444718 0)
(0.1335421218 0.134645419 0)
(0.08652771727 -0.00395806409 0)
(-0.5022837538 0.05464067349 0)
(0.2008660774 0.121034944 0)
(0.1797194257 0.07640121843 0)
(0.1177307652 0.08018303082 0)
(1.342042305 -0.02955752526 0)
(1.287824948 -0.188274743 0)
(0.2230373213 0.06389523346 0)
(0.2038283877 0.01943589948 0)
(0.248614826 0.01738873646 0)
(0.2780414353 0.1138605231 0)
(-0.09740427583 -0.6537710185 0)
(0.1498209355 0.03318479662 0)
(1.164592513 0.3722705246 0)
(1.325836616 0.4073757873 0)
(-0.5592982526 -0.03924221905 0)
(0.256642398 0.4492698385 0)
(0.3741039826 0.4456117223 0)
(0.4268811362 0.3406410194 0)
(0.4975525561 0.4390975309 0)
(0.2128285634 -0.02495860581 0)
(0.2717527005 -0.03260579401 0)
(-0.4416795107 0.1401731289 0)
(0.5511946698 0.3223986121 0)
(0.6308362876 0.4293559343 0)
(0.5704100179 0.5550684016 0)
(-0.620057764 0.0623652092 0)
(0.7136566141 0.5451950906 0)
(1.449522822 0.2868575133 0)
(0.7741463257 0.4146321764 0)
(0.8723230926 0.5352380219 0)
(0.141717996 0.4551793912 0)
(1.468027532 -0.1613434654 0)
(1.412541717 -0.32807992 0)
(0.2022317172 0.554783245 0)
(0.07791622216 0.5561922179 0)
(-0.7110391968 -0.05040239953 0)
(-0.5932351933 -0.1639612082 0)
(0.3128233887 0.01014434348 0)
(1.232494842 -0.3494423506 0)
(-0.2992847582 -0.2727382679 0)
(1.510839857 0.00686543317 0)
(0.6479005426 0.6795004674 0)
(1.343275117 -0.4917145717 0)
(1.152127983 -0.5355056035 0)
(1.529023691 -0.4715191574 0)
(1.485905274 0.48334706 0)
(0.4808277287 0.232436226 0)
(-0.7499655898 0.06831177704 0)
(0.6097878014 0.2098275427 0)
(1.196258664 0.521657565 0)
(0.1419399079 0.6635043161 0)
(0.008315125049 0.6605485587 0)
(-0.05197455551 0.5328518779 0)
(-0.1966905628 -0.01127993896 0)
(-0.1387619289 -0.004770916895 0)
(-0.1187949317 0.0281779894 0)
(-0.1002118451 -0.01668857235 0)
(-0.08563046846 0.02349116063 0)
(-0.1211846354 -0.04386382579 0)
(-0.08827119237 -0.04501782936 0)
(0.008392598479 -0.007006955159 0)
(-0.1032216524 -0.07195197342 0)
(-0.07102653965 -0.06995887622 0)
(-0.05969522793 -0.0436305178 0)
(-0.04545594087 -0.06730398173 0)
(-0.03527225042 -0.04535418663 0)
(-0.02004592552 -0.06256922733 0)
(-0.04126823664 -0.02727382416 0)
(-0.02917906321 -0.08298215565 0)
(-0.006582687491 -0.08357251569 0)
(0.05411466325 -0.01161548197 0)
(0.04840772288 -0.01125193376 0)
(0.06004205575 -0.01152110692 0)
(0.0003650229427 -0.06365864295 0)
(0.01679903201 -0.07688972833 0)
(0.03008103285 -0.01017263937 0)
(0.02596299874 -0.0100651006 0)
(0.03396763911 -0.01064202616 0)
(0.00795312975 -0.1023063943 0)
(0.0315322846 -0.09678013793 0)
(0.03950312596 -0.07481205848 0)
(0.05375949308 -0.09176056473 0)
(0.06154463243 -0.06835656741 0)
(0.07481098322 -0.08508808357 0)
(0.07959309317 -0.06843899376 0)
(0.09581652804 -0.07837620004 0)
(0.04718639837 -0.05582627669 0)
(0.1046195559 -0.06087748511 0)
(0.1199767192 -0.07420944786 0)
(0.1329158149 -0.05084566668 0)
(-0.02440878158 -0.03093371546 0)
(0.0004004027557 -0.003738838748 0)
(-0.03212346775 -0.01307519748 0)
(0.02476618393 -0.1230801534 0)
(-0.08652766381 -0.0993122464 0)
(0.1455125252 -0.07084691464 0)
(0.06990564626 -0.1092176788 0)
(0.137666848 -0.1021172998 0)
(-0.01970433184 -0.01534097659 0)
(0.1140596068 -0.03768706483 0)
(-0.003619593221 -0.1289531687 0)
(0.01959614636 -0.1543722812 0)
(-0.0488414774 -0.01293505743 0)
(-0.03921798933 -0.00110941119 0)
(0.001302641658 0.003539390035 0)
(0.1704217481 -0.09349105767 0)
(0.1619617814 -0.1322404975 0)
(0.08526681393 -0.04331302626 0)
(0.09591898087 -0.01069702987 0)
(0.1539311741 -0.04663125147 0)
(0.03496824928 -0.224002477 0)
(0.5368923017 -0.3561336674 0)
(0.4911186893 -0.4594186206 0)
(0.6171491281 -0.4565980836 0)
(0.5642168212 -0.5779748239 0)
(0.7076498797 -0.5654854463 0)
(0.4131694844 -0.5682409253 0)
(0.5021097562 -0.7101947393 0)
(-0.01680866906 -0.04328769967 0)
(0.1180186042 -0.1368803609 0)
(0.1477480368 -0.1730894192 0)
(-0.05616182933 0.1661204517 0)
(-0.03492781971 0.1280545522 0)
(0.02140784731 0.116406148 0)
(-0.00684472324 0.08177479836 0)
(0.009472395266 0.00543932529 0)
(0.03421569524 0.08273870117 0)
(0.01235721808 0.05531003993 0)
(-0.04027511585 0.09055005908 0)
(0.05364307965 0.1127249045 0)
(-0.02535905773 0.063239781 0)
(-0.05436466817 0.05631127568 0)
(-0.07943312624 0.0850054359 0)
(-0.1342792521 0.06817733192 0)
(-0.01637754787 -0.1587737154 0)
(-0.0372112069 -0.1306871401 0)
(0.02978611274 -0.05907781476 0)
(0.03654875589 -0.04504597584 0)
(0.04725547048 -0.04057466271 0)
(0.03821300952 -0.03429757152 0)
(0.02957851423 -0.03565006609 0)
(0.05141597262 -0.0318862788 0)
(0.04363447705 -0.02402321591 0)
(0.05713368594 -0.03832527958 0)
(0.05776219132 -0.03003675403 0)
(0.06509804434 -0.03422369945 0)
(0.06766717997 -0.02756051303 0)
(0.06116446983 -0.02178090513 0)
(0.07321077099 -0.03111880715 0)
(0.075281661 -0.02544273124 0)
(0.06980614543 -0.01987355508 0)
(0.08029897471 -0.02844571628 0)
(0.08199517826 -0.02223892066 0)
(0.08655765086 -0.02587987097 0)
(0.08844832747 -0.02170147927 0)
(0.09211426455 -0.02384531951 0)
(0.09345495781 -0.02002439794 0)
(0.0968945385 -0.02190344801 0)
(0.09187389024 -0.01091824288 0)
(0.09798309456 -0.0185206967 0)
(0.1011217361 -0.02015482098 0)
(0.1021287007 -0.01713231993 0)
(0.1053033679 -0.01863756517 0)
(0.1062570025 -0.01530734618 0)
(0.08425358528 -0.0172681982 0)
(0.0819448689 -0.01128959938 0)
(0.1029422589 -0.01300392195 0)
(0.09737671566 -0.02863246561 0)
(0.07684828093 -0.01855495434 0)
(0.07397437767 -0.01145957966 0)
(0.08970614169 -0.0163820322 0)
(0.1052709434 -0.02371143888 0)
(0.1105726235 -0.02130976641 0)
(0.0943670651 -0.01546823091 0)
(0.09923419073 -0.01433119306 0)
(0.07298009071 -0.04136497582 0)
(-0.009560845463 -0.02934546404 0)
(-0.1263504318 0.6518177066 0)
(-0.1855893624 0.5397139832 0)
(1.628524446 0.3210007143 0)
(-0.04909627881 0.03028192282 0)
(-0.01637359511 0.03142812882 0)
(0.03284491958 -0.02720378804 0)
(0.02458874186 -0.02803883168 0)
(0.02051724217 -0.03616005566 0)
(0.01643649889 -0.02735122363 0)
(0.01429720748 -0.008505284148 0)
(0.01209666724 -0.03587575497 0)
(0.02063027425 -0.02291644535 0)
(0.01187825598 -0.02291285263 0)
(0.01616974641 -0.0163476934 0)
(-0.05488817415 0.001780394898 0)
(0.3548368713 0.07150870554 0)
(-0.1195620925 -0.1025643473 0)
(-0.09508686354 -0.1422619587 0)
(0.06312043306 0.07471892111 0)
(1.010536709 0.3221200332 0)
(-0.05400812138 -0.1562979781 0)
(0.3340189835 0.1759512889 0)
(-0.06293165948 -0.01161695576 0)
(0.05636687892 -0.1389091871 0)
(-0.1412280518 -0.1375619384 0)
(-0.1182228617 -0.1800641444 0)
(0.01584509117 -0.04387321097 0)
(0.5151920203 0.6949433048 0)
(0.04450743423 0.05406159252 0)
(0.04377987012 0.003434996134 0)
(0.07272234699 0.05459884492 0)
(0.09819802044 -0.006497547659 0)
(0.05599571708 0.03443479978 0)
(0.06342897227 0.0002600778442 0)
(0.05941234666 0.001066014666 0)
(0.05229065231 -0.02424771471 0)
(0.2402000612 -0.07589478696 0)
(0.7530990369 -0.4057123528 0)
(0.8631338003 -0.5433704298 0)
(1.655171653 -0.1376296111 0)
(0.1381891559 -0.03229126623 0)
(0.1559599519 -0.02450508184 0)
(0.1476009733 -0.008710248345 0)
(0.1265520783 -0.01593987017 0)
(1.438146747 -0.6412582713 0)
(0.2965412234 -0.09581417128 0)
(0.1646533773 -0.004254791342 0)
(0.1848436065 -0.1647008019 0)
(-0.4528142943 -0.5422350772 0)
(-0.4960045551 -0.4104252994 0)
(-0.587321426 -0.5208271647 0)
(-0.6756303127 0.1680018187 0)
(-0.003780464427 -0.03848841531 0)
(-0.6712913951 -0.3892832136 0)
(-0.7349571617 -0.5057894977 0)
(-0.1326703994 0.4431926006 0)
(-0.2439505224 0.438279142 0)
(-0.3142192771 0.5344684873 0)
(-0.3701755947 0.4217184515 0)
(-0.447178565 0.5269691518 0)
(-0.5047927253 0.4026048413 0)
(-0.5889711429 0.5176284548 0)
(-0.5224801174 0.6744336026 0)
(0.02851779294 -0.02028111433 0)
(0.03508132716 -0.02140140049 0)
(-0.4224204504 0.3016730057 0)
(0.04945203573 0.7918061247 0)
(-0.02471685941 -0.001422396553 0)
(-0.03046845776 0.008452887684 0)
(-0.02066946325 0.006556009815 0)
(-0.01635871694 -0.003447038459 0)
(-0.02226901678 0.01481064865 0)
(-0.0132434986 0.01513741554 0)
(-0.01064407389 0.005830569114 0)
(1.642841325 -0.6035709181 0)
(-0.1629165335 -0.05587961444 0)
(0.06047552342 -0.05392665783 0)
(-0.03951937445 -0.525752844 0)
(0.03149554056 -0.6361251051 0)
(0.0895591339 -0.531072022 0)
(0.1557573529 -0.6234852463 0)
(0.2017170895 -0.5219493707 0)
(0.1084868129 -0.7421674603 0)
(-0.6614251883 0.4054181033 0)
(-0.7417547357 0.5073180473 0)
(-0.431537985 -0.3170659095 0)
(-0.1166219623 -0.8363916137 0)
(0.9166220528 -0.3871786245 0)
(1.093841327 0.837492837 0)
(0.9996379135 0.6770365444 0)
(0.008609303078 -0.02793311721 0)
(0.006021893326 -0.02108399043 0)
(0.009500529152 -0.01628349728 0)
(0.0007824548685 -0.0283004679 0)
(-0.006165318407 -0.01936243171 0)
(0.1787032008 -0.04173212825 0)
(-0.09221999502 0.0519824241 0)
(-0.1186305333 0.8530993947 0)
(0.08809560563 0.105945552 0)
(0.07976415965 0.1473340354 0)
(0.2717569757 0.6667671694 0)
(-0.4834369775 0.8446957021 0)
(0.280925344 -0.6052378032 0)
(1.089451472 -0.8365003319 0)
(0.9961701708 -0.6690237326 0)
(-0.8551594986 -0.1177564247 0)
(-0.0357673296 -0.4259751013 0)
(-0.5606955808 0.2772123342 0)
(0.3500310732 -0.1458320165 0)
(0.7204390672 -0.840544985 0)
(0.006479384445 -0.006431272903 0)
(0.006947602056 -0.008373571705 0)
(0.004952393749 -0.00772111331 0)
(0.008864228734 -0.008956927103 0)
(0.005526713715 -0.0097975809 0)
(0.003349078922 -0.009086449363 0)
(0.004090167174 -0.01177008703 0)
(0.001667749063 -0.0108429611 0)
(0.001107911081 -0.008317266032 0)
(-0.0008010195474 -0.01005194639 0)
(-0.00120708475 -0.007569509442 0)
(-0.002944121257 -0.008883157021 0)
(-0.003683319816 -0.006455092612 0)
(-0.006056131624 -0.00825887433 0)
(-0.006383711346 -0.005243254628 0)
(-0.004339702563 -0.003431029392 0)
(-0.006809094703 -0.002496546581 0)
(-0.004789552463 -0.0009535931744 0)
(-0.007122514461 -6.528688799e-06 0)
(-0.005252779598 0.001466122289 0)
(-0.00041719496 0.002928495947 0)
(-0.0003680272321 0.004695465215 0)
(0.001480955874 0.00552261284 0)
(-0.0002143275189 0.006673678975 0)
(0.001722200862 0.007570046447 0)
(-8.722568473e-05 0.008452554355 0)
(0.001977071365 0.009835594636 0)
(-0.002040729256 0.005830994136 0)
(0.004057015104 0.008108651537 0)
(0.004331923141 0.01088297686 0)
(0.001536269289 0.01271280232 0)
(0.006458357635 0.00921577536 0)
(0.00663800725 0.01212542012 0)
(0.00199033446 -0.0138977321 0)
(-0.0009972776068 -0.001829397833 0)
(0.005496108126 0.004814533369 0)
(-0.009364533244 -0.007355040599 0)
(-0.001926688015 0.001013594815 0)
(0.006590500692 -0.01197341445 0)
(-0.002031950395 -0.003528322139 0)
(-0.008669071712 -0.01131633587 0)
(0.005418776504 -0.01527488366 0)
(-0.009399257146 -0.001443212658 0)
(-0.008022754244 0.002998132573 0)
(-0.005324065772 0.004005321145 0)
(-0.00344812513 -0.01173992208 0)
(0.0006710317894 -0.00611828443 0)
(0.002767838626 -0.006908421919 0)
(0.003408249528 0.004548096276 0)
(0.001184451595 -0.01843456774 0)
(0.007413712073 0.005212144295 0)
(0.008132428673 0.007134465803 0)
(0.01028836767 0.007286813473 0)
(0.01358204802 0.005675326753 0)
(0.009051293715 0.008936615677 0)
(0.01111879325 0.009178991621 0)
(0.006043331841 0.006774749015 0)
(0.01245606328 0.007401291873 0)
(0.01346468487 0.009309747715 0)
(0.01189753401 0.0113509072 0)
(0.01443419436 0.01151963891 0)
(0.01291164788 0.01412292523 0)
(0.01591415351 0.009419851603 0)
(0.01705384941 0.01167491319 0)
(0.02561925709 0.005444667125 0)
(0.01844417923 0.009184252731 0)
(0.01966292642 0.01173734113 0)
(0.01818241945 0.01450895469 0)
(0.02105814741 0.009200110148 0)
(0.02234368708 0.01181718353 0)
(0.02366654836 0.009544799839 0)
(0.02521811627 0.01221271044 0)
(0.02365224412 0.01518128438 0)
(0.02013489305 0.01806489866 0)
(0.02644022964 0.009312257063 0)
(0.02782622507 0.01179418976 0)
(0.0297609885 0.005228907037 0)
(0.02941424562 0.009198674583 0)
(0.03080131822 0.01212209788 0)
(0.0321740966 0.009600591038 0)
(0.03370274275 0.01215989359 0)
(0.02256012287 0.00741854809 0)
(0.01685307123 0.007326372525 0)
(0.02789125164 0.00749301229 0)
(0.03093459308 0.007419610301 0)
(0.03330127171 0.007650098547 0)
(0.03753356397 0.004321341588 0)
(0.03464078916 0.009398388832 0)
(0.0355881583 0.007215744892 0)
(0.03696120641 0.008976140056 0)
(0.03783225415 0.006874264811 0)
(0.03920845895 0.008588135485 0)
(0.03830606057 0.01155404861 0)
(0.04007327942 0.006670922442 0)
(0.0414431654 0.008324443879 0)
(0.04230874299 0.006419732531 0)
(0.04366473765 0.008028887528 0)
(0.04778060518 0.002672281706 0)
(0.04274634165 0.01086193819 0)
(0.04453476917 0.006142037118 0)
(0.04590223815 0.00772804723 0)
(0.04085355348 0.004792798944 0)
(0.04677068448 0.005742952914 0)
(0.04814623612 0.007342245762 0)
(0.04712414866 0.01020086664 0)
(0.04900298826 0.005478503838 0)
(0.05036695065 0.007086045584 0)
(0.05122486336 0.005171825211 0)
(0.05258593193 0.00678992032 0)
(0.05163682584 0.009560683028 0)
(0.04981478375 0.003504612812 0)
(0.05343273718 0.004746796468 0)
(0.05480506496 0.006457129355 0)
(0.05566011805 0.004512288378 0)
(0.05702318507 0.006152598568 0)
(0.05621364112 0.008743555924 0)
(0.05787923136 0.004213421206 0)
(0.05924171605 0.005847435575 0)
(0.06007991486 0.003765200128 0)
(0.06146004716 0.005494317852 0)
(0.06071214906 0.00832964424 0)
(0.06231485299 0.003435077829 0)
(0.06370323436 0.005206628216 0)
(0.06700307931 -0.0001391717294 0)
(0.06458575911 0.003244655017 0)
(0.06594286279 0.004836201017 0)
(0.07875877374 -0.002377527965 0)
(0.07495165677 -0.001720951019 0)
(0.06541335311 0.008005744002 0)
(0.06683272709 0.002709787978 0)
(0.05646715952 0.002550776065 0)
(0.02460697214 0.007416126152 0)
(0.01464311244 0.00744958417 0)
(0.06544407827 0.001166029767 0)
(-0.003396568759 0.002618933929 0)
(0.3004057837 -0.4957155376 0)
(0.0103278414 -0.007565768117 0)
(0.01081283767 -0.009514860412 0)
(0.009105437745 -0.01093394364 0)
(0.01103842757 -0.01166655853 0)
(0.01280803817 -0.01011073108 0)
(0.01318045585 -0.01242650775 0)
(0.01486393145 -0.01075628666 0)
(0.01625239726 -0.00902338482 0)
(0.01685713114 -0.01114987452 0)
(0.01533308268 -0.01323361598 0)
(0.01786041295 -0.01352059877 0)
(0.01912360593 -0.01601359017 0)
(0.02048520371 -0.01298118562 0)
(0.02226315149 -0.01516641398 0)
(0.02315064535 -0.01280971849 0)
(0.02490772203 -0.01463151287 0)
(0.02395075771 -0.0170441348 0)
(0.02685035781 -0.01711589679 0)
(0.02741529061 -0.01367270941 0)
(0.02961459987 -0.01552564892 0)
(0.01339388474 -0.0154241094 0)
(0.03003771252 -0.01324856205 0)
(0.03177522242 -0.0149442318 0)
(0.03237834924 -0.01241552472 0)
(0.03403041146 -0.01390150677 0)
(0.03370006256 -0.01604673425 0)
(0.03583605918 -0.01509309899 0)
(0.03604495832 -0.01298941751 0)
(0.03785972438 -0.01403042564 0)
(0.03784215456 -0.01630182018 0)
(0.04016954593 -0.01478881266 0)
(0.04412786401 -0.01114550631 0)
(0.04000424809 -0.01776806431 0)
(0.04235817666 -0.01635129672 0)
(0.04265917889 -0.01399303193 0)
(0.04465923776 -0.0150238551 0)
(0.0448160022 -0.01759493515 0)
(0.04723259803 -0.01556256208 0)
(0.04740677831 -0.01884861759 0)
(0.04973228588 -0.01695456869 0)
(0.04961470006 -0.0143919437 0)
(0.05176951961 -0.01525828986 0)
(0.0523582215 -0.01789243396 0)
(0.05442383619 -0.01562358443 0)
(0.05538503926 -0.01900885353 0)
(0.05709403099 -0.01665696563 0)
(0.05116480384 -0.01302872208 0)
(0.0565366215 -0.0141561682 0)
(0.05877117922 -0.01479883599 0)
(0.05961468314 -0.01712419635 0)
(0.06404301649 -0.01156010404 0)
(0.06121002018 -0.01485271665 0)
(0.06213346074 -0.01734264866 0)
(0.06371269715 -0.01533003628 0)
(0.06469793266 -0.01776492279 0)
(0.06621542813 -0.01570265726 0)
(0.03797937331 -0.01203782138 0)
(0.04625476646 -0.01353382777 0)
(0.05827964218 -0.01283001459 0)
(0.05308623659 -0.01334681131 0)
(0.02873716456 -0.01167098956 0)
(0.02543081181 -0.01234652957 0)
(0.02387048973 -0.01079215595 0)
(0.02200093548 -0.01097091323 0)
(0.06529672644 -0.0135448563 0)
(0.06752490785 -0.01364991518 0)
(0.06857219078 -0.01577623562 0)
(0.06972208733 -0.0139379189 0)
(0.07080569014 -0.01572751945 0)
(0.07183737569 -0.01387955177 0)
(0.07299818731 -0.01570427024 0)
(0.06742913347 -0.01793800556 0)
(0.06571763532 -0.02120536789 0)
(0.07084949023 -0.01201027348 0)
(0.07408309383 -0.01371181073 0)
(0.07539151945 -0.01592365686 0)
(0.0764164894 -0.01396852302 0)
(0.07397973003 -0.01759879908 0)
(0.06295798188 -0.0132419936 0)
(0.05851888949 -0.01963269906 0)
(0.07794467716 -0.01598244231 0)
(0.07874984436 -0.01362981259 0)
(0.08024908583 -0.01550762928 0)
(0.08097610702 -0.01338555152 0)
(0.01228435574 -0.008041096853 0)
(0.02356565078 0.005599999515 0)
(0.0185313827 -0.009535643352 0)
(1.818938799 0.3129603291 0)
(0.004559631913 -0.005819891896 0)
(1.498100923 0.8310482541 0)
(1.401258488 0.6759224346 0)
(1.596315549 0.6698368101 0)
(1.830351888 -0.08198659635 0)
(0.08246334831 -0.01515150658 0)
(-0.09642656569 -0.2273393462 0)
(0.01151526557 0.005592275255 0)
(0.05631629212 -0.01177228316 0)
(0.08307849968 -0.01302901355 0)
(0.08455563633 -0.01475255659 0)
(0.08511671718 -0.01272554038 0)
(0.08645107923 -0.01427115631 0)
(1.505609703 -0.8212310742 0)
(0.01880211227 -0.01162425111 0)
(0.07996968727 -0.01163737898 0)
(-0.044612525 0.01289163788 0)
(-0.06105039935 0.01856486581 0)
(0.02771689405 0.005593982295 0)
(1.828370632 -0.5082917122 0)
(-0.5480246637 -0.2923611081 0)
(0.03151323164 0.005057572469 0)
(-0.01404141574 -0.009470864491 0)
(-0.01214117598 -0.0156213445 0)
(0.03542964197 0.004466026999 0)
(0.03558717826 -0.01767697874 0)
(0.03188524523 -0.01824645255 0)
(0.04215646829 -0.01097821436 0)
(0.04587060692 0.003116265815 0)
(0.04628493796 -0.01157964129 0)
(0.06148622319 0.0007123237014 0)
(0.09387324389 -0.01082995953 0)
(0.09293444867 -0.01253455341 0)
(0.09094284118 -0.01266271863 0)
(0.09202059325 -0.014610797 0)
(0.09494259118 -0.01239384624 0)
(0.09686548109 -0.01232325084 0)
(0.09808388957 -0.01065548044 0)
(0.1001751878 -0.009953111394 0)
(0.09976272656 -0.01198861284 0)
(0.1015966929 -0.01135204174 0)
(0.06605564336 -0.01149157052 0)
(0.06899648442 -0.0005027408448 0)
(0.07030028906 0.001012312343 0)
(0.07226403747 0.0006375658516 0)
(0.07160683546 0.002526287963 0)
(0.07371368753 0.002155597673 0)
(0.07310306721 0.004011224416 0)
(0.07531247308 0.003852410126 0)
(0.07443275002 0.006678790483 0)
(0.06833905597 0.004583141541 0)
(0.07598543488 0.00151193819 0)
(0.06831918641 0.001334763934 0)
(0.08848912884 -0.004367759487 0)
(0.08785067176 -0.002464068904 0)
(0.07769356942 0.003346299859 0)
(0.09237683643 -0.005204036686 0)
(0.08264976299 -0.003195515367 0)
(0.08983017613 -0.002888054989 0)
(0.08921307785 -0.0009745675481 0)
(0.08709901541 -0.0005120727976 0)
(0.08826711702 0.0008806524659 0)
(0.07840172799 0.001080101388 0)
(0.08018520556 0.002911812635 0)
(0.07926906521 0.005287891254 0)
(0.08632826483 0.001648343598 0)
(0.08834495364 0.00321208796 0)
(0.08072849603 0.0003904929147 0)
(0.08508625804 -0.0001269834537 0)
(0.0826706651 0.002472593693 0)
(0.07690179767 -0.0005920656014 0)
(0.08585122502 -0.002086495226 0)
(0.09431774218 -0.005628744661 0)
(0.09372157576 -0.003732668478 0)
(0.09116380468 -0.001461631498 0)
(0.09625823801 -0.006059654897 0)
(0.09760895674 -0.004595731699 0)
(0.09955560703 -0.005036044871 0)
(0.1021097134 -0.009305175414 0)
(0.1035093635 -0.01081016795 0)
(0.1038278665 -0.008721571343 0)
(0.1052851981 -0.01245557585 0)
(0.1083269514 -0.0133660993 0)
(0.1072828599 -0.009882870303 0)
(0.1108083178 -0.01061274251 0)
(0.1095425506 -0.00723888529 0)
(0.1120276259 -0.01379326202 0)
(0.1152952622 -0.01080558869 0)
(0.1169915953 -0.01664017757 0)
(0.1169935051 -0.02677426683 0)
(0.1066178508 -0.006711322689 0)
(0.1081330715 -0.004123751128 0)
(0.1118237183 -0.004184468328 0)
(0.1039976387 -0.006436383164 0)
(0.09043513496 -0.004784220478 0)
(0.07611215817 -0.01129247984 0)
(0.08078803001 -0.002840589232 0)
(0.08202389541 -0.001265261057 0)
(0.03017201294 0.4521405094 0)
(0.08988563805 -0.01097182581 0)
(0.07292582503 -0.001259688545 0)
(1.044264766 0.4951778574 0)
(-0.4587727647 -0.1988957424 0)
(0.050264201 -0.02024560806 0)
(0.03942947503 -0.01287652555 0)
(0.1001973996 -0.00684990351 0)
(0.1015038454 -0.005485009712 0)
(0.1009289785 -0.003546123953 0)
(0.1030082042 -0.004043045062 0)
(0.102121995 -0.001578440806 0)
(0.1021466695 -0.007466910522 0)
(0.09566376963 -0.004160719721 0)
(0.09502336498 -0.002204483605 0)
(0.7224968525 0.8397834831 0)
(0.09177668106 -0.003317924786 0)
(0.6719373607 0.08526151083 0)
(0.03620553156 -0.01081507701 0)
(0.0889626757 -0.0126292985 0)
(0.07420523934 0.000252398412 0)
(1.593382127 -0.3092261408 0)
(0.09896820987 -0.003124738441 0)
(0.08458062188 -0.003599709778 0)
(0.8055618341 -0.6920898036 0)
(0.00307415816 0.006382466165 0)
(-0.2722651869 0.670960704 0)
(0.09700958351 -0.00267289457 0)
(0.0961083725 -0.0008460957988 0)
(0.09420400135 1.924216716e-06 0)
(0.09643429124 0.001863640117 0)
(0.05027997803 -0.01126470449 0)
(0.06955321957 0.002896805503 0)
(0.07050152713 0.005059099213 0)
(0.07127277148 0.008928471582 0)
(0.07434216646 0.01077588322 0)
(0.06210213626 -0.0114327245 0)
(-0.003052741838 -0.001890585327 0)
(0.04243465984 -0.01942649082 0)
(0.0393304563 -0.0211545518 0)
(0.08619839392 -0.01612945409 0)
(0.002303575574 -0.004851726512 0)
(0.1091751431 -0.02914222826 0)
(0.1032305048 -0.03453036874 0)
(0.5357001296 0.1192925402 0)
(0.007406896588 -0.01000708756 0)
(-0.5487045834 -0.6659147293 0)
(0.0572496478 -0.0230777571 0)
(0.02165146991 0.005620067986 0)
(0.969993652 0.1682610341 0)
(0.8418722196 0.277878248 0)
(1.396771532 0.1287603768 0)
(0.6896479199 0.3089375596 0)
(0.09311416347 -0.001834944833 0)
(0.08610542241 0.3504498124 0)
(0.01977589769 0.00777982478 0)
(0.03199945288 -0.01044231896 0)
(0.1053951046 -0.004198679609 0)
(0.1065696063 -0.001370160539 0)
(0.1039192473 0.001273091096 0)
(0.1077613609 0.002433997719 0)
(0.1000012493 0.000565886253 0)
(0.1001683629 0.005427928042 0)
(0.01098559151 -0.189373954 0)
(1.128339613 -0.2147643271 0)
(0.1009503267 -0.01313997103 0)
(1.833500347 -0.6919212018 0)
(1.816865733 0.6830309717 0)
(0.8095517065 0.6850770348 0)
(-0.8430279615 -0.7074662448 0)
(-0.8416426771 0.7119338893 0)
(0.08397037682 -0.01115844803 0)
(0.01763873051 0.005602646303 0)
(0.05110972593 0.002159773393 0)
(0.8368923171 -0.2512334664 0)
(1.068236547 -0.3746603055 0)
(0.05215090693 -0.01134725239 0)
(0.05748396563 -0.1817854923 0)
(0.08575714454 -0.1556077999 0)
(-0.3533551105 0.1163235583 0)
(0.4419659225 0.5687729325 0)
(0.08977912447 0.06619856939 0)
(0.09704691281 0.0489245935 0)
(0.08051744645 0.03230388648 0)
(1.276615512 -0.649202805 0)
(0.2062092494 -0.1207101477 0)
(0.4627832319 0.8482820303 0)
(-0.2941863321 0.3375890805 0)
(0.009537029267 0.01304236487 0)
(0.01042500817 0.01690697499 0)
(0.08591430354 -0.01096591874 0)
(0.6461339158 -0.6964360005 0)
(0.01565537362 0.005680683857 0)
(0.3177878118 0.552352338 0)
(0.05994144491 -0.01334196391 0)
(-0.07125729974 0.1244287272 0)
(-0.1122344771 0.1084944937 0)
(0.1240361715 -0.0370484551 0)
(-0.5467549709 0.1545078958 0)
(-0.2741553682 -0.3537854216 0)
(-0.0505286196 -0.09722253123 0)
(0.08386543997 -0.001655248893 0)
(0.008884074456 -0.01331457305 0)
(0.1469417612 0.008050821914 0)
(0.1292685971 0.006771120207 0)
(0.1343576697 0.02107818302 0)
(0.118450008 0.01643186243 0)
(0.1201051863 0.0310157083 0)
(0.1179568735 0.005234870679 0)
(0.1224457691 -0.001683663652 0)
(0.1077339003 0.02704306404 0)
(0.1056969787 0.01613215664 0)
(0.09668665074 0.02167090902 0)
(0.0975784496 0.01242820467 0)
(0.08977745712 0.0158394922 0)
(0.09116341397 0.009195421359 0)
(0.08505789728 0.009892636864 0)
(0.08156934998 0.01665151679 0)
(0.362801735 -0.7130218924 0)
(0.1975038867 -0.359215565 0)
(1.564448706 0.1646147817 0)
(0.1414849859 -0.4332603251 0)
(1.000683311 -0.507896416 0)
(0.0474383761 -0.02251485329 0)
(0.07906967839 -0.0005611753899 0)
(-0.7034844424 0.6316953577 0)
(0.04463055767 -0.01303379056 0)
(1.191002599 0.7033042562 0)
(0.1717165389 0.01636594212 0)
(-0.003470190362 -0.7481139204 0)
(-0.01770629508 -0.1057476489 0)
(-0.001387063155 -0.00540790734 0)
(-0.2141765202 -0.05835562343 0)
(0.07671454709 -0.002409604942 0)
(-0.3855893912 0.6361929884 0)
(-0.003563622326 0.0003748750254 0)
(0.3736412523 -0.02143970248 0)
(0.01896557526 -0.3823333213 0)
(0.00988503397 0.01085021974 0)
(1.682105856 0.04154292703 0)
(-0.2129684485 0.2940244424 0)
(-0.49042359 -0.1044415365 0)
(-0.2940271993 0.1743850935 0)
(0.578026621 -0.2644574463 0)
(0.03916337344 0.003897358843 0)
(-0.06467249505 -0.1251563709 0)
(0.2314486151 -0.7305208655 0)
(-0.1763349188 0.3711919608 0)
(0.1304298496 -0.2132088469 0)
(0.4510075816 -0.8550807052 0)
(0.01119947435 -0.0138230492 0)
(0.02240037171 -0.009295322796 0)
(0.08644994517 -0.03421351513 0)
(0.3405881914 -0.3541192242 0)
(0.02634070016 0.007043189289 0)
(-0.02138895834 -0.008551294715 0)
(-0.001690018254 0.007666481848 0)
(-0.001872250222 0.01029595675 0)
(-0.002221844664 0.01418664723 0)
(0.002370999466 0.01701594017 0)
(-0.0031026494 0.01972913551 0)
(0.002450047881 0.0239317892 0)
(-0.004053567605 0.006990288536 0)
(-0.005071162471 0.01036941197 0)
(-0.005201791478 0.02768865372 0)
(0.00237494135 0.03364285724 0)
(0.01003399242 0.02730129433 0)
(-0.007039632532 0.01506985756 0)
(-0.006062029169 0.03819186911 0)
(0.0112921381 0.03874885102 0)
(0.02077719441 0.03149746255 0)
(-0.009994083209 0.02173323543 0)
(0.02126551156 0.04475963905 0)
(0.03275822685 0.0402344176 0)
(0.03171134859 0.025440639 0)
(0.0320360398 0.01563319254 0)
(0.03630450386 0.01493572614 0)
(0.04103987112 0.01425953816 0)
(0.03935156265 0.01955128309 0)
(0.04575351545 0.01797781299 0)
(0.04226094457 0.02489981375 0)
(0.02579085712 0.01948962283 0)
(0.05031501956 0.02437202021 0)
(0.05257459682 0.01732383677 0)
(0.05752465268 0.02250277901 0)
(0.07143537189 0.01397610038 0)
(0.05848979288 0.01570682816 0)
(0.06376278445 0.01908536778 0)
(0.06339218296 0.02721280244 0)
(0.07255833724 0.0224994773 0)
(0.06310767524 0.01188311154 0)
(0.0220151801 0.02365068256 0)
(0.06786041392 0.01087383367 0)
(0.04513373059 0.01272277918 0)
(0.01562344439 0.02223314281 0)
(0.02673392137 0.05789786471 0)
(0.08588453474 0.02449554935 0)
(0.08999154071 -0.01434617775 0)
(0.08822168184 -0.01435535404 0)
(0.2312263597 -0.432826745 0)
(1.682038793 0.5011088961 0)
(0.06822166407 0.007047748504 0)
(0.09827928138 -0.001139236495 0)
(0.1000599428 -0.001764530689 0)
(-0.00800903786 -0.05247206037 0)
(0.06960389415 0.03751876823 0)
(0.06970277498 -0.01760899579 0)
(0.09513776297 0.006296770913 0)
(0.09250421684 0.003198892309 0)
(-0.01647321212 -0.0217322319 0)
(0.2532713652 0.1738840584 0)
(0.02806348267 -0.01007274024 0)
(0.08702078263 -0.01257964958 0)
(0.09252353874 -0.01720824698 0)
(0.09032918275 0.00076575124 0)
(0.04943448671 0.01277919901 0)
(0.1764610511 0.04190849684 0)
(0.149956494 0.06216438347 0)
(0.149852928 0.0931031653 0)
(-0.001974248383 0.003904849786 0)
(-0.6649324297 -0.2641348717 0)
(0.1089941438 0.04142445884 0)
(0.05444668576 0.01193208606 0)
(0.05874788567 0.01088671009 0)
(-0.09531756929 0.3628727119 0)
(0.03388847624 0.01916459428 0)
(0.05481074546 0.001660727618 0)
(0.1356200069 -0.3578093401 0)
(0.07952647849 -0.01863288782 0)
(0.04551382086 -0.4469751119 0)
(-0.1343472281 -0.07295341364 0)
(0.5733564333 0.01975136391 0)
(0.04122150082 -0.01257562187 0)
(0.0822194508 -0.01824822492 0)
(0.09577342443 -0.01399295466 0)
(-0.3206543911 -0.2105581301 0)
(0.0007204155453 0.04668517028 0)
(0.07255043065 -0.01237359421 0)
(-0.1036087079 0.1585206068 0)
(-0.003357835955 0.004670077506 0)
(-0.006974563568 0.006568862914 0)
(-0.01181252419 0.001790386681 0)
(-0.03384542867 0.02147144309 0)
(0.09433027323 -0.03639522834 0)
(0.1006440719 -0.04554307326 0)
(0.03879349669 -0.02646670446 0)
(0.1746690336 -0.2018246457 0)
(0.05489552993 -0.01330286581 0)
(-0.8614020863 0.1599413717 0)
(-0.4066313299 -0.1029869625 0)
(0.1101388383 -0.0007255518791 0)
(0.1147701302 -0.0003720619437 0)
(0.02025554123 -0.01095452873 0)
(0.7300502154 0.1995328438 0)
(0.006402952845 0.02020188088 0)
(0.006815937691 0.01545940597 0)
(0.04811864525 -0.01300470127 0)
(-0.3604689994 0.2259549141 0)
(0.02789911415 0.01503808704 0)
(0.005641407141 -0.04596845941 0)
(-0.05916303577 -0.02554886764 0)
(0.07590980461 0.01521047787 0)
(0.05669293286 -0.8721144042 0)
(-0.005528767118 -0.2200245629 0)
(0.1036261885 0.009649544929 0)
(0.1099285139 0.008826028124 0)
(0.03598306055 0.01140483944 0)
(0.1095200878 -0.01706964688 0)
(0.0148705748 0.01718753971 0)
(0.04726071624 -0.112939977 0)
(0.05815606075 -0.01110721328 0)
(0.3675021012 0.2567119509 0)
(0.0717879113 -0.01767505691 0)
(0.02433377084 -0.02113502412 0)
(-0.1640036603 -0.1742778226 0)
(-0.01200606029 -0.004300090927 0)
(0.05393762992 0.008696674938 0)
(0.04054877954 0.01071762086 0)
(0.05839168153 0.007841148763 0)
(-0.07645623285 0.001582774547 0)
(-0.07077031685 0.03726812251 0)
(0.05772661028 0.001212234472 0)
(0.1164858731 -0.005945386681 0)
(0.1218990972 -0.009428986515 0)
(-0.003119242694 -0.004758768598 0)
(0.09136576989 -0.02979327991 0)
(0.0293827818 0.006816959768 0)
(0.9086286225 0.4090092674 0)
(0.09042252862 -0.01911739184 0)
(0.04377786906 0.1433219016 0)
(0.0796413191 -0.03569120813 0)
(0.09709073341 -0.01574124126 0)
(0.0211454333 -0.01877293419 0)
(0.06420538114 -0.04482613531 0)
(0.1880045318 -0.000735016151 0)
(-0.8619655892 -0.4390826127 0)
(0.02461931662 -0.04642614329 0)
(0.01548957417 -0.0567730199 0)
(0.07305154825 -0.02039864686 0)
(0.07090603549 -0.0241892214 0)
(0.05875932831 0.04758013317 0)
(-0.1400317741 -0.2145943278 0)
(0.06287929179 0.007783889169 0)
(-0.7298901804 -0.1713051621 0)
(0.04309344555 -0.01238502257 0)
(0.03122646454 -0.02242939254 0)
(0.1051243178 -0.01007717737 0)
(0.09747770891 -0.01380033469 0)
(-0.002145439938 -0.01510484622 0)
(0.1006820431 -0.008394158428 0)
(0.1989330896 -0.06957833144 0)
(-0.01745853697 0.02163665017 0)
(0.04491423934 0.009908503753 0)
(0.0493417296 0.009393808005 0)
(0.03656180301 0.005832717579 0)
(0.09374303689 0.03298138393 0)
(0.03878314536 0.005531881556 0)
(0.04588812836 0.03098734921 0)
(0.108399157 0.05711271597 0)
(0.05430972255 0.003256192037 0)
(0.0587922395 0.002688255484 0)
(0.06321727391 0.002052614695 0)
(1.713311181 0.1976276197 0)
(-0.8564168723 0.4368028469 0)
(-0.8523466679 -0.8543075833 0)
(-0.8523466679 0.8543075833 0)
(-0.001908065957 -0.0004663026638 0)
(0.1010157408 -0.02478458313 0)
(0.03911086304 0.03228269282 0)
(1.151695634 -0.6988124132 0)
(0.1094362775 -0.1838603234 0)
(0.1331041275 -0.005743333027 0)
(0.04524586884 0.03990761572 0)
(0.07701669147 0.005679494628 0)
(0.07866463894 0.009169726652 0)
(-0.07717241514 -0.0244992591 0)
(-0.01760046812 0.001747559814 0)
(0.02701811757 -0.01155088348 0)
(-0.0133114892 0.04781820043 0)
(-0.002858020406 0.06169242208 0)
(0.08448546842 0.00174348229 0)
(0.08534127762 0.004380986089 0)
(0.08223155341 0.005333993524 0)
(0.08310265792 0.0002834532318 0)
(0.08788139833 0.00690175045 0)
(0.06097600898 0.002388810947 0)
(0.3814126167 0.7124236063 0)
(0.03447984216 -0.01225788001 0)
(0.03430944924 0.006170589978 0)
(1.853589838 0.8535898385 0)
(1.853589838 -0.8535898385 0)
(0.0608925957 -0.01910663829 0)
(0.1095239817 -0.1063693079 0)
(0.08934121271 -0.126686312 0)
(0.0649993289 -0.0003185348158 0)
(0.03819466741 -0.0104345606 0)
(-0.02456933748 0.02525889352 0)
(-0.03121380256 0.03731773906 0)
(0.01253437452 0.07160887791 0)
(1.681683996 -0.44773025 0)
(0.0243439557 -0.009284937824 0)
(-0.07681358902 -0.1896302231 0)
(0.004461828408 -0.03432849814 0)
(0.4221218183 0.1493923898 0)
(0.5912787324 0.8024314465 0)
(-0.009370264833 0.01005230969 0)
(0.0208901138 0.014037022 0)
(0.0184961796 0.007060110491 0)
(0.6407224289 -0.351685253 0)
(0.1711135331 -0.06617596681 0)
(0.07730208535 -0.01273771365 0)
(0.06949729198 -0.01114814554 0)
(-0.0289352801 -0.190723201 0)
(0.1277342323 0.04769100208 0)
(0.07540878241 -0.0126691556 0)
(0.07372857963 -0.0537411331 0)
(0.04788263866 -0.02677897351 0)
(-0.008792531346 -0.004167629079 0)
(0.03252306142 0.006270032796 0)
(0.1121082443 0.003369975111 0)
(-0.0005473002183 -0.01232748158 0)
(0.09400762453 -0.01380007644 0)
(0.180029925 -0.01923712468 0)
(0.1014135182 -0.01483322504 0)
(0.04206020373 0.003530676001 0)
(0.05217523074 0.003560428375 0)
(0.04453251084 -0.03067123448 0)
(-0.8446532644 0.01052183466 0)
(0.01549053718 0.01380279435 0)
(0.1128596689 -0.007821243055 0)
(-0.01489979776 0.009435490361 0)
(0.3232462617 -0.04393277973 0)
(0.07783368694 -0.02228564287 0)
(0.08511134992 -0.02061564595 0)
(0.2522171472 -0.129868663 0)
(0.5839380642 -0.820451286 0)
(0.1866856537 0.7662684067 0)
(-0.1978277471 0.7522253827 0)
(0.09828479937 -0.01261977437 0)
(0.3797948107 -0.4427010943 0)
(0.01677619712 -0.02039705785 0)
(0.09538565469 -0.01814437696 0)
(0.06292121885 -0.01944009655 0)
(0.1799673586 -0.8398081589 0)
(0.08992421217 -0.0571646117 0)
(0.087555169 -0.01819289635 0)
(-0.7087609099 -0.6299508704 0)
(0.1042028315 -0.001983446984 0)
(-0.04786270108 0.4274515445 0)
(-0.006350502194 -0.01465545399 0)
(-0.009267527422 0.0009656979992 0)
(0.004338627368 0.01363930909 0)
(0.3551230222 -0.08426017468 0)
(0.0451460587 -0.02048162255 0)
(0.03026516718 0.01895322714 0)
(0.1047586374 0.005433407171 0)
(0.1035917745 -0.02839620593 0)
(0.004497657375 0.00613633483 0)
(-0.01512526544 0.005072003157 0)
(0.01125493137 0.02071337655 0)
(0.1263451693 -0.02457640913 0)
(0.06244319476 -0.0263141661 0)
(0.03064674241 -0.01159000693 0)
(0.07227224441 -0.01105693496 0)
(0.2834707685 0.05535950841 0)
(-0.178926895 -0.1376054301 0)
(0.05525129187 -0.04669580242 0)
(0.04958360129 -0.01271267328 0)
(-0.154739542 0.09621206728 0)
(0.04322998594 0.004992903263 0)
(0.05350955237 -0.02089447347 0)
(0.08035486666 -0.001323973729 0)
(0.02101630803 0.007000907063 0)
(0.2301087377 -0.1879891622 0)
(0.153835262 0.8776511752 0)
(-0.3459831636 -0.3263654195 0)
(1.106829025 0.6037211466 0)
(0.01229008445 -0.0187415335 0)
(0.09972292794 -0.01665444841 0)
(0.03756907287 -0.0188605631 0)
(-0.4801829035 0.2246542104 0)
(-0.004381494105 -0.004972036307 0)
(0.04547227792 0.004812205399 0)
(0.09226307382 0.000133998287 0)
(-0.1533936944 -0.100237193 0)
(-0.3754177186 -0.2469658152 0)
(-0.8286597455 0.5775500282 0)
(0.04767360094 0.004411932416 0)
(0.08786019072 -0.01617712418 0)
(0.08328189999 0.04400143349 0)
(0.1376905875 -0.01880907379 0)
(0.06911334256 -0.01243963572 0)
(0.01083463835 0.0918559314 0)
(-0.007639064118 0.1113365537 0)
(0.008016011189 0.01050125857 0)
(0.1161520372 -0.05083188276 0)
(-0.7506279309 0.2908250408 0)
(0.02815968076 -0.02415950932 0)
(0.06689328134 0.001269455643 0)
(1.326599712 0.5537903511 0)
(-0.001685035708 -0.02312204277 0)
(0.1037670399 -0.01506533191 0)
(0.02921699896 -0.01779227815 0)
(0.0586458169 0.1790633238 0)
(-0.8297423245 -0.5764578451 0)
(-0.3944812395 0.7428094822 0)
(-0.001933960776 0.00244328141 0)
(0.06715163717 0.01504487745 0)
(-0.1058032488 0.07830449596 0)
(0.1053701068 -0.008365864974 0)
(0.08787967038 -0.1011475165 0)
(0.3024505069 -0.4192938325 0)
(0.06134835077 -0.01276944706 0)
(-0.02681366698 -0.02113355197 0)
(0.04929079768 0.002073673528 0)
(-0.0006368352944 0.001592101693 0)
(-0.07700831026 0.7418994335 0)
(-0.10391975 0.008386633655 0)
(0.9012952236 0.8337086015 0.001)
(0.8998441708 -0.8376782274 0.001)
(1.840334544 0.1061459846 0.001)
(-0.8881975452 0.2975737699 0.001)
(-0.8225243751 -0.2916102454 0.001)
(-0.3 0.8267949192 0.001)
(-0.309232539 -0.8358183211 0.001)
(0.2998495543 0.833045152 0.001)
(0.07095906878 -0.0008700297785 0.001)
(0.3032084322 -0.8542380643 0.001)
(0.06797293544 -0.0114519255 0.001)
(1.296831172 0.8371978873 0.001)
(1.296248839 -0.812391125 0.001)
(1.813592064 -0.2993205247 0.001)
(1.864326948 0.4992274806 0.001)
(1.704264832 -0.8291511908 0.001)
(-0.6818616485 0.8114342305 0.001)
(-0.6891594695 -0.8102953122 0.001)
(1.698730381 0.8309348211 0.001)
(-0.4938132987 -0.8337846296 0.001)
(-0.401852238 -0.677563893 0.001)
(-0.2374591115 -0.6807973709 0.001)
(-0.3132077901 -0.5486014139 0.001)
(-0.1794280253 -0.5466357942 0.001)
(-0.2435038641 -0.4432335872 0.001)
(0.03994740146 -0.01106167403 0.001)
(-0.1320809397 -0.4410074614 0.001)
(-0.1859440469 -0.356120847 0.001)
(-0.09948757501 -0.3527412086 0.001)
(-0.1422273021 -0.2739977833 0.001)
(0.02030877297 -0.009314592714 0.001)
(-0.06844422475 -0.2796842511 0.001)
(-0.2223542245 -0.2811270102 0.001)
(-0.188925766 -0.2192407707 0.001)
(-0.2547971004 -0.2156752656 0.001)
(-0.2168308252 -0.1555060127 0.001)
(-0.2867830154 -0.1542197613 0.001)
(-0.2489335385 -0.09487318859 0.001)
(-0.02826852121 -0.3334870084 0.001)
(-0.001031676796 -0.2660413727 0.001)
(0.03724742677 -0.3225086367 0.001)
(0.06350430242 -0.264682078 0.001)
(0.0998846939 -0.3132611946 0.001)
(0.1204447544 -0.2594039146 0.001)
(0.1598171687 -0.3042146805 0.001)
(0.1821046018 -0.2489928308 0.001)
(0.2229930365 -0.2979706261 0.001)
(0.2539387806 -0.2346309853 0.001)
(0.2961526159 -0.2904280836 0.001)
(0.3242323323 -0.2193716331 0.001)
(0.3771321536 -0.2826193491 0.001)
(0.4089235463 -0.2003372884 0.001)
(0.4706437507 -0.2731508986 0.001)
(0.5046445853 -0.1790477387 0.001)
(0.4298031638 -0.1031629921 0.001)
(0.5402776785 -0.07881638297 0.001)
(0.617694557 -0.1618312587 0.001)
(0.6566150868 -0.04866953382 0.001)
(0.7452785252 -0.1432254058 0.001)
(0.7862014393 -0.01274983928 0.001)
(0.4622519109 0.02168868525 0.001)
(-0.3211105413 -0.09243534625 0.001)
(-0.2686891226 -0.03016462553 0.001)
(-0.04610161714 -0.2299278258 0.001)
(0.8820824605 -0.1186157984 0.001)
(0.08628759217 -0.2181423207 0.001)
(0.08788342896 -0.01096377785 0.001)
(0.07802215117 -0.01146423927 0.001)
(0.9266559909 0.02142353528 0.001)
(-0.1936528437 -0.09958074965 0.001)
(0.2843870832 -0.1664862341 0.001)
(-0.3578052923 -0.02605643761 0.001)
(-0.3144045419 0.04120094099 0.001)
(-0.2353932178 0.03968427984 0.001)
(-0.271057995 0.1058212742 0.001)
(-0.2011169464 0.1026637267 0.001)
(0.03340313449 0.004724017848 0.001)
(-0.2298841743 0.1684017012 0.001)
(-0.1567435183 0.1568364859 0.001)
(-0.187230581 0.2298569782 0.001)
(-0.1061540777 0.2154798691 0.001)
(-0.2653354 0.237944963 0.001)
(-0.1417550108 0.2935392295 0.001)
(-0.06425078584 0.2854406845 0.001)
(-0.02933207728 0.2195351995 0.001)
(0.01491940537 0.284616636 0.001)
(0.03921427583 0.2201500547 0.001)
(0.05317839566 0.002043577878 0.001)
(0.07991338041 0.2693576893 0.001)
(0.1057916527 0.200932831 0.001)
(0.1510317671 0.2750556173 0.001)
(-0.01416544339 0.3591097851 0.001)
(-0.3611143384 -0.4183703619 0.001)
(1.026877855 -0.09015567216 0.001)
(1.07490874 0.05704397804 0.001)
(0.07940929922 -0.3790949352 0.001)
(0.8271885548 0.1231739508 0.001)
(0.6975621026 -0.2648958614 0.001)
(-0.1693235162 0.04488829818 0.001)
(-0.3614148374 -0.1669482652 0.001)
(0.003970788422 0.1593778333 0.001)
(0.01966105476 0.005838750369 0.001)
(0.2649254494 -0.3592048572 0.001)
(-0.4033171677 0.04935084376 0.001)
(1.18047918 -0.0607258068 0.001)
(1.230320521 0.09232299544 0.001)
(1.120098797 0.2120162164 0.001)
(0.9755884816 -0.2383028191 0.001)
(0.43157383 -0.3580535509 0.001)
(0.1857980406 0.1953242123 0.001)
(0.2570660112 0.2566974499 0.001)
(0.1991488384 0.3576890584 0.001)
(0.3107443784 0.3521417274 0.001)
(1.280901281 0.2501235662 0.001)
(-0.450260954 -0.02914444718 0.001)
(0.1335421218 0.134645419 0.001)
(0.08652771727 -0.00395806409 0.001)
(-0.5022837538 0.05464067349 0.001)
(0.2008660774 0.121034944 0.001)
(0.1797194257 0.07640121843 0.001)
(0.1177307652 0.08018303082 0.001)
(1.342042305 -0.02955752526 0.001)
(1.287824948 -0.188274743 0.001)
(0.2230373213 0.06389523346 0.001)
(0.2038283877 0.01943589948 0.001)
(0.248614826 0.01738873646 0.001)
(0.2780414353 0.1138605231 0.001)
(-0.09740427583 -0.6537710185 0.001)
(0.1498209355 0.03318479662 0.001)
(1.164592513 0.3722705246 0.001)
(1.325836616 0.4073757873 0.001)
(-0.5592982526 -0.03924221905 0.001)
(0.256642398 0.4492698385 0.001)
(0.3741039826 0.4456117223 0.001)
(0.4268811362 0.3406410194 0.001)
(0.4975525561 0.4390975309 0.001)
(0.2128285634 -0.02495860581 0.001)
(0.2717527005 -0.03260579401 0.001)
(-0.4416795107 0.1401731289 0.001)
(0.5511946698 0.3223986121 0.001)
(0.6308362876 0.4293559343 0.001)
(0.5704100179 0.5550684016 0.001)
(-0.620057764 0.0623652092 0.001)
(0.7136566141 0.5451950906 0.001)
(1.449522822 0.2868575133 0.001)
(0.7741463257 0.4146321764 0.001)
(0.8723230926 0.5352380219 0.001)
(0.141717996 0.4551793912 0.001)
(1.468027532 -0.1613434654 0.001)
(1.412541717 -0.32807992 0.001)
(0.2022317172 0.554783245 0.001)
(0.07791622216 0.5561922179 0.001)
(-0.7110391968 -0.05040239953 0.001)
(-0.5932351933 -0.1639612082 0.001)
(0.3128233887 0.01014434348 0.001)
(1.232494842 -0.3494423506 0.001)
(-0.2992847582 -0.2727382679 0.001)
(1.510839857 0.00686543317 0.001)
(0.6479005426 0.6795004674 0.001)
(1.343275117 -0.4917145717 0.001)
(1.152127983 -0.5355056035 0.001)
(1.529023691 -0.4715191574 0.001)
(1.485905274 0.48334706 0.001)
(0.4808277287 0.232436226 0.001)
(-0.7499655898 0.06831177704 0.001)
(0.6097878014 0.2098275427 0.001)
(1.196258664 0.521657565 0.001)
(0.1419399079 0.6635043161 0.001)
(0.008315125049 0.6605485587 0.001)
(-0.05197455551 0.5328518779 0.001)
(-0.1966905628 -0.01127993896 0.001)
(-0.1387619289 -0.004770916895 0.001)
(-0.1187949317 0.0281779894 0.001)
(-0.1002118451 -0.01668857235 0.001)
(-0.08563046846 0.02349116063 0.001)
(-0.1211846354 -0.04386382579 0.001)
(-0.08827119237 -0.04501782936 0.001)
(0.008392598479 -0.007006955159 0.001)
(-0.1032216524 -0.07195197342 0.001)
(-0.07102653965 -0.06995887622 0.001)
(-0.05969522793 -0.0436305178 0.001)
(-0.04545594087 -0.06730398173 0.001)
(-0.03527225042 -0.04535418663 0.001)
(-0.02004592552 -0.06256922733 0.001)
(-0.04126823664 -0.02727382416 0.001)
(-0.02917906321 -0.08298215565 0.001)
(-0.006582687491 -0.08357251569 0.001)
(0.05411466325 -0.01161548197 0.001)
(0.04840772288 -0.01125193376 0.001)
(0.06004205575 -0.01152110692 0.001)
(0.0003650229427 -0.06365864295 0.001)
(0.01679903201 -0.07688972833 0.001)
(0.03008103285 -0.01017263937 0.001)
(0.02596299874 -0.0100651006 0.001)
(0.03396763911 -0.01064202616 0.001)
(0.00795312975 -0.1023063943 0.001)
(0.0315322846 -0.09678013793 0.001)
(0.03950312596 -0.07481205848 0.001)
(0.05375949308 -0.09176056473 0.001)
(0.06154463243 -0.06835656741 0.001)
(0.07481098322 -0.08508808357 0.001)
(0.07959309317 -0.06843899376 0.001)
(0.09581652804 -0.07837620004 0.001)
(0.04718639837 -0.05582627669 0.001)
(0.1046195559 -0.06087748511 0.001)
(0.1199767192 -0.07420944786 0.001)
(0.1329158149 -0.05084566668 0.001)
(-0.02440878158 -0.03093371546 0.001)
(0.0004004027557 -0.003738838748 0.001)
(-0.03212346775 -0.01307519748 0.001)
(0.02476618393 -0.1230801534 0.001)
(-0.08652766381 -0.0993122464 0.001)
(0.1455125252 -0.07084691464 0.001)
(0.06990564626 -0.1092176788 0.001)
(0.137666848 -0.1021172998 0.001)
(-0.01970433184 -0.01534097659 0.001)
(0.1140596068 -0.03768706483 0.001)
(-0.003619593221 -0.1289531687 0.001)
(0.01959614636 -0.1543722812 0.001)
(-0.0488414774 -0.01293505743 0.001)
(-0.03921798933 -0.00110941119 0.001)
(0.001302641658 0.003539390035 0.001)
(0.1704217481 -0.09349105767 0.001)
(0.1619617814 -0.1322404975 0.001)
(0.08526681393 -0.04331302626 0.001)
(0.09591898087 -0.01069702987 0.001)
(0.1539311741 -0.04663125147 0.001)
(0.03496824928 -0.224002477 0.001)
(0.5368923017 -0.3561336674 0.001)
(0.4911186893 -0.4594186206 0.001)
(0.6171491281 -0.4565980836 0.001)
(0.5642168212 -0.5779748239 0.001)
(0.7076498797 -0.5654854463 0.001)
(0.4131694844 -0.5682409253 0.001)
(0.5021097562 -0.7101947393 0.001)
(-0.01680866906 -0.04328769967 0.001)
(0.1180186042 -0.1368803609 0.001)
(0.1477480368 -0.1730894192 0.001)
(-0.05616182933 0.1661204517 0.001)
(-0.03492781971 0.1280545522 0.001)
(0.02140784731 0.116406148 0.001)
(-0.00684472324 0.08177479836 0.001)
(0.009472395266 0.00543932529 0.001)
(0.03421569524 0.08273870117 0.001)
(0.01235721808 0.05531003993 0.001)
(-0.04027511585 0.09055005908 0.001)
(0.05364307965 0.1127249045 0.001)
(-0.02535905773 0.063239781 0.001)
(-0.05436466817 0.05631127568 0.001)
(-0.07943312624 0.0850054359 0.001)
(-0.1342792521 0.06817733192 0.001)
(-0.01637754787 -0.1587737154 0.001)
(-0.0372112069 -0.1306871401 0.001)
(0.02978611274 -0.05907781476 0.001)
(0.03654875589 -0.04504597584 0.001)
(0.04725547048 -0.04057466271 0.001)
(0.03821300952 -0.03429757152 0.001)
(0.02957851423 -0.03565006609 0.001)
(0.05141597262 -0.0318862788 0.001)
(0.04363447705 -0.02402321591 0.001)
(0.05713368594 -0.03832527958 0.001)
(0.05776219132 -0.03003675403 0.001)
(0.06509804434 -0.03422369945 0.001)
(0.06766717997 -0.02756051303 0.001)
(0.06116446983 -0.02178090513 0.001)
(0.07321077099 -0.03111880715 0.001)
(0.075281661 -0.02544273124 0.001)
(0.06980614543 -0.01987355508 0.001)
(0.08029897471 -0.02844571628 0.001)
(0.08199517826 -0.02223892066 0.001)
(0.08655765086 -0.02587987097 0.001)
(0.08844832747 -0.02170147927 0.001)
(0.09211426455 -0.02384531951 0.001)
(0.09345495781 -0.02002439794 0.001)
(0.0968945385 -0.02190344801 0.001)
(0.09187389024 -0.01091824288 0.001)
(0.09798309456 -0.0185206967 0.001)
(0.1011217361 -0.02015482098 0.001)
(0.1021287007 -0.01713231993 0.001)
(0.1053033679 -0.01863756517 0.001)
(0.1062570025 -0.01530734618 0.001)
(0.08425358528 -0.0172681982 0.001)
(0.0819448689 -0.01128959938 0.001)
(0.1029422589 -0.01300392195 0.001)
(0.09737671566 -0.02863246561 0.001)
(0.07684828093 -0.01855495434 0.001)
(0.07397437767 -0.01145957966 0.001)
(0.08970614169 -0.0163820322 0.001)
(0.1052709434 -0.02371143888 0.001)
(0.1105726235 -0.02130976641 0.001)
(0.0943670651 -0.01546823091 0.001)
(0.09923419073 -0.01433119306 0.001)
(0.07298009071 -0.04136497582 0.001)
(-0.009560845463 -0.02934546404 0.001)
(-0.1263504318 0.6518177066 0.001)
(-0.1855893624 0.5397139832 0.001)
(1.628524446 0.3210007143 0.001)
(-0.04909627881 0.03028192282 0.001)
(-0.01637359511 0.03142812882 0.001)
(0.03284491958 -0.02720378804 0.001)
(0.02458874186 -0.02803883168 0.001)
(0.02051724217 -0.03616005566 0.001)
(0.01643649889 -0.02735122363 0.001)
(0.01429720748 -0.008505284148 0.001)
(0.01209666724 -0.03587575497 0.001)
(0.02063027425 -0.02291644535 0.001)
(0.01187825598 -0.02291285263 0.001)
(0.01616974641 -0.0163476934 0.001)
(-0.05488817415 0.001780394898 0.001)
(0.3548368713 0.07150870554 0.001)
(-0.1195620925 -0.1025643473 0.001)
(-0.09508686354 -0.1422619587 0.001)
(0.06312043306 0.07471892111 0.001)
(1.010536709 0.3221200332 0.001)
(-0.05400812138 -0.1562979781 0.001)
(0.3340189835 0.1759512889 0.001)
(-0.06293165948 -0.01161695576 0.001)
(0.05636687892 -0.1389091871 0.001)
(-0.1412280518 -0.1375619384 0.001)
(-0.1182228617 -0.1800641444 0.001)
(0.01584509117 -0.04387321097 0.001)
(0.5151920203 0.6949433048 0.001)
(0.04450743423 0.05406159252 0.001)
(0.04377987012 0.003434996134 0.001)
(0.07272234699 0.05459884492 0.001)
(0.09819802044 -0.006497547659 0.001)
(0.05599571708 0.03443479978 0.001)
(0.06342897227 0.0002600778442 0.001)
(0.05941234666 0.001066014666 0.001)
(0.05229065231 -0.02424771471 0.001)
(0.2402000612 -0.07589478696 0.001)
(0.7530990369 -0.4057123528 0.001)
(0.8631338003 -0.5433704298 0.001)
(1.655171653 -0.1376296111 0.001)
(0.1381891559 -0.03229126623 0.001)
(0.1559599519 -0.02450508184 0.001)
(0.1476009733 -0.008710248345 0.001)
(0.1265520783 -0.01593987017 0.001)
(1.438146747 -0.6412582713 0.001)
(0.2965412234 -0.09581417128 0.001)
(0.1646533773 -0.004254791342 0.001)
(0.1848436065 -0.1647008019 0.001)
(-0.4528142943 -0.5422350772 0.001)
(-0.4960045551 -0.4104252994 0.001)
(-0.587321426 -0.5208271647 0.001)
(-0.6756303127 0.1680018187 0.001)
(-0.003780464427 -0.03848841531 0.001)
(-0.6712913951 -0.3892832136 0.001)
(-0.7349571617 -0.5057894977 0.001)
(-0.1326703994 0.4431926006 0.001)
(-0.2439505224 0.438279142 0.001)
(-0.3142192771 0.5344684873 0.001)
(-0.3701755947 0.4217184515 0.001)
(-0.447178565 0.5269691518 0.001)
(-0.5047927253 0.4026048413 0.001)
(-0.5889711429 0.5176284548 0.001)
(-0.5224801174 0.6744336026 0.001)
(0.02851779294 -0.02028111433 0.001)
(0.03508132716 -0.02140140049 0.001)
(-0.4224204504 0.3016730057 0.001)
(0.04945203573 0.7918061247 0.001)
(-0.02471685941 -0.001422396553 0.001)
(-0.03046845776 0.008452887684 0.001)
(-0.02066946325 0.006556009815 0.001)
(-0.01635871694 -0.003447038459 0.001)
(-0.02226901678 0.01481064865 0.001)
(-0.0132434986 0.01513741554 0.001)
(-0.01064407389 0.005830569114 0.001)
(1.642841325 -0.6035709181 0.001)
(-0.1629165335 -0.05587961444 0.001)
(0.06047552342 -0.05392665783 0.001)
(-0.03951937445 -0.525752844 0.001)
(0.03149554056 -0.6361251051 0.001)
(0.0895591339 -0.531072022 0.001)
(0.1557573529 -0.6234852463 0.001)
(0.2017170895 -0.5219493707 0.001)
(0.1084868129 -0.7421674603 0.001)
(-0.6614251883 0.4054181033 0.001)
(-0.7417547357 0.5073180473 0.001)
(-0.431537985 -0.3170659095 0.001)
(-0.1166219623 -0.8363916137 0.001)
(0.9166220528 -0.3871786245 0.001)
(1.093841327 0.837492837 0.001)
(0.9996379135 0.6770365444 0.001)
(0.008609303078 -0.02793311721 0.001)
(0.006021893326 -0.02108399043 0.001)
(0.009500529152 -0.01628349728 0.001)
(0.0007824548685 -0.0283004679 0.001)
(-0.006165318407 -0.01936243171 0.001)
(0.1787032008 -0.04173212825 0.001)
(-0.09221999502 0.0519824241 0.001)
(-0.1186305333 0.8530993947 0.001)
(0.08809560563 0.105945552 0.001)
(0.07976415965 0.1473340354 0.001)
(0.2717569757 0.6667671694 0.001)
(-0.4834369775 0.8446957021 0.001)
(0.280925344 -0.6052378032 0.001)
(1.089451472 -0.8365003319 0.001)
(0.9961701708 -0.6690237326 0.001)
(-0.8551594986 -0.1177564247 0.001)
(-0.0357673296 -0.4259751013 0.001)
(-0.5606955808 0.2772123342 0.001)
(0.3500310732 -0.1458320165 0.001)
(0.7204390672 -0.840544985 0.001)
(0.006479384445 -0.006431272903 0.001)
(0.006947602056 -0.008373571705 0.001)
(0.004952393749 -0.00772111331 0.001)
(0.008864228734 -0.008956927103 0.001)
(0.005526713715 -0.0097975809 0.001)
(0.003349078922 -0.009086449363 0.001)
(0.004090167174 -0.01177008703 0.001)
(0.001667749063 -0.0108429611 0.001)
(0.001107911081 -0.008317266032 0.001)
(-0.0008010195474 -0.01005194639 0.001)
(-0.00120708475 -0.007569509442 0.001)
(-0.002944121257 -0.008883157021 0.001)
(-0.003683319816 -0.006455092612 0.001)
(-0.006056131624 -0.00825887433 0.001)
(-0.006383711346 -0.005243254628 0.001)
(-0.004339702563 -0.003431029392 0.001)
(-0.006809094703 -0.002496546581 0.001)
(-0.004789552463 -0.0009535931744 0.001)
(-0.007122514461 -6.528688799e-06 0.001)
(-0.005252779598 0.001466122289 0.001)
(-0.00041719496 0.002928495947 0.001)
(-0.0003680272321 0.004695465215 0.001)
(0.001480955874 0.00552261284 0.001)
(-0.0002143275189 0.006673678975 0.001)
(0.001722200862 0.007570046447 0.001)
(-8.722568473e-05 0.008452554355 0.001)
(0.001977071365 0.009835594636 0.001)
(-0.002040729256 0.005830994136 0.001)
(0.004057015104 0.008108651537 0.001)
(0.004331923141 0.01088297686 0.001)
(0.001536269289 0.01271280232 0.001)
(0.006458357635 0.00921577536 0.001)
(0.00663800725 0.01212542012 0.001)
(0.00199033446 -0.0138977321 0.001)
(-0.0009972776068 -0.001829397833 0.001)
(0.005496108126 0.004814533369 0.001)
(-0.009364533244 -0.007355040599 0.001)
(-0.001926688015 0.001013594815 0.001)
(0.006590500692 -0.01197341445 0.001)
(-0.002031950395 -0.003528322139 0.001)
(-0.008669071712 -0.01131633587 0.001)
(0.005418776504 -0.01527488366 0.001)
(-0.009399257146 -0.001443212658 0.001)
(-0.008022754244 0.002998132573 0.001)
(-0.005324065772 0.004005321145 0.001)
(-0.00344812513 -0.01173992208 0.001)
(0.0006710317894 -0.00611828443 0.001)
(0.002767838626 -0.006908421919 0.001)
(0.003408249528 0.004548096276 0.001)
(0.001184451595 -0.01843456774 0.001)
(0.007413712073 0.005212144295 0.001)
(0.008132428673 0.007134465803 0.001)
(0.01028836767 0.007286813473 0.001)
(0.01358204802 0.005675326753 0.001)
(0.009051293715 0.008936615677 0.001)
(0.01111879325 0.009178991621 0.001)
(0.006043331841 0.006774749015 0.001)
(0.01245606328 0.007401291873 0.001)
(0.01346468487 0.009309747715 0.001)
(0.01189753401 0.0113509072 0.001)
(0.01443419436 0.01151963891 0.001)
(0.01291164788 0.01412292523 0.001)
(0.01591415351 0.009419851603 0.001)
(0.01705384941 0.01167491319 0.001)
(0.02561925709 0.005444667125 0.001)
(0.01844417923 0.009184252731 0.001)
(0.01966292642 0.01173734113 0.001)
(0.01818241945 0.01450895469 0.001)
(0.02105814741 0.009200110148 0.001)
(0.02234368708 0.01181718353 0.001)
(0.02366654836 0.009544799839 0.001)
(0.02521811627 0.01221271044 0.001)
(0.02365224412 0.01518128438 0.001)
(0.02013489305 0.01806489866 0.001)
(0.02644022964 0.009312257063 0.001)
(0.02782622507 0.01179418976 0.001)
(0.0297609885 0.005228907037 0.001)
(0.02941424562 0.009198674583 0.001)
(0.03080131822 0.01212209788 0.001)
(0.0321740966 0.009600591038 0.001)
(0.03370274275 0.01215989359 0.001)
(0.02256012287 0.00741854809 0.001)
(0.01685307123 0.007326372525 0.001)
(0.02789125164 0.00749301229 0.001)
(0.03093459308 0.007419610301 0.001)
(0.03330127171 0.007650098547 0.001)
(0.03753356397 0.004321341588 0.001)
(0.03464078916 0.009398388832 0.001)
(0.0355881583 0.007215744892 0.001)
(0.03696120641 0.008976140056 0.001)
(0.03783225415 0.006874264811 0.001)
(0.03920845895 0.008588135485 0.001)
(0.03830606057 0.01155404861 0.001)
(0.04007327942 0.006670922442 0.001)
(0.0414431654 0.008324443879 0.001)
(0.04230874299 0.006419732531 0.001)
(0.04366473765 0.008028887528 0.001)
(0.04778060518 0.002672281706 0.001)
(0.04274634165 0.01086193819 0.001)
(0.04453476917 0.006142037118 0.001)
(0.04590223815 0.00772804723 0.001)
(0.04085355348 0.004792798944 0.001)
(0.04677068448 0.005742952914 0.001)
(0.04814623612 0.007342245762 0.001)
(0.04712414866 0.01020086664 0.001)
(0.04900298826 0.005478503838 0.001)
(0.05036695065 0.007086045584 0.001)
(0.05122486336 0.005171825211 0.001)
(0.05258593193 0.00678992032 0.001)
(0.05163682584 0.009560683028 0.001)
(0.04981478375 0.003504612812 0.001)
(0.05343273718 0.004746796468 0.001)
(0.05480506496 0.006457129355 0.001)
(0.05566011805 0.004512288378 0.001)
(0.05702318507 0.006152598568 0.001)
(0.05621364112 0.008743555924 0.001)
(0.05787923136 0.004213421206 0.001)
(0.05924171605 0.005847435575 0.001)
(0.06007991486 0.003765200128 0.001)
(0.06146004716 0.005494317852 0.001)
(0.06071214906 0.00832964424 0.001)
(0.06231485299 0.003435077829 0.001)
(0.06370323436 0.005206628216 0.001)
(0.06700307931 -0.0001391717294 0.001)
(0.06458575911 0.003244655017 0.001)
(0.06594286279 0.004836201017 0.001)
(0.07875877374 -0.002377527965 0.001)
(0.07495165677 -0.001720951019 0.001)
(0.06541335311 0.008005744002 0.001)
(0.06683272709 0.002709787978 0.001)
(0.05646715952 0.002550776065 0.001)
(0.02460697214 0.007416126152 0.001)
(0.01464311244 0.00744958417 0.001)
(0.06544407827 0.001166029767 0.001)
(-0.003396568759 0.002618933929 0.001)
(0.3004057837 -0.4957155376 0.001)
(0.0103278414 -0.007565768117 0.001)
(0.01081283767 -0.009514860412 0.001)
(0.009105437745 -0.01093394364 0.001)
(0.01103842757 -0.01166655853 0.001)
(0.01280803817 -0.01011073108 0.001)
(0.01318045585 -0.01242650775 0.001)
(0.01486393145 -0.01075628666 0.001)
(0.01625239726 -0.00902338482 0.001)
(0.01685713114 -0.01114987452 0.001)
(0.01533308268 -0.01323361598 0.001)
(0.01786041295 -0.01352059877 0.001)
(0.01912360593 -0.01601359017 0.001)
(0.02048520371 -0.01298118562 0.001)
(0.02226315149 -0.01516641398 0.001)
(0.02315064535 -0.01280971849 0.001)
(0.02490772203 -0.01463151287 0.001)
(0.02395075771 -0.0170441348 0.001)
(0.02685035781 -0.01711589679 0.001)
(0.02741529061 -0.01367270941 0.001)
(0.02961459987 -0.01552564892 0.001)
(0.01339388474 -0.0154241094 0.001)
(0.03003771252 -0.01324856205 0.001)
(0.03177522242 -0.0149442318 0.001)
(0.03237834924 -0.01241552472 0.001)
(0.03403041146 -0.01390150677 0.001)
(0.03370006256 -0.01604673425 0.001)
(0.03583605918 -0.01509309899 0.001)
(0.03604495832 -0.01298941751 0.001)
(0.03785972438 -0.01403042564 0.001)
(0.03784215456 -0.01630182018 0.001)
(0.04016954593 -0.01478881266 0.001)
(0.04412786401 -0.01114550631 0.001)
(0.04000424809 -0.01776806431 0.001)
(0.04235817666 -0.01635129672 0.001)
(0.04265917889 -0.01399303193 0.001)
(0.04465923776 -0.0150238551 0.001)
(0.0448160022 -0.01759493515 0.001)
(0.04723259803 -0.01556256208 0.001)
(0.04740677831 -0.01884861759 0.001)
(0.04973228588 -0.01695456869 0.001)
(0.04961470006 -0.0143919437 0.001)
(0.05176951961 -0.01525828986 0.001)
(0.0523582215 -0.01789243396 0.001)
(0.05442383619 -0.01562358443 0.001)
(0.05538503926 -0.01900885353 0.001)
(0.05709403099 -0.01665696563 0.001)
(0.05116480384 -0.01302872208 0.001)
(0.0565366215 -0.0141561682 0.001)
(0.05877117922 -0.01479883599 0.001)
(0.05961468314 -0.01712419635 0.001)
(0.06404301649 -0.01156010404 0.001)
(0.06121002018 -0.01485271665 0.001)
(0.06213346074 -0.01734264866 0.001)
(0.06371269715 -0.01533003628 0.001)
(0.06469793266 -0.01776492279 0.001)
(0.06621542813 -0.01570265726 0.001)
(0.03797937331 -0.01203782138 0.001)
(0.04625476646 -0.01353382777 0.001)
(0.05827964218 -0.01283001459 0.001)
(0.05308623659 -0.01334681131 0.001)
(0.02873716456 -0.01167098956 0.001)
(0.02543081181 -0.01234652957 0.001)
(0.02387048973 -0.01079215595 0.001)
(0.02200093548 -0.01097091323 0.001)
(0.06529672644 -0.0135448563 0.001)
(0.06752490785 -0.01364991518 0.001)
(0.06857219078 -0.01577623562 0.001)
(0.06972208733 -0.0139379189 0.001)
(0.07080569014 -0.01572751945 0.001)
(0.07183737569 -0.01387955177 0.001)
(0.07299818731 -0.01570427024 0.001)
(0.06742913347 -0.01793800556 0.001)
(0.06571763532 -0.02120536789 0.001)
(0.07084949023 -0.01201027348 0.001)
(0.07408309383 -0.01371181073 0.001)
(0.07539151945 -0.01592365686 0.001)
(0.0764164894 -0.01396852302 0.001)
(0.07397973003 -0.01759879908 0.001)
(0.06295798188 -0.0132419936 0.001)
(0.05851888949 -0.01963269906 0.001)
(0.07794467716 -0.01598244231 0.001)
(0.07874984436 -0.01362981259 0.001)
(0.08024908583 -0.01550762928 0.001)
(0.08097610702 -0.01338555152 0.001)
(0.01228435574 -0.008041096853 0.001)
(0.02356565078 0.005599999515 0.001)
(0.0185313827 -0.009535643352 0.001)
(1.818938799 0.3129603291 0.001)
(0.004559631913 -0.005819891896 0.001)
(1.498100923 0.8310482541 0.001)
(1.401258488 0.6759224346 0.001)
(1.596315549 0.6698368101 0.001)
(1.830351888 -0.08198659635 0.001)
(0.08246334831 -0.01515150658 0.001)
(-0.09642656569 -0.2273393462 0.001)
(0.01151526557 0.005592275255 0.001)
(0.05631629212 -0.01177228316 0.001)
(0.08307849968 -0.01302901355 0.001)
(0.08455563633 -0.01475255659 0.001)
(0.08511671718 -0.01272554038 0.001)
(0.08645107923 -0.01427115631 0.001)
(1.505609703 -0.8212310742 0.001)
(0.01880211227 -0.01162425111 0.001)
(0.07996968727 -0.01163737898 0.001)
(-0.044612525 0.01289163788 0.001)
(-0.06105039935 0.01856486581 0.001)
(0.02771689405 0.005593982295 0.001)
(1.828370632 -0.5082917122 0.001)
(-0.5480246637 -0.2923611081 0.001)
(0.03151323164 0.005057572469 0.001)
(-0.01404141574 -0.009470864491 0.001)
(-0.01214117598 -0.0156213445 0.001)
(0.03542964197 0.004466026999 0.001)
(0.03558717826 -0.01767697874 0.001)
(0.03188524523 -0.01824645255 0.001)
(0.04215646829 -0.01097821436 0.001)
(0.04587060692 0.003116265815 0.001)
(0.04628493796 -0.01157964129 0.001)
(0.06148622319 0.0007123237014 0.001)
(0.09387324389 -0.01082995953 0.001)
(0.09293444867 -0.01253455341 0.001)
(0.09094284118 -0.01266271863 0.001)
(0.09202059325 -0.014610797 0.001)
(0.09494259118 -0.01239384624 0.001)
(0.09686548109 -0.01232325084 0.001)
(0.09808388957 -0.01065548044 0.001)
(0.1001751878 -0.009953111394 0.001)
(0.09976272656 -0.01198861284 0.001)
(0.1015966929 -0.01135204174 0.001)
(0.06605564336 -0.01149157052 0.001)
(0.06899648442 -0.0005027408448 0.001)
(0.07030028906 0.001012312343 0.001)
(0.07226403747 0.0006375658516 0.001)
(0.07160683546 0.002526287963 0.001)
(0.07371368753 0.002155597673 0.001)
(0.07310306721 0.004011224416 0.001)
(0.07531247308 0.003852410126 0.001)
(0.07443275002 0.006678790483 0.001)
(0.06833905597 0.004583141541 0.001)
(0.07598543488 0.00151193819 0.001)
(0.06831918641 0.001334763934 0.001)
(0.08848912884 -0.004367759487 0.001)
(0.08785067176 -0.002464068904 0.001)
(0.07769356942 0.003346299859 0.001)
(0.09237683643 -0.005204036686 0.001)
(0.08264976299 -0.003195515367 0.001)
(0.08983017613 -0.002888054989 0.001)
(0.08921307785 -0.0009745675481 0.001)
(0.08709901541 -0.0005120727976 0.001)
(0.08826711702 0.0008806524659 0.001)
(0.07840172799 0.001080101388 0.001)
(0.08018520556 0.002911812635 0.001)
(0.07926906521 0.005287891254 0.001)
(0.08632826483 0.001648343598 0.001)
(0.08834495364 0.00321208796 0.001)
(0.08072849603 0.0003904929147 0.001)
(0.08508625804 -0.0001269834537 0.001)
(0.0826706651 0.002472593693 0.001)
(0.07690179767 -0.0005920656014 0.001)
(0.08585122502 -0.002086495226 0.001)
(0.09431774218 -0.005628744661 0.001)
(0.09372157576 -0.003732668478 0.001)
(0.09116380468 -0.001461631498 0.001)
(0.09625823801 -0.006059654897 0.001)
(0.09760895674 -0.004595731699 0.001)
(0.09955560703 -0.005036044871 0.001)
(0.1021097134 -0.009305175414 0.001)
(0.1035093635 -0.01081016795 0.001)
(0.1038278665 -0.008721571343 0.001)
(0.1052851981 -0.01245557585 0.001)
(0.1083269514 -0.0133660993 0.001)
(0.1072828599 -0.009882870303 0.001)
(0.1108083178 -0.01061274251 0.001)
(0.1095425506 -0.00723888529 0.001)
(0.1120276259 -0.01379326202 0.001)
(0.1152952622 -0.01080558869 0.001)
(0.1169915953 -0.01664017757 0.001)
(0.1169935051 -0.02677426683 0.001)
(0.1066178508 -0.006711322689 0.001)
(0.1081330715 -0.004123751128 0.001)
(0.1118237183 -0.004184468328 0.001)
(0.1039976387 -0.006436383164 0.001)
(0.09043513496 -0.004784220478 0.001)
(0.07611215817 -0.01129247984 0.001)
(0.08078803001 -0.002840589232 0.001)
(0.08202389541 -0.001265261057 0.001)
(0.03017201294 0.4521405094 0.001)
(0.08988563805 -0.01097182581 0.001)
(0.07292582503 -0.001259688545 0.001)
(1.044264766 0.4951778574 0.001)
(-0.4587727647 -0.1988957424 0.001)
(0.050264201 -0.02024560806 0.001)
(0.03942947503 -0.01287652555 0.001)
(0.1001973996 -0.00684990351 0.001)
(0.1015038454 -0.005485009712 0.001)
(0.1009289785 -0.003546123953 0.001)
(0.1030082042 -0.004043045062 0.001)
(0.102121995 -0.001578440806 0.001)
(0.1021466695 -0.007466910522 0.001)
(0.09566376963 -0.004160719721 0.001)
(0.09502336498 -0.002204483605 0.001)
(0.7224968525 0.8397834831 0.001)
(0.09177668106 -0.003317924786 0.001)
(0.6719373607 0.08526151083 0.001)
(0.03620553156 -0.01081507701 0.001)
(0.0889626757 -0.0126292985 0.001)
(0.07420523934 0.000252398412 0.001)
(1.593382127 -0.3092261408 0.001)
(0.09896820987 -0.003124738441 0.001)
(0.08458062188 -0.003599709778 0.001)
(0.8055618341 -0.6920898036 0.001)
(0.00307415816 0.006382466165 0.001)
(-0.2722651869 0.670960704 0.001)
(0.09700958351 -0.00267289457 0.001)
(0.0961083725 -0.0008460957988 0.001)
(0.09420400135 1.924216716e-06 0.001)
(0.09643429124 0.001863640117 0.001)
(0.05027997803 -0.01126470449 0.001)
(0.06955321957 0.002896805503 0.001)
(0.07050152713 0.005059099213 0.001)
(0.07127277148 0.008928471582 0.001)
(0.07434216646 0.01077588322 0.001)
(0.06210213626 -0.0114327245 0.001)
(-0.003052741838 -0.001890585327 0.001)
(0.04243465984 -0.01942649082 0.001)
(0.0393304563 -0.0211545518 0.001)
(0.08619839392 -0.01612945409 0.001)
(0.002303575574 -0.004851726512 0.001)
(0.1091751431 -0.02914222826 0.001)
(0.1032305048 -0.03453036874 0.001)
(0.5357001296 0.1192925402 0.001)
(0.007406896588 -0.01000708756 0.001)
(-0.5487045834 -0.6659147293 0.001)
(0.0572496478 -0.0230777571 0.001)
(0.02165146991 0.005620067986 0.001)
(0.969993652 0.1682610341 0.001)
(0.8418722196 0.277878248 0.001)
(1.396771532 0.1287603768 0.001)
(0.6896479199 0.3089375596 0.001)
(0.09311416347 -0.001834944833 0.001)
(0.08610542241 0.3504498124 0.001)
(0.01977589769 0.00777982478 0.001)
(0.03199945288 -0.01044231896 0.001)
(0.1053951046 -0.004198679609 0.001)
(0.1065696063 -0.001370160539 0.001)
(0.1039192473 0.001273091096 0.001)
(0.1077613609 0.002433997719 0.001)
(0.1000012493 0.000565886253 0.001)
(0.1001683629 0.005427928042 0.001)
(0.01098559151 -0.189373954 0.001)
(1.128339613 -0.2147643271 0.001)
(0.1009503267 -0.01313997103 0.001)
(1.833500347 -0.6919212018 0.001)
(1.816865733 0.6830309717 0.001)
(0.8095517065 0.6850770348 0.001)
(-0.8430279615 -0.7074662448 0.001)
(-0.8416426771 0.7119338893 0.001)
(0.08397037682 -0.01115844803 0.001)
(0.01763873051 0.005602646303 0.001)
(0.05110972593 0.002159773393 0.001)
(0.8368923171 -0.2512334664 0.001)
(1.068236547 -0.3746603055 0.001)
(0.05215090693 -0.01134725239 0.001)
(0.05748396563 -0.1817854923 0.001)
(0.08575714454 -0.1556077999 0.001)
(-0.3533551105 0.1163235583 0.001)
(0.4419659225 0.5687729325 0.001)
(0.08977912447 0.06619856939 0.001)
(0.09704691281 0.0489245935 0.001)
(0.08051744645 0.03230388648 0.001)
(1.276615512 -0.649202805 0.001)
(0.2062092494 -0.1207101477 0.001)
(0.4627832319 0.8482820303 0.001)
(-0.2941863321 0.3375890805 0.001)
(0.009537029267 0.01304236487 0.001)
(0.01042500817 0.01690697499 0.001)
(0.08591430354 -0.01096591874 0.001)
(0.6461339158 -0.6964360005 0.001)
(0.01565537362 0.005680683857 0.001)
(0.3177878118 0.552352338 0.001)
(0.05994144491 -0.01334196391 0.001)
(-0.07125729974 0.1244287272 0.001)
(-0.1122344771 0.1084944937 0.001)
(0.1240361715 -0.0370484551 0.001)
(-0.5467549709 0.1545078958 0.001)
(-0.2741553682 -0.3537854216 0.001)
(-0.0505286196 -0.09722253123 0.001)
(0.08386543997 -0.001655248893 0.001)
(0.008884074456 -0.01331457305 0.001)
(0.1469417612 0.008050821914 0.001)
(0.1292685971 0.006771120207 0.001)
(0.1343576697 0.02107818302 0.001)
(0.118450008 0.01643186243 0.001)
(0.1201051863 0.0310157083 0.001)
(0.1179568735 0.005234870679 0.001)
(0.1224457691 -0.001683663652 0.001)
(0.1077339003 0.02704306404 0.001)
(0.1056969787 0.01613215664 0.001)
(0.09668665074 0.02167090902 0.001)
(0.0975784496 0.01242820467 0.001)
(0.08977745712 0.0158394922 0.001)
(0.09116341397 0.009195421359 0.001)
(0.08505789728 0.009892636864 0.001)
(0.08156934998 0.01665151679 0.001)
(0.362801735 -0.7130218924 0.001)
(0.1975038867 -0.359215565 0.001)
(1.564448706 0.1646147817 0.001)
(0.1414849859 -0.4332603251 0.001)
(1.000683311 -0.507896416 0.001)
(0.0474383761 -0.02251485329 0.001)
(0.07906967839 -0.0005611753899 0.001)
(-0.7034844424 0.6316953577 0.001)
(0.04463055767 -0.01303379056 0.001)
(1.191002599 0.7033042562 0.001)
(0.1717165389 0.01636594212 0.001)
(-0.003470190362 -0.7481139204 0.001)
(-0.01770629508 -0.1057476489 0.001)
(-0.001387063155 -0.00540790734 0.001)
(-0.2141765202 -0.05835562343 0.001)
(0.07671454709 -0.002409604942 0.001)
(-0.3855893912 0.6361929884 0.001)
(-0.003563622326 0.0003748750254 0.001)
(0.3736412523 -0.02143970248 0.001)
(0.01896557526 -0.3823333213 0.001)
(0.00988503397 0.01085021974 0.001)
(1.682105856 0.04154292703 0.001)
(-0.2129684485 0.2940244424 0.001)
(-0.49042359 -0.1044415365 0.001)
(-0.2940271993 0.1743850935 0.001)
(0.578026621 -0.2644574463 0.001)
(0.03916337344 0.003897358843 0.001)
(-0.06467249505 -0.1251563709 0.001)
(0.2314486151 -0.7305208655 0.001)
(-0.1763349188 0.3711919608 0.001)
(0.1304298496 -0.2132088469 0.001)
(0.4510075816 -0.8550807052 0.001)
(0.01119947435 -0.0138230492 0.001)
(0.02240037171 -0.009295322796 0.001)
(0.08644994517 -0.03421351513 0.001)
(0.3405881914 -0.3541192242 0.001)
(0.02634070016 0.007043189289 0.001)
(-0.02138895834 -0.008551294715 0.001)
(-0.001690018254 0.007666481848 0.001)
(-0.001872250222 0.01029595675 0.001)
(-0.002221844664 0.01418664723 0.001)
(0.002370999466 0.01701594017 0.001)
(-0.0031026494 0.01972913551 0.001)
(0.002450047881 0.0239317892 0.001)
(-0.004053567605 0.006990288536 0.001)
(-0.005071162471 0.01036941197 0.001)
(-0.005201791478 0.02768865372 0.001)
(0.00237494135 0.03364285724 0.001)
(0.01003399242 0.02730129433 0.001)
(-0.007039632532 0.01506985756 0.001)
(-0.006062029169 0.03819186911 0.001)
(0.0112921381 0.03874885102 0.001)
(0.02077719441 0.03149746255 0.001)
(-0.009994083209 0.02173323543 0.001)
(0.02126551156 0.04475963905 0.001)
(0.03275822685 0.0402344176 0.001)
(0.03171134859 0.025440639 0.001)
(0.0320360398 0.01563319254 0.001)
(0.03630450386 0.01493572614 0.001)
(0.04103987112 0.01425953816 0.001)
(0.03935156265 0.01955128309 0.001)
(0.04575351545 0.01797781299 0.001)
(0.04226094457 0.02489981375 0.001)
(0.02579085712 0.01948962283 0.001)
(0.05031501956 0.02437202021 0.001)
(0.05257459682 0.01732383677 0.001)
(0.05752465268 0.02250277901 0.001)
(0.07143537189 0.01397610038 0.001)
(0.05848979288 0.01570682816 0.001)
(0.06376278445 0.01908536778 0.001)
(0.06339218296 0.02721280244 0.001)
(0.07255833724 0.0224994773 0.001)
(0.06310767524 0.01188311154 0.001)
(0.0220151801 0.02365068256 0.001)
(0.06786041392 0.01087383367 0.001)
(0.04513373059 0.01272277918 0.001)
(0.01562344439 0.02223314281 0.001)
(0.02673392137 0.05789786471 0.001)
(0.08588453474 0.02449554935 0.001)
(0.08999154071 -0.01434617775 0.001)
(0.08822168184 -0.01435535404 0.001)
(0.2312263597 -0.432826745 0.001)
(1.682038793 0.5011088961 0.001)
(0.06822166407 0.007047748504 0.001)
(0.09827928138 -0.001139236495 0.001)
(0.1000599428 -0.001764530689 0.001)
(-0.00800903786 -0.05247206037 0.001)
(0.06960389415 0.03751876823 0.001)
(0.06970277498 -0.01760899579 0.001)
(0.09513776297 0.006296770913 0.001)
(0.09250421684 0.003198892309 0.001)
(-0.01647321212 -0.0217322319 0.001)
(0.2532713652 0.1738840584 0.001)
(0.02806348267 -0.01007274024 0.001)
(0.08702078263 -0.01257964958 0.001)
(0.09252353874 -0.01720824698 0.001)
(0.09032918275 0.00076575124 0.001)
(0.04943448671 0.01277919901 0.001)
(0.1764610511 0.04190849684 0.001)
(0.149956494 0.06216438347 0.001)
(0.149852928 0.0931031653 0.001)
(-0.001974248383 0.003904849786 0.001)
(-0.6649324297 -0.2641348717 0.001)
(0.1089941438 0.04142445884 0.001)
(0.05444668576 0.01193208606 0.001)
(0.05874788567 0.01088671009 0.001)
(-0.09531756929 0.3628727119 0.001)
(0.03388847624 0.01916459428 0.001)
(0.05481074546 0.001660727618 0.001)
(0.1356200069 -0.3578093401 0.001)
(0.07952647849 -0.01863288782 0.001)
(0.04551382086 -0.4469751119 0.001)
(-0.1343472281 -0.07295341364 0.001)
(0.5733564333 0.01975136391 0.001)
(0.04122150082 -0.01257562187 0.001)
(0.0822194508 -0.01824822492 0.001)
(0.09577342443 -0.01399295466 0.001)
(-0.3206543911 -0.2105581301 0.001)
(0.0007204155453 0.04668517028 0.001)
(0.07255043065 -0.01237359421 0.001)
(-0.1036087079 0.1585206068 0.001)
(-0.003357835955 0.004670077506 0.001)
(-0.006974563568 0.006568862914 0.001)
(-0.01181252419 0.001790386681 0.001)
(-0.03384542867 0.02147144309 0.001)
(0.09433027323 -0.03639522834 0.001)
(0.1006440719 -0.04554307326 0.001)
(0.03879349669 -0.02646670446 0.001)
(0.1746690336 -0.2018246457 0.001)
(0.05489552993 -0.01330286581 0.001)
(-0.8614020863 0.1599413717 0.001)
(-0.4066313299 -0.1029869625 0.001)
(0.1101388383 -0.0007255518791 0.001)
(0.1147701302 -0.0003720619437 0.001)
(0.02025554123 -0.01095452873 0.001)
(0.7300502154 0.1995328438 0.001)
(0.006402952845 0.02020188088 0.001)
(0.006815937691 0.01545940597 0.001)
(0.04811864525 -0.01300470127 0.001)
(-0.3604689994 0.2259549141 0.001)
(0.02789911415 0.01503808704 0.001)
(0.005641407141 -0.04596845941 0.001)
(-0.05916303577 -0.02554886764 0.001)
(0.07590980461 0.01521047787 0.001)
(0.05669293286 -0.8721144042 0.001)
(-0.005528767118 -0.2200245629 0.001)
(0.1036261885 0.009649544929 0.001)
(0.1099285139 0.008826028124 0.001)
(0.03598306055 0.01140483944 0.001)
(0.1095200878 -0.01706964688 0.001)
(0.0148705748 0.01718753971 0.001)
(0.04726071624 -0.112939977 0.001)
(0.05815606075 -0.01110721328 0.001)
(0.3675021012 0.2567119509 0.001)
(0.0717879113 -0.01767505691 0.001)
(0.02433377084 -0.02113502412 0.001)
(-0.1640036603 -0.1742778226 0.001)
(-0.01200606029 -0.004300090927 0.001)
(0.05393762992 0.008696674938 0.001)
(0.04054877954 0.01071762086 0.001)
(0.05839168153 0.007841148763 0.001)
(-0.07645623285 0.001582774547 0.001)
(-0.07077031685 0.03726812251 0.001)
(0.05772661028 0.001212234472 0.001)
(0.1164858731 -0.005945386681 0.001)
(0.1218990972 -0.009428986515 0.001)
(-0.003119242694 -0.004758768598 0.001)
(0.09136576989 -0.02979327991 0.001)
(0.0293827818 0.006816959768 0.001)
(0.9086286225 0.4090092674 0.001)
(0.09042252862 -0.01911739184 0.001)
(0.04377786906 0.1433219016 0.001)
(0.0796413191 -0.03569120813 0.001)
(0.09709073341 -0.01574124126 0.001)
(0.0211454333 -0.01877293419 0.001)
(0.06420538114 -0.04482613531 0.001)
(0.1880045318 -0.000735016151 0.001)
(-0.8619655892 -0.4390826127 0.001)
(0.02461931662 -0.04642614329 0.001)
(0.01548957417 -0.0567730199 0.001)
(0.07305154825 -0.02039864686 0.001)
(0.07090603549 -0.0241892214 0.001)
(0.05875932831 0.04758013317 0.001)
(-0.1400317741 -0.2145943278 0.001)
(0.06287929179 0.007783889169 0.001)
(-0.7298901804 -0.1713051621 0.001)
(0.04309344555 -0.01238502257 0.001)
(0.03122646454 -0.02242939254 0.001)
(0.1051243178 -0.01007717737 0.001)
(0.09747770891 -0.01380033469 0.001)
(-0.002145439938 -0.01510484622 0.001)
(0.1006820431 -0.008394158428 0.001)
(0.1989330896 -0.06957833144 0.001)
(-0.01745853697 0.02163665017 0.001)
(0.04491423934 0.009908503753 0.001)
(0.0493417296 0.009393808005 0.001)
(0.03656180301 0.005832717579 0.001)
(0.09374303689 0.03298138393 0.001)
(0.03878314536 0.005531881556 0.001)
(0.04588812836 0.03098734921 0.001)
(0.108399157 0.05711271597 0.001)
(0.05430972255 0.003256192037 0.001)
(0.0587922395 0.002688255484 0.001)
(0.06321727391 0.002052614695 0.001)
(1.713311181 0.1976276197 0.001)
(-0.8564168723 0.4368028469 0.001)
(-0.8523466679 -0.8543075833 0.001)
(-0.8523466679 0.8543075833 0.001)
(-0.001908065957 -0.0004663026638 0.001)
(0.1010157408 -0.02478458313 0.001)
(0.03911086304 0.03228269282 0.001)
(1.151695634 -0.6988124132 0.001)
(0.1094362775 -0.1838603234 0.001)
(0.1331041275 -0.005743333027 0.001)
(0.04524586884 0.03990761572 0.001)
(0.07701669147 0.005679494628 0.001)
(0.07866463894 0.009169726652 0.001)
(-0.07717241514 -0.0244992591 0.001)
(-0.01760046812 0.001747559814 0.001)
(0.02701811757 -0.01155088348 0.001)
(-0.0133114892 0.04781820043 0.001)
(-0.002858020406 0.06169242208 0.001)
(0.08448546842 0.00174348229 0.001)
(0.08534127762 0.004380986089 0.001)
(0.08223155341 0.005333993524 0.001)
(0.08310265792 0.0002834532318 0.001)
(0.08788139833 0.00690175045 0.001)
(0.06097600898 0.002388810947 0.001)
(0.3814126167 0.7124236063 0.001)
(0.03447984216 -0.01225788001 0.001)
(0.03430944924 0.006170589978 0.001)
(1.853589838 0.8535898385 0.001)
(1.853589838 -0.8535898385 0.001)
(0.0608925957 -0.01910663829 0.001)
(0.1095239817 -0.1063693079 0.001)
(0.08934121271 -0.126686312 0.001)
(0.0649993289 -0.0003185348158 0.001)
(0.03819466741 -0.0104345606 0.001)
(-0.02456933748 0.02525889352 0.001)
(-0.03121380256 0.03731773906 0.001)
(0.01253437452 0.07160887791 0.001)
(1.681683996 -0.44773025 0.001)
(0.0243439557 -0.009284937824 0.001)
(-0.07681358902 -0.1896302231 0.001)
(0.004461828408 -0.03432849814 0.001)
(0.4221218183 0.1493923898 0.001)
(0.5912787324 0.8024314465 0.001)
(-0.009370264833 0.01005230969 0.001)
(0.0208901138 0.014037022 0.001)
(0.0184961796 0.007060110491 0.001)
(0.6407224289 -0.351685253 0.001)
(0.1711135331 -0.06617596681 0.001)
(0.07730208535 -0.01273771365 0.001)
(0.06949729198 -0.01114814554 0.001)
(-0.0289352801 -0.190723201 0.001)
(0.1277342323 0.04769100208 0.001)
(0.07540878241 -0.0126691556 0.001)
(0.07372857963 -0.0537411331 0.001)
(0.04788263866 -0.02677897351 0.001)
(-0.008792531346 -0.004167629079 0.001)
(0.03252306142 0.006270032796 0.001)
(0.1121082443 0.003369975111 0.001)
(-0.0005473002183 -0.01232748158 0.001)
(0.09400762453 -0.01380007644 0.001)
(0.180029925 -0.01923712468 0.001)
(0.1014135182 -0.01483322504 0.001)
(0.04206020373 0.003530676001 0.001)
(0.05217523074 0.003560428375 0.001)
(0.04453251084 -0.03067123448 0.001)
(-0.8446532644 0.01052183466 0.001)
(0.01549053718 0.01380279435 0.001)
(0.1128596689 -0.007821243055 0.001)
(-0.01489979776 0.009435490361 0.001)
(0.3232462617 -0.04393277973 0.001)
(0.07783368694 -0.02228564287 0.001)
(0.08511134992 -0.02061564595 0.001)
(0.2522171472 -0.129868663 0.001)
(0.5839380642 -0.820451286 0.001)
(0.1866856537 0.7662684067 0.001)
(-0.1978277471 0.7522253827 0.001)
(0.09828479937 -0.01261977437 0.001)
(0.3797948107 -0.4427010943 0.001)
(0.01677619712 -0.02039705785 0.001)
(0.09538565469 -0.01814437696 0.001)
(0.06292121885 -0.01944009655 0.001)
(0.1799673586 -0.8398081589 0.001)
(0.08992421217 -0.0571646117 0.001)
(0.087555169 -0.01819289635 0.001)
(-0.7087609099 -0.6299508704 0.001)
(0.1042028315 -0.001983446984 0.001)
(-0.04786270108 0.4274515445 0.001)
(-0.006350502194 -0.01465545399 0.001)
(-0.009267527422 0.0009656979992 0.001)
(0.004338627368 0.01363930909 0.001)
(0.3551230222 -0.08426017468 0.001)
(0.0451460587 -0.02048162255 0.001)
(0.03026516718 0.01895322714 0.001)
(0.1047586374 0.005433407171 0.001)
(0.1035917745 -0.02839620593 0.001)
(0.004497657375 0.00613633483 0.001)
(-0.01512526544 0.005072003157 0.001)
(0.01125493137 0.02071337655 0.001)
(0.1263451693 -0.02457640913 0.001)
(0.06244319476 -0.0263141661 0.001)
(0.03064674241 -0.01159000693 0.001)
(0.07227224441 -0.01105693496 0.001)
(0.2834707685 0.05535950841 0.001)
(-0.178926895 -0.1376054301 0.001)
(0.05525129187 -0.04669580242 0.001)
(0.04958360129 -0.01271267328 0.001)
(-0.154739542 0.09621206728 0.001)
(0.04322998594 0.004992903263 0.001)
(0.05350955237 -0.02089447347 0.001)
(0.08035486666 -0.001323973729 0.001)
(0.02101630803 0.007000907063 0.001)
(0.2301087377 -0.1879891622 0.001)
(0.153835262 0.8776511752 0.001)
(-0.3459831636 -0.3263654195 0.001)
(1.106829025 0.6037211466 0.001)
(0.01229008445 -0.0187415335 0.001)
(0.09972292794 -0.01665444841 0.001)
(0.03756907287 -0.0188605631 0.001)
(-0.4801829035 0.2246542104 0.001)
(-0.004381494105 -0.004972036307 0.001)
(0.04547227792 0.004812205399 0.001)
(0.09226307382 0.000133998287 0.001)
(-0.1533936944 -0.100237193 0.001)
(-0.3754177186 -0.2469658152 0.001)
(-0.8286597455 0.5775500282 0.001)
(0.04767360094 0.004411932416 0.001)
(0.08786019072 -0.01617712418 0.001)
(0.08328189999 0.04400143349 0.001)
(0.1376905875 -0.01880907379 0.001)
(0.06911334256 -0.01243963572 0.001)
(0.01083463835 0.0918559314 0.001)
(-0.007639064118 0.1113365537 0.001)
(0.008016011189 0.01050125857 0.001)
(0.1161520372 -0.05083188276 0.001)
(-0.7506279309 0.2908250408 0.001)
(0.02815968076 -0.02415950932 0.001)
(0.06689328134 0.001269455643 0.001)
(1.326599712 0.5537903511 0.001)
(-0.001685035708 -0.02312204277 0.001)
(0.1037670399 -0.01506533191 0.001)
(0.02921699896 -0.01779227815 0.001)
(0.0586458169 0.1790633238 0.001)
(-0.8297423245 -0.5764578451 0.001)
(-0.3944812395 0.7428094822 0.001)
(-0.001933960776 0.00244328141 0.001)
(0.06715163717 0.01504487745 0.001)
(-0.1058032488 0.07830449596 0.001)
(0.1053701068 -0.008365864974 0.001)
(0.08787967038 -0.1011475165 0.001)
(0.3024505069 -0.4192938325 0.001)
(0.06134835077 -0.01276944706 0.001)
(-0.02681366698 -0.02113355197 0.001)
(0.04929079768 0.002073673528 0.001)
(-0.0006368352944 0.001592101693 0.001)
(-0.07700831026 0.7418994335 0.001)
(-0.10391975 0.008386633655 0.001)
)


// ************************************************************************* //
