/*--------------------------------*- C++ -*----------------------------------*\
| =========                 |                                                 |
| \\      /  F ield         | OpenFOAM: The Open Source CFD Toolbox           |
|  \\    /   O peration     | Version:  2412                                  |
|   \\  /    A nd           | Website:  www.openfoam.com                      |
|    \\/     M anipulation  |                                                 |
\*---------------------------------------------------------------------------*/
FoamFile
{
    version     2.0;
    format      ascii;
    arch        "LSB;label=32;scalar=64";
    class       vectorField;
    location    "constant/polyMesh";
    object      points;
}
// * * * * * * * * * * * * * * * * * * * * * * * * * * * * * * * * * * * * * //


2264
(
(0 0 0)
(1 0 0)
(1 0.05 0)
(0 0.05 0)
(0 0 0.001)
(1 0 0.001)
(1 0.05 0.001)
(0 0.05 0.001)
(0.005931474765 0 0)
(0.01426689652 0 0)
(0.02595735389 0 0)
(0.0378235474 0 0)
(0.04631506183 0 0)
(0.05235761138 0 0)
(0.05818514511 0 0)
(0.06636742477 0 0)
(0.07786972325 0 0)
(0.08994791598 0 0)
(0.09858573882 0 0)
(0.1047324011 0 0)
(0.110474911 0 0)
(0.1185186766 0 0)
(0.1298339309 0 0)
(0.1420644455 0 0)
(0.1508507965 0 0)
(0.157103151 0 0)
(0.1627709419 0 0)
(0.1706787327 0 0)
(0.1818369787 0 0)
(0.1941432203 0 0)
(0.2030889864 0 0)
(0.2094547806 0 0)
(0.2150547254 0 0)
(0.2228215193 0 0)
(0.2337387471 0 0)
(0.2461829629 0 0)
(0.2552994036 0 0)
(0.2617866498 0 0)
(0.2673275111 0 0)
(0.2749489405 0 0)
(0.2856685256 0 0)
(0.2982755925 0 0)
(0.3075474542 0 0)
(0.3141452975 0 0)
(0.3196437799 0 0)
(0.3271373701 0 0)
(0.3377161286 0 0)
(0.3502886172 0 0)
(0.3597388897 0 0)
(0.3664636898 0 0)
(0.3719263739 0 0)
(0.3792785215 0 0)
(0.3896107748 0 0)
(0.4023504401 0 0)
(0.4119650276 0 0)
(0.4188067536 0 0)
(0.4242479213 0 0)
(0.4314744349 0 0)
(0.4416350955 0 0)
(0.4543392047 0 0)
(0.4641392087 0 0)
(0.471112877 0 0)
(0.4765422694 0 0)
(0.4836321255 0 0)
(0.4935954063 0 0)
(0.5064045937 0 0)
(0.5163678745 0 0)
(0.5234577306 0 0)
(0.528887123 0 0)
(0.5358607913 0 0)
(0.5456607953 0 0)
(0.5583649045 0 0)
(0.5685255651 0 0)
(0.5757520787 0 0)
(0.5811932464 0 0)
(0.5880349724 0 0)
(0.5976495599 0 0)
(0.6103892252 0 0)
(0.6207214785 0 0)
(0.6280736261 0 0)
(0.6335363102 0 0)
(0.6402611103 0 0)
(0.6497113828 0 0)
(0.6622838714 0 0)
(0.6728626299 0 0)
(0.6803562201 0 0)
(0.6858547025 0 0)
(0.6924525458 0 0)
(0.7017244075 0 0)
(0.7143314744 0 0)
(0.7250510595 0 0)
(0.7326724889 0 0)
(0.7382133502 0 0)
(0.7447005964 0 0)
(0.7538170371 0 0)
(0.7662612529 0 0)
(0.7771784807 0 0)
(0.7849452746 0 0)
(0.7905452194 0 0)
(0.7969110136 0 0)
(0.8058567797 0 0)
(0.8181630213 0 0)
(0.8293212673 0 0)
(0.8372290581 0 0)
(0.842896849 0 0)
(0.8491492035 0 0)
(0.8579355545 0 0)
(0.8701660691 0 0)
(0.8814813234 0 0)
(0.889525089 0 0)
(0.8952675989 0 0)
(0.9014142612 0 0)
(0.910052084 0 0)
(0.9221302768 0 0)
(0.9336325752 0 0)
(0.9418148549 0 0)
(0.9476423886 0 0)
(0.9536849382 0 0)
(0.9621764526 0 0)
(0.9740426461 0 0)
(0.9857331035 0 0)
(0.9940685252 0 0)
(1 0.005764631755 0)
(1 0.01379987495 0)
(1 0.025 0)
(1 0.03620012505 0)
(1 0.04423536824 0)
(0.9940685252 0.05 0)
(0.9857331035 0.05 0)
(0.9740426461 0.05 0)
(0.9621764526 0.05 0)
(0.9536849382 0.05 0)
(0.9476423886 0.05 0)
(0.9418148549 0.05 0)
(0.9336325752 0.05 0)
(0.9221302768 0.05 0)
(0.910052084 0.05 0)
(0.9014142612 0.05 0)
(0.8952675989 0.05 0)
(0.889525089 0.05 0)
(0.8814813234 0.05 0)
(0.8701660691 0.05 0)
(0.8579355545 0.05 0)
(0.8491492035 0.05 0)
(0.842896849 0.05 0)
(0.8372290581 0.05 0)
(0.8293212673 0.05 0)
(0.8181630213 0.05 0)
(0.8058567797 0.05 0)
(0.7969110136 0.05 0)
(0.7905452194 0.05 0)
(0.7849452746 0.05 0)
(0.7771784807 0.05 0)
(0.7662612529 0.05 0)
(0.7538170371 0.05 0)
(0.7447005964 0.05 0)
(0.7382133502 0.05 0)
(0.7326724889 0.05 0)
(0.7250510595 0.05 0)
(0.7143314744 0.05 0)
(0.7017244075 0.05 0)
(0.6924525458 0.05 0)
(0.6858547025 0.05 0)
(0.6803562201 0.05 0)
(0.6728626299 0.05 0)
(0.6622838714 0.05 0)
(0.6497113828 0.05 0)
(0.6402611103 0.05 0)
(0.6335363102 0.05 0)
(0.6280736261 0.05 0)
(0.6207214785 0.05 0)
(0.6103892252 0.05 0)
(0.5976495599 0.05 0)
(0.5880349724 0.05 0)
(0.5811932464 0.05 0)
(0.5757520787 0.05 0)
(0.5685255651 0.05 0)
(0.5583649045 0.05 0)
(0.5456607953 0.05 0)
(0.5358607913 0.05 0)
(0.528887123 0.05 0)
(0.5234577306 0.05 0)
(0.5163678745 0.05 0)
(0.5064045937 0.05 0)
(0.4935954063 0.05 0)
(0.4836321255 0.05 0)
(0.4765422694 0.05 0)
(0.471112877 0.05 0)
(0.4641392087 0.05 0)
(0.4543392047 0.05 0)
(0.4416350955 0.05 0)
(0.4314744349 0.05 0)
(0.4242479213 0.05 0)
(0.4188067536 0.05 0)
(0.4119650276 0.05 0)
(0.4023504401 0.05 0)
(0.3896107748 0.05 0)
(0.3792785215 0.05 0)
(0.3719263739 0.05 0)
(0.3664636898 0.05 0)
(0.3597388897 0.05 0)
(0.3502886172 0.05 0)
(0.3377161286 0.05 0)
(0.3271373701 0.05 0)
(0.3196437799 0.05 0)
(0.3141452975 0.05 0)
(0.3075474542 0.05 0)
(0.2982755925 0.05 0)
(0.2856685256 0.05 0)
(0.2749489405 0.05 0)
(0.2673275111 0.05 0)
(0.2617866498 0.05 0)
(0.2552994036 0.05 0)
(0.2461829629 0.05 0)
(0.2337387471 0.05 0)
(0.2228215193 0.05 0)
(0.2150547254 0.05 0)
(0.2094547806 0.05 0)
(0.2030889864 0.05 0)
(0.1941432203 0.05 0)
(0.1818369787 0.05 0)
(0.1706787327 0.05 0)
(0.1627709419 0.05 0)
(0.157103151 0.05 0)
(0.1508507965 0.05 0)
(0.1420644455 0.05 0)
(0.1298339309 0.05 0)
(0.1185186766 0.05 0)
(0.110474911 0.05 0)
(0.1047324011 0.05 0)
(0.09858573882 0.05 0)
(0.08994791598 0.05 0)
(0.07786972325 0.05 0)
(0.06636742477 0.05 0)
(0.05818514511 0.05 0)
(0.05235761138 0.05 0)
(0.04631506183 0.05 0)
(0.0378235474 0.05 0)
(0.02595735389 0.05 0)
(0.01426689652 0.05 0)
(0.005931474765 0.05 0)
(0 0.04423536824 0)
(0 0.03620012505 0)
(0 0.025 0)
(0 0.01379987495 0)
(0 0.005764631755 0)
(0.005931474765 0 0.001)
(0.01426689652 0 0.001)
(0.02595735389 0 0.001)
(0.0378235474 0 0.001)
(0.04631506183 0 0.001)
(0.05235761138 0 0.001)
(0.05818514511 0 0.001)
(0.06636742477 0 0.001)
(0.07786972325 0 0.001)
(0.08994791598 0 0.001)
(0.09858573882 0 0.001)
(0.1047324011 0 0.001)
(0.110474911 0 0.001)
(0.1185186766 0 0.001)
(0.1298339309 0 0.001)
(0.1420644455 0 0.001)
(0.1508507965 0 0.001)
(0.157103151 0 0.001)
(0.1627709419 0 0.001)
(0.1706787327 0 0.001)
(0.1818369787 0 0.001)
(0.1941432203 0 0.001)
(0.2030889864 0 0.001)
(0.2094547806 0 0.001)
(0.2150547254 0 0.001)
(0.2228215193 0 0.001)
(0.2337387471 0 0.001)
(0.2461829629 0 0.001)
(0.2552994036 0 0.001)
(0.2617866498 0 0.001)
(0.2673275111 0 0.001)
(0.2749489405 0 0.001)
(0.2856685256 0 0.001)
(0.2982755925 0 0.001)
(0.3075474542 0 0.001)
(0.3141452975 0 0.001)
(0.3196437799 0 0.001)
(0.3271373701 0 0.001)
(0.3377161286 0 0.001)
(0.3502886172 0 0.001)
(0.3597388897 0 0.001)
(0.3664636898 0 0.001)
(0.3719263739 0 0.001)
(0.3792785215 0 0.001)
(0.3896107748 0 0.001)
(0.4023504401 0 0.001)
(0.4119650276 0 0.001)
(0.4188067536 0 0.001)
(0.4242479213 0 0.001)
(0.4314744349 0 0.001)
(0.4416350955 0 0.001)
(0.4543392047 0 0.001)
(0.4641392087 0 0.001)
(0.471112877 0 0.001)
(0.4765422694 0 0.001)
(0.4836321255 0 0.001)
(0.4935954063 0 0.001)
(0.5064045937 0 0.001)
(0.5163678745 0 0.001)
(0.5234577306 0 0.001)
(0.528887123 0 0.001)
(0.5358607913 0 0.001)
(0.5456607953 0 0.001)
(0.5583649045 0 0.001)
(0.5685255651 0 0.001)
(0.5757520787 0 0.001)
(0.5811932464 0 0.001)
(0.5880349724 0 0.001)
(0.5976495599 0 0.001)
(0.6103892252 0 0.001)
(0.6207214785 0 0.001)
(0.6280736261 0 0.001)
(0.6335363102 0 0.001)
(0.6402611103 0 0.001)
(0.6497113828 0 0.001)
(0.6622838714 0 0.001)
(0.6728626299 0 0.001)
(0.6803562201 0 0.001)
(0.6858547025 0 0.001)
(0.6924525458 0 0.001)
(0.7017244075 0 0.001)
(0.7143314744 0 0.001)
(0.7250510595 0 0.001)
(0.7326724889 0 0.001)
(0.7382133502 0 0.001)
(0.7447005964 0 0.001)
(0.7538170371 0 0.001)
(0.7662612529 0 0.001)
(0.7771784807 0 0.001)
(0.7849452746 0 0.001)
(0.7905452194 0 0.001)
(0.7969110136 0 0.001)
(0.8058567797 0 0.001)
(0.8181630213 0 0.001)
(0.8293212673 0 0.001)
(0.8372290581 0 0.001)
(0.842896849 0 0.001)
(0.8491492035 0 0.001)
(0.8579355545 0 0.001)
(0.8701660691 0 0.001)
(0.8814813234 0 0.001)
(0.889525089 0 0.001)
(0.8952675989 0 0.001)
(0.9014142612 0 0.001)
(0.910052084 0 0.001)
(0.9221302768 0 0.001)
(0.9336325752 0 0.001)
(0.9418148549 0 0.001)
(0.9476423886 0 0.001)
(0.9536849382 0 0.001)
(0.9621764526 0 0.001)
(0.9740426461 0 0.001)
(0.9857331035 0 0.001)
(0.9940685252 0 0.001)
(1 0.005764631755 0.001)
(1 0.01379987495 0.001)
(1 0.025 0.001)
(1 0.03620012505 0.001)
(1 0.04423536824 0.001)
(0.9940685252 0.05 0.001)
(0.9857331035 0.05 0.001)
(0.9740426461 0.05 0.001)
(0.9621764526 0.05 0.001)
(0.9536849382 0.05 0.001)
(0.9476423886 0.05 0.001)
(0.9418148549 0.05 0.001)
(0.9336325752 0.05 0.001)
(0.9221302768 0.05 0.001)
(0.910052084 0.05 0.001)
(0.9014142612 0.05 0.001)
(0.8952675989 0.05 0.001)
(0.889525089 0.05 0.001)
(0.8814813234 0.05 0.001)
(0.8701660691 0.05 0.001)
(0.8579355545 0.05 0.001)
(0.8491492035 0.05 0.001)
(0.842896849 0.05 0.001)
(0.8372290581 0.05 0.001)
(0.8293212673 0.05 0.001)
(0.8181630213 0.05 0.001)
(0.8058567797 0.05 0.001)
(0.7969110136 0.05 0.001)
(0.7905452194 0.05 0.001)
(0.7849452746 0.05 0.001)
(0.7771784807 0.05 0.001)
(0.7662612529 0.05 0.001)
(0.7538170371 0.05 0.001)
(0.7447005964 0.05 0.001)
(0.7382133502 0.05 0.001)
(0.7326724889 0.05 0.001)
(0.7250510595 0.05 0.001)
(0.7143314744 0.05 0.001)
(0.7017244075 0.05 0.001)
(0.6924525458 0.05 0.001)
(0.6858547025 0.05 0.001)
(0.6803562201 0.05 0.001)
(0.6728626299 0.05 0.001)
(0.6622838714 0.05 0.001)
(0.6497113828 0.05 0.001)
(0.6402611103 0.05 0.001)
(0.6335363102 0.05 0.001)
(0.6280736261 0.05 0.001)
(0.6207214785 0.05 0.001)
(0.6103892252 0.05 0.001)
(0.5976495599 0.05 0.001)
(0.5880349724 0.05 0.001)
(0.5811932464 0.05 0.001)
(0.5757520787 0.05 0.001)
(0.5685255651 0.05 0.001)
(0.5583649045 0.05 0.001)
(0.5456607953 0.05 0.001)
(0.5358607913 0.05 0.001)
(0.528887123 0.05 0.001)
(0.5234577306 0.05 0.001)
(0.5163678745 0.05 0.001)
(0.5064045937 0.05 0.001)
(0.4935954063 0.05 0.001)
(0.4836321255 0.05 0.001)
(0.4765422694 0.05 0.001)
(0.471112877 0.05 0.001)
(0.4641392087 0.05 0.001)
(0.4543392047 0.05 0.001)
(0.4416350955 0.05 0.001)
(0.4314744349 0.05 0.001)
(0.4242479213 0.05 0.001)
(0.4188067536 0.05 0.001)
(0.4119650276 0.05 0.001)
(0.4023504401 0.05 0.001)
(0.3896107748 0.05 0.001)
(0.3792785215 0.05 0.001)
(0.3719263739 0.05 0.001)
(0.3664636898 0.05 0.001)
(0.3597388897 0.05 0.001)
(0.3502886172 0.05 0.001)
(0.3377161286 0.05 0.001)
(0.3271373701 0.05 0.001)
(0.3196437799 0.05 0.001)
(0.3141452975 0.05 0.001)
(0.3075474542 0.05 0.001)
(0.2982755925 0.05 0.001)
(0.2856685256 0.05 0.001)
(0.2749489405 0.05 0.001)
(0.2673275111 0.05 0.001)
(0.2617866498 0.05 0.001)
(0.2552994036 0.05 0.001)
(0.2461829629 0.05 0.001)
(0.2337387471 0.05 0.001)
(0.2228215193 0.05 0.001)
(0.2150547254 0.05 0.001)
(0.2094547806 0.05 0.001)
(0.2030889864 0.05 0.001)
(0.1941432203 0.05 0.001)
(0.1818369787 0.05 0.001)
(0.1706787327 0.05 0.001)
(0.1627709419 0.05 0.001)
(0.157103151 0.05 0.001)
(0.1508507965 0.05 0.001)
(0.1420644455 0.05 0.001)
(0.1298339309 0.05 0.001)
(0.1185186766 0.05 0.001)
(0.110474911 0.05 0.001)
(0.1047324011 0.05 0.001)
(0.09858573882 0.05 0.001)
(0.08994791598 0.05 0.001)
(0.07786972325 0.05 0.001)
(0.06636742477 0.05 0.001)
(0.05818514511 0.05 0.001)
(0.05235761138 0.05 0.001)
(0.04631506183 0.05 0.001)
(0.0378235474 0.05 0.001)
(0.02595735389 0.05 0.001)
(0.01426689652 0.05 0.001)
(0.005931474765 0.05 0.001)
(0 0.04423536824 0.001)
(0 0.03620012505 0.001)
(0 0.025 0.001)
(0 0.01379987495 0.001)
(0 0.005764631755 0.001)
(0.5261724268 0.004701991699 0)
(0.4738275732 0.0452980083 0)
(0.5785341812 0.004355685901 0)
(0.4214661066 0.04564681609 0)
(0.6313040651 0.005235138606 0)
(0.3686959349 0.04476486139 0)
(0.3167833358 0.04440139108 0)
(0.6832166642 0.005598608919 0)
(0.264329889 0.04482577038 0)
(0.735670111 0.005174229618 0)
(0.2119698454 0.04505532728 0)
(0.7880301546 0.004944672717 0)
(0.160038022 0.005179539881 0)
(0.839961978 0.04482046012 0)
(0.1076036561 0.04502684052 0)
(0.8923963439 0.004973159476 0)
(0.05509101706 0.005223400859 0)
(0.9449089829 0.04477659914 0)
(0.4741020853 0.00435058741 0)
(0.5258948117 0.04565283403 0)
(0.5784726626 0.04528781058 0)
(0.4215273374 0.004712189419 0)
(0.6304033448 0.04475035696 0)
(0.3695966552 0.005249643045 0)
(0.6831054613 0.0452381745 0)
(0.3168945387 0.004761825497 0)
(0.264437687 0.005450068608 0)
(0.735562313 0.04454993139 0)
(0.7880065407 0.04489906519 0)
(0.2119934593 0.005100934812 0)
(0.159882719 0.0447434397 0)
(0.840117281 0.005256560302 0)
(0.1075569594 0.005716706806 0)
(0.8924430406 0.04428329319 0)
(0.04927739283 0.04486245845 0)
(0.9507226072 0.005137541552 0)
(0.6691148136 0.04280167896 0)
(0.3308851864 0.007198321043 0)
(0.6151170315 0.04241891846 0)
(0.3848829685 0.007581081542 0)
(0.5631136647 0.04308575775 0)
(0.4362426743 0.006795620885 0)
(0.4886137659 0.00738422489 0)
(0.5113862341 0.04261577511 0)
(0.5400913194 0.008074490079 0)
(0.4599054261 0.04193774753 0)
(0.5921739099 0.00720628075 0)
(0.4078249466 0.04281598417 0)
(0.3550137534 0.04299598812 0)
(0.6449862466 0.007004011877 0)
(0.6953360959 0.007903342194 0)
(0.3046639041 0.04209665781 0)
(0.6966099923 0.04385984074 0)
(0.3033900077 0.006140159258 0)
(0.7190107443 0.007748015844 0)
(0.2809892557 0.04225198416 0)
(0.250962812 0.04200287139 0)
(0.749037188 0.007997128615 0)
(0.2507411832 0.006756594634 0)
(0.7492588168 0.04324340537 0)
(0.2271355667 0.04227481133 0)
(0.7728644333 0.007725188674 0)
(0.1983228571 0.0444809584 0)
(0.8016771429 0.005519041599 0)
(0.1993025203 0.006054965344 0)
(0.8006974797 0.04394503466 0)
(0.176147929 0.04088768639 0)
(0.823852071 0.009112313607 0)
(0.8531720505 0.0437863474 0)
(0.1468279495 0.006213652597 0)
(0.146457621 0.04348804949 0)
(0.853542379 0.006511950506 0)
(0.1230738454 0.04149423032 0)
(0.8769261546 0.008505769684 0)
(0.9063161942 0.006994508268 0)
(0.9057331726 0.04359813015 0)
(0.0942668274 0.006401869846 0)
(0.09368380584 0.04300549173 0)
(0.07283744561 0.0412497954 0)
(0.9271625544 0.008750204598 0)
(0.9579306954 0.04370656569 0)
(0.04206930462 0.006293434313 0)
(0.3551452866 0.006918752596 0)
(0.6448547134 0.0430812474 0)
(0.4081895812 0.008714767972 0)
(0.5918015074 0.0413106232 0)
(0.4587797028 0.007044003036 0)
(0.5412123487 0.04296309465 0)
(0.9681095494 0.008739050139 0)
(0.03189045065 0.04126094986 0)
(0.5113347068 0.007604987006 0)
(0.4886137659 0.04261577511 0)
(0.5634452348 0.007528867293 0)
(0.4357430532 0.04272216883 0)
(0.6150487575 0.007370780143 0)
(0.3849512425 0.04262921986 0)
(0.6679269919 0.007918520125 0)
(0.3320730081 0.04208147987 0)
(0.7203497974 0.04212397373 0)
(0.2796502026 0.007876026272 0)
(0.2286954703 0.007367645316 0)
(0.7713045297 0.04263235468 0)
(0.8237421443 0.0417441639 0)
(0.1762578557 0.008255836096 0)
(0.1247335839 0.008202180057 0)
(0.8752664161 0.04179781994 0)
(0.99250848 0.03322059763 0)
(0.007491520024 0.01677940237 0)
(0.07166024619 0.008240514879 0)
(0.9283397538 0.04175948512 0)
(0.9941952245 0.009732385184 0)
(0.005804775529 0.04026761482 0)
(0.9804674615 0.04304653907 0)
(0.01953253854 0.006953460933 0)
(0.5025045584 0.04259688254 0)
(0.5079000563 0.03519989684 0)
(0.5156958138 0.0355810961 0)
(0.5123028175 0.02819421837 0)
(0.519901031 0.02885737622 0)
(0.5036362071 0.02703659192 0)
(0.5166233194 0.02190684495 0)
(0.5239893305 0.02268863222 0)
(0.527334783 0.02931563511 0)
(0.5314668017 0.0230577521 0)
(0.5207769929 0.01560974876 0)
(0.5348661696 0.02935680714 0)
(0.5392191339 0.02282169581 0)
(0.54259094 0.0297874223 0)
(0.5474726702 0.02311354822 0)
(0.5509852678 0.03020875437 0)
(0.5559329963 0.02345198109 0)
(0.551975627 0.01509023711 0)
(0.5306821187 0.03573199497 0)
(0.4978590738 0.008196399443 0)
(0.4925288162 0.01537535927 0)
(0.4843735779 0.01451821349 0)
(0.4879027741 0.02184344998 0)
(0.4801405443 0.02117370061 0)
(0.4834970245 0.0281702673 0)
(0.4760329832 0.02734039136 0)
(0.4726680275 0.02070358272 0)
(0.4685310371 0.02696311596 0)
(0.4792208911 0.03441072616 0)
(0.4651200191 0.02066319967 0)
(0.4607695335 0.02720231251 0)
(0.4573919759 0.02023653004 0)
(0.4525146261 0.02691445422 0)
(0.4489971488 0.01981647263 0)
(0.4440619451 0.02659718566 0)
(0.4480192201 0.03493845013 0)
(0.4911123095 0.02889160204 0)
(0.469307446 0.01427762892 0)
(0.3935714387 0.008050397149 0)
(0.3881449483 0.01545548473 0)
(0.3798948969 0.01405970765 0)
(0.3835601511 0.02231161114 0)
(0.3756596874 0.02212710669 0)
(0.3911069498 0.02266717903 0)
(0.372154184 0.01568074482 0)
(0.3687370044 0.02188604444 0)
(0.3717691453 0.02803504126 0)
(0.3649806661 0.02756333872 0)
(0.3616513939 0.02128907377 0)
(0.3576141438 0.02860767719 0)
(0.3543978696 0.02078272852 0)
(0.3493755947 0.02753423684 0)
(0.3457354942 0.02047719253 0)
(0.3409713318 0.02739634618 0)
(0.3683094003 0.03360146286 0)
(0.3443930399 0.03535108234 0)
(0.3746816133 0.03444183192 0)
(0.3458832583 0.006892455247 0)
(0.6064283452 0.04196659868 0)
(0.6118540641 0.03455747673 0)
(0.620104962 0.03594214399 0)
(0.6164396608 0.02769085771 0)
(0.6243403126 0.02787289331 0)
(0.6088915307 0.02735309041 0)
(0.6278458075 0.03431936765 0)
(0.6312629942 0.0281139743 0)
(0.6282308544 0.02196496187 0)
(0.6350193337 0.02243666492 0)
(0.638348606 0.02871092759 0)
(0.6423858562 0.02139232353 0)
(0.6456021304 0.02921727182 0)
(0.6506244053 0.02246576316 0)
(0.6542645058 0.02952280753 0)
(0.6590286682 0.02260365382 0)
(0.6316905997 0.01639853795 0)
(0.6556069601 0.01464891766 0)
(0.6253183866 0.01555816873 0)
(0.6541167417 0.04310754475 0)
(0.6059425269 0.007146790874 0)
(0.3940488719 0.04287747973 0)
(0.06246826869 0.04297854909 0)
(0.06543756154 0.03479194278 0)
(0.07417120463 0.03192212426 0)
(0.06741328345 0.02638726098 0)
(0.0592204626 0.02885703738 0)
(0.06091418164 0.02139596213 0)
(0.0534382858 0.02367495519 0)
(0.05156653774 0.03092066318 0)
(0.04600518223 0.02545041187 0)
(0.07637955969 0.02342623158 0)
(0.08297157986 0.02888011641 0)
(0.08501078784 0.02075740338 0)
(0.09151172131 0.02648767168 0)
(0.04827783909 0.01747832052 0)
(0.04026934877 0.02033983449 0)
(0.04413539816 0.03383319451 0)
(0.09318406437 0.01873665267 0)
(0.09915096467 0.02407114151 0)
(0.1004483414 0.01625867786 0)
(0.1068465783 0.01970145344 0)
(0.1050987307 0.02923957635 0)
(0.1126631337 0.02644288065 0)
(0.1114610757 0.03406770319 0)
(0.9375317313 0.007021450912 0)
(0.9345624385 0.01520805722 0)
(0.9258287954 0.01807787574 0)
(0.9325867165 0.02361273902 0)
(0.9407795374 0.02114296262 0)
(0.9390858184 0.02860403787 0)
(0.9465617142 0.02632504481 0)
(0.9484334623 0.01907933682 0)
(0.9539948178 0.02454958813 0)
(0.9236204403 0.02657376842 0)
(0.9170284201 0.02111988359 0)
(0.9149892122 0.02924259662 0)
(0.9084882787 0.02351232832 0)
(0.9517221609 0.03252167948 0)
(0.9597306512 0.02966016551 0)
(0.9558646018 0.01616680549 0)
(0.9068159356 0.03126334733 0)
(0.9008490353 0.02592885849 0)
(0.8995516586 0.03374132214 0)
(0.8931534217 0.03029854656 0)
(0.8949012693 0.02076042365 0)
(0.8873368663 0.02355711935 0)
(0.8885389243 0.01593229681 0)
(0.114595849 0.01959616329 0)
(0.1217577954 0.02399642671 0)
(0.885404151 0.03040383671 0)
(0.8782422046 0.02600357329 0)
(0.7100102562 0.008645733762 0)
(0.715450814 0.01612081571 0)
(0.724116593 0.01449177499 0)
(0.7075596161 0.01771177584 0)
(0.7203692332 0.02299940389 0)
(0.7284195862 0.02272624783 0)
(0.732223399 0.01515066407 0)
(0.7354853694 0.02229139571 0)
(0.7323264214 0.02868017349 0)
(0.7391401067 0.02817870756 0)
(0.7431995157 0.02089906924 0)
(0.7466585183 0.02907013914 0)
(0.7510080851 0.0215456606 0)
(0.7546842579 0.02824177755 0)
(0.7588133221 0.02135947848 0)
(0.7631237556 0.02817238107 0)
(0.7356211331 0.03403876039 0)
(0.7589052141 0.03552756632 0)
(0.7673129778 0.02087986813 0)
(0.7719035517 0.02781123967 0)
(0.7759339585 0.02082662908 0)
(0.7800086515 0.02686840371 0)
(0.7837069828 0.02063097438 0)
(0.7874962685 0.02644018657 0)
(0.791036389 0.02040089113 0)
(0.7949379265 0.02632160699 0)
(0.7984705143 0.02016459808 0)
(0.8027055813 0.0263012535 0)
(0.8064620975 0.02001054522 0)
(0.810599222 0.02644243836 0)
(0.7910329634 0.03239463082 0)
(0.814964394 0.01934584101 0)
(0.8195182074 0.02662709617 0)
(0.7291835223 0.03446689975 0)
(0.8092459258 0.006921846519 0)
(0.7874613539 0.01480176643 0)
(0.2899897438 0.04135426624 0)
(0.284549186 0.03387918429 0)
(0.275883407 0.03550822501 0)
(0.2924403839 0.03228822416 0)
(0.2796307668 0.02700059611 0)
(0.2715804138 0.02727375217 0)
(0.267776601 0.03484933593 0)
(0.2645146306 0.02770860429 0)
(0.2676735786 0.02131982651 0)
(0.2608598933 0.02182129244 0)
(0.2568004843 0.02910093076 0)
(0.2533414817 0.02092986086 0)
(0.2489919149 0.0284543394 0)
(0.2453157421 0.02175822245 0)
(0.2411866779 0.02864052152 0)
(0.2368762444 0.02182761893 0)
(0.2643788669 0.01596123961 0)
(0.2410947859 0.01447243368 0)
(0.2326870222 0.02912013187 0)
(0.2280964483 0.02218876033 0)
(0.2240660415 0.02917337092 0)
(0.2199913485 0.02313159629 0)
(0.2162930172 0.02936902562 0)
(0.2125037315 0.02355981343 0)
(0.208963611 0.02959910887 0)
(0.2050620735 0.02367839301 0)
(0.2015294857 0.02983540192 0)
(0.1972944187 0.0236987465 0)
(0.1935379025 0.02998945478 0)
(0.189400778 0.02355756164 0)
(0.2089670366 0.01760536918 0)
(0.185035606 0.03065415899 0)
(0.1804817926 0.02337290383 0)
(0.2708164777 0.01553310025 0)
(0.1907540742 0.04307815348 0)
(0.2125386461 0.03519823357 0)
(0.7102524196 0.04134958297 0)
(0.2897475804 0.008650417033 0)
(0.3369321105 0.02029989865 0)
(0.3325345093 0.02723755185 0)
(0.3285047073 0.02017011408 0)
(0.3245704161 0.02678666722 0)
(0.3208876525 0.02000337018 0)
(0.3170550907 0.02614579201 0)
(0.3136670552 0.01970203937 0)
(0.3096727179 0.02593594808 0)
(0.3202002851 0.03241541464 0)
(0.3066248342 0.01950868859 0)
(0.6630678895 0.02970010136 0)
(0.6674654907 0.02276244815 0)
(0.6714952927 0.02982988592 0)
(0.6754295839 0.02321333278 0)
(0.6791123475 0.02999662982 0)
(0.6829449093 0.02385420799 0)
(0.6863329448 0.03029796063 0)
(0.6903272821 0.02406405192 0)
(0.6797997149 0.01758458536 0)
(0.6933751658 0.03049131141 0)
(0.8954486496 0.01243419095 0)
(0.1045513504 0.03756580905 0)
(0.2710881748 0.04017321698 0)
(0.7289118252 0.009826783024 0)
(0.7151124171 0.03451787733 0)
(0.7072821334 0.03301663119 0)
(0.2848875829 0.01548212267 0)
(0.2927178666 0.01698336881 0)
(0.1864708698 0.009144533516 0)
(0.8135291302 0.04085546648 0)
(0.6137114646 0.02077554149 0)
(0.3862874226 0.02922761881 0)
(0.3171281429 0.01426395172 0)
(0.6828718571 0.03573604828 0)
(0.4401286421 0.01887766287 0)
(0.4356715862 0.02578807789 0)
(0.4317410028 0.01900851974 0)
(0.4277866015 0.0251712069 0)
(0.4245988628 0.01867338238 0)
(0.4206793781 0.02454402963 0)
(0.4236543767 0.0309761785 0)
(0.416743817 0.0303209307 0)
(0.4133576841 0.02378062693 0)
(0.4090479233 0.02977931592 0)
(0.4277926313 0.01359567888 0)
(0.4057610623 0.02286864713 0)
(0.4017312127 0.02941566936 0)
(0.4194341096 0.03636128716 0)
(0.426276635 0.03729474818 0)
(0.5598534857 0.03115601798 0)
(0.5643172424 0.02425066538 0)
(0.5682485592 0.03102924169 0)
(0.572203552 0.02486856411 0)
(0.5753888595 0.03137117373 0)
(0.5793118891 0.0255006448 0)
(0.576339838 0.01906419017 0)
(0.5832519536 0.01972364449 0)
(0.5866340254 0.02626767689 0)
(0.5909478725 0.02026524322 0)
(0.572396527 0.03726691259 0)
(0.5942327176 0.02718085654 0)
(0.5982592603 0.02062525574 0)
(0.580563928 0.01366961874 0)
(0.573720528 0.01274201129 0)
(0.4214771282 0.01342525889 0)
(0.8661451655 0.04113337221 0)
(0.1338548345 0.008866627793 0)
(0.866293916 0.01032951353 0)
(0.133706084 0.03967048647 0)
(0.01093374144 0.009187776154 0)
(0.9890662586 0.04081222385 0)
(0.2371864903 0.04062947058 0)
(0.7628135097 0.009370529422 0)
(0.01963601172 0.04148751526 0)
(0.02583717253 0.03295238777 0)
(0.0164317138 0.03254193146 0)
(0.02214303551 0.02492036106 0)
(0.9803639883 0.008512484745 0)
(0.9741628275 0.01704761223 0)
(0.9835682862 0.01745806854 0)
(0.9778569645 0.02507963894 0)
(0.5785698098 0.03696706081 0)
(0.4496507297 0.006656081409 0)
(0.5503408698 0.04335088033 0)
(0.8719130953 0.01749543222 0)
(0.8626284607 0.01842575739 0)
(0.8677076255 0.02544069721 0)
(0.8589880901 0.02585050887 0)
(0.8541642355 0.01963925344 0)
(0.8509709645 0.02662595666 0)
(0.846612927 0.02089647306 0)
(0.8438814741 0.02739470188 0)
(0.8395457529 0.02173483399 0)
(0.836584941 0.02817869579 0)
(0.8408448786 0.03380806402 0)
(0.8323308629 0.02289849921 0)
(0.8362123089 0.01551276475 0)
(0.833960163 0.0345311799 0)
(0.8550743821 0.03271406144 0)
(0.1280869047 0.03250456778 0)
(0.1373715393 0.03157424261 0)
(0.1322923745 0.02455930279 0)
(0.1410119099 0.02414949113 0)
(0.1458357645 0.03036074656 0)
(0.1490290355 0.02337404334 0)
(0.153387073 0.02910352694 0)
(0.1561185259 0.02260529812 0)
(0.1604542471 0.02826516601 0)
(0.163415059 0.02182130421 0)
(0.1591551214 0.01619193598 0)
(0.1676691371 0.02710150079 0)
(0.1637876911 0.03448723525 0)
(0.166039837 0.0154688201 0)
(0.1449256179 0.01728593856 0)
(0.6971966189 0.02458725973 0)
(0.3028033811 0.02541274027 0)
(0.6948469173 0.01659567446 0)
(0.3051530827 0.03340432554 0)
(0.6257523779 0.04064843007 0)
(0.3742476043 0.009351803751 0)
(0.5016529233 0.01715863029 0)
(0.084168078 0.04244220506 0)
(0.915831922 0.007557794937 0)
(0.08616028616 0.007213033924 0)
(0.9138397138 0.04278696608 0)
(0.9658827075 0.04292075821 0)
(0.03411729254 0.007079241793 0)
(0.9600906736 0.009277956394 0)
(0.03990932642 0.04072204361 0)
(0.410205554 0.01651256459 0)
(0.4028797379 0.01576460815 0)
(0.5897829093 0.03353610796 0)
(0.5968367398 0.03425178346 0)
(0.9355970105 0.04085698085 0)
(0.06440298952 0.009143019153 0)
(0.1170629394 0.008104326128 0)
(0.8829370606 0.04189567387 0)
(0.779592006 0.04159910351 0)
(0.2202706477 0.04283595602 0)
(0.220407994 0.008400896487 0)
(0.7797293523 0.007164043977 0)
(0.5348422664 0.01542922223 0)
(0.4651527906 0.03458447558 0)
(0.942669101 0.01327477515 0)
(0.05733089896 0.03672522485 0)
(0.3254541388 0.04231691676 0)
(0.3274099261 0.03476915184 0)
(0.6745458612 0.007683083238 0)
(0.6725900739 0.01523084816 0)
(0.6224765996 0.008834922871 0)
(0.3775234004 0.04116507724 0)
(0.02754507578 0.01709420671 0)
(0.9724549242 0.03290579329 0)
(0.5179563842 0.008675731414 0)
(0.4820673768 0.04138935086 0)
(0.3244146816 0.007540647857 0)
(0.6755853184 0.04245935214 0)
(0.098162294 0.03173402708 0)
(0.901837706 0.01826597292 0)
(0.4660976228 0.008197619326 0)
(0.5338920103 0.04180843988 0)
(0.5186774135 0.04210131073 0)
(0.4813332826 0.007918015585 0)
(0.5848321903 0.04366994429 0)
(0.4151638963 0.006336942558 0)
(0.6370680422 0.04372675494 0)
(0.3629319578 0.006273245057 0)
(0.1136417301 0.04482796935 0)
(0.8863582699 0.005172030654 0)
(0.5330374298 0.008114509214 0)
(0.4669605663 0.0418902461 0)
(0.5282274387 0.0125726252 0)
(0.1671788173 0.005599929522 0)
(0.8328211827 0.04440007048 0)
(0.8347151115 0.00499466009 0)
(0.1652848885 0.04500533991 0)
(0.848954367 0.01365890088 0)
(0.151045633 0.03634109912 0)
(0.4717700465 0.03743523828 0)
(0.7288617742 0.04460086509 0)
(0.2711382258 0.005399134907 0)
(0.8064894024 0.03374083916 0)
(0.1935105976 0.01625916084 0)
(0.7769735104 0.03434764331 0)
(0.2230264896 0.01565235669 0)
(0.5835826742 0.00697427447 0)
(0.4164170772 0.04304278337 0)
(0.5717531282 0.04408174619 0)
(0.4280610721 0.004964856692 0)
(0.4275411392 0.04395432536 0)
(0.5723746683 0.006079639183 0)
(0.3623991978 0.04385359535 0)
(0.3588293651 0.03641322394 0)
(0.6376008022 0.006146404648 0)
(0.6411706349 0.01358677606 0)
(0.2871892211 0.02435521169 0)
(0.7128107789 0.02564478831 0)
(0.6887841469 0.006151314971 0)
(0.6848214102 0.01191332833 0)
(0.3112158531 0.04384868503 0)
(0.3151785898 0.03808667167 0)
(0.689847403 0.04329658088 0)
(0.310152597 0.006703419118 0)
(0.6327621517 0.03913825046 0)
(0.3672378483 0.01086174954 0)
(0.06881284905 0.01663068265 0)
(0.931187151 0.03336931735 0)
(0.360613284 0.01350307529 0)
(0.639386716 0.0364969248 0)
(0.00695328544 0.03231089963 0)
(0.9930467146 0.01768910037 0)
(0.2581434463 0.04361448403 0)
(0.2625162646 0.03905887819 0)
(0.2569377882 0.036809356 0)
(0.7418565537 0.006385515967 0)
(0.7374837354 0.01094112181 0)
(0.7430622118 0.013190644 0)
(0.2580456229 0.005978582227 0)
(0.7419543771 0.04402141777 0)
(0.9093328708 0.01538103408 0)
(0.0906671292 0.03461896592 0)
(0.7454237919 0.03690837215 0)
(0.2545762081 0.01309162785 0)
(0.2055308958 0.006471219077 0)
(0.794600849 0.006676850866 0)
(0.205399151 0.04332314913 0)
(0.7944691042 0.04352878092 0)
(0.4384868588 0.03414728462 0)
(0.5613917356 0.01591681846 0)
(0.4766373019 0.0133877908 0)
(0.5233549043 0.03661109431 0)
(0.8230783572 0.01846621586 0)
(0.1769216428 0.03153378414 0)
(0.7843183823 0.03621795474 0)
(0.2156816177 0.01378204526 0)
(0.846392465 0.04425928875 0)
(0.153607535 0.005740711246 0)
(0.1534260914 0.04370777365 0)
(0.1577701189 0.03907176097 0)
(0.8465739086 0.006292226353 0)
(0.8422298811 0.01092823903 0)
(0.2448570702 0.03598230355 0)
(0.7551429298 0.01401769645 0)
(0.7983480446 0.03777637342 0)
(0.2016519554 0.01222362658 0)
(0.8989305052 0.006180664203 0)
(0.898177524 0.04428563181 0)
(0.8949523688 0.03857109171 0)
(0.101822476 0.005714368186 0)
(0.1050476312 0.01142890829 0)
(0.1010694948 0.0438193358 0)
(0.1286951767 0.01651518832 0)
(0.8713048233 0.03348481168 0)
(0.04938207838 0.005676593314 0)
(0.05278030065 0.01104326609 0)
(0.9506179216 0.04432340669 0)
(0.9472196994 0.03895673391 0)
(0.6210822113 0.02152766512 0)
(0.3789175718 0.0284732737 0)
(0.05494492233 0.04375382906 0)
(0.9450550777 0.006246170936 0)
(0.7253011667 0.02912178747 0)
(0.2746988333 0.02087821253 0)
(0.1198658793 0.03263482865 0)
(0.8801341207 0.01736517135 0)
(0.5138870972 0.01510346701 0)
(0.3362148029 0.0344649572 0)
(0.6637851971 0.0155350428 0)
(0.5691080532 0.0183450024 0)
(0.4308837577 0.03168995686 0)
(0.8471919166 0.03316868244 0)
(0.1528080834 0.01683131756 0)
(0.4864970819 0.03524321792 0)
(0.4936954622 0.03588794239 0)
(0.05005021698 0.037956742 0)
(0.949949783 0.012043258 0)
(0.3105108456 0.01357006001 0)
(0.6894891544 0.03642993999 0)
(0.4566360359 0.03427337666 0)
(0.5433570656 0.01574815951 0)
(0.5823740647 0.03181501198 0)
(0.4176196996 0.01828724993 0)
(0.9678568123 0.02570096454 0)
(0.03214318771 0.02429903546 0)
(0.5520128499 0.006681118184 0)
(0.2205457872 0.03636867431 0)
(0.7794542128 0.01363132569 0)
(0.4479871501 0.04333670609 0)
(0.07923402938 0.01307862107 0)
(0.9207659706 0.03692137893 0)
(0.2061480203 0.03576816508 0)
(0.7938519797 0.01423183492 0)
(0.7898935571 0.03930712027 0)
(0.2101064429 0.01069287973 0)
(0.6285909697 0.01019896791 0)
(0.3714090303 0.03980103235 0)
(0.6872488452 0.01775366891 0)
(0.3127511548 0.03224633109 0)
(0.4957919096 0.02338558264 0)
(0.03520993034 0.03309959195 0)
(0.9647900697 0.01690040805 0)
(0.5091743133 0.02131361227 0)
(0.1570256834 0.01058370692 0)
(0.8429743166 0.03941629308 0)
(0.3248470696 0.01324290762 0)
(0.6751529304 0.03675709238 0)
(0.4621449385 0.01397842386 0)
(0.5378324408 0.03603844432 0)
(0.136881149 0.01718506903 0)
(0.863118851 0.03281493097 0)
(0.6559976271 0.00629186387 0)
(0.3440023729 0.04370813613 0)
(0.2676565956 0.01053566031 0)
(0.7323434044 0.03946433969 0)
(0.412484239 0.03624592735 0)
(0.5875141599 0.01378909618 0)
(0.7670416177 0.03544111283 0)
(0.2329583823 0.01455888717 0)
(0.1980983205 0.03714482984 0)
(0.8019016795 0.01285517016 0)
(0.8192798221 0.03459059371 0)
(0.8270984117 0.03130938678 0)
(0.1807201779 0.01540940629 0)
(0.1729015883 0.01869061322 0)
(0.8832563703 0.01109676731 0)
(0.1167436297 0.03890323269 0)
(0.8571665468 0.01273327424 0)
(0.1428334532 0.03726672576 0)
(0.7620177475 0.04231997874 0)
(0.2379822525 0.007680021262 0)
(0.9443089149 0.03348324429 0)
(0.05569108509 0.01651675571 0)
(0.3512173516 0.01359218379 0)
(0.6487826484 0.03640781621 0)
(0.2699361233 0.04502797968 0)
(0.7300638767 0.004972020319 0)
(0.8307092244 0.01021819516 0)
(0.1692907756 0.03978180484 0)
(0.9580340076 0.03678750995 0)
(0.04196599243 0.01321249005 0)
(0.6181475753 0.01452006178 0)
(0.381852203 0.03548062153 0)
(0.5950794859 0.0140597013 0)
(0.2618787696 0.03325297809 0)
(0.7381212304 0.01674702191 0)
(0.4048838077 0.03597466955 0)
(0.4152967078 0.01220638891 0)
(0.6478860481 0.01590901376 0)
(0.3521139519 0.03409098624 0)
(0.3419852387 0.01381509231 0)
(0.6580147613 0.0361849077 0)
(0.5846545179 0.03769539253 0)
(0.2774104413 0.01519936972 0)
(0.7225895587 0.03480063028 0)
(0.9023731852 0.01185127408 0)
(0.09762681485 0.03814872592 0)
(0.6251032618 0.04592952311 0)
(0.3748967347 0.004070523653 0)
(0.9384005624 0.03533958647 0)
(0.06159943761 0.01466041353 0)
(0.01056922344 0.04424781434 0)
(0.9894307766 0.005752185665 0)
(0.7043875169 0.02537708601 0)
(0.2956124831 0.02462291399 0)
(0.2102157127 0.0400229575 0)
(0.7897842873 0.009977042499 0)
(0.03454496384 0.01501476128 0)
(0.9654550362 0.03498523872 0)
(0.4444961751 0.01276372784 0)
(0.7023010795 0.03928993603 0)
(0.2976989205 0.01071006397 0)
(0.6790692749 0.01078653759 0)
(0.3209307251 0.03921346241 0)
(0.5557354055 0.03758090185 0)
(0.7516179054 0.03555168319 0)
(0.2483820946 0.01444831681 0)
(0.8368757464 0.03998177225 0)
(0.1631242536 0.01001822775 0)
(0.5240013333 0.008974222561 0)
(0.4760018551 0.04104134755 0)
(0.297968622 0.03864324795 0)
(0.702031378 0.01135675205 0)
(0.6014804588 0.02721334225 0)
(0.3660787429 0.01664413757 0)
(0.6339212551 0.03335588896 0)
(0.4723017345 0.00930187937 0)
(0.3984676299 0.0228173388 0)
(0.4969977219 0.03016534659 0)
(0.5276853928 0.04070250699 0)
(0.6059145007 0.02055665008 0)
(0.5049416329 0.009693978885 0)
(0.09517408749 0.01334831583 0)
(0.9048259125 0.03665168417 0)
(0.3940673052 0.02947288312 0)
(0.03931023748 0.02725713414 0)
(0.9606897625 0.02274286586 0)
(0.8891997116 0.00992168904 0)
(0.1108002884 0.04007831096 0)
(0.6346148386 0.01149816984 0)
(0.3653851614 0.03850183033 0)
(0.8425791905 0.01656648431 0)
(0.1574208095 0.03343351569 0)
(0.4540111879 0.01335817106 0)
(0.5460004519 0.03669974081 0)
(0.6902074831 0.01206346577 0)
(0.3097925169 0.03793653423 0)
(0.1629284844 0.04065199355 0)
(0.8370715156 0.009348006448 0)
(0.0882035726 0.01369450135 0)
(0.9117964274 0.03630549865 0)
(0.2612761934 0.01129469175 0)
(0.7387238066 0.03870530825 0)
(0.005661636979 0.005656241621 0)
(0.994338363 0.04434375838 0)
(0.6851941034 0.04034079247 0)
(0.3148058966 0.009659207532 0)
(0.1204396369 0.01508966971 0)
(0.8795603631 0.03491033029 0)
(0.01187900198 0.0381711551 0)
(0.988120998 0.0118288449 0)
(0.3041198113 0.01316088434 0)
(0.6958801887 0.03683911566 0)
(0.7001413552 0.03144099628 0)
(0.2998586448 0.01855900372 0)
(0.9417125661 0.03981809406 0)
(0.05828743388 0.01018190594 0)
(0.4954168799 0.04271943816 0)
(0.6041296286 0.03437849424 0)
(0.3958147475 0.01564458933 0)
(0.3973422205 0.03610226254 0)
(0.2298248611 0.03532222002 0)
(0.7701751389 0.01467777998 0)
(0.4007177802 0.009112528099 0)
(0.3195506954 0.008976542002 0)
(0.6804493046 0.041023458 0)
(0.01864713331 0.01602911015 0)
(0.9813528667 0.03397088985 0)
(0.5993691562 0.04038149992 0)
(0.568008044 0.01212246773 0)
(0.4317862888 0.03796169677 0)
(0.1119943909 0.01201007867 0)
(0.8880056091 0.03798992133 0)
(0.424614009 0.009013609422 0)
(0.6026445226 0.01392983081 0)
(0.7848374559 0.009195735767 0)
(0.2151625441 0.04080426423 0)
(0.2150170737 0.008454572473 0)
(0.7849829263 0.04154542753 0)
(0.5758295015 0.04125330747 0)
(0.6102348913 0.01404994253 0)
(0.3897582109 0.03596501427 0)
(0.4351472969 0.01343846482 0)
(0.3334725703 0.01389204659 0)
(0.6665274297 0.03610795341 0)
(0.5658134006 0.03695197595 0)
(0.1494018533 0.0112734741 0)
(0.141620669 0.01067645892 0)
(0.8505981467 0.0387265259 0)
(0.858379331 0.03932354108 0)
(0.0119151067 0.02508440872 0)
(0.9880848933 0.02491559128 0)
(0.1697326329 0.0112061589 0)
(0.8302673671 0.0387938411 0)
(0.1813374413 0.03643265843 0)
(0.8186625587 0.01356734157 0)
(0.598698001 0.008468520748 0)
(0.4012900574 0.0415540792 0)
(0.1893562259 0.03607026705 0)
(0.8106437741 0.01392973295 0)
(0.7012044094 0.01912570962 0)
(0.2987955906 0.03087429038 0)
(0.1736905311 0.02537055556 0)
(0.8263094689 0.02462944444 0)
(0.8060206939 0.04083697116 0)
(0.1939793061 0.009163028845 0)
(0.3379884765 0.008359583039 0)
(0.6620115235 0.04164041696 0)
(0.9529284913 0.03903534475 0)
(0.04707150873 0.01096465525 0)
(0.9396209204 0.04520607335 0)
(0.06037907958 0.004793926654 0)
(0.04394931479 0.04533091242 0)
(0.9560506852 0.004669087585 0)
(0.5775441725 0.009101938918 0)
(0.7411134713 0.03338025749 0)
(0.2588865287 0.01661974251 0)
(0.4224477377 0.04091900564 0)
(0.7829876456 0.04563591201 0)
(0.2170123544 0.004364087989 0)
(0.1704177316 0.03347846674 0)
(0.8295822684 0.01652153326 0)
(0.7987402214 0.03117279146 0)
(0.2012597786 0.01882720854 0)
(0.5574813765 0.01044490926 0)
(0.4423742755 0.04102892193 0)
(0.112773608 0.004807251251 0)
(0.887226392 0.04519274875 0)
(0.2168958546 0.04570389393 0)
(0.7831041454 0.004296106075 0)
(0.6373319599 0.01742319388 0)
(0.3626680401 0.03257680612 0)
(0.8610208931 0.005914947655 0)
(0.1389791069 0.04408505234 0)
(0.754867033 0.0405816687 0)
(0.245132967 0.0094183313 0)
(0.004922554945 0.04510423131 0)
(0.9950774451 0.004895768685 0)
(0.3492871427 0.03993614385 0)
(0.6507128573 0.01006385615 0)
(0.5217889286 0.04590185558 0)
(0.4782112415 0.004098242631 0)
(0.5007527213 0.03562501397 0)
(0.6783955754 0.004410238932 0)
(0.3216044246 0.04558976107 0)
(0.4196158157 0.009138877841 0)
(0.5806595075 0.04111164497 0)
(0.2748793563 0.04331953579 0)
(0.7251206437 0.006680464206 0)
(0.527940658 0.01839470278 0)
(0.2371484243 0.03393892951 0)
(0.7628515757 0.01606107049 0)
(0.7191691428 0.02900850374 0)
(0.2808308572 0.02099149626 0)
(0.6786165877 0.04582107243 0)
(0.3213834123 0.004178927569 0)
(0.4720536167 0.03161443922 0)
(0.3737162597 0.04535741358 0)
(0.6262837403 0.004642586472 0)
(0.8133875028 0.03258958918 0)
(0.1866124972 0.01741041082 0)
(0.4765171292 0.00781130316 0)
(0.6213598224 0.04298780313 0)
(0.3786401452 0.007012623319 0)
(0.5234802902 0.04219392033 0)
(0.04546432984 0.04054107019 0)
(0.9545356702 0.009458929806 0)
(0.2733343886 0.01090865829 0)
(0.7266656114 0.03909134171 0)
(0.2667197677 0.04109179803 0)
(0.7332802323 0.008908201973 0)
(0.9731285724 0.04003412446 0)
(0.02687142764 0.009965875544 0)
(0.5076498249 0.01516238118 0)
(0.7574143835 0.006277070897 0)
(0.2425856165 0.0437229291 0)
(0.546541377 0.009959763594 0)
(0.5216885968 0.004340397507 0)
(0.47841424 0.04554574134 0)
(0.4534546193 0.04006282002 0)
(0.4430061686 0.006553857534 0)
(0.5568887111 0.04350438498 0)
(0.1833971933 0.04262144656 0)
(0.8166028067 0.007378553441 0)
(0.9199975519 0.01422102268 0)
(0.08000244814 0.03577897732 0)
(0.09987937428 0.0109060162 0)
(0.9001206257 0.0390939838 0)
(0.4304826558 0.00958957867 0)
(0.4695808115 0.004257368192 0)
(0.5304154253 0.04574461281 0)
(0.2514034677 0.03415267345 0)
(0.7485965323 0.01584732655 0)
(0.6614494048 0.009594944615 0)
(0.3385505952 0.04040505539 0)
(0.9951826203 0.03976241463 0)
(0.004817379689 0.01023758537 0)
(0.530343924 0.00397574562 0)
(0.5283565105 0.007667818858 0)
(0.469656076 0.04602425438 0)
(0.4716432234 0.04233781892 0)
(0.78420472 0.03073023415 0)
(0.21579528 0.01926976585 0)
(0.5261724268 0.004701991699 0.001)
(0.4738275732 0.0452980083 0.001)
(0.5785341812 0.004355685901 0.001)
(0.4214661066 0.04564681609 0.001)
(0.6313040651 0.005235138606 0.001)
(0.3686959349 0.04476486139 0.001)
(0.3167833358 0.04440139108 0.001)
(0.6832166642 0.005598608919 0.001)
(0.264329889 0.04482577038 0.001)
(0.735670111 0.005174229618 0.001)
(0.2119698454 0.04505532728 0.001)
(0.7880301546 0.004944672717 0.001)
(0.160038022 0.005179539881 0.001)
(0.839961978 0.04482046012 0.001)
(0.1076036561 0.04502684052 0.001)
(0.8923963439 0.004973159476 0.001)
(0.05509101706 0.005223400859 0.001)
(0.9449089829 0.04477659914 0.001)
(0.4741020853 0.00435058741 0.001)
(0.5258948117 0.04565283403 0.001)
(0.5784726626 0.04528781058 0.001)
(0.4215273374 0.004712189419 0.001)
(0.6304033448 0.04475035696 0.001)
(0.3695966552 0.005249643045 0.001)
(0.6831054613 0.0452381745 0.001)
(0.3168945387 0.004761825497 0.001)
(0.264437687 0.005450068608 0.001)
(0.735562313 0.04454993139 0.001)
(0.7880065407 0.04489906519 0.001)
(0.2119934593 0.005100934812 0.001)
(0.159882719 0.0447434397 0.001)
(0.840117281 0.005256560302 0.001)
(0.1075569594 0.005716706806 0.001)
(0.8924430406 0.04428329319 0.001)
(0.04927739283 0.04486245845 0.001)
(0.9507226072 0.005137541552 0.001)
(0.6691148136 0.04280167896 0.001)
(0.3308851864 0.007198321043 0.001)
(0.6151170315 0.04241891846 0.001)
(0.3848829685 0.007581081542 0.001)
(0.5631136647 0.04308575775 0.001)
(0.4362426743 0.006795620885 0.001)
(0.4886137659 0.00738422489 0.001)
(0.5113862341 0.04261577511 0.001)
(0.5400913194 0.008074490079 0.001)
(0.4599054261 0.04193774753 0.001)
(0.5921739099 0.00720628075 0.001)
(0.4078249466 0.04281598417 0.001)
(0.3550137534 0.04299598812 0.001)
(0.6449862466 0.007004011877 0.001)
(0.6953360959 0.007903342194 0.001)
(0.3046639041 0.04209665781 0.001)
(0.6966099923 0.04385984074 0.001)
(0.3033900077 0.006140159258 0.001)
(0.7190107443 0.007748015844 0.001)
(0.2809892557 0.04225198416 0.001)
(0.250962812 0.04200287139 0.001)
(0.749037188 0.007997128615 0.001)
(0.2507411832 0.006756594634 0.001)
(0.7492588168 0.04324340537 0.001)
(0.2271355667 0.04227481133 0.001)
(0.7728644333 0.007725188674 0.001)
(0.1983228571 0.0444809584 0.001)
(0.8016771429 0.005519041599 0.001)
(0.1993025203 0.006054965344 0.001)
(0.8006974797 0.04394503466 0.001)
(0.176147929 0.04088768639 0.001)
(0.823852071 0.009112313607 0.001)
(0.8531720505 0.0437863474 0.001)
(0.1468279495 0.006213652597 0.001)
(0.146457621 0.04348804949 0.001)
(0.853542379 0.006511950506 0.001)
(0.1230738454 0.04149423032 0.001)
(0.8769261546 0.008505769684 0.001)
(0.9063161942 0.006994508268 0.001)
(0.9057331726 0.04359813015 0.001)
(0.0942668274 0.006401869846 0.001)
(0.09368380584 0.04300549173 0.001)
(0.07283744561 0.0412497954 0.001)
(0.9271625544 0.008750204598 0.001)
(0.9579306954 0.04370656569 0.001)
(0.04206930462 0.006293434313 0.001)
(0.3551452866 0.006918752596 0.001)
(0.6448547134 0.0430812474 0.001)
(0.4081895812 0.008714767972 0.001)
(0.5918015074 0.0413106232 0.001)
(0.4587797028 0.007044003036 0.001)
(0.5412123487 0.04296309465 0.001)
(0.9681095494 0.008739050139 0.001)
(0.03189045065 0.04126094986 0.001)
(0.5113347068 0.007604987006 0.001)
(0.4886137659 0.04261577511 0.001)
(0.5634452348 0.007528867293 0.001)
(0.4357430532 0.04272216883 0.001)
(0.6150487575 0.007370780143 0.001)
(0.3849512425 0.04262921986 0.001)
(0.6679269919 0.007918520125 0.001)
(0.3320730081 0.04208147987 0.001)
(0.7203497974 0.04212397373 0.001)
(0.2796502026 0.007876026272 0.001)
(0.2286954703 0.007367645316 0.001)
(0.7713045297 0.04263235468 0.001)
(0.8237421443 0.0417441639 0.001)
(0.1762578557 0.008255836096 0.001)
(0.1247335839 0.008202180057 0.001)
(0.8752664161 0.04179781994 0.001)
(0.99250848 0.03322059763 0.001)
(0.007491520024 0.01677940237 0.001)
(0.07166024619 0.008240514879 0.001)
(0.9283397538 0.04175948512 0.001)
(0.9941952245 0.009732385184 0.001)
(0.005804775529 0.04026761482 0.001)
(0.9804674615 0.04304653907 0.001)
(0.01953253854 0.006953460933 0.001)
(0.5025045584 0.04259688254 0.001)
(0.5079000563 0.03519989684 0.001)
(0.5156958138 0.0355810961 0.001)
(0.5123028175 0.02819421837 0.001)
(0.519901031 0.02885737622 0.001)
(0.5036362071 0.02703659192 0.001)
(0.5166233194 0.02190684495 0.001)
(0.5239893305 0.02268863222 0.001)
(0.527334783 0.02931563511 0.001)
(0.5314668017 0.0230577521 0.001)
(0.5207769929 0.01560974876 0.001)
(0.5348661696 0.02935680714 0.001)
(0.5392191339 0.02282169581 0.001)
(0.54259094 0.0297874223 0.001)
(0.5474726702 0.02311354822 0.001)
(0.5509852678 0.03020875437 0.001)
(0.5559329963 0.02345198109 0.001)
(0.551975627 0.01509023711 0.001)
(0.5306821187 0.03573199497 0.001)
(0.4978590738 0.008196399443 0.001)
(0.4925288162 0.01537535927 0.001)
(0.4843735779 0.01451821349 0.001)
(0.4879027741 0.02184344998 0.001)
(0.4801405443 0.02117370061 0.001)
(0.4834970245 0.0281702673 0.001)
(0.4760329832 0.02734039136 0.001)
(0.4726680275 0.02070358272 0.001)
(0.4685310371 0.02696311596 0.001)
(0.4792208911 0.03441072616 0.001)
(0.4651200191 0.02066319967 0.001)
(0.4607695335 0.02720231251 0.001)
(0.4573919759 0.02023653004 0.001)
(0.4525146261 0.02691445422 0.001)
(0.4489971488 0.01981647263 0.001)
(0.4440619451 0.02659718566 0.001)
(0.4480192201 0.03493845013 0.001)
(0.4911123095 0.02889160204 0.001)
(0.469307446 0.01427762892 0.001)
(0.3935714387 0.008050397149 0.001)
(0.3881449483 0.01545548473 0.001)
(0.3798948969 0.01405970765 0.001)
(0.3835601511 0.02231161114 0.001)
(0.3756596874 0.02212710669 0.001)
(0.3911069498 0.02266717903 0.001)
(0.372154184 0.01568074482 0.001)
(0.3687370044 0.02188604444 0.001)
(0.3717691453 0.02803504126 0.001)
(0.3649806661 0.02756333872 0.001)
(0.3616513939 0.02128907377 0.001)
(0.3576141438 0.02860767719 0.001)
(0.3543978696 0.02078272852 0.001)
(0.3493755947 0.02753423684 0.001)
(0.3457354942 0.02047719253 0.001)
(0.3409713318 0.02739634618 0.001)
(0.3683094003 0.03360146286 0.001)
(0.3443930399 0.03535108234 0.001)
(0.3746816133 0.03444183192 0.001)
(0.3458832583 0.006892455247 0.001)
(0.6064283452 0.04196659868 0.001)
(0.6118540641 0.03455747673 0.001)
(0.620104962 0.03594214399 0.001)
(0.6164396608 0.02769085771 0.001)
(0.6243403126 0.02787289331 0.001)
(0.6088915307 0.02735309041 0.001)
(0.6278458075 0.03431936765 0.001)
(0.6312629942 0.0281139743 0.001)
(0.6282308544 0.02196496187 0.001)
(0.6350193337 0.02243666492 0.001)
(0.638348606 0.02871092759 0.001)
(0.6423858562 0.02139232353 0.001)
(0.6456021304 0.02921727182 0.001)
(0.6506244053 0.02246576316 0.001)
(0.6542645058 0.02952280753 0.001)
(0.6590286682 0.02260365382 0.001)
(0.6316905997 0.01639853795 0.001)
(0.6556069601 0.01464891766 0.001)
(0.6253183866 0.01555816873 0.001)
(0.6541167417 0.04310754475 0.001)
(0.6059425269 0.007146790874 0.001)
(0.3940488719 0.04287747973 0.001)
(0.06246826869 0.04297854909 0.001)
(0.06543756154 0.03479194278 0.001)
(0.07417120463 0.03192212426 0.001)
(0.06741328345 0.02638726098 0.001)
(0.0592204626 0.02885703738 0.001)
(0.06091418164 0.02139596213 0.001)
(0.0534382858 0.02367495519 0.001)
(0.05156653774 0.03092066318 0.001)
(0.04600518223 0.02545041187 0.001)
(0.07637955969 0.02342623158 0.001)
(0.08297157986 0.02888011641 0.001)
(0.08501078784 0.02075740338 0.001)
(0.09151172131 0.02648767168 0.001)
(0.04827783909 0.01747832052 0.001)
(0.04026934877 0.02033983449 0.001)
(0.04413539816 0.03383319451 0.001)
(0.09318406437 0.01873665267 0.001)
(0.09915096467 0.02407114151 0.001)
(0.1004483414 0.01625867786 0.001)
(0.1068465783 0.01970145344 0.001)
(0.1050987307 0.02923957635 0.001)
(0.1126631337 0.02644288065 0.001)
(0.1114610757 0.03406770319 0.001)
(0.9375317313 0.007021450912 0.001)
(0.9345624385 0.01520805722 0.001)
(0.9258287954 0.01807787574 0.001)
(0.9325867165 0.02361273902 0.001)
(0.9407795374 0.02114296262 0.001)
(0.9390858184 0.02860403787 0.001)
(0.9465617142 0.02632504481 0.001)
(0.9484334623 0.01907933682 0.001)
(0.9539948178 0.02454958813 0.001)
(0.9236204403 0.02657376842 0.001)
(0.9170284201 0.02111988359 0.001)
(0.9149892122 0.02924259662 0.001)
(0.9084882787 0.02351232832 0.001)
(0.9517221609 0.03252167948 0.001)
(0.9597306512 0.02966016551 0.001)
(0.9558646018 0.01616680549 0.001)
(0.9068159356 0.03126334733 0.001)
(0.9008490353 0.02592885849 0.001)
(0.8995516586 0.03374132214 0.001)
(0.8931534217 0.03029854656 0.001)
(0.8949012693 0.02076042365 0.001)
(0.8873368663 0.02355711935 0.001)
(0.8885389243 0.01593229681 0.001)
(0.114595849 0.01959616329 0.001)
(0.1217577954 0.02399642671 0.001)
(0.885404151 0.03040383671 0.001)
(0.8782422046 0.02600357329 0.001)
(0.7100102562 0.008645733762 0.001)
(0.715450814 0.01612081571 0.001)
(0.724116593 0.01449177499 0.001)
(0.7075596161 0.01771177584 0.001)
(0.7203692332 0.02299940389 0.001)
(0.7284195862 0.02272624783 0.001)
(0.732223399 0.01515066407 0.001)
(0.7354853694 0.02229139571 0.001)
(0.7323264214 0.02868017349 0.001)
(0.7391401067 0.02817870756 0.001)
(0.7431995157 0.02089906924 0.001)
(0.7466585183 0.02907013914 0.001)
(0.7510080851 0.0215456606 0.001)
(0.7546842579 0.02824177755 0.001)
(0.7588133221 0.02135947848 0.001)
(0.7631237556 0.02817238107 0.001)
(0.7356211331 0.03403876039 0.001)
(0.7589052141 0.03552756632 0.001)
(0.7673129778 0.02087986813 0.001)
(0.7719035517 0.02781123967 0.001)
(0.7759339585 0.02082662908 0.001)
(0.7800086515 0.02686840371 0.001)
(0.7837069828 0.02063097438 0.001)
(0.7874962685 0.02644018657 0.001)
(0.791036389 0.02040089113 0.001)
(0.7949379265 0.02632160699 0.001)
(0.7984705143 0.02016459808 0.001)
(0.8027055813 0.0263012535 0.001)
(0.8064620975 0.02001054522 0.001)
(0.810599222 0.02644243836 0.001)
(0.7910329634 0.03239463082 0.001)
(0.814964394 0.01934584101 0.001)
(0.8195182074 0.02662709617 0.001)
(0.7291835223 0.03446689975 0.001)
(0.8092459258 0.006921846519 0.001)
(0.7874613539 0.01480176643 0.001)
(0.2899897438 0.04135426624 0.001)
(0.284549186 0.03387918429 0.001)
(0.275883407 0.03550822501 0.001)
(0.2924403839 0.03228822416 0.001)
(0.2796307668 0.02700059611 0.001)
(0.2715804138 0.02727375217 0.001)
(0.267776601 0.03484933593 0.001)
(0.2645146306 0.02770860429 0.001)
(0.2676735786 0.02131982651 0.001)
(0.2608598933 0.02182129244 0.001)
(0.2568004843 0.02910093076 0.001)
(0.2533414817 0.02092986086 0.001)
(0.2489919149 0.0284543394 0.001)
(0.2453157421 0.02175822245 0.001)
(0.2411866779 0.02864052152 0.001)
(0.2368762444 0.02182761893 0.001)
(0.2643788669 0.01596123961 0.001)
(0.2410947859 0.01447243368 0.001)
(0.2326870222 0.02912013187 0.001)
(0.2280964483 0.02218876033 0.001)
(0.2240660415 0.02917337092 0.001)
(0.2199913485 0.02313159629 0.001)
(0.2162930172 0.02936902562 0.001)
(0.2125037315 0.02355981343 0.001)
(0.208963611 0.02959910887 0.001)
(0.2050620735 0.02367839301 0.001)
(0.2015294857 0.02983540192 0.001)
(0.1972944187 0.0236987465 0.001)
(0.1935379025 0.02998945478 0.001)
(0.189400778 0.02355756164 0.001)
(0.2089670366 0.01760536918 0.001)
(0.185035606 0.03065415899 0.001)
(0.1804817926 0.02337290383 0.001)
(0.2708164777 0.01553310025 0.001)
(0.1907540742 0.04307815348 0.001)
(0.2125386461 0.03519823357 0.001)
(0.7102524196 0.04134958297 0.001)
(0.2897475804 0.008650417033 0.001)
(0.3369321105 0.02029989865 0.001)
(0.3325345093 0.02723755185 0.001)
(0.3285047073 0.02017011408 0.001)
(0.3245704161 0.02678666722 0.001)
(0.3208876525 0.02000337018 0.001)
(0.3170550907 0.02614579201 0.001)
(0.3136670552 0.01970203937 0.001)
(0.3096727179 0.02593594808 0.001)
(0.3202002851 0.03241541464 0.001)
(0.3066248342 0.01950868859 0.001)
(0.6630678895 0.02970010136 0.001)
(0.6674654907 0.02276244815 0.001)
(0.6714952927 0.02982988592 0.001)
(0.6754295839 0.02321333278 0.001)
(0.6791123475 0.02999662982 0.001)
(0.6829449093 0.02385420799 0.001)
(0.6863329448 0.03029796063 0.001)
(0.6903272821 0.02406405192 0.001)
(0.6797997149 0.01758458536 0.001)
(0.6933751658 0.03049131141 0.001)
(0.8954486496 0.01243419095 0.001)
(0.1045513504 0.03756580905 0.001)
(0.2710881748 0.04017321698 0.001)
(0.7289118252 0.009826783024 0.001)
(0.7151124171 0.03451787733 0.001)
(0.7072821334 0.03301663119 0.001)
(0.2848875829 0.01548212267 0.001)
(0.2927178666 0.01698336881 0.001)
(0.1864708698 0.009144533516 0.001)
(0.8135291302 0.04085546648 0.001)
(0.6137114646 0.02077554149 0.001)
(0.3862874226 0.02922761881 0.001)
(0.3171281429 0.01426395172 0.001)
(0.6828718571 0.03573604828 0.001)
(0.4401286421 0.01887766287 0.001)
(0.4356715862 0.02578807789 0.001)
(0.4317410028 0.01900851974 0.001)
(0.4277866015 0.0251712069 0.001)
(0.4245988628 0.01867338238 0.001)
(0.4206793781 0.02454402963 0.001)
(0.4236543767 0.0309761785 0.001)
(0.416743817 0.0303209307 0.001)
(0.4133576841 0.02378062693 0.001)
(0.4090479233 0.02977931592 0.001)
(0.4277926313 0.01359567888 0.001)
(0.4057610623 0.02286864713 0.001)
(0.4017312127 0.02941566936 0.001)
(0.4194341096 0.03636128716 0.001)
(0.426276635 0.03729474818 0.001)
(0.5598534857 0.03115601798 0.001)
(0.5643172424 0.02425066538 0.001)
(0.5682485592 0.03102924169 0.001)
(0.572203552 0.02486856411 0.001)
(0.5753888595 0.03137117373 0.001)
(0.5793118891 0.0255006448 0.001)
(0.576339838 0.01906419017 0.001)
(0.5832519536 0.01972364449 0.001)
(0.5866340254 0.02626767689 0.001)
(0.5909478725 0.02026524322 0.001)
(0.572396527 0.03726691259 0.001)
(0.5942327176 0.02718085654 0.001)
(0.5982592603 0.02062525574 0.001)
(0.580563928 0.01366961874 0.001)
(0.573720528 0.01274201129 0.001)
(0.4214771282 0.01342525889 0.001)
(0.8661451655 0.04113337221 0.001)
(0.1338548345 0.008866627793 0.001)
(0.866293916 0.01032951353 0.001)
(0.133706084 0.03967048647 0.001)
(0.01093374144 0.009187776154 0.001)
(0.9890662586 0.04081222385 0.001)
(0.2371864903 0.04062947058 0.001)
(0.7628135097 0.009370529422 0.001)
(0.01963601172 0.04148751526 0.001)
(0.02583717253 0.03295238777 0.001)
(0.0164317138 0.03254193146 0.001)
(0.02214303551 0.02492036106 0.001)
(0.9803639883 0.008512484745 0.001)
(0.9741628275 0.01704761223 0.001)
(0.9835682862 0.01745806854 0.001)
(0.9778569645 0.02507963894 0.001)
(0.5785698098 0.03696706081 0.001)
(0.4496507297 0.006656081409 0.001)
(0.5503408698 0.04335088033 0.001)
(0.8719130953 0.01749543222 0.001)
(0.8626284607 0.01842575739 0.001)
(0.8677076255 0.02544069721 0.001)
(0.8589880901 0.02585050887 0.001)
(0.8541642355 0.01963925344 0.001)
(0.8509709645 0.02662595666 0.001)
(0.846612927 0.02089647306 0.001)
(0.8438814741 0.02739470188 0.001)
(0.8395457529 0.02173483399 0.001)
(0.836584941 0.02817869579 0.001)
(0.8408448786 0.03380806402 0.001)
(0.8323308629 0.02289849921 0.001)
(0.8362123089 0.01551276475 0.001)
(0.833960163 0.0345311799 0.001)
(0.8550743821 0.03271406144 0.001)
(0.1280869047 0.03250456778 0.001)
(0.1373715393 0.03157424261 0.001)
(0.1322923745 0.02455930279 0.001)
(0.1410119099 0.02414949113 0.001)
(0.1458357645 0.03036074656 0.001)
(0.1490290355 0.02337404334 0.001)
(0.153387073 0.02910352694 0.001)
(0.1561185259 0.02260529812 0.001)
(0.1604542471 0.02826516601 0.001)
(0.163415059 0.02182130421 0.001)
(0.1591551214 0.01619193598 0.001)
(0.1676691371 0.02710150079 0.001)
(0.1637876911 0.03448723525 0.001)
(0.166039837 0.0154688201 0.001)
(0.1449256179 0.01728593856 0.001)
(0.6971966189 0.02458725973 0.001)
(0.3028033811 0.02541274027 0.001)
(0.6948469173 0.01659567446 0.001)
(0.3051530827 0.03340432554 0.001)
(0.6257523779 0.04064843007 0.001)
(0.3742476043 0.009351803751 0.001)
(0.5016529233 0.01715863029 0.001)
(0.084168078 0.04244220506 0.001)
(0.915831922 0.007557794937 0.001)
(0.08616028616 0.007213033924 0.001)
(0.9138397138 0.04278696608 0.001)
(0.9658827075 0.04292075821 0.001)
(0.03411729254 0.007079241793 0.001)
(0.9600906736 0.009277956394 0.001)
(0.03990932642 0.04072204361 0.001)
(0.410205554 0.01651256459 0.001)
(0.4028797379 0.01576460815 0.001)
(0.5897829093 0.03353610796 0.001)
(0.5968367398 0.03425178346 0.001)
(0.9355970105 0.04085698085 0.001)
(0.06440298952 0.009143019153 0.001)
(0.1170629394 0.008104326128 0.001)
(0.8829370606 0.04189567387 0.001)
(0.779592006 0.04159910351 0.001)
(0.2202706477 0.04283595602 0.001)
(0.220407994 0.008400896487 0.001)
(0.7797293523 0.007164043977 0.001)
(0.5348422664 0.01542922223 0.001)
(0.4651527906 0.03458447558 0.001)
(0.942669101 0.01327477515 0.001)
(0.05733089896 0.03672522485 0.001)
(0.3254541388 0.04231691676 0.001)
(0.3274099261 0.03476915184 0.001)
(0.6745458612 0.007683083238 0.001)
(0.6725900739 0.01523084816 0.001)
(0.6224765996 0.008834922871 0.001)
(0.3775234004 0.04116507724 0.001)
(0.02754507578 0.01709420671 0.001)
(0.9724549242 0.03290579329 0.001)
(0.5179563842 0.008675731414 0.001)
(0.4820673768 0.04138935086 0.001)
(0.3244146816 0.007540647857 0.001)
(0.6755853184 0.04245935214 0.001)
(0.098162294 0.03173402708 0.001)
(0.901837706 0.01826597292 0.001)
(0.4660976228 0.008197619326 0.001)
(0.5338920103 0.04180843988 0.001)
(0.5186774135 0.04210131073 0.001)
(0.4813332826 0.007918015585 0.001)
(0.5848321903 0.04366994429 0.001)
(0.4151638963 0.006336942558 0.001)
(0.6370680422 0.04372675494 0.001)
(0.3629319578 0.006273245057 0.001)
(0.1136417301 0.04482796935 0.001)
(0.8863582699 0.005172030654 0.001)
(0.5330374298 0.008114509214 0.001)
(0.4669605663 0.0418902461 0.001)
(0.5282274387 0.0125726252 0.001)
(0.1671788173 0.005599929522 0.001)
(0.8328211827 0.04440007048 0.001)
(0.8347151115 0.00499466009 0.001)
(0.1652848885 0.04500533991 0.001)
(0.848954367 0.01365890088 0.001)
(0.151045633 0.03634109912 0.001)
(0.4717700465 0.03743523828 0.001)
(0.7288617742 0.04460086509 0.001)
(0.2711382258 0.005399134907 0.001)
(0.8064894024 0.03374083916 0.001)
(0.1935105976 0.01625916084 0.001)
(0.7769735104 0.03434764331 0.001)
(0.2230264896 0.01565235669 0.001)
(0.5835826742 0.00697427447 0.001)
(0.4164170772 0.04304278337 0.001)
(0.5717531282 0.04408174619 0.001)
(0.4280610721 0.004964856692 0.001)
(0.4275411392 0.04395432536 0.001)
(0.5723746683 0.006079639183 0.001)
(0.3623991978 0.04385359535 0.001)
(0.3588293651 0.03641322394 0.001)
(0.6376008022 0.006146404648 0.001)
(0.6411706349 0.01358677606 0.001)
(0.2871892211 0.02435521169 0.001)
(0.7128107789 0.02564478831 0.001)
(0.6887841469 0.006151314971 0.001)
(0.6848214102 0.01191332833 0.001)
(0.3112158531 0.04384868503 0.001)
(0.3151785898 0.03808667167 0.001)
(0.689847403 0.04329658088 0.001)
(0.310152597 0.006703419118 0.001)
(0.6327621517 0.03913825046 0.001)
(0.3672378483 0.01086174954 0.001)
(0.06881284905 0.01663068265 0.001)
(0.931187151 0.03336931735 0.001)
(0.360613284 0.01350307529 0.001)
(0.639386716 0.0364969248 0.001)
(0.00695328544 0.03231089963 0.001)
(0.9930467146 0.01768910037 0.001)
(0.2581434463 0.04361448403 0.001)
(0.2625162646 0.03905887819 0.001)
(0.2569377882 0.036809356 0.001)
(0.7418565537 0.006385515967 0.001)
(0.7374837354 0.01094112181 0.001)
(0.7430622118 0.013190644 0.001)
(0.2580456229 0.005978582227 0.001)
(0.7419543771 0.04402141777 0.001)
(0.9093328708 0.01538103408 0.001)
(0.0906671292 0.03461896592 0.001)
(0.7454237919 0.03690837215 0.001)
(0.2545762081 0.01309162785 0.001)
(0.2055308958 0.006471219077 0.001)
(0.794600849 0.006676850866 0.001)
(0.205399151 0.04332314913 0.001)
(0.7944691042 0.04352878092 0.001)
(0.4384868588 0.03414728462 0.001)
(0.5613917356 0.01591681846 0.001)
(0.4766373019 0.0133877908 0.001)
(0.5233549043 0.03661109431 0.001)
(0.8230783572 0.01846621586 0.001)
(0.1769216428 0.03153378414 0.001)
(0.7843183823 0.03621795474 0.001)
(0.2156816177 0.01378204526 0.001)
(0.846392465 0.04425928875 0.001)
(0.153607535 0.005740711246 0.001)
(0.1534260914 0.04370777365 0.001)
(0.1577701189 0.03907176097 0.001)
(0.8465739086 0.006292226353 0.001)
(0.8422298811 0.01092823903 0.001)
(0.2448570702 0.03598230355 0.001)
(0.7551429298 0.01401769645 0.001)
(0.7983480446 0.03777637342 0.001)
(0.2016519554 0.01222362658 0.001)
(0.8989305052 0.006180664203 0.001)
(0.898177524 0.04428563181 0.001)
(0.8949523688 0.03857109171 0.001)
(0.101822476 0.005714368186 0.001)
(0.1050476312 0.01142890829 0.001)
(0.1010694948 0.0438193358 0.001)
(0.1286951767 0.01651518832 0.001)
(0.8713048233 0.03348481168 0.001)
(0.04938207838 0.005676593314 0.001)
(0.05278030065 0.01104326609 0.001)
(0.9506179216 0.04432340669 0.001)
(0.9472196994 0.03895673391 0.001)
(0.6210822113 0.02152766512 0.001)
(0.3789175718 0.0284732737 0.001)
(0.05494492233 0.04375382906 0.001)
(0.9450550777 0.006246170936 0.001)
(0.7253011667 0.02912178747 0.001)
(0.2746988333 0.02087821253 0.001)
(0.1198658793 0.03263482865 0.001)
(0.8801341207 0.01736517135 0.001)
(0.5138870972 0.01510346701 0.001)
(0.3362148029 0.0344649572 0.001)
(0.6637851971 0.0155350428 0.001)
(0.5691080532 0.0183450024 0.001)
(0.4308837577 0.03168995686 0.001)
(0.8471919166 0.03316868244 0.001)
(0.1528080834 0.01683131756 0.001)
(0.4864970819 0.03524321792 0.001)
(0.4936954622 0.03588794239 0.001)
(0.05005021698 0.037956742 0.001)
(0.949949783 0.012043258 0.001)
(0.3105108456 0.01357006001 0.001)
(0.6894891544 0.03642993999 0.001)
(0.4566360359 0.03427337666 0.001)
(0.5433570656 0.01574815951 0.001)
(0.5823740647 0.03181501198 0.001)
(0.4176196996 0.01828724993 0.001)
(0.9678568123 0.02570096454 0.001)
(0.03214318771 0.02429903546 0.001)
(0.5520128499 0.006681118184 0.001)
(0.2205457872 0.03636867431 0.001)
(0.7794542128 0.01363132569 0.001)
(0.4479871501 0.04333670609 0.001)
(0.07923402938 0.01307862107 0.001)
(0.9207659706 0.03692137893 0.001)
(0.2061480203 0.03576816508 0.001)
(0.7938519797 0.01423183492 0.001)
(0.7898935571 0.03930712027 0.001)
(0.2101064429 0.01069287973 0.001)
(0.6285909697 0.01019896791 0.001)
(0.3714090303 0.03980103235 0.001)
(0.6872488452 0.01775366891 0.001)
(0.3127511548 0.03224633109 0.001)
(0.4957919096 0.02338558264 0.001)
(0.03520993034 0.03309959195 0.001)
(0.9647900697 0.01690040805 0.001)
(0.5091743133 0.02131361227 0.001)
(0.1570256834 0.01058370692 0.001)
(0.8429743166 0.03941629308 0.001)
(0.3248470696 0.01324290762 0.001)
(0.6751529304 0.03675709238 0.001)
(0.4621449385 0.01397842386 0.001)
(0.5378324408 0.03603844432 0.001)
(0.136881149 0.01718506903 0.001)
(0.863118851 0.03281493097 0.001)
(0.6559976271 0.00629186387 0.001)
(0.3440023729 0.04370813613 0.001)
(0.2676565956 0.01053566031 0.001)
(0.7323434044 0.03946433969 0.001)
(0.412484239 0.03624592735 0.001)
(0.5875141599 0.01378909618 0.001)
(0.7670416177 0.03544111283 0.001)
(0.2329583823 0.01455888717 0.001)
(0.1980983205 0.03714482984 0.001)
(0.8019016795 0.01285517016 0.001)
(0.8192798221 0.03459059371 0.001)
(0.8270984117 0.03130938678 0.001)
(0.1807201779 0.01540940629 0.001)
(0.1729015883 0.01869061322 0.001)
(0.8832563703 0.01109676731 0.001)
(0.1167436297 0.03890323269 0.001)
(0.8571665468 0.01273327424 0.001)
(0.1428334532 0.03726672576 0.001)
(0.7620177475 0.04231997874 0.001)
(0.2379822525 0.007680021262 0.001)
(0.9443089149 0.03348324429 0.001)
(0.05569108509 0.01651675571 0.001)
(0.3512173516 0.01359218379 0.001)
(0.6487826484 0.03640781621 0.001)
(0.2699361233 0.04502797968 0.001)
(0.7300638767 0.004972020319 0.001)
(0.8307092244 0.01021819516 0.001)
(0.1692907756 0.03978180484 0.001)
(0.9580340076 0.03678750995 0.001)
(0.04196599243 0.01321249005 0.001)
(0.6181475753 0.01452006178 0.001)
(0.381852203 0.03548062153 0.001)
(0.5950794859 0.0140597013 0.001)
(0.2618787696 0.03325297809 0.001)
(0.7381212304 0.01674702191 0.001)
(0.4048838077 0.03597466955 0.001)
(0.4152967078 0.01220638891 0.001)
(0.6478860481 0.01590901376 0.001)
(0.3521139519 0.03409098624 0.001)
(0.3419852387 0.01381509231 0.001)
(0.6580147613 0.0361849077 0.001)
(0.5846545179 0.03769539253 0.001)
(0.2774104413 0.01519936972 0.001)
(0.7225895587 0.03480063028 0.001)
(0.9023731852 0.01185127408 0.001)
(0.09762681485 0.03814872592 0.001)
(0.6251032618 0.04592952311 0.001)
(0.3748967347 0.004070523653 0.001)
(0.9384005624 0.03533958647 0.001)
(0.06159943761 0.01466041353 0.001)
(0.01056922344 0.04424781434 0.001)
(0.9894307766 0.005752185665 0.001)
(0.7043875169 0.02537708601 0.001)
(0.2956124831 0.02462291399 0.001)
(0.2102157127 0.0400229575 0.001)
(0.7897842873 0.009977042499 0.001)
(0.03454496384 0.01501476128 0.001)
(0.9654550362 0.03498523872 0.001)
(0.4444961751 0.01276372784 0.001)
(0.7023010795 0.03928993603 0.001)
(0.2976989205 0.01071006397 0.001)
(0.6790692749 0.01078653759 0.001)
(0.3209307251 0.03921346241 0.001)
(0.5557354055 0.03758090185 0.001)
(0.7516179054 0.03555168319 0.001)
(0.2483820946 0.01444831681 0.001)
(0.8368757464 0.03998177225 0.001)
(0.1631242536 0.01001822775 0.001)
(0.5240013333 0.008974222561 0.001)
(0.4760018551 0.04104134755 0.001)
(0.297968622 0.03864324795 0.001)
(0.702031378 0.01135675205 0.001)
(0.6014804588 0.02721334225 0.001)
(0.3660787429 0.01664413757 0.001)
(0.6339212551 0.03335588896 0.001)
(0.4723017345 0.00930187937 0.001)
(0.3984676299 0.0228173388 0.001)
(0.4969977219 0.03016534659 0.001)
(0.5276853928 0.04070250699 0.001)
(0.6059145007 0.02055665008 0.001)
(0.5049416329 0.009693978885 0.001)
(0.09517408749 0.01334831583 0.001)
(0.9048259125 0.03665168417 0.001)
(0.3940673052 0.02947288312 0.001)
(0.03931023748 0.02725713414 0.001)
(0.9606897625 0.02274286586 0.001)
(0.8891997116 0.00992168904 0.001)
(0.1108002884 0.04007831096 0.001)
(0.6346148386 0.01149816984 0.001)
(0.3653851614 0.03850183033 0.001)
(0.8425791905 0.01656648431 0.001)
(0.1574208095 0.03343351569 0.001)
(0.4540111879 0.01335817106 0.001)
(0.5460004519 0.03669974081 0.001)
(0.6902074831 0.01206346577 0.001)
(0.3097925169 0.03793653423 0.001)
(0.1629284844 0.04065199355 0.001)
(0.8370715156 0.009348006448 0.001)
(0.0882035726 0.01369450135 0.001)
(0.9117964274 0.03630549865 0.001)
(0.2612761934 0.01129469175 0.001)
(0.7387238066 0.03870530825 0.001)
(0.005661636979 0.005656241621 0.001)
(0.994338363 0.04434375838 0.001)
(0.6851941034 0.04034079247 0.001)
(0.3148058966 0.009659207532 0.001)
(0.1204396369 0.01508966971 0.001)
(0.8795603631 0.03491033029 0.001)
(0.01187900198 0.0381711551 0.001)
(0.988120998 0.0118288449 0.001)
(0.3041198113 0.01316088434 0.001)
(0.6958801887 0.03683911566 0.001)
(0.7001413552 0.03144099628 0.001)
(0.2998586448 0.01855900372 0.001)
(0.9417125661 0.03981809406 0.001)
(0.05828743388 0.01018190594 0.001)
(0.4954168799 0.04271943816 0.001)
(0.6041296286 0.03437849424 0.001)
(0.3958147475 0.01564458933 0.001)
(0.3973422205 0.03610226254 0.001)
(0.2298248611 0.03532222002 0.001)
(0.7701751389 0.01467777998 0.001)
(0.4007177802 0.009112528099 0.001)
(0.3195506954 0.008976542002 0.001)
(0.6804493046 0.041023458 0.001)
(0.01864713331 0.01602911015 0.001)
(0.9813528667 0.03397088985 0.001)
(0.5993691562 0.04038149992 0.001)
(0.568008044 0.01212246773 0.001)
(0.4317862888 0.03796169677 0.001)
(0.1119943909 0.01201007867 0.001)
(0.8880056091 0.03798992133 0.001)
(0.424614009 0.009013609422 0.001)
(0.6026445226 0.01392983081 0.001)
(0.7848374559 0.009195735767 0.001)
(0.2151625441 0.04080426423 0.001)
(0.2150170737 0.008454572473 0.001)
(0.7849829263 0.04154542753 0.001)
(0.5758295015 0.04125330747 0.001)
(0.6102348913 0.01404994253 0.001)
(0.3897582109 0.03596501427 0.001)
(0.4351472969 0.01343846482 0.001)
(0.3334725703 0.01389204659 0.001)
(0.6665274297 0.03610795341 0.001)
(0.5658134006 0.03695197595 0.001)
(0.1494018533 0.0112734741 0.001)
(0.141620669 0.01067645892 0.001)
(0.8505981467 0.0387265259 0.001)
(0.858379331 0.03932354108 0.001)
(0.0119151067 0.02508440872 0.001)
(0.9880848933 0.02491559128 0.001)
(0.1697326329 0.0112061589 0.001)
(0.8302673671 0.0387938411 0.001)
(0.1813374413 0.03643265843 0.001)
(0.8186625587 0.01356734157 0.001)
(0.598698001 0.008468520748 0.001)
(0.4012900574 0.0415540792 0.001)
(0.1893562259 0.03607026705 0.001)
(0.8106437741 0.01392973295 0.001)
(0.7012044094 0.01912570962 0.001)
(0.2987955906 0.03087429038 0.001)
(0.1736905311 0.02537055556 0.001)
(0.8263094689 0.02462944444 0.001)
(0.8060206939 0.04083697116 0.001)
(0.1939793061 0.009163028845 0.001)
(0.3379884765 0.008359583039 0.001)
(0.6620115235 0.04164041696 0.001)
(0.9529284913 0.03903534475 0.001)
(0.04707150873 0.01096465525 0.001)
(0.9396209204 0.04520607335 0.001)
(0.06037907958 0.004793926654 0.001)
(0.04394931479 0.04533091242 0.001)
(0.9560506852 0.004669087585 0.001)
(0.5775441725 0.009101938918 0.001)
(0.7411134713 0.03338025749 0.001)
(0.2588865287 0.01661974251 0.001)
(0.4224477377 0.04091900564 0.001)
(0.7829876456 0.04563591201 0.001)
(0.2170123544 0.004364087989 0.001)
(0.1704177316 0.03347846674 0.001)
(0.8295822684 0.01652153326 0.001)
(0.7987402214 0.03117279146 0.001)
(0.2012597786 0.01882720854 0.001)
(0.5574813765 0.01044490926 0.001)
(0.4423742755 0.04102892193 0.001)
(0.112773608 0.004807251251 0.001)
(0.887226392 0.04519274875 0.001)
(0.2168958546 0.04570389393 0.001)
(0.7831041454 0.004296106075 0.001)
(0.6373319599 0.01742319388 0.001)
(0.3626680401 0.03257680612 0.001)
(0.8610208931 0.005914947655 0.001)
(0.1389791069 0.04408505234 0.001)
(0.754867033 0.0405816687 0.001)
(0.245132967 0.0094183313 0.001)
(0.004922554945 0.04510423131 0.001)
(0.9950774451 0.004895768685 0.001)
(0.3492871427 0.03993614385 0.001)
(0.6507128573 0.01006385615 0.001)
(0.5217889286 0.04590185558 0.001)
(0.4782112415 0.004098242631 0.001)
(0.5007527213 0.03562501397 0.001)
(0.6783955754 0.004410238932 0.001)
(0.3216044246 0.04558976107 0.001)
(0.4196158157 0.009138877841 0.001)
(0.5806595075 0.04111164497 0.001)
(0.2748793563 0.04331953579 0.001)
(0.7251206437 0.006680464206 0.001)
(0.527940658 0.01839470278 0.001)
(0.2371484243 0.03393892951 0.001)
(0.7628515757 0.01606107049 0.001)
(0.7191691428 0.02900850374 0.001)
(0.2808308572 0.02099149626 0.001)
(0.6786165877 0.04582107243 0.001)
(0.3213834123 0.004178927569 0.001)
(0.4720536167 0.03161443922 0.001)
(0.3737162597 0.04535741358 0.001)
(0.6262837403 0.004642586472 0.001)
(0.8133875028 0.03258958918 0.001)
(0.1866124972 0.01741041082 0.001)
(0.4765171292 0.00781130316 0.001)
(0.6213598224 0.04298780313 0.001)
(0.3786401452 0.007012623319 0.001)
(0.5234802902 0.04219392033 0.001)
(0.04546432984 0.04054107019 0.001)
(0.9545356702 0.009458929806 0.001)
(0.2733343886 0.01090865829 0.001)
(0.7266656114 0.03909134171 0.001)
(0.2667197677 0.04109179803 0.001)
(0.7332802323 0.008908201973 0.001)
(0.9731285724 0.04003412446 0.001)
(0.02687142764 0.009965875544 0.001)
(0.5076498249 0.01516238118 0.001)
(0.7574143835 0.006277070897 0.001)
(0.2425856165 0.0437229291 0.001)
(0.546541377 0.009959763594 0.001)
(0.5216885968 0.004340397507 0.001)
(0.47841424 0.04554574134 0.001)
(0.4534546193 0.04006282002 0.001)
(0.4430061686 0.006553857534 0.001)
(0.5568887111 0.04350438498 0.001)
(0.1833971933 0.04262144656 0.001)
(0.8166028067 0.007378553441 0.001)
(0.9199975519 0.01422102268 0.001)
(0.08000244814 0.03577897732 0.001)
(0.09987937428 0.0109060162 0.001)
(0.9001206257 0.0390939838 0.001)
(0.4304826558 0.00958957867 0.001)
(0.4695808115 0.004257368192 0.001)
(0.5304154253 0.04574461281 0.001)
(0.2514034677 0.03415267345 0.001)
(0.7485965323 0.01584732655 0.001)
(0.6614494048 0.009594944615 0.001)
(0.3385505952 0.04040505539 0.001)
(0.9951826203 0.03976241463 0.001)
(0.004817379689 0.01023758537 0.001)
(0.530343924 0.00397574562 0.001)
(0.5283565105 0.007667818858 0.001)
(0.469656076 0.04602425438 0.001)
(0.4716432234 0.04233781892 0.001)
(0.78420472 0.03073023415 0.001)
(0.21579528 0.01926976585 0.001)
)


// ************************************************************************* //
