/*--------------------------------*- C++ -*----------------------------------*\
| =========                 |                                                 |
| \\      /  F ield         | OpenFOAM: The Open Source CFD Toolbox           |
|  \\    /   O peration     | Version:  2412                                  |
|   \\  /    A nd           | Website:  www.openfoam.com                      |
|    \\/     M anipulation  |                                                 |
\*---------------------------------------------------------------------------*/
FoamFile
{
    version     2.0;
    format      ascii;
    arch        "LSB;label=32;scalar=64";
    note        "nPoints:6484  nCells:6274  nFaces:22063  nInternalFaces:9307";
    class       labelList;
    location    "constant/polyMesh";
    object      neighbour;
}
// * * * * * * * * * * * * * * * * * * * * * * * * * * * * * * * * * * * * * //


9307
(
35
37
4090
7
113
6030
39
40
3660
44
47
2936
51
52
5923
23
137
2070
24
68
314
179
6096
14
109
6068
49
57
3007
33
61
5252
36
143
198
38
125
4334
46
121
4523
315
6090
54
106
1356
30
100
4786
41
104
5002
63
96
4661
62
97
2547
70
83
1789
73
84
5024
74
85
2023
6029
6079
6054
6083
64
86
2046
58
93
1822
34
138
3378
71
76
6172
65
120
1540
149
1561
80
192
1155
67
118
1972
5407
6133
87
339
6036
6037
6053
6098
4577
6175
6022
6074
6196
100
6071
5991
6080
111
155
2539
112
156
1069
6176
87
88
6040
6072
6041
6048
69
6178
6177
75
322
6058
5966
6183
6033
6103
82
6174
6070
6075
56
6066
6211
6148
6270
84
6045
6167
134
178
813
135
141
2906
5982
6139
6065
6101
6064
6102
6189
334
6084
115
151
2798
6144
147
383
6003
6112
118
6060
128
4977
108
225
4839
6055
6130
6056
6131
6043
6108
93
6052
99
304
3727
223
333
5747
101
334
2701
225
6089
128
6002
6050
6110
6117
6016
6153
6044
86
6046
6073
1188
2943
6170
130
140
6229
91
5741
6011
1559
6020
95
2665
5991
6051
98
211
6043
131
6039
6035
6154
6037
6155
5035
6057
213
6128
6031
197
6053
110
179
6227
122
5942
6137
5965
6262
150
6015
6017
6067
6157
124
150
6169
303
6054
128
1082
4494
6029
135
6093
134
6095
2533
6049
119
6103
6151
347
6187
139
145
5277
227
315
6222
6059
6123
6152
5998
6263
6120
6159
145
322
132
224
345
319
6148
6132
6159
127
1509
6245
6062
6267
131
209
1882
4754
6273
1352
152
391
152
274
302
6094
6092
229
309
3498
6146
6157
6023
6266
211
5193
6022
6205
6040
6202
239
318
6154
6156
195
279
5941
307
325
5967
319
6004
228
6075
6197
6025
6268
6004
6091
6194
344
193
300
376
201
305
6102
6191
6101
6192
226
342
5977
251
6007
247
252
4388
253
270
255
263
163
256
164
4637
267
221
241
4190
258
266
5141
261
264
220
308
1542
243
249
1071
259
269
245
1771
6003
219
246
2042
176
275
240
278
1315
273
274
2640
187
362
262
280
372
6076
6199
2800
196
202
385
281
282
283
284
4633
285
287
1839
288
289
4341
290
291
1873
292
293
286
294
295
1877
296
297
4682
298
299
1851
208
6130
6179
6131
6180
343
5961
212
313
1848
204
5957
230
324
198
5138
5597
200
294
365
311
5987
203
5948
231
5937
233
232
234
316
4652
235
317
350
5988
5992
6124
6147
6073
6212
212
230
3321
322
5964
310
774
311
312
4645
231
272
332
254
326
335
257
327
331
234
260
340
235
341
232
323
233
336
268
328
337
6100
6201
338
350
6088
313
5958
6104
6200
6125
6164
298
5984
3131
5938
1814
1815
1273
3502
237
316
340
317
341
300
306
5980
240
5969
286
352
250
289
351
291
354
290
320
354
293
353
292
353
281
370
265
278
283
277
285
251
3442
1893
253
1088
1866
255
3373
1820
257
1970
3336
261
4603
260
3377
4591
1818
263
3373
1331
265
1315
4603
267
1474
1818
269
4591
3216
301
361
273
277
302
275
387
1071
1865
1816
288
301
351
364
363
338
2639
282
370
1866
1331
709
363
1854
4547
1815
364
3597
1077
5343
2295
4547
3502
3501
4648
328
1812
326
4274
4273
5971
1850
327
4203
335
1088
389
314
1740
6087
6208
308
1814
326
5971
5978
5987
5947
342
3322
374
386
2609
2295
5981
3322
6012
1429
5949
5950
343
1819
6211
325
5981
329
5954
5976
349
5957
329
5964
1892
5984
365
5956
344
345
367
384
369
385
6086
6219
6085
375
377
5948
379
5979
6018
5966
6170
5959
5960
5985
5970
3340
2639
347
348
1100
935
6027
6241
382
5944
6013
360
362
4490
4656
4093
371
372
725
375
376
377
378
1758
379
380
381
382
4680
361
1893
387
5969
388
5978
367
5951
1970
369
5953
1816
371
1417
1372
374
1229
6150
5748
1820
1819
1570
2021
5947
3216
2404
5983
4902
5943
1542
6006
6236
5955
5985
5956
6071
6235
390
389
5973
391
393
5938
6013
393
394
3263
4490
4627
5939
396
441
2357
398
4191
407
435
2706
402
4672
438
439
4385
404
440
5676
403
406
818
403
2389
1992
410
5689
406
408
3439
4755
411
1068
409
3012
425
2874
457
707
445
3507
447
460
2451
429
463
419
461
3011
449
466
3567
456
459
418
420
913
419
2757
5715
421
3010
423
3371
426
427
2801
426
3505
428
472
2440
429
527
755
428
5359
5781
2949
446
507
451
467
4408
465
496
439
866
5998
442
468
5716
438
866
469
509
444
463
527
1608
1540
441
5733
5126
443
5593
488
1856
447
5801
457
5038
451
2946
5705
485
517
450
2319
452
2075
2876
459
1968
471
486
4245
462
464
5339
456
458
1968
2049
2534
460
5801
2948
1471
466
2075
512
5786
847
529
2698
467
2946
5627
970
496
970
488
2848
474
5424
5945
478
635
507
2876
503
510
706
599
5502
482
526
5784
483
543
4143
495
583
2661
563
3417
482
490
1654
483
534
4144
490
501
769
5215
5152
571
1042
4654
529
3662
489
4077
493
522
2702
680
492
3417
1357
530
639
2382
528
770
504
4428
505
587
5408
594
5660
5340
499
505
5268
515
571
1038
500
1479
535
1473
502
2572
503
4444
1340
513
4386
5565
508
567
2232
5600
511
4963
512
5460
519
1617
519
2847
680
520
5202
535
544
775
4515
5972
521
524
2695
526
4844
748
2808
5909
1241
538
1879
528
1225
530
951
539
607
3948
531
1000
563
599
4587
4218
4768
2570
4218
2787
549
4994
553
718
4801
547
551
1103
544
2109
4210
553
562
4676
629
707
2653
797
5260
632
649
541
569
1264
831
1613
621
721
5015
2107
5803
1153
840
5046
5729
548
756
987
548
4201
982
639
951
554
577
1278
552
5149
1308
4147
5371
556
1742
619
1050
1583
569
5048
3541
4343
5863
573
672
4225
732
1087
2040
2170
5310
5501
777
958
5615
570
3686
5854
601
643
824
593
642
1593
628
1174
5124
671
799
576
5530
5749
2449
598
3273
5849
671
690
5334
648
5132
680
902
5358
632
662
3264
763
4541
585
1744
592
763
4940
656
736
1700
4090
4441
5630
582
729
1891
713
4888
742
4557
618
740
1698
705
962
610
5782
5888
1308
3209
601
633
4630
725
4553
4983
602
714
984
738
759
4280
905
1667
649
662
781
5780
596
613
1219
762
4463
683
764
1177
666
1019
5871
613
693
776
4900
737
5140
677
698
2656
694
873
1017
650
960
1342
624
628
816
681
2882
618
661
3106
611
636
2051
3571
5806
612
1220
617
2358
5285
802
1010
2451
817
983
4254
691
949
4449
623
3202
5427
698
5471
674
991
4223
914
5513
641
1323
5076
658
1828
3374
4897
1512
5534
5622
696
2406
5464
630
633
805
4521
2386
2534
664
1112
651
721
4704
690
1254
640
661
3580
1053
5426
710
1635
685
1006
1546
653
837
4984
5361
674
4277
1272
5577
646
664
660
1790
666
2149
5342
861
2495
4311
659
805
660
752
1223
673
3494
5168
751
1947
764
4876
668
3094
5306
1080
3186
782
963
2176
812
2907
6192
738
2111
658
691
3143
3331
697
5281
3271
3555
3711
717
4985
5577
3711
741
786
3471
2168
760
4525
5608
713
2845
670
828
4439
695
1422
4751
736
3631
723
4497
5422
1338
4689
4975
903
1040
4019
783
3005
743
1085
3479
998
1246
3683
690
799
796
815
1321
882
2222
823
1155
1257
3145
5419
1140
4608
5553
5802
5827
5866
699
807
3632
702
704
2759
4495
851
904
4068
809
1857
1160
5765
700
1811
874
1060
1039
1593
3053
783
915
900
3818
703
801
2320
822
3815
712
3226
719
1283
728
3848
809
1611
4265
1097
1387
5548
3325
3628
731
5474
744
871
5214
720
2999
2066
739
5139
780
1688
3132
807
863
2974
4750
5111
831
2449
1757
3125
766
2174
5774
1350
1655
4359
5351
5833
754
5305
5306
5789
778
5518
5870
742
1512
5425
1516
3846
837
4173
1098
1210
3581
732
883
5663
783
947
3535
842
843
4177
771
839
1243
5044
817
1065
3631
844
1183
759
2111
825
1726
5368
786
2853
940
1938
2113
2844
4660
975
1413
4897
793
943
3840
1665
5799
825
1552
3393
1205
3742
3754
1024
1381
874
1101
1485
1673
1679
2380
5491
1144
1944
983
1065
5179
5426
5792
921
1142
1887
4657
960
2127
927
967
3820
871
2278
5336
4615
884
907
5213
784
3926
800
1575
1711
1229
4892
5693
1191
1989
790
4242
2337
5130
804
1677
3168
1094
2384
4051
887
3335
981
1479
1611
2448
4999
5516
5514
5713
1019
2149
2729
1609
4666
3086
5156
801
3584
793
2463
806
1612
2221
1028
1656
4524
5309
912
2091
5622
794
1254
3448
1225
2643
804
1238
2373
796
854
1672
4061
805
3447
881
986
1571
1707
1050
5352
853
1478
1727
4563
3275
6110
1933
1471
4679
1060
1101
2692
3415
833
2340
2555
1012
2927
5713
4444
894
929
1842
864
891
2335
1069
3655
867
1069
844
911
2895
915
947
1785
5527
3646
1216
1247
1344
5087
5609
852
1274
4753
824
869
3271
968
1055
5462
6180
1845
2853
870
935
3210
997
1255
2718
967
5299
1190
1211
3204
5028
5029
5509
4712
1178
1595
5449
893
4720
1052
2650
5457
1154
2266
4229
865
897
4560
4182
904
1151
4908
2457
5584
5616
5779
1685
1720
3324
1943
4614
5994
6197
1847
914
966
3207
899
919
4496
5683
973
1366
5258
1035
1096
1312
1467
5121
5537
875
1336
1280
4740
899
2515
1028
1085
1176
1432
1433
1009
1119
4356
1990
4828
5657
4936
5335
5349
1055
1124
4401
1269
1543
1544
1242
5563
2227
4054
5296
1091
2043
2255
5278
1327
3652
1395
1470
2531
1885
3414
6120
1046
1284
1100
4851
4924
941
1036
5919
1376
1744
1870
994
1706
1762
1960
3726
1167
1477
4328
1171
3610
3611
1027
1400
1404
1329
1882
6166
911
4150
1158
2225
1217
1463
1552
1726
1021
1152
4918
1740
3195
6129
3727
4766
933
2387
5623
995
1222
2380
3213
4703
4891
892
3215
3539
5177
925
1614
1304
3372
1080
1307
4572
946
989
4115
1052
1766
1497
2191
4353
5664
968
1124
2402
4371
4420
1856
3437
1677
4857
3337
2566
4779
1118
1583
3558
1189
5009
1129
1184
1686
1106
1327
2872
1253
2157
2559
4195
2869
4488
3274
4474
5240
2916
1034
2435
4467
1003
1005
1193
922
963
1933
1268
2118
1072
1135
3290
1020
1836
1205
3835
5088
5467
5606
1146
1460
4396
939
2229
977
1824
3822
4966
1664
3262
6162
1073
4542
1589
4433
6044
1001
2910
974
1301
1592
2216
2655
1182
4212
4855
1051
1033
1252
2818
1023
1105
4871
1011
1280
2513
2332
5318
1105
3367
1368
1787
1249
1511
4241
1127
1690
948
4389
5191
1110
1572
4399
1461
4211
3924
2402
5198
1757
2759
1128
1292
1730
1170
980
2644
3483
999
1137
4258
1003
1807
3491
1220
1756
3202
1008
1333
2600
1130
1531
4520
1376
5765
1018
1248
3724
4818
1078
5088
5619
1376
4957
4451
1324
2084
4745
1522
4313
5430
1785
5662
3819
1421
1371
1690
1719
5536
4301
4373
5435
1092
1244
3247
1269
4332
1297
4946
1214
2397
4092
5423
5652
3277
6104
1062
1971
6153
1612
3843
5101
1363
1955
1555
2109
1147
2000
2000
2112
3646
1149
1500
4625
1843
1988
1325
3074
1728
4189
5526
1143
2441
1778
4667
4965
1689
5438
1115
3533
4683
1948
3543
5216
1747
2950
3639
5246
1250
1434
2663
2151
2969
1689
2515
1753
2933
1170
3240
1976
2351
1260
1361
3392
4362
1108
1451
4178
1025
3482
1945
5258
4089
4860
5108
2921
3254
4426
5726
2156
2830
2564
2654
1335
1782
1932
2126
4686
1646
3730
4670
1127
1719
4535
2062
3791
4020
1374
2791
3725
4570
4794
1883
3400
1076
4399
1120
1334
6158
1221
1240
1255
4367
1954
3491
1204
2199
4484
1047
1843
1074
1348
1495
2198
1214
1837
2304
1193
1527
5910
1379
1411
2324
3299
3981
2088
3307
1167
3122
1801
5775
1253
2929
3403
1507
4276
1706
5047
4229
4694
1130
3416
6191
5152
5803
1256
1454
2896
1605
3986
4545
1420
4262
5135
1213
2836
1571
5133
1322
1904
2027
1172
2432
3533
4430
2798
3315
5360
4691
5614
2288
2502
2824
1283
1545
1546
4333
1332
1381
2772
1166
3179
3433
1754
2342
2519
2843
1089
1154
4694
1789
1753
4669
4928
1242
4269
5316
1849
1181
2406
3220
1518
4239
5423
1608
2534
2662
3658
5166
2401
3030
3302
3578
4010
1707
2627
1244
1412
4609
1382
4391
4432
4513
3723
5076
1339
2404
3614
1256
1721
2842
4739
4542
4977
1585
4514
5206
1864
3611
4759
4710
1693
5042
5838
2843
5464
4432
1252
3581
3475
4811
5092
2721
2920
2277
2727
1592
2003
2782
1636
3992
1310
3210
3315
1477
4537
2529
4406
4789
5282
1335
1755
3602
2439
3326
2678
3524
4595
1147
2079
1778
2637
3043
2376
2435
4512
1272
3001
3722
1549
4742
1132
1143
4207
1631
4391
1781
2434
2863
2903
4630
4696
6025
6031
1723
5023
5147
3302
4716
1320
1574
3661
1563
2478
2804
1952
4430
1208
1558
3792
3911
1160
1218
3795
1788
3138
1304
1457
2517
4571
1300
3331
4495
2394
3121
4741
3004
1718
2087
4509
4548
4903
2272
2540
3608
1436
1658
1148
1728
3875
1139
3800
4028
2670
4716
1185
1679
3682
2197
2826
1204
1858
2331
2545
2755
1274
5737
1223
1870
3218
1799
1835
3510
5359
5538
1478
4223
5711
1363
4472
1452
1455
2636
4266
4723
3205
3723
5677
3948
5168
1322
1772
1884
5152
1210
4839
3956
4807
5388
1347
1981
2114
1370
3796
4561
5099
5104
3788
4039
4040
5680
2323
4041
4604
1336
2950
3663
2471
4130
5707
2738
4377
4693
1786
2743
1876
1405
3198
4838
1587
1610
2008
4519
1460
5249
1482
2748
1483
2395
4027
4284
5527
1380
3851
3943
1461
4415
1279
2783
5254
5516
1406
2270
2352
2666
2756
6102
1827
5377
2883
5582
1289
2112
1349
2396
1784
4938
1447
4136
4179
1414
2980
5201
1731
3302
4635
4749
5466
1654
3656
1390
1654
5784
4317
2433
2799
4558
1844
4590
5262
2264
2870
4576
1602
2334
5115
2129
3138
6183
1551
1601
4337
1959
3525
3593
1458
4169
5310
1718
2355
4915
2207
3720
6173
1926
5387
1564
1630
4373
1522
1734
1737
4313
4327
2035
4091
4885
5169
2155
5082
3545
4786
1939
3691
1425
2837
3191
3259
2389
4995
2040
5250
5637
5671
1857
4924
5474
1281
1418
4063
5005
1358
1754
3096
3854
3240
1265
2598
3528
1375
1385
2284
2982
4426
5657
4696
1362
2247
5116
1641
2008
2031
1468
2527
3606
4065
4724
4890
1504
5966
6023
1582
2877
4686
1791
2051
3222
1604
2675
4918
1666
4610
1964
4154
4171
1389
3367
1611
5014
5175
2091
5410
5233
1515
1599
2052
1676
5438
1703
3439
4347
4750
2633
2962
2913
5877
1367
1839
4623
4649
5572
4413
1332
2919
2209
5248
3204
3720
4766
1426
2448
5014
2905
5176
1392
2753
2864
2707
2944
3006
1788
2129
3379
3748
3750
3556
4885
2204
3249
3764
3765
3879
4395
1491
2515
4264
2437
3788
4701
1548
2210
4800
3723
1812
3710
5186
1795
2172
4414
2460
3826
3828
2465
2466
3848
3848
3850
2225
2284
5209
1408
1683
1410
1427
3328
2523
2033
3320
1450
2486
4820
2263
2267
2487
2267
3358
3974
1830
2268
3974
2895
4257
1982
3109
4354
1359
1638
3083
1763
2152
4319
4599
5452
1405
3310
4180
2292
2308
2517
1365
1369
2346
3601
5473
2563
3602
3604
1389
1783
3629
3124
3136
2330
3991
2199
2331
2768
5075
5222
5719
4445
2023
4475
1393
3944
6066
4158
5612
5525
1480
3173
4340
2293
4582
3709
3791
4342
2995
4536
1482
1503
2537
1694
4970
5896
6082
6088
6006
6083
1393
6005
3008
3947
1575
3582
1566
3039
1604
1735
4985
2975
5324
4200
4201
1851
1852
4202
5905
4213
6041
6233
1883
1887
5128
5245
5412
2553
2608
3572
3627
6009
5514
4594
3375
5515
5812
3145
5571
3613
1618
2945
1357
5215
2594
2805
3753
3862
5467
2676
3676
1491
2892
4251
1695
5430
5767
4376
5082
1456
4166
1802
4926
1888
5275
4622
4650
5033
4344
4650
1507
4206
4954
2444
3413
4087
1614
2332
4752
1378
2940
2356
1790
3217
1829
3585
1743
2181
2762
2485
4620
1602
5353
3245
1459
1907
2976
2430
3249
1984
2649
1801
4170
2510
3598
1644
4701
1644
2437
1548
4722
4274
4553
1889
2092
3572
3265
4057
1391
2346
2166
2774
2839
2942
1596
2241
2466
2467
2594
2102
4757
1598
2265
4518
2430
3531
4596
2002
4567
2992
2994
3369
5182
5557
2523
2831
3125
1408
2390
2842
1644
2225
2634
5186
1821
1711
6248
2667
3140
1444
3390
4294
1629
1750
2753
2895
4148
4150
1797
2279
2827
2599
2646
1524
2086
3463
2203
4006
5290
2154
2297
3782
2987
4627
3564
1908
3190
1528
1529
2660
2822
1573
2159
2212
2752
5054
1855
2536
2749
4321
1687
4473
3332
4616
2868
5351
5841
1741
2220
3808
4388
5586
2130
5036
2347
3877
4445
5017
5084
1995
3816
1996
3819
1748
2237
3830
1598
1748
2238
1687
2288
4468
4873
2213
3922
1446
5114
5603
1823
3277
1825
1974
2802
1619
3094
4100
2711
4605
2134
4111
1620
1621
1622
2135
2136
1622
1713
1623
2764
5844
3511
3513
4416
1625
1997
4416
2579
2765
5869
2142
4417
4772
2766
4417
5442
2582
4293
5448
3960
3961
2418
2591
3968
5102
5605
2642
2962
1449
1659
3512
1997
4937
3164
3866
2078
5307
2894
4483
1581
2860
4156
2922
3186
1568
3871
1678
2733
3876
3877
3397
4363
2202
2215
3789
4965
2868
3910
5861
4025
5109
2442
2792
4185
1648
4029
4031
3497
4030
4035
1649
5120
4037
4038
1651
2317
5394
1880
6199
2123
2094
3325
5312
1853
2095
4637
5311
1541
1758
5235
4618
4878
4899
2878
1689
3376
3459
4684
2775
4436
4921
2873
5037
5337
2066
3094
3114
4896
5259
1867
1975
6101
1514
3014
5126
1619
1901
2641
1577
3752
4418
1555
1697
4251
3683
1581
4919
5874
1567
1938
2376
1984
2504
4233
1541
1717
1875
2505
5517
3907
4938
1807
2621
4625
1784
1941
3907
4177
6028
1767
2562
4363
2121
2570
2695
2525
2794
3470
5923
2440
3312
5359
1784
3440
3657
4654
2180
2663
4330
1667
4638
1786
1787
1840
1736
5320
5818
1868
1976
6155
2357
1775
5025
2172
4957
3515
4131
4132
2482
2715
1564
1565
3588
1954
3454
4353
2082
3623
4528
2106
2621
3491
4353
4028
4260
2078
2090
5026
1663
2739
2838
1986
4362
2206
5603
4017
4214
1664
1924
2119
3254
3572
4027
4183
4228
1966
2657
5084
1767
2533
6252
1776
1985
2628
1927
1967
2090
2931
3573
4178
1806
2393
4110
1569
5031
5431
2701
5012
2021
1967
2542
1927
2122
1813
1945
5571
5814
5839
5910
4809
2931
3105
2180
2549
4111
2578
4860
5062
1662
1979
2773
2773
5830
5913
5421
4161
4969
5275
1643
3790
4382
2998
4983
4932
5486
2882
4959
3545
4845
1625
1626
3443
3099
4852
1733
4302
5207
2720
2916
2277
2728
2096
4849
3165
5026
4190
5235
4152
2130
2725
2399
5643
4499
4811
1613
2181
3750
2672
5221
1603
2713
3099
2372
2427
2436
2595
2816
2839
2020
2113
5191
4339
1643
2060
4467
2688
5219
2686
2832
5889
2788
6063
1756
3880
4025
2796
6055
2392
3206
3272
2447
3804
4712
5547
1890
2145
4409
5723
1792
4999
2461
4714
3278
3828
3830
3665
4101
5158
3823
3847
4826
2672
5108
5330
2866
4374
3297
1752
3593
2983
4663
4671
1682
4533
5975
2690
2698
5081
2796
2875
5300
3804
3729
2232
4563
1617
2847
2945
2572
4286
2134
2180
2411
3668
3510
2138
4960
2139
3512
4117
4119
3670
4120
2471
2472
5507
2260
2487
3970
2261
3033
2775
5207
2190
4544
1830
1831
4597
3359
3977
3978
2193
2682
3049
3222
5663
2293
3995
1837
2029
2288
3595
3808
2203
3772
3996
1682
4485
4902
2060
2788
2032
3182
3257
2201
2837
2926
3312
4780
5220
4031
4036
4889
2526
3608
4036
4037
4037
4039
5537
4040
4042
1665
3192
5933
2441
4184
4211
5086
5653
2883
5454
5624
5645
5711
2450
4226
2171
4226
3390
5122
5688
6080
6249
1936
4140
2832
4374
2520
4492
1723
3208
4541
2584
4221
4296
2623
4133
4136
2101
3353
3550
2809
3643
5824
3039
4543
2497
5162
2108
4143
4144
4144
4249
4762
4145
4146
5461
4157
4744
3657
2150
2151
5453
2116
3362
3436
5946
1772
1904
2701
4385
5138
4202
4632
3270
5181
4005
2842
5813
2935
4094
5298
5450
2549
4236
4337
3353
4979
4138
5042
2106
2107
4142
4143
4761
2110
4249
4254
4255
2111
4255
4256
4256
4257
2982
3252
4828
4082
4318
5886
4024
4962
2869
3261
3266
3923
4651
6056
3337
3924
3270
4433
4442
1729
2024
3212
4475
6089
3661
2135
2137
2411
2139
4116
4772
5740
5783
1760
2264
3161
2494
4246
5499
2120
2200
4319
3881
4201
5149
1783
3132
3793
5409
5697
4440
3720
3727
4062
1953
2344
3079
4905
4731
5415
2703
3150
5097
2355
4556
3378
3445
6081
6106
4301
4773
4774
5436
1871
2077
4761
5276
2785
5192
1763
2900
3113
2296
2431
4738
4365
2217
3927
2224
4057
2392
3807
4057
3008
3545
6087
6143
2454
5047
3938
2364
3152
3509
2807
3424
2915
4480
4481
2496
3104
5411
3943
3569
3627
2310
5261
2120
2436
4064
4808
2586
2587
2044
2285
4821
2820
4459
4507
4379
4934
5659
3180
3307
4509
2743
5592
2532
2040
2749
3327
1885
3201
3208
3442
5002
5343
4932
6230
5036
1828
3141
3143
4096
5240
5574
5157
5419
2551
3350
2815
3453
3590
4967
2500
2722
3527
1982
2784
4355
2784
2865
3627
3792
2731
5681
5921
5918
3006
1972
2456
3615
4284
2234
3817
2235
3817
5601
2235
3820
4910
3823
3846
2246
3842
3843
3487
4610
2283
3987
3988
2152
3113
1873
3598
4623
3598
4548
4598
2830
3492
5717
3399
3496
4942
1950
2516
2846
2516
4107
4266
1941
3440
4177
1965
2927
3792
2305
3929
3932
2017
4571
4591
3630
4331
5952
5954
3947
6172
6068
1971
5060
6260
3009
6094
3221
3222
4447
2175
3144
4821
2270
3976
1872
2814
3526
2195
2374
3757
2026
2684
2934
4934
5045
2087
2152
3177
3115
3178
3597
3178
2510
3179
4926
4980
5264
2014
2298
4187
5134
5328
3320
4630
1847
4196
5139
3072
4196
4197
3074
3323
4199
4200
3324
4203
5311
4205
4954
4634
5759
2326
2341
3937
3078
4091
4916
3659
3808
4403
4278
4279
5809
3473
5123
5154
3379
6032
6151
2210
4348
4410
4769
4780
3340
3446
2547
2547
2401
2640
3547
4863
2971
3623
2001
3679
3116
2610
4613
4980
2122
4264
4364
5434
2829
3710
2903
3496
3711
2744
4430
3266
5407
1983
4706
4895
1940
3923
4210
4654
4440
4440
4782
6132
4487
3609
5735
4520
6035
3337
5168
2399
2845
2350
4093
2910
6086
2074
3014
5038
3008
3731
4845
2911
4070
4413
3279
3287
3664
2239
2240
3280
2244
3345
4097
3844
4099
2476
3158
3354
2271
2972
3978
2429
2271
3867
3983
1955
2499
4459
2897
3489
3863
3870
2286
3687
3692
2291
2981
3997
3774
3997
3999
3717
3776
3778
2115
2837
3183
2300
2988
3786
3696
3697
3699
2991
3886
3889
2286
3704
4831
3705
3895
4016
2994
3801
4016
3705
3897
3916
2333
3799
3916
2315
2997
3781
3936
4007
4033
2566
6042
2345
3712
3719
2065
3071
5021
1987
3067
3605
2322
2391
2996
2312
3802
5380
3702
3899
3939
2343
4956
4437
3152
3153
4112
2588
3236
4238
3518
4352
3051
3982
3983
2278
3468
4355
4487
4650
4625
2388
4034
5296
2444
6070
3371
5678
4332
4087
4925
6146
2127
3003
5037
5520
2175
2407
3225
2912
3022
2955
3146
3642
2914
4372
2183
3035
5170
2890
1981
2194
3765
3530
4393
4794
4393
4394
4777
2290
3575
4340
5327
2504
3114
4167
2034
3493
4383
1986
4267
4320
2868
4058
4022
4887
3199
4015
3573
2123
3573
4331
4685
6091
6190
3009
6095
2849
2950
3475
2760
3147
3148
4303
5915
2500
3760
4262
2155
2863
2684
4260
4611
2259
3185
5922
3401
4538
4193
4195
3078
4444
5586
5626
5304
5546
5677
3013
3546
2233
3949
4449
3549
3734
5709
3814
3815
3817
3818
5416
2349
2491
3356
2353
2492
3756
4253
3760
4708
3557
4424
2283
4823
2284
3557
4461
3361
3594
4824
2824
3361
3994
2153
2736
4569
3626
2158
3695
4535
2991
4013
5013
2304
3600
4174
3188
4023
4851
2522
2693
3064
3915
4445
2309
3267
4056
2328
2329
5055
4435
4439
2329
3935
4935
2222
3796
5509
4259
5883
4324
2228
3590
5203
2046
2550
4112
2184
2767
3624
2593
4298
2083
3360
3527
4392
5163
3995
4582
2508
3397
4546
3689
4467
2651
3789
3691
4941
2742
4360
2215
3489
4343
4360
5912
2344
3158
3903
4267
4723
6024
3309
3364
3535
4696
5040
5804
3441
4655
2879
3632
3941
4412
2546
6079
2757
3010
2073
3011
5683
2051
2358
3223
2669
4234
2963
3034
4927
2425
3395
5170
2428
4141
4163
2971
4078
4528
4867
5324
5666
2599
4157
4166
2608
2736
2923
3493
2290
3909
3934
4364
5570
4270
4342
6017
3199
3537
4558
2216
4409
4552
3602
5365
5811
3728
5125
5522
2273
2752
5194
4494
4925
4754
6010
2944
3474
6124
2075
2948
3507
2432
3151
3234
2148
5475
4306
4146
4147
4149
4150
4152
2859
4153
4155
2861
5667
3242
3243
3430
4376
2734
3053
3250
2601
3800
4599
4512
4534
2740
5083
5356
4178
4086
2740
4573
4202
4204
4951
2871
4204
5142
5268
2664
4214
4281
6092
2357
4672
2476
3155
3157
2259
2961
3422
3752
4454
3425
3451
4478
4479
5063
4479
4480
4717
2494
2812
2889
4244
4142
5066
5131
4249
2892
4250
4256
4419
3529
4776
3110
3532
3253
3625
2865
3399
4468
2892
4263
2619
4779
4324
2314
3064
4764
2319
4206
4276
5768
2327
3206
5642
4060
4366
5654
4223
4277
5624
6033
4871
2354
3733
5286
2403
2453
6154
3286
3385
5383
4113
4114
2764
4116
2764
5857
4116
4117
4226
4120
4121
5831
4292
4417
5200
4124
5656
2852
3234
3449
2550
3153
3155
4816
5241
2370
2772
4455
2855
3523
4245
3553
3554
4776
2858
4489
4367
3169
4784
4002
5053
4395
2687
5018
3183
3460
2300
3881
2789
3495
2511
2790
3726
2692
2836
3468
4183
4184
5145
2315
2395
4008
2998
4273
4327
2443
2445
3001
3803
4927
2446
3206
3724
2218
4570
2571
3274
4997
5794
6227
4217
5154
4910
2407
3144
3583
3016
3583
4939
3227
3618
3017
3641
3739
3089
3228
3282
3018
3089
3230
3272
3449
3855
4864
3235
3289
2587
2885
2479
3751
3971
2422
3861
3969
3674
3971
5790
2369
2422
3753
3621
3676
5610
3104
3452
3166
4308
2427
3525
4808
2816
4996
3529
5050
2557
4914
2313
4159
4165
2977
3596
4314
4357
5000
4357
5189
2435
4469
2612
2655
2620
4012
4677
3249
3783
4701
2620
5137
3708
4600
3194
3416
3901
4365
4384
3798
2388
4054
4085
2745
3444
2214
2443
3205
5304
4916
5638
3595
3641
2447
3273
3990
4805
5039
3077
4088
3020
4747
4876
4443
6045
6228
2449
3066
2498
3807
4804
4807
5549
4387
4580
3237
3251
2537
4109
4554
3137
6108
3503
4448
4450
3816
4989
3819
2459
3822
3825
2461
4369
2573
3087
3087
3665
3617
3950
3932
4369
3091
3092
4097
3345
4098
5490
4501
4796
2668
4098
5246
3667
3955
3285
5472
2575
3286
5389
2250
3385
3421
2576
4524
2953
3421
4104
2954
4104
4106
2955
3348
4106
2468
3349
3640
3287
4771
2474
2852
3516
3288
3291
3854
2475
3861
4074
4502
2519
3854
2674
3479
2553
2964
4757
2486
3355
3677
3040
3809
3295
3521
3356
3976
4456
2492
2778
4456
3359
2973
2778
4718
3164
3980
2498
3330
3866
3172
3174
3759
2376
4080
4775
4080
3429
2556
2721
2754
3761
4793
2781
4423
4424
2781
3876
4883
3557
4597
4832
2978
2502
3361
3992
3175
3176
3769
3303
3769
3772
3876
5473
3565
4318
4533
4583
4644
2339
3058
4008
4027
4010
4425
2925
2988
5027
3119
3119
3695
3883
2990
2991
5227
2617
3698
3700
4944
3707
4018
2692
3327
4321
3121
3313
3332
3601
5234
3315
3565
3311
4601
3706
3714
3918
3705
3799
3654
3810
4587
5502
5210
2528
3920
4042
2528
5727
2389
3319
4191
2691
3128
3129
3000
3130
5085
3369
3801
2544
3606
3472
3827
2536
4018
4047
4047
4049
3002
3721
3574
4435
4945
2797
5205
3133
3130
4898
5271
3714
5271
4438
4955
3059
4955
5164
4086
5629
2632
4589
4729
3136
4877
3729
5346
2541
3472
3577
3941
4333
5432
4237
3699
3942
4596
2754
4422
2349
4592
4718
2544
3547
3614
6036
6234
4048
4597
3810
4732
4971
4990
5404
2572
4447
3347
4285
4812
4231
4234
5136
2576
3095
3747
2468
4108
4288
3146
3640
4881
2851
4814
3964
3966
4296
2585
3966
3967
2958
3423
4453
2552
3351
5406
3674
3675
2594
2963
2966
3425
4455
2966
3451
2779
3487
3680
3684
2723
3108
3556
3051
3363
3767
3174
3175
3768
2664
3759
3768
5375
2924
3362
4940
2619
2737
2789
2819
2986
3200
3565
2520
2619
5361
2690
2901
2612
2622
2986
3368
3656
3076
5229
3002
4275
4707
4405
5090
5520
4517
4589
3374
4944
4522
5832
5847
2902
2704
3081
4799
4093
5439
6098
3447
4069
4336
4863
3737
3619
3740
3741
3347
3382
5669
3382
3383
4285
2913
4124
4125
5815
2581
4125
4126
2583
3960
4129
3962
3963
4295
2584
3963
3964
2584
4295
4297
2585
2589
3095
3236
3351
3388
3389
4135
2552
3388
4659
5557
2965
2967
4543
2811
4304
5302
4304
4306
2968
3551
4868
3452
2812
3455
2822
3243
3763
2682
3052
2659
3561
4868
4468
4853
4799
3795
2623
4179
4219
4023
6139
2569
2629
2630
4215
3928
6067
3721
4917
3725
4555
3725
4853
2630
4217
5717
4532
5415
5559
4661
2849
4335
3381
4335
4770
2850
4900
3344
5745
3821
3823
3824
3824
3827
3829
5099
3828
2574
3736
3833
2574
3016
3745
3841
3842
3846
3847
3849
3847
5105
3958
3849
3851
3852
3097
3852
3853
3962
3963
3965
3964
3965
4697
3152
4846
3751
3967
3156
3157
3856
4502
2549
4330
3968
5665
2589
2642
4239
2712
3389
3392
2642
4773
3029
4498
4847
2489
2771
3029
2712
3426
3970
3973
2643
3426
3589
3610
4759
2716
3428
4789
3974
3975
3977
2857
3455
5117
4664
2888
5661
3868
4544
2679
3682
4820
3245
3872
2598
3215
3829
5104
3995
3770
3832
3945
4261
4081
4261
3304
3596
4508
2826
3878
4466
4466
4798
3305
4798
5773
3116
2820
3690
3182
3308
5220
2688
3650
4004
4005
5056
2755
4044
3190
4018
4048
4412
3193
3193
3262
4626
2695
4994
3794
3898
3917
4752
3408
4186
4036
4038
4039
4041
4043
3921
4043
2826
2933
5732
2904
3655
3268
6136
4830
2570
3417
4587
3932
4636
3805
3896
3931
2906
3416
4038
4592
3940
4827
4331
4332
3372
4542
6090
4822
2846
3633
2940
6157
3476
5007
5506
3156
3155
4502
4134
2675
2678
3428
3484
2677
2916
2984
3248
3648
5079
3649
3766
3784
4359
5576
2738
4530
4549
2925
3784
3786
3305
3404
3569
6026
2694
4740
2835
2840
5328
4638
3655
4557
5425
3410
3411
6202
2795
2926
2930
4208
3664
3830
3840
3845
5107
3160
2588
3095
4110
4236
4291
3669
5687
3670
4121
4123
5621
5644
4126
5127
3515
5555
4133
2959
2960
4576
4275
4136
3961
5384
5560
4239
5556
2960
3161
3673
2914
3558
3038
3041
2813
3169
3298
2972
3687
3867
5135
3599
2736
2918
2614
2648
3773
3775
5096
3688
3999
4000
3688
3715
3774
3776
4000
4001
3777
4216
4778
3778
4001
4002
2740
4646
4648
2829
4624
3398
3402
4649
4084
3781
4002
4008
3184
3536
2990
3884
3886
3698
3699
3891
2992
3893
2994
3893
3895
4017
3907
5236
5341
4221
3314
4081
5316
3314
3317
4269
3718
3894
3914
2696
3471
3203
3214
4185
4207
4207
3076
3801
4046
3658
4617
4179
5151
3579
4753
5646
5721
5809
4214
4227
4228
5145
2941
4230
6125
4713
3384
4232
4620
3296
4472
2679
2680
5161
3488
5133
3768
3769
3996
2825
4172
4261
4264
2828
5458
3256
4396
3782
3797
4009
2689
3258
2867
3123
3071
2734
3535
3133
3859
2790
3134
5627
2873
3386
4227
5114
4574
5630
5264
5949
4329
4176
4344
5002
4661
6047
3638
3954
3384
5157
3855
3860
2956
3025
3235
4370
4137
4305
4607
2853
3517
2718
3294
5518
3042
3864
2813
2917
3244
5162
3871
4159
4506
4702
2684
3558
3560
3250
3560
4260
2717
4427
2821
3256
2867
2786
2901
4700
3902
4679
3438
5317
3065
5459
3067
3364
3732
4326
5027
3269
2833
3034
3803
3214
3516
4834
3412
4519
4227
5640
3803
4802
3445
3636
4230
3015
3140
3379
6258
4101
4102
4235
4072
4102
4103
4287
4291
5173
4072
4073
3620
2886
2887
3101
4758
5931
4301
5652
3480
5129
2887
4374
2856
2856
2969
5065
3042
3755
3170
2780
5255
2862
2897
3110
4079
4969
4460
4544
3246
4080
4375
4375
4609
3247
3429
3529
3530
3761
3762
4422
2822
3993
4378
4426
4465
3559
4314
3054
3303
3593
4568
3255
5095
4551
2866
4323
3303
3311
3880
5823
6123
2932
4372
4386
4034
5401
3202
3331
4601
3367
3629
5214
2794
4683
4588
4272
5165
5237
3333
4085
4855
4065
4986
3915
4707
6093
3506
3813
3815
3949
3949
3386
3959
2851
3151
3386
3024
3097
3510
4114
4115
3513
4118
3672
4124
2958
3387
3858
3859
3389
3391
4298
2805
2963
3673
3031
4991
2964
4351
3038
4526
5573
2970
3427
3453
5632
5714
5728
4732
3168
3864
3526
3760
5068
3988
3991
4461
4835
3691
4313
4356
2923
4569
3255
4428
4383
4034
3567
3783
3788
4009
4216
3318
3408
4538
3318
2876
2929
4429
4055
4946
4056
3203
4834
2939
3634
2947
3635
5982
6206
3025
4974
5000
4337
4370
3159
3029
3290
3292
4240
5064
5824
5926
3518
4350
3105
4350
4352
4140
4303
3103
4457
2890
5350
3167
3757
3044
3048
3458
3461
2921
3398
2922
4162
3872
3431
4462
3559
4315
5782
4005
3054
3463
3432
5519
4624
4647
5011
3181
3466
4550
5882
2966
4799
3187
3188
3564
3061
4083
3326
4322
5806
4802
5086
5222
2874
3439
4514
3327
4686
5568
5305
4452
3503
5593
4282
3476
4070
3148
3509
3352
3424
4710
4077
4243
3297
3102
3103
2969
4566
3485
5133
3647
4153
2975
3430
2898
4949
4825
2983
3033
4941
4852
4024
5534
4735
4972
3628
5141
4469
4492
4554
5183
6001
6179
4366
4389
5366
5769
4675
5352
3633
4636
4880
4334
4879
4988
5061
2885
3026
3387
2959
4418
4454
5197
4309
4310
2919
4141
3552
3105
4247
5348
3683
4145
4252
3555
4253
4141
4162
3490
3532
4079
2976
3490
5094
2982
4465
5323
3495
4173
5080
3266
5641
3412
4482
3411
4557
4574
5345
5551
5580
4523
4810
6100
3086
3448
3348
4108
5763
3391
4420
4421
3644
4248
3169
3396
4158
3248
4675
3396
3495
5083
3253
5336
3785
3403
3793
3319
4471
4995
4408
4209
4684
4858
4560
5837
5564
4238
4706
3744
4809
6069
6109
6145
3137
6061
6030
2942
6075
3138
5781
3012
3285
3420
5388
3286
3420
3957
3845
4105
4105
4813
4813
3423
5241
3387
3423
4816
4464
4817
3159
3859
4015
5159
3425
3352
5470
3295
3481
3239
4865
3167
4760
3554
3863
3979
3982
3170
3864
3591
4084
3244
4160
3867
4045
3624
4464
4658
3176
4850
3176
3873
3579
3253
3432
3180
3306
4548
4585
3263
3599
3882
3119
3882
4886
3883
3888
3890
3894
3912
4270
6015
4013
5228
4033
5325
4682
3128
3925
3129
3914
3205
4804
4367
5542
3942
4061
3632
5471
5024
6076
3504
3506
4733
4755
3507
3737
3227
3637
3740
4579
3231
3237
4500
3745
3843
3477
4104
4107
4106
4107
3229
3313
3749
3288
4819
3478
4525
5270
3099
4370
4418
3290
3860
4847
3292
5009
3292
3293
3293
3393
4848
3450
4455
3394
5058
3589
4243
4690
3451
3452
4391
3427
3481
3542
4787
3453
3457
3456
4688
4911
3457
3458
3865
4149
4151
3486
4151
4153
3486
3865
4058
3241
4580
3458
3462
3649
3684
4529
3172
3462
3466
4339
3309
3254
3398
4903
3257
3308
3492
3308
3650
5219
3466
3570
4914
5450
3258
4265
5617
3127
3437
3787
4019
4904
4702
4738
4978
4271
3123
4471
3265
4801
4361
4187
4193
5940
4577
4770
5668
3201
3410
3414
4916
4194
4195
3322
4197
4198
4199
3318
4635
5213
5113
3704
4403
4695
3500
4368
4224
4225
5755
4064
4562
3394
4464
5057
3659
4939
6084
6246
6085
6099
4619
3279
3280
3281
3771
4578
3837
3838
4500
3232
3838
3233
3953
3285
3667
3956
3851
3853
3750
3478
3857
4709
3291
4819
4820
4480
5852
3523
5420
4246
3525
4253
4254
4148
4257
5044
3528
4792
3429
4463
3460
3242
4377
4530
4316
4357
4380
3252
4286
4358
4583
4644
3179
4644
4645
3692
3693
3906
3701
3703
3899
3834
3709
4270
4962
3534
4601
3570
3365
3749
3927
3937
5222
3713
4437
3718
4631
5937
4402
4539
4208
4875
4279
4280
5721
4982
6127
6134
6135
4095
4096
4096
4390
4448
4390
3666
5025
3958
3349
3508
4290
3508
4290
5289
4290
4814
3509
3350
3449
3516
4349
3520
4815
4815
4818
3351
5309
4075
3426
4139
4690
3354
3520
5072
3355
4306
5171
3454
4307
3680
3456
3487
3758
3984
4159
3985
3592
5255
3767
4797
4174
4922
4643
4534
3256
3257
4628
3403
3401
3408
3537
4015
4173
3563
4174
3310
3354
3903
5167
3904
3532
5315
3790
4469
3438
3405
3411
4342
4384
3310
4950
5252
4269
4272
5563
4086
4488
5017
3267
5395
4653
3537
3708
3538
5015
3415
4632
5149
5199
3934
4738
4877
3520
5269
4898
5479
4846
4771
3342
3476
3342
3343
3343
3344
4863
3344
4283
3615
4283
3616
4284
3616
4095
4447
3735
4788
3583
3584
3738
3738
3739
3739
3834
3586
3741
3742
3836
3587
3743
3587
3745
4606
4453
4134
3754
3551
4300
4504
3483
4504
4674
3457
3590
4458
4692
4258
4462
3868
4460
4354
3625
3463
3743
4720
4934
3362
4612
4400
5354
4586
4944
5003
4180
4950
4213
4181
3496
5334
4677
6184
3404
5942
3568
5786
4517
3326
4555
5371
3371
5494
6219
4658
4958
5091
3829
3831
3832
3832
3617
3833
3586
3834
3619
3837
3839
3838
3839
3952
3945
3853
3478
4237
3970
5062
3621
5788
5169
4504
5010
3360
3299
3484
3396
5007
5368
5818
4314
4315
4316
4169
5501
3397
3434
5458
3689
4361
3909
4400
4032
4268
3791
4384
4470
3407
4182
5700
5080
4194
4196
4198
5140
4200
5142
3928
5194
3905
3929
4493
3928
4917
4405
3806
5146
3806
4618
5313
3728
5748
4203
4637
3374
4521
5003
3613
4713
4068
4594
5734
5584
3953
3638
4501
5106
3954
3958
4289
4846
4240
4138
3972
3972
3522
3644
4310
3973
4821
3863
5218
3418
4398
3924
4032
4705
4431
4471
5602
4739
4803
4014
4047
4048
4832
4044
4274
4277
4278
5421
5565
5959
3419
3381
4069
5540
5477
4099
3543
3844
4231
3845
3620
5384
4299
4299
3517
4453
3454
5171
5378
4599
4651
4172
3787
3901
5424
3406
3787
3410
3653
4272
4984
4764
5175
5517
4386
4614
5144
6072
4857
3983
4045
3636
6256
5116
3747
3856
3858
3479
3519
3622
5639
3435
3872
5456
3562
5592
4598
4624
3690
5018
4428
5202
4872
5500
4614
4617
4656
5965
5150
5416
4063
5375
4713
5281
4336
3517
4663
4869
4621
5163
5391
4161
3989
3990
3989
3780
4380
4485
3780
4082
5879
4084
5180
5236
4993
4020
4319
4470
4320
5843
3605
4434
4050
5504
3544
3582
3747
4110
4240
5282
3755
4642
5302
3552
5043
4151
4152
4154
4155
4157
3556
4079
5294
4382
4866
5148
4889
5580
4198
4199
4795
4935
5055
3903
4947
6247
3505
3635
4564
4117
4933
4416
4119
4126
4127
5598
5694
4351
3677
4075
3755
4621
4308
4338
4882
3622
4608
3592
3528
4793
3762
3869
4606
3909
4877
4186
4325
4473
5681
4438
4945
3805
3809
4806
5819
5932
4687
4806
5136
5232
6130
4672
3613
4069
4335
5041
3813
3814
4476
5093
4305
3679
3678
5714
5728
5422
4259
4339
4305
4602
4645
4646
4851
5199
3600
4429
4433
5181
3902
4551
4666
6019
4982
5020
5876
3933
4571
4404
4808
4442
4443
4728
3940
5195
4859
4977
4670
4278
5427
3981
3663
3666
3618
3637
4741
4747
4241
5159
4242
4528
4867
5327
3988
5293
3637
3878
5974
4011
4586
6119
4566
4781
5262
5040
5658
4905
4592
3941
4049
4832
4067
4781
5528
4498
5272
3771
3951
4348
5967
5124
5682
3735
3666
4971
4139
3678
5211
5698
4446
5174
4429
4486
4603
4739
4060
4346
4224
4325
6078
6253
4812
3954
5491
4564
3749
5006
5049
4371
4421
5160
4248
4310
5497
4255
4154
4919
3684
3766
3785
5332
4171
4511
4919
4512
5360
4019
4653
4029
4067
4695
5144
4655
4806
4786
5339
4499
3831
4787
5101
4113
4114
4119
4120
5102
4121
4122
5828
4293
5441
4756
3969
3862
5609
3862
4760
5685
4865
3681
4529
4735
5160
4376
4776
5370
4777
4794
3870
3874
4486
3902
3896
3870
3904
3786
3881
4722
3884
3884
3885
3886
3887
3887
3890
3892
3892
3893
3892
3894
3895
3897
3896
3897
3898
3904
3905
4395
4364
4613
3891
3913
3912
3914
3916
3946
4829
3874
3919
3946
3919
3936
3939
3926
4061
3722
5634
5111
4875
4749
3917
4753
5209
5004
6038
4658
5057
3919
5418
4909
5273
3736
3737
4451
3836
4990
4579
4500
3840
3951
3955
3956
5549
3852
5048
3969
5369
4791
5318
3978
3979
5203
3982
3985
4849
4393
4394
3764
4394
4929
4425
4397
4930
3771
4410
3998
3997
3998
3873
3999
5118
3874
4001
5053
4007
4003
4030
4168
4381
4007
4183
4677
4961
5022
5272
5930
5333
4401
5039
4026
4026
4184
4185
4094
4678
5479
4325
4016
4046
4555
4403
4212
4819
3930
3984
4884
5185
5321
4068
4908
4450
4989
3818
4414
3822
4414
4434
3826
4071
4714
4714
4771
3951
4578
4579
3837
5190
3953
5100
5724
4231
3850
5048
4607
3857
4673
4709
4137
5182
4866
5194
3986
4423
4920
4164
5201
4164
4168
5068
4546
4010
4600
4870
4326
4943
3942
4535
3888
3889
4014
3891
3899
5200
5402
5442
4903
3906
3931
4266
4267
4362
4171
5858
4887
6232
3913
3925
4699
3918
5115
3921
4725
5386
4725
5579
6046
3926
4923
4783
3931
4493
4401
4805
4404
4438
5164
5286
5716
4518
4783
4752
4049
5195
5004
6257
5089
5090
5004
4959
4787
4788
4097
5363
5524
5061
5594
4289
4554
4128
4130
4131
5496
4074
3968
5283
4822
4412
4456
4718
3977
3984
4604
4822
5043
4506
5247
4461
4824
4550
4795
5266
5293
4402
4692
4004
5001
4176
4006
4778
4029
4165
4052
4050
5053
5012
5069
4676
4801
4014
4176
4915
4536
4887
6126
4981
5333
5252
4514
5474
5541
4895
4031
4616
4973
4189
5636
4724
4724
4890
5679
5295
4516
5326
5096
5205
5266
4615
4704
4704
5015
5056
5480
5362
6016
4730
5148
4215
4216
4721
4333
6051
6208
5684
4978
4604
4964
5097
5269
4732
5287
4966
5099
4291
4111
4236
4697
4526
4478
4503
5070
4242
5067
5508
4167
4665
4549
5134
4188
4874
4831
4923
4956
5492
5845
4539
4328
5769
5488
5523
4501
4100
5465
5428
4287
4605
4967
4703
4452
4288
4880
4814
4415
4415
4933
5867
4292
4772
4292
5605
4293
4128
4294
5708
4130
4131
4295
5567
4296
4135
4662
4300
5224
5208
5429
4505
4763
4483
4763
4912
4912
4156
4744
4664
4508
5373
4359
4746
4746
4785
4165
5012
4552
4189
4546
4643
5902
4361
4688
4715
5531
4488
4629
5069
4888
4636
4627
4585
4767
4629
5733
4323
4329
4765
4631
4631
5257
4491
4633
4634
4634
4474
4340
4875
4954
4667
5454
5035
4540
4540
5081
4220
4906
4222
5412
4222
4297
4522
4497
5337
5461
4233
4641
4286
4715
4911
4967
4673
4662
5443
4790
4505
4774
4691
5303
5329
5439
4312
4510
4762
4252
5591
4928
4744
4987
4510
4639
5676
4552
4888
5277
5771
4515
4706
5989
4657
4522
5030
6040
4770
5092
5481
5216
4689
4289
5127
5128
4662
4482
4968
4774
5443
4642
5307
4338
5274
5263
4338
4527
4527
5469
5161
5498
5808
4381
4642
5814
4913
6138
4993
5020
5046
5046
4680
5231
5558
5535
5729
4765
5059
5156
4931
5033
5916
5253
4441
4574
6065
4685
4952
4953
5599
4809
4602
4607
5329
5920
4742
4992
4992
4378
4584
4913
5226
4830
4839
4952
4575
5058
4783
5329
4482
5455
5247
4692
5204
4622
4931
5077
5878
5226
6259
4700
4935
5379
5256
5532
4449
4792
5187
4462
4678
4800
4737
4842
5036
5538
4693
4978
4829
4407
5382
5386
5546
5543
4484
5488
4841
4943
5227
4900
4477
5093
4717
5926
4920
4567
4823
4699
4970
5885
5243
5459
5256
4826
4833
4726
5051
5387
5485
6037
6165
5741
4576
4958
5730
4909
4578
4880
5224
4784
5349
5032
5218
5350
4775
4825
4531
5503
5248
5249
5056
5715
6131
4711
4979
4565
4711
4711
4758
5836
5927
5372
4974
4665
5225
5045
4559
4781
4629
4632
5408
5829
4518
5794
5261
4639
5073
5860
5322
4948
4758
5928
5276
4849
4531
4556
5308
5225
5153
5770
5785
4931
5692
5521
4831
4842
4728
5176
6064
5649
5030
5383
4817
4756
5031
4681
5444
5051
5555
5793
4665
5483
4981
4981
5291
5110
5112
5123
6097
4710
4568
5357
4623
4872
5039
5019
4682
4726
5184
4854
5512
5827
5299
5485
4702
4996
4988
5052
5063
5191
4743
4596
4870
4612
4953
4984
5237
5597
6156
4841
5223
5477
4795
4869
4884
5196
4922
5990
4643
5900
4746
4838
4719
5250
5166
4743
5032
4836
5106
5376
4948
5349
5400
4980
4859
4834
4965
4864
5750
4719
5023
4641
5347
4976
4652
4835
4862
5486
5607
5287
5660
4674
5461
5045
5193
5317
4780
5272
5142
4683
6254
5414
5073
5245
5651
5157
4748
4748
5011
5011
4904
5462
5264
4857
5960
4932
5427
4899
5208
5221
5369
4848
5493
4693
5145
4973
5297
5301
4893
5498
4769
4769
5103
4815
5176
5260
4929
5079
5018
5189
4972
5022
5478
4858
4788
4939
5337
5428
5284
5420
4904
5143
5672
4866
4912
5132
5050
5267
5107
4727
4843
4895
4987
5314
5000
5371
5158
4864
5198
5392
4747
5078
5118
4961
5993
5054
5338
4842
4923
4729
5746
6059
6194
5650
5711
4755
5399
5441
5448
4760
4763
5525
5591
4843
4930
5737
5288
5429
5065
5082
5466
5457
4766
5753
4873
4963
5280
4927
4918
5103
5131
5066
5381
4852
4785
5146
5183
5705
5159
4871
4929
5118
5095
5147
6074
4976
4869
5043
4882
5321
5382
5606
4949
5050
5071
5363
4850
4930
5848
4961
4996
5143
5214
4917
5055
5487
5059
6159
5494
5376
4891
5270
4818
4883
5001
5285
4827
5105
5659
5201
5761
4945
5242
5001
5210
5325
4893
5238
5613
5629
4947
5034
5167
4947
4862
5215
6255
4968
4991
4862
5285
5236
5528
5480
5074
5394
5739
5348
6052
5173
4881
5052
5437
5314
5067
5251
5109
5019
5378
4896
5625
5028
5185
5188
5280
6022
5049
5117
5547
5117
5364
4943
5223
5120
5054
5006
5522
5748
5742
5279
5623
5638
5144
5681
5595
5406
5100
5505
5724
5077
5110
5151
5413
5755
5766
5860
5331
5604
5544
5158
5895
5433
5736
5068
5192
5436
5199
5143
5611
5166
5161
4960
5243
5695
5154
5417
5263
5095
4942
5080
6261
5315
5407
5141
5311
5569
5342
5298
5568
5615
4972
5331
5826
4995
5014
5229
5396
5299
5010
5094
5197
5385
5463
5241
5173
5492
5335
5070
5261
5726
5698
5064
5554
5244
5449
5288
5103
5233
5233
5500
5478
5678
5072
5119
5167
5601
5758
5505
5703
5403
5287
5559
5598
5708
5062
5322
5034
5119
5137
5451
5596
5244
5358
5779
5026
5381
5091
5519
5232
5428
5091
5774
5273
5628
5274
5444
5253
5227
5193
5531
5689
6141
5047
5281
5903
5132
5397
5204
5446
5098
5098
6034
6237
5383
5198
5129
5218
5476
5722
5235
5917
5106
5297
5239
5754
5560
5764
5572
5576
5475
5189
5096
5123
5450
5813
5323
5112
5318
5387
5576
5585
5635
5677
5278
5488
5418
5760
5369
5180
5289
5231
5490
5472
5150
5177
5195
5595
5588
5265
5213
5642
5364
5396
5437
5725
5346
5389
5228
5345
5122
5744
5345
5752
5324
5466
5689
5688
5567
5211
5230
5745
5447
5444
5364
5531
5290
5589
5257
5257
5196
5620
5351
5596
5320
5476
5539
5496
5548
5672
5540
5263
5373
5255
5379
5238
5710
5470
5302
5274
5506
5648
5818
5202
5260
5469
5242
5228
5229
5239
5503
5848
5529
5225
5672
5206
5244
5251
5313
5554
5367
5391
5208
5284
5301
5385
5204
5313
5224
5706
5433
5395
5545
5436
5332
5550
5553
5823
5850
6103
5511
5524
5631
5675
5294
5332
5588
5231
5863
5649
5758
5295
6200
5613
5587
5269
5523
5485
5400
5414
5703
5392
5452
5322
5265
5314
5343
5482
5671
5626
5347
5373
5561
5735
5357
5293
5323
5589
5312
5673
5353
5674
5529
5443
5317
5298
5608
5654
5470
5696
5787
5321
5463
5418
5446
5504
5366
5398
5656
5743
5815
5545
6222
5355
5325
5330
5346
5363
5420
5562
5579
5643
5465
5429
5561
5712
5647
5761
5408
5367
5517
5354
5445
5720
5447
5397
5437
5350
5653
5472
5398
5378
5617
5456
5404
5573
5460
5593
5484
5512
5370
5412
5413
5539
5419
5569
5471
5393
5367
5401
5631
5589
5597
5392
5786
5483
5500
5395
6060
5658
5686
5690
5660
5639
5422
5438
5484
5542
5654
5643
5511
5464
5663
5433
5397
5403
5431
5557
5744
5463
5579
5594
5393
5496
5507
5704
5445
5595
5680
5446
5776
5580
5636
5750
5684
5526
5640
5479
5618
5519
5530
5620
5647
5635
5713
5648
5825
5510
5742
5533
5539
5664
5451
5451
5504
5591
5566
5773
5641
5854
5558
5469
5492
5571
5468
5535
5578
5583
5532
5455
5583
5618
5552
5552
5478
5533
5551
5709
5462
5512
5542
5607
5573
5530
5592
5483
5778
5669
5610
5570
5583
5547
5685
5533
5845
5487
5745
5752
5674
5709
5623
5746
5582
5666
5693
5722
5703
5669
5495
5633
5747
5499
5510
5587
5661
5587
5581
5712
5771
5732
5675
5734
5751
5670
5728
5731
5564
5550
5574
5702
5811
5795
5809
5637
5635
5550
5558
5849
5666
5662
5724
5565
5590
5682
5529
5569
5641
5578
5543
5719
5756
5720
5777
5671
5731
5572
5601
5615
5575
5606
5679
5631
5688
5590
5554
5708
5566
5665
5650
5707
5625
5581
5614
5710
5655
5772
5651
5588
5736
5730
5705
5717
5634
5652
5655
5594
5825
5697
5699
5789
5636
5603
5621
5639
5667
5781
5695
5700
5628
5730
5706
5647
5673
5790
5619
5625
5805
5613
5633
5792
5785
5822
5738
5736
5685
5817
5800
5648
5812
5692
5715
5702
5758
5780
5686
5872
5742
5642
5765
5723
5725
5691
5815
5691
5800
5853
5865
5752
5800
5694
5735
5796
5783
5797
5757
5692
5710
5682
5754
5787
5753
5760
6201
5686
5762
5723
5731
5684
5701
5720
5704
5756
5801
5831
5855
5791
5807
5834
5804
5793
5738
5699
5807
5776
5753
5790
5718
5718
5738
5774
5727
5725
5751
5805
5788
5719
5733
5847
5762
5797
5739
5877
5796
5825
5778
5751
5828
5853
5746
5795
5834
5764
5760
5817
6229
5778
5793
5832
5764
5762
5804
5768
5970
6096
5857
5864
5855
5869
5803
5849
5961
5772
5779
5874
5941
5791
5871
5816
5902
5807
5780
5845
5883
5865
5813
5858
5791
5870
5797
5796
5805
5865
5799
5802
5829
5836
5927
5882
5878
5888
5828
5831
5835
5872
5834
5915
5851
5911
6205
5830
5839
5826
5840
5844
5842
5844
5857
5864
5877
5912
5920
5875
5905
5905
5915
5887
5846
5862
5887
5893
5926
5866
5921
5851
5917
5916
5841
5861
5846
5861
5898
5922
5925
5875
5893
5856
5923
5925
5908
5868
5927
5893
5856
5887
5871
5898
5862
5867
5869
5862
5930
5898
5868
5875
5914
5872
5879
5881
5886
5876
5883
5884
5884
5909
5913
5920
5885
5889
5935
5890
5891
5892
5935
5890
5935
5892
5896
5895
5914
5918
5921
5899
5907
5904
5916
5936
5900
5907
5901
5902
5908
5907
5908
5910
5922
5911
5917
5928
5933
5919
5936
5932
5931
5924
5924
5929
5936
5929
5931
5934
5934
5934
5940
5939
5940
5945
5945
5944
5946
5992
5988
5948
5960
5959
5955
5962
5962
5968
5956
5963
5963
5977
6018
5964
5976
5980
6007
5983
5976
5977
5970
5972
5989
5974
6014
5990
5990
6000
5979
5983
5989
5987
6264
5985
6010
6021
6000
6081
6018
6028
6122
6028
6164
6008
6030
6042
6048
6254
6007
6238
6047
6047
6242
6014
6063
6147
6068
6247
6012
6077
6186
6077
6049
6185
6019
6140
6267
6134
6228
6129
6014
6126
6265
6129
6149
6135
6230
6062
6195
6138
6138
6240
6141
6141
6244
6139
6226
6078
6150
6152
6182
6151
6153
6213
6156
6155
6160
6161
6106
6212
6162
6162
6109
6165
6165
6166
6250
6271
6172
6173
6173
6099
6082
6179
6180
6145
6233
6127
6137
6184
6184
6185
6251
6272
6168
6191
6192
6186
6146
6195
6250
6197
6150
6202
6166
6205
6206
6210
6210
6215
6215
6216
6216
6217
6217
6218
6220
6221
6221
6222
6223
6224
6224
6225
6225
6227
6229
6245
6231
6231
6234
6237
6121
6171
6226
6239
6119
6193
6213
6243
6243
6248
6112
6247
6114
6249
6238
6116
6242
6246
6118
6248
6261
6132
6260
6142
6240
6259
6258
6253
6169
6203
6143
6235
6199
6206
6209
6207
6137
6163
6161
6269
6198
6256
6214
6194
6223
6204
6182
6188
6160
6244
6168
6188
6269
6255
6257
6203
6252
6198
6208
6220
6259
6232
6183
6181
6241
6218
6219
6201
6234
6204
6233
6209
6228
6207
6230
6190
6258
6236
6190
6241
6232
6212
6239
6200
6237
6214
6235
6253
6251
6236
6265
6264
6262
6266
6263
6268
6273
6263
6262
6272
6271
6271
6272
6268
6266
6270
6264
6265
6273
6270
)


// ************************************************************************* //
