/*--------------------------------*- C++ -*----------------------------------*\
| =========                 |                                                 |
| \\      /  F ield         | OpenFOAM: The Open Source CFD Toolbox           |
|  \\    /   O peration     | Version:  2412                                  |
|   \\  /    A nd           | Website:  www.openfoam.com                      |
|    \\/     M anipulation  |                                                 |
\*---------------------------------------------------------------------------*/
FoamFile
{
    version     2.0;
    format      ascii;
    arch        "LSB;label=32;scalar=64";
    note        "nPoints:2774  nCells:2622  nFaces:9253  nInternalFaces:3857";
    class       labelList;
    location    "constant/polyMesh";
    object      neighbour;
}
// * * * * * * * * * * * * * * * * * * * * * * * * * * * * * * * * * * * * * //


3857
(
136
555
1339
17
182
644
62
169
274
58
132
1808
108
2347
2423
52
587
1079
61
105
499
12
381
1183
341
1322
1433
62
1546
2398
95
171
1894
31
439
440
176
817
193
281
2524
26
195
248
77
295
2009
39
1223
258
2541
156
491
1375
177
2031
2614
664
2273
2613
89
196
1824
46
308
1484
211
1472
2374
160
1371
2077
75
155
1279
697
1121
207
229
1727
46
117
269
93
100
645
222
2334
2486
895
1189
40
188
1451
522
2053
2335
137
2173
2437
55
1208
1585
236
288
1574
176
1515
1739
98
366
1627
396
1214
181
286
317
341
1327
237
584
696
581
1729
2024
203
1633
2535
58
228
1509
1482
142
163
651
119
277
1630
54
141
2244
465
1724
2533
125
2480
2612
1070
1381
286
563
765
417
1369
79
1742
133
143
264
133
134
189
618
354
387
2616
132
143
174
101
1722
1306
69
682
895
174
208
212
240
279
2048
431
612
1861
187
242
690
336
1982
2067
579
1204
601
635
1661
262
453
2227
90
261
1363
210
545
643
110
124
1595
376
585
80
90
2602
438
762
152
180
1341
305
666
721
2517
197
386
1870
153
216
414
100
352
354
138
335
412
1743
2190
2621
192
296
314
107
281
2618
129
1486
1798
216
434
565
125
361
397
707
2152
2620
216
459
179
202
501
2069
2373
142
320
2572
159
162
409
1149
1358
162
170
1133
511
268
436
224
285
701
106
1161
1280
155
2209
2419
219
2262
351
1404
1164
1685
930
1569
131
428
2142
150
1940
268
451
468
191
825
1247
126
368
2548
170
215
418
804
1658
2617
134
316
347
697
1450
541
1419
1994
2118
2279
161
685
723
199
351
1836
283
314
358
173
668
1453
535
1793
541
330
1652
367
465
2522
135
211
1519
386
2365
234
410
927
711
1504
1600
1874
1251
1195
1372
1581
2382
608
2320
1514
2044
676
1076
1745
170
186
390
361
2612
646
1428
272
741
1479
302
425
539
217
450
2607
559
2460
2469
300
1300
2093
663
1166
1822
525
1759
546
1823
2393
551
1602
403
645
364
365
585
631
1724
2439
209
565
588
563
613
1802
256
643
733
1894
313
430
210
314
1425
165
605
762
336
2009
178
1119
2303
175
496
1699
270
396
2130
291
2356
184
203
435
2344
2444
1299
1952
1828
289
2000
1813
1573
2251
2161
2426
311
432
1624
2589
454
504
1497
2391
241
633
1904
1553
1619
227
575
735
210
278
558
1260
806
1711
362
1432
276
1414
1714
346
736
651
1298
507
2350
299
733
2208
269
437
703
1373
289
1639
304
649
1137
801
2096
393
677
703
520
591
1775
1302
2311
1661
267
501
544
255
313
1163
468
1722
2472
1552
2234
323
2580
1284
2602
1635
327
2379
290
311
391
1415
1679
2343
246
685
1406
1849
243
511
1199
336
1270
352
387
766
388
475
755
291
2420
482
507
2401
441
2304
371
539
1673
250
1153
1572
1032
1030
2615
239
1045
346
356
1243
1412
1767
2211
310
1972
2619
260
333
2592
579
1981
1393
1998
2206
250
1969
2450
2464
318
543
623
734
1420
342
2136
1541
1703
455
615
645
710
252
1451
1669
757
1176
1977
313
580
423
1513
1748
389
1286
818
1713
2620
398
292
1398
2578
504
621
335
597
695
560
760
1562
402
570
585
641
308
378
384
1564
2457
328
597
665
320
2463
1573
2031
1179
2482
487
551
716
688
1828
326
438
2033
469
1295
1707
274
1265
743
462
325
1887
394
1407
2324
307
1469
574
760
1481
488
280
303
1122
632
1789
1228
2272
355
2087
518
1738
1801
1864
2154
350
580
1163
1418
2252
1169
1944
2452
460
599
1435
297
1704
2358
1249
1538
2240
364
2434
1659
1390
2605
357
1720
2096
454
466
1414
1949
2033
566
1595
1277
1815
315
912
2002
369
2539
395
653
480
1221
1252
1560
1707
370
1391
595
1090
1599
2465
375
417
852
417
851
462
522
1653
1658
1640
2042
659
494
1719
2264
514
2260
621
1374
1622
1924
1641
2088
485
2404
2437
493
409
687
842
519
1597
1821
1140
2510
527
646
1142
415
1312
1409
2255
1600
2117
514
517
331
1369
1550
831
1851
1468
2566
508
640
739
674
2454
462
1375
1487
1518
1004
1645
1923
392
1367
2390
590
658
1697
502
683
2488
1994
1921
2399
550
654
821
354
511
2198
1183
1515
2143
421
1432
1669
372
1604
2164
810
1541
2417
1780
2259
1255
1696
385
1799
2183
420
2383
575
920
801
1248
566
1338
488
509
544
481
576
1731
1550
688
1367
496
663
1861
631
643
774
368
2405
1581
2099
1645
495
2230
652
1382
1551
1941
515
2259
1277
1467
2513
1073
1851
2376
745
2244
1795
2085
482
1664
2073
478
602
1081
1235
1621
476
1807
2587
1331
2338
523
1415
1796
654
663
1699
1375
1463
1202
1345
2000
468
1750
1932
1547
2003
685
883
774
914
2357
2395
1865
2297
1947
2172
1647
2490
1012
1329
2040
730
1657
479
553
567
856
894
1501
472
1530
430
1151
2428
537
755
1370
1416
1443
1602
510
1593
1183
1890
1917
708
874
1897
453
675
2595
661
1007
715
1598
2209
798
1283
1868
2131
536
2032
2306
433
1716
1224
1648
2150
883
1026
1022
1998
1671
1739
2577
1796
2192
602
1459
1463
1452
1551
489
2015
2315
456
672
1147
449
1156
553
720
860
619
672
2442
914
1132
789
1133
798
1620
584
2062
1238
1723
1487
1547
2475
682
1920
1737
1758
512
1586
1187
1587
1688
814
1601
2125
749
1368
1459
593
636
740
452
516
927
1143
1339
1368
546
594
2582
564
820
779
1217
766
1517
714
874
2614
1789
500
887
1249
1349
530
1615
1823
623
686
1130
1696
1824
1233
784
842
1422
542
582
1583
1313
2159
2596
2459
1238
1435
1403
2078
2499
1452
2065
572
1660
2584
673
1501
1800
725
1457
1219
1315
1377
571
729
1427
2002
2200
1277
2015
698
1851
2492
1484
1800
1339
1442
678
2025
1281
1957
696
543
1988
2037
698
1784
2121
1536
2349
744
1168
2297
1351
2183
1659
1958
2618
693
1237
1490
1487
1576
630
1363
2275
498
1425
715
2311
2077
2216
2442
626
1391
1557
1770
1859
1655
1925
607
717
1220
888
1875
1026
1134
1444
1687
656
752
1493
516
660
999
2168
1508
1590
1715
2043
638
1437
532
756
720
1085
1665
533
1163
706
695
674
2586
1306
2264
2057
2315
650
1544
2138
2205
891
1386
1159
1256
2130
1262
1476
810
1234
2064
540
1305
1071
1219
1442
629
1111
1324
1762
2488
699
1873
2529
599
655
570
712
556
1614
2573
1476
1683
1711
2091
666
1632
1303
1814
2265
1741
651
1798
600
772
1400
2591
1629
2070
2087
671
627
717
718
751
1131
1381
1092
1139
1300
1166
1964
1443
614
1004
2242
1071
711
1755
2327
1442
1488
578
2483
1274
1740
2193
623
2037
1660
2161
1899
2081
669
776
904
600
1379
2441
611
732
1020
1793
568
1143
894
1511
1412
1837
1886
590
795
1721
2606
1300
1682
2241
1445
1467
736
1148
1187
657
1448
2192
1140
2451
826
1716
2001
2053
1228
1246
667
705
746
1409
1151
1283
1411
1131
1377
1818
2050
1279
1505
1674
1790
1503
1721
624
1468
2455
706
781
1689
1692
764
1408
622
1650
2036
1582
617
1448
2611
1329
1852
2339
673
607
615
696
2073
2280
1270
1725
679
1836
1907
1003
1843
2532
1390
1614
2598
625
1379
2360
681
2318
626
2432
1925
2427
1564
1844
1000
668
1565
1426
2191
1428
1819
1330
1301
2033
2170
2182
1249
2604
1398
2367
1494
1803
1147
992
1003
724
1426
2418
1173
1585
1332
2596
2434
702
1670
1500
1991
671
1494
1689
839
2228
859
1206
821
2205
2274
1345
1161
1165
2094
1173
1473
687
2085
843
1395
2016
1844
1856
2526
908
1732
2156
1076
1387
2114
1197
1876
1358
2405
1147
1686
1410
1682
2333
732
691
1278
1756
2482
729
747
1598
2311
1044
692
1298
1323
1870
1527
2355
1646
2260
1171
1396
725
815
837
1258
1440
1613
1615
2604
749
1859
1500
1541
1355
1886
1422
1605
1701
1959
758
782
769
805
1198
765
1691
785
1762
2256
745
788
793
1297
2088
2542
2390
770
794
1642
1397
1545
753
2012
809
2013
1297
1394
705
738
988
1007
1449
1652
1331
1900
1820
1892
2213
753
1378
1361
1421
1168
797
915
1055
800
1434
1926
2540
1133
1287
752
1197
1408
2396
2443
2006
1983
1872
1968
1434
2194
1804
827
1341
1157
1312
1887
748
1127
1462
1066
804
1653
1411
1418
1492
1812
1992
1663
2504
737
782
1308
777
924
1354
803
813
1161
1242
1360
1561
737
794
1970
1210
1084
1592
1928
1218
2110
812
783
1111
2495
815
816
811
882
743
1723
2413
1866
2174
2561
1423
775
783
1054
1266
1055
1221
856
1355
1535
1896
814
2045
1693
1233
815
885
1206
912
1210
2023
1820
1941
759
813
1280
2513
807
907
2039
2127
832
923
1162
1192
1230
806
2218
830
898
1454
1001
1345
2183
824
910
1318
835
861
1311
1232
1830
1146
1862
2597
2070
829
1268
823
862
799
824
1096
1570
1730
1170
1444
1152
1457
1668
998
999
792
1865
2542
826
1531
1467
1495
1704
1497
2377
2477
852
929
1440
2445
1050
1446
1782
1039
1237
1040
800
917
2095
2271
1090
1192
1317
1222
1257
1771
822
989
1399
1177
828
1028
1643
2027
2031
873
903
2032
897
901
916
922
1244
1254
1303
851
1019
836
1218
1953
996
998
1900
1922
2169
2215
1321
1437
2366
2035
2300
1038
829
1186
1344
1998
2038
1974
1543
2223
868
933
1040
854
1041
1914
1923
840
857
834
1092
1737
1356
2074
840
1018
841
1247
995
996
857
1037
1607
1672
1150
844
1634
1835
1235
2367
846
1424
901
1036
847
1735
848
1764
849
1215
850
1712
1281
1478
855
855
902
1035
882
1788
1009
1143
982
898
928
1717
1434
1636
1511
1580
872
1008
994
995
892
907
1392
933
1034
919
1031
1596
1029
1033
920
1051
1184
921
1114
921
1025
1309
922
926
1264
906
923
1439
924
1138
925
1194
1934
915
1006
1174
1011
1154
1188
1013
1064
2059
1014
1074
1259
905
1014
1112
1016
1042
1181
1017
1043
1191
1027
1992
1015
1049
904
1924
1015
1115
1397
1430
2553
2600
1052
1053
1056
1057
1022
1748
1069
1535
1058
1061
1053
1062
1065
928
1754
1047
1066
1067
1070
1072
973
916
976
990
991
1327
1058
1077
993
1046
1060
1752
2512
911
1048
1776
989
990
918
1029
1086
1154
1617
1806
1015
993
987
988
1031
1539
1083
1353
1032
1034
1035
1037
1038
1039
1490
1023
1059
1044
1036
985
987
1600
1808
932
1048
1333
1024
1091
970
1089
1097
1108
1110
1107
1109
1109
2089
1072
1110
1106
1108
1105
1107
1067
1070
1104
2137
1103
1106
1065
1105
1102
1103
1101
1104
1066
1580
1061
1101
1057
1102
1062
1127
1053
1579
1095
1099
1056
1100
1058
1099
1097
1100
1052
1336
1049
1094
1091
1094
1088
1091
1450
1482
1029
1088
1032
1095
1087
1449
1033
1083
1082
1087
1080
1083
1034
1082
1075
1080
1069
1075
1068
1060
1069
1059
1068
1060
1035
1059
1036
1047
1046
1089
1957
1041
1047
1037
1046
1027
1041
1019
1027
1018
1009
1019
1008
1018
1009
1008
1038
1039
1214
1178
1040
1325
1502
1477
1443
1044
1981
2254
1006
1078
1455
1049
1063
1064
1567
1172
1343
1159
1172
1100
2151
1061
1093
1105
1021
1106
1363
1827
1098
1149
2014
1028
1155
1078
1751
1082
1118
1773
1068
1201
1819
1033
1107
1128
1108
1129
1589
1728
1088
1248
1267
1095
1123
1501
1207
1817
1115
1064
1063
1666
1544
1126
1665
1085
1542
1914
2077
1101
1144
2163
2474
1124
1438
1094
1315
1665
1209
1395
1454
1729
2340
1315
1343
2074
1121
1731
1474
1906
1126
1167
1187
1731
1570
1103
1526
1124
1943
1145
1135
1136
1683
1239
1466
1905
1995
2112
1273
1713
1120
1254
1883
1213
1721
2516
1121
1286
2026
2518
1127
1533
1747
1124
1200
1233
1288
1347
1135
1295
1136
1212
1260
1502
2051
1220
2158
1947
2383
1935
1946
1205
1350
1445
1481
1356
1662
1744
1895
2425
2609
1334
1575
1145
1176
2179
1873
2397
1478
1913
1227
1291
1495
1253
2239
2394
2020
2266
1954
1272
1768
1210
2006
1430
1456
1271
1775
2224
1188
1576
1792
2621
1291
1537
2029
2250
2237
2321
2554
1229
1901
1824
2231
2254
1947
2097
1268
1322
1223
1742
1257
1383
1319
1336
1276
1907
2018
1483
1549
1756
2251
1761
1778
2479
1229
1362
1888
1895
1987
1243
1261
1318
1963
1327
1433
1945
1388
1223
1389
1227
1285
1489
1241
1416
1401
1588
1258
1980
1644
2191
2568
2214
1401
1402
1738
2048
1261
1578
1663
2608
1437
1938
1718
1845
2415
1981
1458
1474
1996
1226
2096
1632
2352
1348
1353
1282
1505
1847
1285
2125
1775
1987
1887
1424
1956
1573
2275
2421
1816
1916
1424
2115
1709
1222
2005
2294
2408
1255
1404
1413
1255
1293
2011
1830
2112
1378
2304
1314
1602
1341
1429
1703
2229
2455
1385
1593
1681
1655
1259
2028
1316
1342
1446
1288
2243
1326
1352
2014
1465
1483
1417
1556
2271
1740
2279
1911
1464
1622
1803
1989
1420
1552
1462
1628
1307
2428
2237
2021
2173
2058
1337
1276
1477
2235
1558
1680
1357
1359
1474
1272
1465
1302
1306
1293
1326
1316
1328
1433
1376
1393
1513
1833
1807
2436
2140
1309
2620
1583
1590
1431
1856
2391
2144
1378
1408
2419
1836
1956
1866
2055
2054
1822
2588
2139
1436
1835
2445
2012
1347
1628
1901
1352
1427
1441
2010
1508
1583
1606
1507
1326
1514
1518
1362
1308
2018
2075
1325
2453
1881
2180
1536
2351
2264
2124
1316
1480
1529
1486
1575
1418
1871
1907
1436
1512
1584
1657
1445
1495
1456
1891
2004
1872
2589
1342
1357
1504
1484
1857
1509
1808
2579
1933
2551
1419
1595
1940
1447
1476
1681
1485
1540
2184
1603
1812
1743
1891
2132
1648
1677
2386
2536
1559
1982
2378
1800
1496
2061
1492
1975
2187
2248
1510
1389
1402
1562
1359
1516
1790
1666
1471
2163
1574
1686
1366
1638
1543
1799
1591
1695
1481
1562
1471
1617
1520
1526
1417
1441
1512
1674
1714
2030
1441
1582
1646
1532
1538
1623
1876
1960
2558
2382
1469
1841
2424
1914
2069
2061
2366
1605
1766
1420
1931
1882
2227
2368
2491
1403
1475
2060
1542
1533
1838
1455
2034
1394
2008
2305
2248
2545
2467
2574
1752
2483
1389
1929
2337
2353
1767
1896
1748
2189
1717
1399
2047
2284
2116
1423
1606
1625
2084
2081
2509
2321
1519
1791
1938
1610
1693
1809
2257
2280
1867
2155
1779
2549
1507
2308
1723
1644
1694
1458
2047
1734
2419
2217
2178
2252
2273
1561
1984
1624
1625
2068
1862
2543
1845
2427
2152
1466
1578
1537
1549
2440
2066
1520
1558
1710
2613
1787
1787
2476
2267
1457
1902
2388
1690
1753
1568
2226
1554
1893
2599
1659
1801
2043
1666
2439
1485
2018
2133
1706
2496
2564
1506
2187
1745
1980
2202
1577
2239
1749
2610
2157
2111
1788
2433
1510
2369
1857
1654
2314
2330
1826
2115
1510
1919
2008
1560
1935
2089
2090
1610
2083
2287
1626
1780
1826
1499
1968
1565
2290
2157
2253
2303
2362
1795
1983
1514
1577
1563
1579
1667
2482
2577
1520
1889
1866
1912
1591
1948
1522
2027
1883
1734
1804
1951
1525
1963
2035
1943
1728
2102
1630
1834
1855
1540
2327
1599
2394
1927
2207
1611
1969
1708
1551
2060
2380
2163
1843
1972
1650
1732
1760
1885
1946
1976
1943
2037
2199
1597
2435
2293
1858
2089
2619
2289
1874
2146
2274
2379
2408
1846
2137
1869
2108
2420
2511
1879
2009
2342
2400
2020
2245
2527
2254
1881
1738
1859
2443
1784
2138
1638
2108
2117
2414
2151
1651
2024
2210
1574
1831
1811
2293
2022
2462
2141
2141
2196
1591
1611
1618
1710
1783
1919
1730
2501
2008
2176
1592
2004
2485
2285
2551
1647
1927
2593
1732
2263
1763
2434
1944
2139
1841
1848
2248
1918
2041
1811
2330
1694
1816
2243
1821
1942
1966
1816
1825
1818
1822
1861
1716
1780
1962
2494
1710
1829
2352
2119
1733
2200
2001
2086
1766
1774
2388
2433
2360
1680
1850
1967
1637
2375
2384
2011
2231
1959
1709
1726
1903
1699
2000
2341
1750
2228
2550
2064
2124
1948
2135
1692
2582
1930
1952
1649
1860
1940
1671
2358
1698
2189
2171
2362
1713
1768
2322
2231
1667
2571
1776
1708
1880
1736
1991
2225
2456
2361
2017
2619
2427
1705
2059
2121
1969
2225
2303
2146
2241
2276
2525
2454
2592
1733
1902
2022
2476
1951
2479
1815
1985
2506
1977
2079
2055
1746
2440
2445
1802
2148
2348
1751
2484
1939
2357
2370
2530
2574
1736
2392
2345
1839
2197
2247
1813
1922
1915
2072
2177
1913
2216
1803
1751
2258
2195
2493
1996
1702
2188
1936
2263
2174
1817
1889
2425
2519
2098
2128
2389
2245
2579
1810
2214
2301
2010
1730
2151
2080
2530
1935
1960
1898
1718
2145
2247
2413
1726
1786
2302
2476
1821
1884
1782
1817
1833
1792
1997
2056
1772
2102
2520
2159
2086
2412
2209
2064
2229
1759
1929
2601
2167
2400
2409
2129
2529
1828
1978
1936
2202
2268
1781
2046
2049
2504
2352
2451
1990
2131
1840
2302
1885
2362
2310
1781
1786
1864
1906
2502
1860
1776
2150
1842
1951
2316
1942
2364
2105
2145
1792
2397
2459
2288
2039
2215
1781
1854
2063
1871
2307
1903
2118
2103
2222
2120
2126
1777
1903
1834
2135
2101
2177
2134
2167
1889
2023
2369
2059
1795
1910
2220
2186
2388
2072
2271
1794
1799
2107
1797
1976
2568
1834
1948
2453
2353
2372
1884
2076
2098
2131
2212
2257
2315
2236
2383
1849
1854
1965
2277
1958
1882
2417
2019
2432
2106
2144
2278
1850
1877
2196
2132
2269
1879
1932
2223
1915
1993
2185
2278
2488
2100
2268
2474
2585
1880
1915
1909
2145
2039
2211
2497
1884
1966
2170
2478
2558
1858
2409
1910
1912
2384
2545
2473
1879
2330
2365
1868
2021
2076
2092
1976
2272
2336
2400
2036
2546
1966
1971
2101
2043
2461
1875
2122
2130
2095
2266
2453
2252
2180
2329
1984
2490
2232
1932
2200
1979
2091
2153
2071
1968
2206
2094
2052
1896
2084
2176
2338
2540
2498
1961
2431
2117
2416
2086
2516
1974
2411
2103
2324
1950
2436
2556
1995
1930
2210
2570
2245
2500
2093
2148
2332
2403
2281
2323
2282
2124
2265
2312
2230
2066
2188
2104
2169
2325
2374
2304
1927
2502
2559
2560
2326
2328
1989
2348
2190
2261
1931
1971
2074
2041
2296
2061
2375
2147
2393
2114
1982
2295
2447
2366
1979
2487
2213
2359
2457
2173
2385
2045
2342
2351
2224
2291
1967
2051
2503
2385
2404
1965
2250
2386
2110
2110
2601
1995
2046
2007
2468
1978
2395
2142
2205
2361
2219
2270
2075
2171
2359
2109
2099
2196
2391
2410
2107
2246
2179
2390
2538
2440
2164
2234
2219
2583
2004
2364
2435
2224
2199
2460
1996
2068
2331
2617
2120
2071
2266
2441
2127
2136
2062
2426
2470
2335
2412
2152
2261
2025
2423
2249
2322
2343
2109
2452
2083
2044
2204
2467
2019
2302
2317
2123
2133
2601
2095
2320
2041
2249
2576
2347
2253
2350
2094
2080
2468
2154
2544
2065
2446
2448
2414
2416
2142
2240
2206
2265
2153
2289
2123
2577
2308
2125
2092
2480
2198
2165
2418
2269
2334
2514
2171
2314
2225
2118
2134
2413
2100
2283
2524
2618
2414
2423
2267
2450
2186
2473
2371
2126
2262
2447
2489
2328
2212
2108
2479
2560
2314
2286
2346
2528
2162
2409
2343
2291
2208
2281
2340
2243
2291
2449
2236
2189
2167
2193
2415
2232
2571
2508
2607
2331
2543
2472
2296
2555
2172
2160
2422
2229
2323
2234
2520
2345
2358
2247
2406
2446
2181
2331
2354
2512
2477
2429
2487
2276
2404
2277
2492
2256
2403
2143
2402
2399
2354
2426
2239
2465
2298
2481
2279
2288
2292
2162
2456
2452
2422
2481
2160
2468
2300
2278
2411
2447
2309
2463
2534
2156
2306
2594
2295
2378
2201
2257
2324
2355
2481
2354
2179
2187
2322
2431
2282
2297
2461
2534
2594
2540
2255
2508
2218
2204
2308
2321
2609
2182
2480
2531
2270
2469
2489
2296
2306
2523
2313
2553
2222
2424
2338
2418
2611
2246
2393
2582
2221
2562
2208
2539
2292
2505
2294
2510
2325
2316
2332
2372
2237
2410
2567
2590
2317
2236
2380
2232
2422
2376
2268
2325
2312
2547
2449
2461
2318
2563
2471
2272
2522
2533
2595
2430
2406
2249
2327
2369
2467
2515
2310
2381
2421
2521
2466
2328
2373
2531
2485
2326
2421
2524
2344
2332
2416
2599
2384
2412
2438
2348
2512
2499
2486
2589
2555
2335
2407
2349
2497
2559
2575
2561
2292
2616
2489
2505
2359
2364
2299
2389
2562
2565
2374
2538
2614
2617
2438
2580
2403
2356
2398
2320
2363
2339
2323
2570
2425
2609
2396
2443
2387
2594
2613
2561
2410
2411
2563
2537
2372
2349
2351
2466
2547
2552
2583
2339
2341
2511
2550
2581
2395
2429
2576
2365
2458
2532
2495
2527
2615
2579
2401
2420
2381
2486
2429
2441
2517
2444
2532
2578
2477
2514
2415
2558
2499
2528
2535
2569
2501
2514
2541
2392
2580
2610
2407
2522
2437
2544
2536
2544
2470
2458
2465
2428
2529
2498
2475
2464
2424
2497
2548
2539
2596
2484
2595
2506
2581
2610
2511
2564
2498
2587
2621
2533
2521
2470
2603
2493
2523
2542
2518
2510
2586
2566
2548
2503
2466
2597
2584
2515
2530
2572
2518
2505
2508
2557
2616
2557
2507
2559
2535
2550
2507
2599
2495
2496
2600
2523
2565
2501
2565
2562
2563
2538
2527
2603
2571
2541
2608
2552
2573
2608
2615
2587
2574
2606
2554
2591
2606
2525
2604
2555
2536
2572
2603
2612
2592
2549
2578
2597
2569
2552
2581
2556
2605
2569
2567
2588
2583
2607
2586
2566
2593
2611
2575
2598
2590
2590
2591
2598
2605
2602
2600
)


// ************************************************************************* //
