/*--------------------------------*- C++ -*----------------------------------*\
| =========                 |                                                 |
| \\      /  F ield         | OpenFOAM: The Open Source CFD Toolbox           |
|  \\    /   O peration     | Version:  2412                                  |
|   \\  /    A nd           | Website:  www.openfoam.com                      |
|    \\/     M anipulation  |                                                 |
\*---------------------------------------------------------------------------*/
FoamFile
{
    version     2.0;
    format      ascii;
    arch        "LSB;label=32;scalar=64";
    class       vectorField;
    location    "constant/polyMesh";
    object      points;
}
// * * * * * * * * * * * * * * * * * * * * * * * * * * * * * * * * * * * * * //


2774
(
(0 0 0)
(-10 -10 0)
(20 -10 0)
(-10 10 0)
(20 10 0)
(-10 -10 0.001)
(20 -10 0.001)
(-10 10 0.001)
(20 10 0.001)
(0 0 0.001)
(0.009522233719 0.0166446181 0)
(0.02646135528 0.02683304264 0)
(0.04494681751 0.03395797737 0)
(0.06400090205 0.03940776337 0)
(0.08333815468 0.04375636066 0)
(0.1028397952 0.04730005814 0)
(0.1224456893 0.05021488076 0)
(0.1421212732 0.05261637011 0)
(0.1618449292 0.05458570019 0)
(0.1816022797 0.05618297474 0)
(0.2013833195 0.05745455398 0)
(0.221180848 0.05843737243 0)
(0.240989551 0.05916163081 0)
(0.2608054326 0.05965255326 0)
(0.2806254481 0.05993157789 0)
(0.3004472567 0.06001718898 0)
(0.3202690494 0.05992551402 0)
(0.3400894261 0.05967075666 0)
(0.3599073047 0.05926551679 0)
(0.3797218535 0.05872105556 0)
(0.399532439 0.05804749195 0)
(0.419338586 0.0572539544 0)
(0.4391399446 0.05634869137 0)
(0.4589362648 0.05533916977 0)
(0.478727376 0.05423216896 0)
(0.49851317 0.0530338453 0)
(0.5182935863 0.0517497785 0)
(0.5380686003 0.05038501273 0)
(0.5578382137 0.04894410836 0)
(0.5776024463 0.04743117392 0)
(0.5973613289 0.04584988896 0)
(0.6171148961 0.0442035231 0)
(0.6368631821 0.0424949659 0)
(0.6566062159 0.04072674476 0)
(0.6763440173 0.03890103883 0)
(0.6960765931 0.03701968945 0)
(0.7158039339 0.0350842148 0)
(0.7355260115 0.03309582281 0)
(0.7552427761 0.03105541994 0)
(0.7749541542 0.02896361936 0)
(0.7946600457 0.02682074867 0)
(0.8143603223 0.02462685713 0)
(0.8340548247 0.02238172248 0)
(0.8537433609 0.02008485719 0)
(0.8734257039 0.01773551408 0)
(0.8931015895 0.01533269191 0)
(0.9127707137 0.01287513792 0)
(0.9324327312 0.01036136214 0)
(0.9520872565 0.007789666076 0)
(0.9717338899 0.005158358399 0)
(0.9913708574 0.00245609658 0)
(0.971735687 -0.005155535122 0)
(0.9520893628 -0.007789116648 0)
(0.9324348727 -0.01036107922 0)
(0.9127728577 -0.01287487462 0)
(0.8931037332 -0.01533242578 0)
(0.8734278485 -0.01773525529 0)
(0.8537455061 -0.02008460403 0)
(0.8340569706 -0.022381475 0)
(0.8143624689 -0.02462661526 0)
(0.7946621929 -0.02682051237 0)
(0.774956302 -0.02896338862 0)
(0.7552449245 -0.03105519477 0)
(0.7355281604 -0.03309560327 0)
(0.7158060835 -0.03508400097 0)
(0.6960787433 -0.03701948145 0)
(0.676346168 -0.0389008368 0)
(0.6566083671 -0.0407265489 0)
(0.6368653339 -0.04249477641 0)
(0.6171170486 -0.04420334024 0)
(0.5973634819 -0.04584971303 0)
(0.5776045999 -0.04743100525 0)
(0.5578403678 -0.04894394734 0)
(0.538070755 -0.05038485978 0)
(0.5182957417 -0.05174963408 0)
(0.4985153259 -0.05303370994 0)
(0.4787295326 -0.05423204324 0)
(0.4589384219 -0.05533905432 0)
(0.4391421022 -0.0563485869 0)
(0.4193407441 -0.05725386169 0)
(0.3995345977 -0.05804741185 0)
(0.3797240127 -0.05872098901 0)
(0.3599094643 -0.05926546484 0)
(0.340091586 -0.05967072047 0)
(0.3202712095 -0.0599254949 0)
(0.3004494169 -0.06001718837 0)
(0.2806276082 -0.05993159745 0)
(0.2608075923 -0.05965259485 0)
(0.2409917101 -0.0591616966 0)
(0.2211830062 -0.05843746494 0)
(0.2013854762 -0.05745467621 0)
(0.1816044342 -0.0561831303 0)
(0.1618470807 -0.05458589357 0)
(0.1421234203 -0.052616607 0)
(0.1224478302 -0.05021516871 0)
(0.1028419269 -0.04730040754 0)
(0.08334027241 -0.04375678676 0)
(0.06400299698 -0.03940829024 0)
(0.04494887101 -0.03395864774 0)
(0.0264633191 -0.02683394211 0)
(0.009523783816 -0.01664612876 0)
(-8 -10 0)
(-6 -10 0)
(-4 -10 0)
(-2 -10 0)
(0 -10 0)
(2 -10 0)
(4 -10 0)
(6 -10 0)
(8 -10 0)
(10 -10 0)
(12 -10 0)
(14 -10 0)
(16 -10 0)
(18 -10 0)
(-10 8 0)
(-10 6 0)
(-10 4 0)
(-10 2 0)
(-10 0 0)
(-10 -2 0)
(-10 -4 0)
(-10 -6 0)
(-10 -8 0)
(20 -8 0)
(20 -6 0)
(20 -4 0)
(20 -2 0)
(20 0 0)
(20 2 0)
(20 4 0)
(20 6 0)
(20 8 0)
(18 10 0)
(16 10 0)
(14 10 0)
(12 10 0)
(10 10 0)
(8 10 0)
(6 10 0)
(4 10 0)
(2 10 0)
(0 10 0)
(-2 10 0)
(-4 10 0)
(-6 10 0)
(-8 10 0)
(-8 -10 0.001)
(-6 -10 0.001)
(-4 -10 0.001)
(-2 -10 0.001)
(0 -10 0.001)
(2 -10 0.001)
(4 -10 0.001)
(6 -10 0.001)
(8 -10 0.001)
(10 -10 0.001)
(12 -10 0.001)
(14 -10 0.001)
(16 -10 0.001)
(18 -10 0.001)
(-10 8 0.001)
(-10 6 0.001)
(-10 4 0.001)
(-10 2 0.001)
(-10 0 0.001)
(-10 -2 0.001)
(-10 -4 0.001)
(-10 -6 0.001)
(-10 -8 0.001)
(20 -8 0.001)
(20 -6 0.001)
(20 -4 0.001)
(20 -2 0.001)
(20 0 0.001)
(20 2 0.001)
(20 4 0.001)
(20 6 0.001)
(20 8 0.001)
(18 10 0.001)
(16 10 0.001)
(14 10 0.001)
(12 10 0.001)
(10 10 0.001)
(8 10 0.001)
(6 10 0.001)
(4 10 0.001)
(2 10 0.001)
(0 10 0.001)
(-2 10 0.001)
(-4 10 0.001)
(-6 10 0.001)
(-8 10 0.001)
(0.009522233719 0.0166446181 0.001)
(0.02646135528 0.02683304264 0.001)
(0.04494681751 0.03395797737 0.001)
(0.06400090205 0.03940776337 0.001)
(0.08333815468 0.04375636066 0.001)
(0.1028397952 0.04730005814 0.001)
(0.1224456893 0.05021488076 0.001)
(0.1421212732 0.05261637011 0.001)
(0.1618449292 0.05458570019 0.001)
(0.1816022797 0.05618297474 0.001)
(0.2013833195 0.05745455398 0.001)
(0.221180848 0.05843737243 0.001)
(0.240989551 0.05916163081 0.001)
(0.2608054326 0.05965255326 0.001)
(0.2806254481 0.05993157789 0.001)
(0.3004472567 0.06001718898 0.001)
(0.3202690494 0.05992551402 0.001)
(0.3400894261 0.05967075666 0.001)
(0.3599073047 0.05926551679 0.001)
(0.3797218535 0.05872105556 0.001)
(0.399532439 0.05804749195 0.001)
(0.419338586 0.0572539544 0.001)
(0.4391399446 0.05634869137 0.001)
(0.4589362648 0.05533916977 0.001)
(0.478727376 0.05423216896 0.001)
(0.49851317 0.0530338453 0.001)
(0.5182935863 0.0517497785 0.001)
(0.5380686003 0.05038501273 0.001)
(0.5578382137 0.04894410836 0.001)
(0.5776024463 0.04743117392 0.001)
(0.5973613289 0.04584988896 0.001)
(0.6171148961 0.0442035231 0.001)
(0.6368631821 0.0424949659 0.001)
(0.6566062159 0.04072674476 0.001)
(0.6763440173 0.03890103883 0.001)
(0.6960765931 0.03701968945 0.001)
(0.7158039339 0.0350842148 0.001)
(0.7355260115 0.03309582281 0.001)
(0.7552427761 0.03105541994 0.001)
(0.7749541542 0.02896361936 0.001)
(0.7946600457 0.02682074867 0.001)
(0.8143603223 0.02462685713 0.001)
(0.8340548247 0.02238172248 0.001)
(0.8537433609 0.02008485719 0.001)
(0.8734257039 0.01773551408 0.001)
(0.8931015895 0.01533269191 0.001)
(0.9127707137 0.01287513792 0.001)
(0.9324327312 0.01036136214 0.001)
(0.9520872565 0.007789666076 0.001)
(0.9717338899 0.005158358399 0.001)
(0.9913708574 0.00245609658 0.001)
(0.971735687 -0.005155535122 0.001)
(0.9520893628 -0.007789116648 0.001)
(0.9324348727 -0.01036107922 0.001)
(0.9127728577 -0.01287487462 0.001)
(0.8931037332 -0.01533242578 0.001)
(0.8734278485 -0.01773525529 0.001)
(0.8537455061 -0.02008460403 0.001)
(0.8340569706 -0.022381475 0.001)
(0.8143624689 -0.02462661526 0.001)
(0.7946621929 -0.02682051237 0.001)
(0.774956302 -0.02896338862 0.001)
(0.7552449245 -0.03105519477 0.001)
(0.7355281604 -0.03309560327 0.001)
(0.7158060835 -0.03508400097 0.001)
(0.6960787433 -0.03701948145 0.001)
(0.676346168 -0.0389008368 0.001)
(0.6566083671 -0.0407265489 0.001)
(0.6368653339 -0.04249477641 0.001)
(0.6171170486 -0.04420334024 0.001)
(0.5973634819 -0.04584971303 0.001)
(0.5776045999 -0.04743100525 0.001)
(0.5578403678 -0.04894394734 0.001)
(0.538070755 -0.05038485978 0.001)
(0.5182957417 -0.05174963408 0.001)
(0.4985153259 -0.05303370994 0.001)
(0.4787295326 -0.05423204324 0.001)
(0.4589384219 -0.05533905432 0.001)
(0.4391421022 -0.0563485869 0.001)
(0.4193407441 -0.05725386169 0.001)
(0.3995345977 -0.05804741185 0.001)
(0.3797240127 -0.05872098901 0.001)
(0.3599094643 -0.05926546484 0.001)
(0.340091586 -0.05967072047 0.001)
(0.3202712095 -0.0599254949 0.001)
(0.3004494169 -0.06001718837 0.001)
(0.2806276082 -0.05993159745 0.001)
(0.2608075923 -0.05965259485 0.001)
(0.2409917101 -0.0591616966 0.001)
(0.2211830062 -0.05843746494 0.001)
(0.2013854762 -0.05745467621 0.001)
(0.1816044342 -0.0561831303 0.001)
(0.1618470807 -0.05458589357 0.001)
(0.1421234203 -0.052616607 0.001)
(0.1224478302 -0.05021516871 0.001)
(0.1028419269 -0.04730040754 0.001)
(0.08334027241 -0.04375678676 0.001)
(0.06400299698 -0.03940829024 0.001)
(0.04494887101 -0.03395864774 0.001)
(0.0264633191 -0.02683394211 0.001)
(0.009523783816 -0.01664612876 0.001)
(9.012032443 -8.291606058 0)
(9 8.267949192 0)
(18.21831134 -0.9773401524 0)
(-8.886122228 2.969693025 0)
(-8.297599367 -2.943633036 0)
(-3.004845411 8.358799932 0)
(-3.09228912 -8.358125713 0)
(3.044916185 -8.540202535 0)
(2.949716324 8.240648161 0)
(0.7041506415 0.05038666376 0)
(12.96359306 -8.295603983 0)
(13 8.267949192 0)
(18.31581702 2.920992796 0)
(18.38420376 -4.873421848 0)
(-6.891706965 -8.102704462 0)
(-8.35955624 7.093248906 0)
(18.29958776 6.997583597 0)
(16.91741595 -8.358965793 0)
(-4.938250858 -8.337682081 0)
(-4.018506225 -6.775413495 0)
(-2.374208694 -6.807782645 0)
(0.6879056719 -0.05475849303 0)
(-3.131750312 -5.485286536 0)
(-1.793396465 -5.465770274 0)
(-2.43423284 -4.431015072 0)
(-1.319406904 -4.40881035 0)
(0.4300220779 -0.07397876634 0)
(-1.85790701 -3.55894429 0)
(-0.9920986555 -3.525323459 0)
(-1.419825396 -2.738277703 0)
(0.2303964398 -0.07604006127 0)
(-0.679394794 -2.793294122 0)
(-2.22200978 -2.808806887 0)
(-1.888036786 -2.191551253 0)
(-2.546654698 -2.154449441 0)
(-2.167429903 -1.552078481 0)
(-2.866857003 -1.539807067 0)
(-2.488825654 -0.9460695283 0)
(-0.2766963291 -3.333870971 0)
(-0.01822078647 -2.69380136 0)
(0.3813155962 -3.230697255 0)
(0.6459031518 -2.647880554 0)
(1.016776373 -3.13141234 0)
(1.250513893 -2.568730364 0)
(1.621800005 -3.03955344 0)
(1.872467727 -2.457668078 0)
(2.274322825 -2.986236676 0)
(2.534501175 -2.323104109 0)
(2.990743183 -2.897904294 0)
(3.238700591 -2.20794552 0)
(3.799954694 -2.822463605 0)
(4.001419839 -1.890113164 0)
(4.721501221 -2.705463546 0)
(5.078846015 -1.764566335 0)
(4.397224399 -0.9453571893 0)
(5.455372603 -0.7537258189 0)
(6.2211059 -1.601336982 0)
(6.642206585 -0.5104446484 0)
(7.486587738 -1.414461482 0)
(7.932638056 -0.1738160012 0)
(4.72491509 0.04139599113 0)
(8.862275316 -1.172541206 0)
(-3.210549276 -0.9222214206 0)
(-2.686586621 -0.2993805081 0)
(-0.4119818413 -2.198468967 0)
(0.8893994713 -2.187086041 0)
(0.8853241602 -0.03362112193 0)
(0.7855273998 -0.0447284978 0)
(9.266835096 0.157329291 0)
(-1.93599877 -0.9932803082 0)
(2.704550312 -1.704045438 0)
(-3.577983598 -0.2587240555 0)
(-3.144468236 0.4143308611 0)
(-2.353736957 0.3993491086 0)
(-2.711438809 1.061558907 0)
(-1.947021667 0.9989774295 0)
(0.4101579421 0.07484432764 0)
(0.2705185648 0.07699281551 0)
(-2.288593821 1.683824657 0)
(-1.553970431 1.568158233 0)
(-1.859474602 2.30243279 0)
(-1.057543774 2.16183916 0)
(-2.654375066 2.386114137 0)
(-1.418587498 2.939982239 0)
(-0.6442591353 2.859783292 0)
(-0.2946426798 2.205430352 0)
(0.1417375185 2.853405457 0)
(0.3816227329 2.146714109 0)
(0.7860938878 2.693494372 0)
(1.085395503 2.069568087 0)
(1.498351043 2.768187724 0)
(-0.150481503 3.594130849 0)
(-3.610631705 -4.182031344 0)
(10.30758255 -0.8870123331 0)
(10.67873173 0.7206535256 0)
(0.8063054713 -3.793474069 0)
(8.201455794 1.055194009 0)
(7.022555254 -2.64470356 0)
(-1.70777869 0.3456052976 0)
(-0.02755569681 1.653195469 0)
(0.1285921692 0.06776234111 0)
(-3.613531938 -1.667052226 0)
(2.681053656 -3.588895515 0)
(-4.033833836 0.4951890045 0)
(9.835843165 -2.32672533 0)
(11.3624816 -2.043985326 0)
(4.347891878 -3.572536356 0)
(1.844219453 1.980529605 0)
(2.392673395 2.687377772 0)
(1.942808636 3.604524824 0)
(3.036015797 3.525734017 0)
(-4.502704864 -0.2901085958 0)
(-5.023661282 0.5473258815 0)
(1.41303408 1.467023208 0)
(0.8655392255 0.0352915947 0)
(2.004464134 1.28933015 0)
(1.752701198 0.8182788835 0)
(10.83856379 -3.544148891 0)
(12.44585901 -3.260892522 0)
(12.97214529 -1.691642568 0)
(-0.9726025117 -6.538004016 0)
(-5.593224669 -0.3918307184 0)
(2.529209151 4.491737019 0)
(3.702772271 4.46574418 0)
(4.297269779 3.194868827 0)
(4.93284598 4.385137436 0)
(3.665079695 -0.195905924 0)
(4.010880147 0.811569621 0)
(5.068465748 1.094791543 0)
(14.10281719 -2.944632741 0)
(-4.417324571 1.401891468 0)
(-6.201676001 0.6237539056 0)
(4.409929789 5.54053546 0)
(5.74316926 5.489615145 0)
(6.310043387 4.238036995 0)
(7.196148687 5.395115355 0)
(1.387084595 4.556931386 0)
(14.64648243 -1.306024559 0)
(1.989081745 5.548808966 0)
(0.7514568191 5.559123615 0)
(-7.110768174 -0.5042210511 0)
(-5.932288201 -1.638486657 0)
(13.52605693 -4.480979118 0)
(9.264448132 -3.814148522 0)
(10.21345213 -5.029460881 0)
(8.72732629 -5.302556793 0)
(7.790057733 4.035936083 0)
(8.718881865 5.255735826 0)
(9.361596673 3.809669557 0)
(10.33823896 5.11598338 0)
(11.01219918 3.591901408 0)
(12.02268551 4.962864717 0)
(12.7090816 3.386226264 0)
(13.77071591 4.799383875 0)
(14.79889824 3.130014293 0)
(13.58655466 0.1545031186 0)
(5.205442926 6.754362262 0)
(-2.972577514 -2.731490075 0)
(15.39113733 0.3594875567 0)
(15.36326914 4.784765865 0)
(15.7319391 -2.57890378 0)
(-7.50104441 0.6822065209 0)
(1.406917683 6.655208727 0)
(0.04590857056 6.649095568 0)
(-0.5419673755 5.328569173 0)
(5.406781616 -3.539877989 0)
(4.948345802 -4.580080458 0)
(6.210110423 -4.516063009 0)
(5.729451593 -5.740668659 0)
(4.170177917 -5.669978014 0)
(5.102541979 -7.032097349 0)
(-1.968713252 -0.1284209111 0)
(-1.389046348 -0.06406381553 0)
(-1.189799329 0.2842160277 0)
(-1.001863932 -0.1696632294 0)
(-0.8517166163 0.2354420432 0)
(-1.211062987 -0.4377074321 0)
(-0.8823583355 -0.4504949211 0)
(0.08962502396 -0.06244240853 0)
(-1.032037066 -0.7187960219 0)
(-0.7134693112 -0.6993535675 0)
(-0.5977682624 -0.4366728814 0)
(-0.4562267358 -0.6726185242 0)
(-0.3291910436 -0.4638549731 0)
(-0.2164734962 -0.6619688913 0)
(0.005658464151 -0.03435723965 0)
(-0.4100346273 -0.2750093398 0)
(-0.3083375062 -0.8579620819 0)
(-0.0779532139 -0.84990292 0)
(-0.001904036331 -0.6210405763 0)
(0.1457596268 -0.7960774518 0)
(0.2296725472 -0.596218696 0)
(0.5690366275 -0.0653304721 0)
(0.5095229087 -0.06956677032 0)
(0.3303920972 -0.07697493957 0)
(0.3403233403 -0.7541181336 0)
(0.4082128833 -0.5811180231 0)
(0.5129710694 -0.7204893926 0)
(0.5637715769 -0.5664039189 0)
(0.6742870732 -0.6894637478 0)
(0.0762093147 -1.047566133 0)
(0.2904538604 -0.07714767534 0)
(0.3702746713 -0.07618422852 0)
(0.4698726562 -0.07069783857 0)
(0.6086547831 -0.06217680112 0)
(0.6233648332 -0.868244871 0)
(0.8163482668 -0.8273914914 0)
(0.8602220974 -0.6449560723 0)
(1.015378543 -0.7726821629 0)
(1.08145413 -0.5662193868 0)
(1.247572723 -0.728696916 0)
(1.32411757 -0.5226517797 0)
(0.486811242 -0.4518449511 0)
(0.6025897085 -0.4366343304 0)
(0.5350370333 -0.3413589825 0)
(0.4423870716 -0.3607148545 0)
(0.6316789976 -0.333161508 0)
(1.173022114 -0.9735979676 0)
(1.501737179 -0.6675220849 0)
(1.543344373 -0.4112198823 0)
(0.1124799749 -0.4608959848 0)
(-0.2525349268 -0.315872173 0)
(-0.3373076837 -0.1208546089 0)
(-0.8528370538 -1.001843787 0)
(1.377500502 -0.2314754046 0)
(0.5869740778 -0.2618446507 0)
(0.6654871601 -0.240460101 0)
(0.7177283443 -0.3129922945 0)
(0.7347349889 -0.2288045979 0)
(0.7623472247 -1.042017394 0)
(-0.1813172772 -0.1524353309 0)
(1.795804994 -0.6069592685 0)
(1.853182629 -0.2558664717 0)
(1.716783909 -1.01202061 0)
(0.6107684328 -0.187197808 0)
(0.554153152 -0.1917523382 0)
(0.7977433992 -0.2818239578 0)
(0.8300564463 -0.2223058549 0)
(0.9641733045 -0.02353615614 0)
(0.8845824089 -0.2640850773 0)
(0.9160324407 -0.2035918642 0)
(0.9736089431 -0.2569135795 0)
(0.9995627509 -0.1908660756 0)
(1.057467015 -0.2148300755 0)
(1.09529528 -0.1675013988 0)
(2.133764269 -0.4731821458 0)
(2.285028661 -0.1218812618 0)
(0.8589951051 -0.1399947616 0)
(1.02799543 -0.1072009923 0)
(-0.4853594604 -0.1262688229 0)
(-0.3927053547 -0.005867612703 0)
(0.0305616326 0.0473383842 0)
(-0.009879589352 0.01662909875 0)
(0.5785790206 -0.1570855225 0)
(0.635954524 -0.1435867332 0)
(0.5267167905 -0.1604887509 0)
(0.494636278 -0.187916529 0)
(0.4758810661 -0.1527764522 0)
(0.4452631396 -0.1957466155 0)
(0.4295579018 -0.1602172676 0)
(0.4025619848 -0.1863860072 0)
(0.3819726592 -0.1569364862 0)
(0.3572739461 -0.1831863474 0)
(0.3344770592 -0.1556242621 0)
(0.3123270393 -0.1804145677 0)
(0.2809424247 -0.1440930766 0)
(0.2626037743 -0.1830271456 0)
(0.170220643 -0.0725186617 0)
(0.1300793675 -0.06842365046 0)
(0.2875303185 -0.2314360253 0)
(0.2315014224 -0.2273626746 0)
(0.2207274148 -0.1765427195 0)
(0.1788520335 -0.2090203449 0)
(0.156935067 -0.1712707162 0)
(0.1246213922 -0.1982722118 0)
(0.1043738996 -0.1609685797 0)
(0.07279628359 -0.1884423051 0)
(0.05414907587 -0.1462606228 0)
(0.02169632756 -0.1779883641 0)
(0.04976460925 -0.05351332925 0)
(-0.006203843285 -0.1443407468 0)
(0.2531933099 -0.2919132973 0)
(-0.03103870407 -0.1764110019 0)
(-0.04948056561 -0.1258703894 0)
(-0.01564620688 -0.2381176661 0)
(0.08762948703 -0.2520203501 0)
(0.1907605241 -0.1293570535 0)
(0.5175376066 -1.070294158 0)
(0.6863907261 -1.28846877 0)
(0.3891897345 -1.345421168 0)
(0.551126208 -0.1158359606 0)
(-0.05326894482 -0.4615340944 0)
(-0.01426173267 -0.08967626984 0)
(-0.05669977161 -0.08410562756 0)
(0.02377651381 -0.1018859495 0)
(-0.03889785079 -0.05890108066 0)
(-0.01021317263 -0.01753667172 0)
(0.4083545507 -0.119465292 0)
(1.140324023 -0.219681454 0)
(1.164615451 -0.1373940338 0)
(0.1361382231 -0.122511519 0)
(0.9478778722 -0.1261860576 0)
(0.777378281 -0.1472922152 0)
(0.7744347226 -0.3937902246 0)
(0.6024783487 -0.1109918072 0)
(0.09027902686 -0.1127789344 0)
(0.3766543428 -0.2360547595 0)
(0.4525637414 -0.11781359 0)
(0.4982174693 -0.1188500872 0)
(0.3151374774 -0.1160207409 0)
(-0.09089107305 -0.2263343397 0)
(0.3598249346 -0.1184176508 0)
(6.592251672 -6.958673327 0)
(0.9839108546 -0.02088227938 0)
(1.004065618 -0.01446318968 0)
(0.9768778797 -0.03895448283 0)
(0.9247831074 -0.02868581478 0)
(0.9565861834 -0.04191245637 0)
(0.9687539399 -0.0577838014 0)
(0.9487119955 -0.05952877993 0)
(0.9901580812 -0.05563505175 0)
(0.9793813152 -0.07778865091 0)
(-0.5711331028 1.680645708 0)
(-0.2173299046 1.213126573 0)
(0.2311731098 1.194536604 0)
(-0.1064076109 0.9051631725 0)
(0.276246701 0.8730415535 0)
(0.566544121 0.06442239103 0)
(0.4896904948 0.07081065391 0)
(0.6290974741 0.05966597707 0)
(-0.3826759655 0.8196377553 0)
(-0.2410537624 0.5857855167 0)
(-0.5587721594 0.5734354967 0)
(-0.7607267895 0.834319192 0)
(-0.4028128133 0.3356843233 0)
(-0.1554255796 0.3555290851 0)
(-1.34017892 0.683611735 0)
(0.0389728616 0.6072823846 0)
(0.6980646902 -0.1765701914 0)
(0.7274126622 -0.1212359089 0)
(0.7471702103 -0.04918459375 0)
(-1.288793734 6.555731725 0)
(-1.874063601 5.392492332 0)
(0.7215223479 -0.5161738644 0)
(0.602021644 -1.576452135 0)
(0.907679947 -1.517303154 0)
(0.2747077043 -1.630256416 0)
(-0.09202931651 -0.1156854309 0)
(-0.09777928512 -0.072190081 0)
(1.086114288 -0.3125810751 0)
(-0.5488396176 0.01820702542 0)
(0.471839373 -0.2430179783 0)
(0.4247730703 1.529480754 0)
(0.2538831508 -0.4581339272 0)
(-1.193640737 -1.026342255 0)
(-0.9968584348 -1.347354055 0)
(-0.6495313729 -1.247549595 0)
(14.79178447 6.202124217 0)
(1.940965936 0.1355551335 0)
(2.400487741 0.3003384592 0)
(1.122968672 -0.08668591398 0)
(1.161896976 -0.05753311634 0)
(6.662076663 2.805474546 0)
(-0.6287491232 -0.1160436598 0)
(-1.413313539 -1.375519751 0)
(-1.185338328 -1.765326291 0)
(0.9573269118 -0.3513756723 0)
(2.569176604 -0.5084629208 0)
(11.30248514 6.532171445 0)
(0.3630200819 -2.281419542 0)
(-0.01259876811 -0.03817548535 0)
(-0.02828891607 -0.02848838988 0)
(8.186514559e-05 -0.0545355757 0)
(0.01829755373 -0.05054802643 0)
(0.01121448442 -0.07038062366 0)
(0.03312098594 -0.06667627376 0)
(0.5831332109 1.14694688 0)
(0.6242042237 0.8233365297 0)
(-4.528083501 -5.421445161 0)
(-4.959881967 -4.103095208 0)
(-5.873258725 -5.20713046 0)
(-6.759383629 1.672611167 0)
(0.0335776201 -0.2930819587 0)
(-1.338263679 4.427494366 0)
(-2.442761355 4.35267364 0)
(-3.156147394 5.323647801 0)
(-3.710338026 4.195187891 0)
(-4.485721141 5.243462182 0)
(-5.056167502 3.998719661 0)
(-5.903150344 5.144978544 0)
(-5.232825757 6.743268698 0)
(-6.343284304 -3.91260668 0)
(-7.286034317 -4.924254837 0)
(-0.5996494796 7.993173946 0)
(-4.235415645 3.0353366 0)
(-0.2672872879 -0.01501925928 0)
(-0.3063187622 0.08411036081 0)
(-0.2112951656 0.05377333964 0)
(-0.2224277054 0.1486988652 0)
(-0.1242903336 0.1511112788 0)
(-0.1105509458 0.05895830535 0)
(-0.1810028961 -0.01367870257 0)
(-1.629186692 -0.5620492089 0)
(1.439453795 -2.001580206 0)
(4.240096 1.894082884 0)
(3.358641195 1.462073879 0)
(-0.3918456811 -5.256776986 0)
(0.3188620138 -6.361507822 0)
(0.901659378 -5.310600719 0)
(1.564339697 -6.234553766 0)
(2.028596224 -5.219437959 0)
(1.090889365 -7.424157313 0)
(1.66477578 -0.03276918653 0)
(1.695746898 0.2779202957 0)
(1.417619162 0.1247993586 0)
(5.362315964 2.230675131 0)
(6.226999326 1.39833273 0)
(0.9978114933 -0.03488208944 0)
(1.017620279 -0.02936939464 0)
(1.133489868 -0.007821890731 0)
(1.02334235 -0.009064538394 0)
(1.037568957 -0.02308255328 0)
(1.042537495 -0.003549377046 0)
(1.028383507 0.01032499746 0)
(0.9630685883 0.02593837464 0)
(1.047784949 0.01578617763 0)
(1.033102685 0.02977284986 0)
(1.052814842 0.03755140674 0)
(0.924773246 0.0286914506 0)
(1.180739123 -0.002132808154 0)
(1.144428831 0.04818347644 0)
(1.032962263 -0.04383531375 0)
(1.060601616 -0.01723358065 0)
(1.247815016 -0.04304520952 0)
(1.070858127 0.02004894226 0)
(1.077345212 0.04666208068 0)
(1.053381197 0.0645892665 0)
(1.084209833 0.07969331949 0)
(1.216151844 0.05354929697 0)
(1.155763932 0.1172480789 0)
(1.014878189 0.02388643769 0)
(1.018847857 0.04362536361 0)
(0.9974755338 0.03594937041 0)
(1.004280986 0.0576004904 0)
(1.055174599 0.101869178 0)
(0.9839770285 0.05237073175 0)
(0.9904643652 0.07755592943 0)
(0.9684201712 0.06791860406 0)
(0.9687777304 0.09583805371 0)
(1.01265052 -0.05069417999 0)
(1.030788484 -0.06279360774 0)
(1.054323888 -0.05525358057 0)
(1.011799525 0.07960801924 0)
(1.005897903 0.1128020911 0)
(0.9630597741 0.1297120686 0)
(0.7872135519 0.04456422793 0)
(1.0421586 0.1524108734 0)
(0.7472084752 0.05229788715 0)
(0.8261429163 0.040597009 0)
(0.9370025773 0.1103318588 0)
(0.9299546821 0.1528651045 0)
(0.8970851887 0.1114807071 0)
(0.8860545906 0.1616336451 0)
(0.9012592492 0.08042982993 0)
(0.8676137612 0.09317943432 0)
(0.8713508461 0.06913220936 0)
(0.9331174461 0.0715362973 0)
(-6.623367135 4.027746778 0)
(-7.427301024 5.033385956 0)
(-4.315098841 -3.168419429 0)
(-1.166305122 -8.363965499 0)
(10.06785766 2.357347523 0)
(0.04975505187 0.05318123651 0)
(0.03426978077 0.06644084367 0)
(0.0534858043 0.07289025815 0)
(0.03771919509 0.08589874103 0)
(0.05692220032 0.09311962386 0)
(0.04120464435 0.1091563875 0)
(0.01933008801 0.06018229299 0)
(0.01843478472 0.1008731759 0)
(0.01946662577 0.1305603488 0)
(0.09161881437 0.06400047821 0)
(0.001518801143 0.03136088553 0)
(-0.0197385042 0.03310763951 0)
(-0.02958050247 0.01611136567 0)
(-0.03999440516 0.03308660819 0)
(-0.0499360465 0.01568229906 0)
(-0.03036062487 0.05064056741 0)
(-0.04940816021 0.04800528195 0)
(-0.04076719374 0.07122909859 0)
(-0.01855240743 0.06985936857 0)
(-0.02800549755 0.09412172915 0)
(-0.06003165376 0.09570853104 0)
(-0.0411042779 0.1279400372 0)
(-0.03922142607 -0.0002995005929 0)
(-0.06047553548 -0.003866439038 0)
(-0.07203093279 0.018496371 0)
(-0.0868637304 -0.006244090077 0)
(-0.06750097142 -0.02694996848 0)
(0.07349142498 0.07939503072 0)
(0.07646105865 0.1004696725 0)
(0.05600006518 0.1370727757 0)
(0.02583343434 0.1613294043 0)
(0.0677611944 0.1773071193 0)
(0.1904487261 0.07398073033 0)
(0.09454902774 0.1450770862 0)
(0.1157956386 0.1842170377 0)
(0.07422843204 0.2346596674 0)
(0.1427701543 0.1576113846 0)
(0.1599120606 0.1876643371 0)
(0.1895510361 0.1638434231 0)
(0.2028780969 0.2008555164 0)
(0.2363578963 0.1726798077 0)
(0.350387609 0.07667019592 0)
(0.3104419588 0.07718070701 0)
(0.2192956502 0.1275606089 0)
(0.2304878816 0.0759969405 0)
(0.1709934339 0.1212848868 0)
(0.1274464361 0.1100524862 0)
(0.0923730276 0.08659605823 0)
(0.09283725469 0.1060277054 0)
(0.109004748 0.07663080859 0)
(3.554196761 -1.052898247 0)
(2.828210369 -6.049462979 0)
(10.94124567 -7.99484277 0)
(12.05977863 -6.6451573 0)
(13.86380389 -6.616678475 0)
(0.8713215398 1.425646624 0)
(0.1226856428 0.0875276715 0)
(0.1425584961 0.08434317717 0)
(-4.833293158 8.481313229 0)
(2.650884806 6.655909304 0)
(-0.8835646362 0.522861056 0)
(-8.563761166 -1.182283986 0)
(-0.1014924398 0.02289784535 0)
(9.658165069 -6.594764431 0)
(1.228534392 8.399893585 0)
(0.9652179586 0.04701361486 0)
(3.033551382 -4.955709582 0)
(14.91793113 -8.297788648 0)
(15.86501572 -6.749896787 0)
(0.06940002079 -0.05835342236 0)
(0.07573426576 -0.0770523365 0)
(0.09688242257 -0.08083215045 0)
(0.05451293385 -0.07257887676 0)
(0.06160097674 -0.09197681338 0)
(0.04082495542 -0.08837332768 0)
(0.04672667389 -0.1107234646 0)
(-0.3544818719 -4.259183348 0)
(7.251575519 8.227802727 0)
(-5.640696894 2.753402993 0)
(1.090899622 0.1203069653 0)
(1.10017686 0.1782587699 0)
(1.164320342 0.1991440339 0)
(1.11235139 0.2673797822 0)
(1.220083751 0.2687569301 0)
(1.139549707 0.3887325824 0)
(1.018242782 0.3489073652 0)
(1.013931059 0.5183528473 0)
(0.8782771478 0.4182092084 0)
(1.202949456 0.5531839333 0)
(1.040716354 0.7278538116 0)
(0.917200427 0.2021033795 0)
(0.862237619 0.2196061522 0)
(0.8026393039 0.1739480379 0)
(0.7969821694 0.252249065 0)
(0.7524595379 0.1979896961 0)
(0.7208440569 0.2664765221 0)
(0.6665615445 0.2307799751 0)
(0.6402446919 0.2921775048 0)
(0.5807110644 0.252609997 0)
(0.5527032119 0.3196795594 0)
(0.4717341099 0.2573948141 0)
(0.4614239648 0.3636931343 0)
(0.3949921465 0.2933079272 0)
(0.6310901521 0.4059427383 0)
(0.4104240969 0.2112254678 0)
(0.3563012901 0.4009218869 0)
(0.6885349398 0.1557669582 0)
(0.7611997322 0.1405452806 0)
(0.2518265865 0.2000712696 0)
(0.2908089226 0.1758613839 0)
(0.2269224046 0.2556583974 0)
(0.2703670086 0.1309178724 0)
(0.5004697262 0.195838209 0)
(1.029467882 0.2354914506 0)
(0.452257288 0.4946948989 0)
(0.610506567 0.1664743835 0)
(0.8218003873 0.1232637181 0)
(0.3206498262 0.5463364147 0)
(0.2398216929 0.4414669787 0)
(0.3543455545 0.2378839677 0)
(0.3621228152 0.162965573 0)
(1.281049827 0.7817654979 0)
(0.3044439441 0.3052797045 0)
(1.158195307 1.056794095 0)
(0.06928169204 0.0587718546 0)
(1.011671116 -0.07830835218 0)
(0.9925808319 -0.1080030227 0)
(7.623402844 -3.964556741 0)
(8.060467631 6.728654135 0)
(1.235888926 0.1563733815 0)
(11.68972028 2.09822415 0)
(2.097933771 -1.843279385 0)
(2.177163007 -1.329623803 0)
(1.665236144 -1.522137785 0)
(1.227316743 -0.2897760727 0)
(14.95442037 8.405835254 0)
(0.1100769513 -0.06569574124 0)
(0.1177040621 -0.08426601527 0)
(0.1376643498 -0.08703081201 0)
(0.2464748902 -0.148316289 0)
(0.2721529921 -0.1166671678 0)
(0.06523847982 -1.345540695 0)
(-0.06340091228 -1.626298372 0)
(-0.1604021688 -1.101133766 0)
(0.1501146059 -0.07066908327 0)
(0.1587527741 -0.08883887486 0)
(0.1786849262 -0.0906596308 0)
(0.1671158911 -0.1070088737 0)
(18.32466335 1.070481816 0)
(16.46700698 1.900744788 0)
(0.1707605108 0.07206898767 0)
(0.1797048019 0.08984629254 0)
(0.199345469 0.0918255943 0)
(0.1901043106 -0.07408721551 0)
(0.1987659773 -0.09221840645 0)
(0.2100815527 -0.0754202679 0)
(0.2198170246 -0.09300189969 0)
(0.2399798316 -0.09365806737 0)
(0.229179521 -0.1109532829 0)
(18.44032279 -2.981963268 0)
(-0.1406868437 -0.104931907 0)
(1.103118255 0.02602951445 0)
(1.088335743 -0.006115376946 0)
(18.34026231 4.933975125 0)
(-0.9575457556 -2.270022277 0)
(0.250523433 0.076633185 0)
(0.2400244306 0.09345609946 0)
(0.2601956122 0.09406958563 0)
(0.2803317972 0.09436509182 0)
(0.2516897485 0.1124194438 0)
(0.2197079127 0.09264138692 0)
(10.86449671 8.346182054 0)
(0.2704759771 -0.07695672573 0)
(0.2812449521 -0.09578333753 0)
(0.3003093923 -0.09454888091 0)
(0.2603124272 -0.09418099364 0)
(0.2504745211 -0.07656819324 0)
(-5.451679611 -2.932691664 0)
(0.3104080371 -0.07716405146 0)
(0.3212538581 -0.09462923165 0)
(0.3399963332 -0.09327873257 0)
(0.3304291641 0.07702697183 0)
(0.3205250666 0.09443301154 0)
(0.3407467225 0.09414225452 0)
(0.3607822731 0.09368601046 0)
(0.3315115783 0.1121755626 0)
(0.3100806204 0.113268496 0)
(0.3231062124 0.1296680942 0)
(0.3463756651 0.1338726067 0)
(0.3003554114 0.09468961603 0)
(0.2104256928 0.07505609641 0)
(0.3502331608 -0.07651360402 0)
(0.3602387733 -0.09649243117 0)
(0.3810997571 -0.09289259536 0)
(-0.1659181968 0.230090007 0)
(-0.07511182218 0.2137153975 0)
(0.3902433988 -0.07554657863 0)
(0.40076342 -0.09147683003 0)
(0.3902210413 0.07557331832 0)
(0.4008081517 0.09252888433 0)
(0.449912376 0.07298804544 0)
(0.4209307099 0.09170120604 0)
(0.4116660747 0.1096683559 0)
(0.4318201577 0.108695418 0)
(0.3912089029 0.1105648142 0)
(0.4034057698 0.1312175975 0)
(0.3740997974 0.1311590485 0)
(0.4101202692 -0.07466408799 0)
(0.4207627817 -0.09053702143 0)
(0.4405209617 -0.08858242733 0)
(0.4309047211 -0.1081595286 0)
(0.4647193211 -0.09774775083 0)
(0.4498170116 -0.07128870513 0)
(0.2904534062 0.0771961662 0)
(0.469822894 0.07198860101 0)
(0.4807358584 0.08872867607 0)
(0.5305000656 0.06709906298 0)
(0.5008166836 0.08745569791 0)
(0.4919013841 0.1053182505 0)
(0.513652453 0.1044281746 0)
(0.470874284 0.1048907393 0)
(0.5008220069 0.1291314637 0)
(0.5273343076 0.1251165248 0)
(0.537503835 0.1003064078 0)
(0.5543194456 0.1228400117 0)
(0.5470023532 0.1488158557 0)
(0.5625161442 0.09897817919 0)
(0.5763923417 0.1159440032 0)
(0.5865107016 0.09628227998 0)
(0.5984841782 0.1159329169 0)
(0.6099726966 0.09209601182 0)
(0.624172123 0.1108681811 0)
(0.6703490042 0.0537566072 0)
(0.5978371342 0.07823910379 0)
(0.6333539922 0.08877031613 0)
(0.6477592456 0.1068022297 0)
(0.6350457162 0.1364935915 0)
(0.6563874047 0.08559294301 0)
(0.6707128223 0.1029470073 0)
(0.679192557 0.08363059999 0)
(0.6938822967 0.09760134601 0)
(0.7017235149 0.08035311816 0)
(0.7149140979 0.09785931239 0)
(0.7236376651 0.07624122292 0)
(0.7374343309 0.09297520052 0)
(0.7329039513 0.1201883965 0)
(0.5484832359 0.08049191044 0)
(0.744794999 0.07306040809 0)
(0.7592375528 0.08903126794 0)
(0.7635219217 0.06785545292 0)
(0.7785519328 0.08396390364 0)
(0.6885156806 0.06522049159 0)
(0.4897721164 -0.07058086809 0)
(0.5014819643 -0.08653587993 0)
(0.5207195841 -0.08570732494 0)
(0.5293946943 -0.06816874957 0)
(0.5405146777 -0.08418596042 0)
(0.549213339 -0.06671480479 0)
(0.9833501574 0.0204752382 0)
(0.3702889974 0.0761773327 0)
(0.5888483889 -0.06378978102 0)
(0.5802593633 -0.08141316038 0)
(0.62846639 -0.06052457369 0)
(0.6199810961 -0.0783822942 0)
(0.6399050579 -0.07691739995 0)
(0.6312497898 -0.09490590756 0)
(0.6516268841 -0.09359357051 0)
(0.660017287 -0.07521640436 0)
(0.6731867799 -0.09174398004 0)
(0.6662540421 -0.108579103 0)
(0.6873849374 -0.1101743189 0)
(0.6964854628 -0.08702221252 0)
(0.6701569236 -0.1367168449 0)
(0.6482735378 -0.05876844742 0)
(0.9431954203 0.02608218674 0)
(0.9353897349 0.04310573979 0)
(0.9166524316 0.04563155844 0)
(0.6503570347 0.05729243955 0)
(0.9049751696 0.03094234402 0)
(0.8975929949 0.04786320532 0)
(0.4300469303 0.07397611412 0)
(-6.813724786 8.172005734 0)
(0.9050663446 -0.03120564575 0)
(0.8973498838 -0.04961076995 0)
(0.8463333939 -0.03795376125 0)
(0.8774329032 -0.05193251541 0)
(0.8893985833 -0.06795566995 0)
(0.8686961956 -0.07026299056 0)
(0.9097488557 -0.06580877005 0)
(0.9004993794 -0.08737208436 0)
(0.9252372179 -0.0838522106 0)
(0.9171614738 -0.04700844969 0)
(-0.009150904356 0.04884562386 0)
(0.7075968122 -0.05274587926 0)
(13.31620325 1.878918644 0)
(0.7244418091 0.05041013338 0)
(0.7273981932 -0.05113273526 0)
(0.7390315425 -0.06739095664 0)
(0.7589138058 -0.06532747788 0)
(0.7507956235 -0.08383747554 0)
(0.7721851402 -0.08157313434 0)
(0.7300379878 -0.08511492058 0)
(0.7626304679 -0.1009290755 0)
(0.7866812122 -0.1003240049 0)
(0.7955189822 -0.07639360606 0)
(0.8122148219 -0.09762413317 0)
(0.8205838401 -0.07395450622 0)
(0.8353107302 -0.09186270558 0)
(0.7997863447 -0.1265074538 0)
(0.8437337807 -0.06886515519 0)
(0.8272695902 -0.05488301015 0)
(0.8092611079 -0.05806657159 0)
(0.8458768587 0.03820720381 0)
(0.8380305777 0.05662694042 0)
(0.8181445635 0.05888876381 0)
(0.8300261481 0.07501624922 0)
(0.8103054195 0.07794596986 0)
(0.8511321598 0.07334978619 0)
(0.8410232978 0.09594403226 0)
(0.859631771 0.123371673 0)
(0.7683446865 0.04758132022 0)
(0.7667391415 -0.04705758539 0)
(0.8064892786 0.04273854722 0)
(0.8852819726 0.03249618801 0)
(0.509733763 0.06936171579 0)
(-4.583301627 -1.988444085 0)
(0.9444810884 -0.02611489792 0)
(0.3295421925 -0.2820745466 0)
(0.8656709841 -0.0359078983 0)
(0.1887951131 -0.1058398028 0)
(-0.04437080626 -0.01844093036 0)
(-0.0443726683 -0.03898139229 0)
(-0.436201821 0.1248716257 0)
(-0.6063969232 0.1868313178 0)
(0.3807139025 0.09314789917 0)
(0.4408020234 0.09072045982 0)
(0.4606117421 0.08938202967 0)
(0.208269687 -0.1099889097 0)
(0.2172009371 -0.1374448811 0)
(0.6064093981 0.5646326997 0)
(0.4365029917 0.6981145287 0)
(0.8211672399 0.6335148042 0)
(0.5603790757 -0.08264456252 0)
(0.5701792448 -0.1015338265 0)
(0.2844877137 4.522237946 0)
(0.85816447 0.05340325208 0)
(0.6000909657 -0.07956511667 0)
(0.5205885777 0.08602125616 0)
(0.7193864995 -0.06840347789 0)
(0.93681712 -0.04431178259 0)
(0.6680484504 -0.05679977362 0)
(0.7786222065 -0.0630863595 0)
(0.7990726525 0.0605416591 0)
(0.8577620929 -0.05412013186 0)
(0.1048513965 -0.1000968455 0)
(0.1258405956 -0.1031440176 0)
(0.1111077327 -0.1252306366 0)
(3.352143202 2.461650322 0)
(0.2890991914 0.1126851477 0)
(0.2496436309 -0.1121294969 0)
(-2.738827519 6.725489525 0)
(4.706492436 8.437405864 0)
(0.2049443878 -0.3609462522 0)
(3.028199499 0.6274223546 0)
(0.2703366716 0.1088914283 0)
(0.2406928536 0.1375992119 0)
(0.6807980919 -0.07244819405 0)
(-5.487105228 -6.658487101 0)
(1.927754173 0.4806331126 0)
(1.518044333 0.5204130645 0)
(11.84274165 -4.91194761 0)
(8.120721145 -6.838460848 0)
(16.34911034 -0.9819285956 0)
(0.2967220075 0.1384332777 0)
(-0.01904719552 -8.956922872e-07 0)
(0.3716025972 0.1079639474 0)
(0.3512081103 0.1112619649 0)
(16.89798155 8.183336435 0)
(1.336765015 0.2220271468 0)
(0.8414402701 3.513273223 0)
(0.8930463462 -0.4737931332 0)
(0.7840964653 0.3422391669 0)
(11.80890941 -0.5773889404 0)
(-0.06455727722 -0.05470133751 0)
(7.196953354 -5.527220098 0)
(0.6083065119 0.0607531859 0)
(13.014443 6.351361379 0)
(0.01959171746 0.07902695491 0)
(8.424554518 -2.507541315 0)
(16.65224867 6.115681745 0)
(15.27615326 -4.13552529 0)
(0.4528403624 0.1090032379 0)
(0.442911512 0.1310592547 0)
(18.14594172 -6.864952234 0)
(0.3241951834 0.1560328224 0)
(0.4803867439 -0.088391773 0)
(0.4773740444 -0.1091762877 0)
(9.714095052 6.707779339 0)
(-8.430252946 -7.074369873 0)
(0.9292211448 -0.06229049948 0)
(0.6560863461 -0.1769063357 0)
(1.010171777 0.004587480452 0)
(6.55730281 6.684117494 0)
(0.2936026672 -0.1174419097 0)
(1.318588311 0.3696083079 0)
(0.5338543954 -0.1021352051 0)
(-3.534900203 1.165571395 0)
(1.061784728 0.001986172022 0)
(1.074777521 -0.03837356952 0)
(7.34262242 -8.465762339 0)
(-0.1217541484 -0.01018363337 0)
(0.1601922393 0.08747986363 0)
(0.3695167472 -0.4391648627 0)
(-0.7560934853 -1.681831784 0)
(0.9644174296 -1.193971484 0)
(1.303214426 -1.257507765 0)
(8.364296704 2.522015084 0)
(-0.6812138617 1.206202951 0)
(-1.129596719 1.097697113 0)
(-0.002999454608 0.08750446104 0)
(-0.008576404697 0.1166946113 0)
(2.786174066 -1.024352677 0)
(-0.1895198497 -0.4189810333 0)
(0.914576325 -0.1093609245 0)
(0.9526454925 -0.09369400852 0)
(0.559475344 0.1884507185 0)
(1.037886786 0.0491952159 0)
(3.200626107 5.558983291 0)
(1.052046849 -0.03555571955 0)
(-2.954937004 3.395893242 0)
(0.2857574173 -0.9560237944 0)
(1.262352356 -1.623014898 0)
(3.66228197 -7.16817913 0)
(0.9338506858 0.2736300712 0)
(0.7731513841 0.1089758788 0)
(0.7227693762 0.1561502797 0)
(0.2087895763 0.1096584928 0)
(0.159538346 -0.1347593186 0)
(0.1915019747 -0.2772772599 0)
(-0.04240855171 -0.3249179196 0)
(0.8825330089 -0.1108918325 0)
(-5.490659848 1.524287008 0)
(-2.740779012 -3.535910773 0)
(-0.5738291763 -0.9484371763 0)
(1.945753262 -3.669808795 0)
(0.187476646 0.1073576006 0)
(0.1952176326 0.1312289957 0)
(0.8562684041 -0.0859824826 0)
(-0.1247017946 -0.1651431274 0)
(2.303163363 0.788649335 0)
(0.08079903797 0.1217026816 0)
(0.6997773524 -0.06947486338 0)
(-7.00786802 6.306560335 0)
(0.1505087573 0.06836719948 0)
(0.147651921 0.1033607359 0)
(1.42408775 -4.344336716 0)
(1.023510285 0.06309903255 0)
(0.7984426854 0.09879791658 0)
(0.6202810592 0.07568771289 0)
(1.304229808 0.07785004591 0)
(1.402463668 -0.04478691223 0)
(-0.2162697744 -0.09360733252 0)
(0.3934377046 0.1616558457 0)
(0.4258943284 0.1571068879 0)
(0.4565409322 0.1560928886 0)
(-0.1456662073 0.03406122445 0)
(5.857368474 0.30307098 0)
(-0.0581850779 0.03328946477 0)
(0.2957450985 -0.3624477153 0)
(16.94393195 -3.754121786 0)
(0.9031108083 -0.1460999804 0)
(4.536599135 -8.535493807 0)
(0.5202906326 0.1575341429 0)
(-2.141862198 -0.5858400929 0)
(-0.1712625449 -0.2279164305 0)
(-3.873193871 6.335964554 0)
(0.19792814 -3.82542384 0)
(0.6445493533 -0.1136211124 0)
(0.5733517307 0.08200762261 0)
(-2.130216575 2.945895037 0)
(5.815717535 -2.626883911 0)
(-2.937742473 1.746804936 0)
(-0.2568204523 0.2724453483 0)
(-4.903276405 -1.043378003 0)
(2.328010103 -7.311502996 0)
(0.7377277283 0.4532722273 0)
(0.1475083633 -0.1072155693 0)
(0.5482868473 0.06226849711 0)
(0.4717900771 0.1276211314 0)
(3.439557047 -3.538518812 0)
(-0.01300080119 0.1565636982 0)
(-3.276046479e-05 0.2054321146 0)
(0.01882230051 0.2840998953 0)
(0.08847463211 0.325984056 0)
(0.02848495298 0.3720503164 0)
(5.512910355 3.370838587 0)
(2.34434599 -4.329295177 0)
(0.6980015232 0.1221972172 0)
(0.1200630314 -0.3256271953 0)
(0.4559908533 -0.8738340699 0)
(-1.763708706 3.705052779 0)
(0.9781346482 0.03642412867 0)
(0.5802986899 0.1414751854 0)
(0.7753623827 -0.1207385519 0)
(0.7390921147 -0.1021247849 0)
(0.7140626307 -0.1016214807 0)
(0.2292836204 0.1098037837 0)
(1.047503794 -0.08081445419 0)
(0.6113344698 -0.0955078287 0)
(0.6215478233 -0.1162405226 0)
(0.8203195876 0.09419357719 0)
(0.5879425355 0.06135202786 0)
(0.5252564381 -0.2512519769 0)
(-6.814063631 -2.842926866 0)
(-0.03164458411 -7.48210159 0)
(0.5249335631 -0.1266783113 0)
(0.2390246901 -0.1283635381 0)
(-0.00695628768 -0.07231482309 0)
(0.8793888865 -0.08734122101 0)
(1.362944572 -3.595717072 0)
(0.8167592089 -0.04253815756 0)
(-0.9596399283 3.62879523 0)
(0.08312304813 -0.09540438279 0)
(-1.343120105 -0.7282945994 0)
(5.914803041 -8.198405364 0)
(0.9474023358 0.05787172709 0)
(0.5124904376 -0.1037446177 0)
(-1.032540582 1.594466463 0)
(-0.07521629671 0.1285815172 0)
(0.06227740129 0.1123042282 0)
(-3.205071551 -2.103229798 0)
(0.8192216503 -0.1644116155 0)
(0.4231395685 0.1275495028 0)
(0.1491628703 0.2450455966 0)
(0.1837927108 0.3425654944 0)
(0.4631301644 -4.471256953 0)
(0.8458272103 0.1587543183 0)
(0.9128917636 0.06536047314 0)
(-0.07591115395 0.05238457796 0)
(16.77392039 3.56959261 0)
(12.23800992 0.823648051 0)
(0.6431185464 0.0746016826 0)
(-8.614169554 1.599671257 0)
(-4.065224618 -1.028321398 0)
(0.01130534209 0.04650185927 0)
(0.8919751369 0.06545851735 0)
(0.8829402608 0.08116736264 0)
(2.853792725 -0.08937182714 0)
(-0.3398147771 -1.405039674 0)
(0.7517316889 0.1088847858 0)
(0.3307070762 -0.1088834076 0)
(0.7818088134 0.06343494562 0)
(0.4198281944 -0.2303465829 0)
(0.4136711954 -0.2848807131 0)
(0.878317441 0.05060749447 0)
(-0.5940403371 -0.2601583272 0)
(0.3937337941 -0.1074338318 0)
(-3.605835601 2.264395903 0)
(0.5709333337 -8.722873298 0)
(0.04227476276 -1.9614215 0)
(0.5914505011 -0.09628364363 0)
(0.02495280679 -0.1313243676 0)
(-0.3058032506 -1.774612059 0)
(1.042816369 -0.4245038304 0)
(0.6544945457 0.1744482848 0)
(-0.09588429124 -0.03658053674 0)
(-0.1382505861 -0.0507710799 0)
(0.3831190484 -0.1274984536 0)
(0.9463027156 -0.9619321001 0)
(0.03497118102 -0.04666738696 0)
(1.405545289 -0.9205247275 0)
(0.6657581321 0.1331092148 0)
(-0.7635287982 0.01536708941 0)
(0.999449303 0.01747092467 0)
(0.6895908242 -0.3985504444 0)
(0.945903305 0.08208287676 0)
(-1.640543906 -1.736551647 0)
(7.025055159 0.6152611955 0)
(-1.399934558 -2.143898153 0)
(0.9759339221 0.1816713645 0)
(-8.619868652 -4.390457615 0)
(0.3756032615 -0.1085469925 0)
(0.4776382223 -0.2962449011 0)
(-1.889209876 7.651157834 0)
(1.56931136 -0.1987507173 0)
(3.853848731 6.864640724 0)
(-0.6763711949 0.3725162848 0)
(-7.298581789 -1.712574132 0)
(14.76487254 1.6191814 0)
(0.6097014549 0.1342488517 0)
(0.8311829357 -0.1220011646 0)
(2.609585802 1.849475796 0)
(0.59696715 -1.917350547 0)
(0.4866400578 0.1578520855 0)
(16.87206534 0.4378528801 0)
(0.4741869063 -0.1299676104 0)
(0.4513131377 -0.1427653606 0)
(0.5512107203 -0.09726710304 0)
(0.5732627292 -0.1279262418 0)
(0.551678417 -0.1447561426 0)
(0.8414602681 0.9316788168 0)
(0.1088321588 0.09856785995 0)
(-8.523466679 -8.543075833 0)
(-8.535898385 8.535898385 0)
(1.079577184 -0.1151209389 0)
(0.6653657375 0.07123678947 0)
(-0.07921981559 -0.1643047067 0)
(0.4296270511 -0.1313132901 0)
(0.3682348444 -0.3448842148 0)
(1.24446764 -0.2033965432 0)
(1.303394519 -0.136237336 0)
(7.293352382 1.708175187 0)
(0.7496133159 -0.120009848 0)
(0.3362390533 0.1929057761 0)
(18.53589838 8.535898385 0)
(-0.08668599016 0.4867698614 0)
(18.53589838 -8.535898385 0)
(1.18364523 -0.4116802585 0)
(-0.7712905052 -0.2461745139 0)
(0.1685836317 0.1040138368 0)
(-8.536031182 4.354810401 0)
(16.71531605 -5.386424342 0)
(0.4058655327 -0.1469694661 0)
(6.429330679 -3.481407087 0)
(0.6868398196 1.811248369 0)
(0.2577375496 -1.158485338 0)
(1.480535667 0.2685925456 0)
(1.565657887 0.111681316 0)
(0.003254063527 0.06532009344 0)
(0.8017258621 -0.0412708982 0)
(0.8614267577 -0.3529736131 0)
(0.1404198359 -0.2547545796 0)
(0.3326655678 -0.2226332493 0)
(0.2575917651 -0.1291103462 0)
(3.129324876 -0.605321593 0)
(0.09661722743 0.4523915373 0)
(-0.1115678486 0.6972315653 0)
(2.063914938 7.576252211 0)
(0.5330186913 0.2427946596 0)
(0.1017702069 0.7723952561 0)
(0.08799382889 0.9903372492 0)
(0.8510888175 0.3011867327 0)
(0.7938790914 -0.06003659508 0)
(0.03931864138 -0.2313355587 0)
(0.02245351532 -0.08358689143 0)
(0.005712762252 -0.08839266533 0)
(0.6186656263 0.217490144 0)
(3.832461637 -4.420441558 0)
(1.081595603 -0.06949669117 0)
(0.7389312055 -0.1533134823 0)
(0.6017424136 -0.1370630487 0)
(0.7903045292 0.1285714362 0)
(-0.1513611874 0.09056201637 0)
(-0.006226945788 -2.283777842 0)
(-0.3249163108 0.1931621047 0)
(-8.448711234 0.1041173351 0)
(-0.06693085546 0.3140525813 0)
(0.3367592158 -0.1267301919 0)
(0.4570872481 0.1944359488 0)
(0.06951988601 -0.116414099 0)
(-0.1473513238 -0.323941059 0)
(0.7131095618 -0.08488807487 0)
(1.521888909 1.082638367 0)
(-0.2543765674 0.4233850241 0)
(-0.3834608064 0.50409601 0)
(0.9579165951 -0.07284858281 0)
(0.4939901319 -0.1013397291 0)
(-7.076979521 -6.276806455 0)
(0.3153213321 -0.5186588772 0)
(0.2940977443 0.2279434165 0)
(1.806949797 -8.399747228 0)
(-0.5129918384 4.284840466 0)
(2.705373432 1.215893051 0)
(1.10580709 0.05816334707 0)
(1.118039718 0.08742726936 0)
(0.3122076473 -0.1400541248 0)
(17.14838095 -2.168506715 0)
(-0.01872800586 -0.05741726931 0)
(0.7830109952 -0.1996586206 0)
(-1.511397064 1.072947484 0)
(0.7028006189 0.3520216319 0)
(0.8309056554 -0.03751427245 0)
(0.274787581 0.6993006721 0)
(14.67940597 -5.505899595 0)
(-1.574739223 8.783735879 0)
(0.1801098515 0.5876982441 0)
(0.4514401842 -0.166204959 0)
(0.540776803 0.4297286061 0)
(5.919536604 7.875070955 0)
(0.7937825391 0.07669865923 0)
(0.135085624 0.09632101769 0)
(0.1485966588 0.127168809 0)
(0.856823137 -0.111817339 0)
(0.1873357204 -0.1597325056 0)
(0.584067503 -0.1114659516 0)
(-0.05573593314 0.1675582562 0)
(0.5010680244 -0.1443454334 0)
(0.9537633175 -0.1707748536 0)
(0.9961774688 -1.816545579 0)
(0.3455052666 -0.1087604828 0)
(0.8686664766 -0.1900815256 0)
(-1.789550903 -1.372508647 0)
(2.196477808 -0.8257669042 0)
(0.3588005305 -0.1417806245 0)
(-8.266151293 5.757601119 0)
(0.132741287 -0.1500516626 0)
(3.300498415 -1.623918855 0)
(-0.02683470834 -0.07697734474 0)
(-0.007589383986 -0.1113429377 0)
(-0.03287277437 -0.0976847028 0)
(0.08300037377 -0.1415847714 0)
(0.6870871874 0.04905689816 0)
(-0.02857724183 -0.0443927235 0)
(-3.457624776 -3.261327173 0)
(1.752188204 0.1303151878 0)
(12.9628405 -5.653589938 0)
(1.032789198 -0.1491596788 0)
(0.7117478376 0.06588681099 0)
(0.8427263494 -0.05211263184 0)
(0.3713138449 0.1933273261 0)
(0.1229672932 0.1414498723 0)
(0.1045718681 0.1204796153 0)
(-3.750572392 -2.468067665 0)
(0.2627595737 0.1574471875 0)
(9.315835396 1.362507886 0)
(1.033627942 0.08421279375 0)
(-1.533843653 -1.000899039 0)
(0.03211397903 -0.3835932698 0)
(-3.955247646 7.46385785 0)
(-4.80416142 2.235992435 0)
(0.9427464892 -0.07444281627 0)
(0.4109038535 -0.1034145008 0)
(0.1681132071 0.1458874386 0)
(-1.047922094 0.7790768987 0)
(0.9290907424 0.05670115915 0)
(10.89934475 -6.157427012 0)
(1.111559524 -0.04643593804 0)
(0.4601165586 -0.08376853991 0)
(0.9206995692 0.08900071958 0)
(-8.282627087 -5.733177756 0)
(0.985314794 -0.1489979377 0)
(0.2155330492 0.1539840203 0)
(-0.0308132844 0.2543249972 0)
(3.058095689 -4.195607991 0)
(-0.0282367483 -0.01236381737 0)
(-7.50996177 2.896322603 0)
(15.6992849 7.234324432 0)
(0.4718413209 0.9619075759 0)
(-0.4063830002 -1.112024459 0)
(-0.09956026186 0.09621770447 0)
(0.7023260607 -0.1317775631 0)
(0.7323850429 0.06406715966 0)
(-7.472170054 -3.802775807 0)
(0.1109761498 0.06047008251 0)
(14.06862656 7.30780756 0)
(-0.2614544724 -0.1976158693 0)
(0.1577523259 0.1153998759 0)
(0.9505979836 0.03976263838 0)
(0.7009440002 0.196935286 0)
(-0.1574300073 -0.5308582229 0)
(0.4499608605 -0.1001994636 0)
(1.331184884 -0.3733606796 0)
(-1.038205733 0.08246829476 0)
(9.012032443 -8.291606058 0.001)
(9 8.267949192 0.001)
(18.21831134 -0.9773401524 0.001)
(-8.886122228 2.969693025 0.001)
(-8.297599367 -2.943633036 0.001)
(-3.004845411 8.358799932 0.001)
(-3.09228912 -8.358125713 0.001)
(3.044916185 -8.540202535 0.001)
(2.949716324 8.240648161 0.001)
(0.7041506415 0.05038666376 0.001)
(12.96359306 -8.295603983 0.001)
(13 8.267949192 0.001)
(18.31581702 2.920992796 0.001)
(18.38420376 -4.873421848 0.001)
(-6.891706965 -8.102704462 0.001)
(-8.35955624 7.093248906 0.001)
(18.29958776 6.997583597 0.001)
(16.91741595 -8.358965793 0.001)
(-4.938250858 -8.337682081 0.001)
(-4.018506225 -6.775413495 0.001)
(-2.374208694 -6.807782645 0.001)
(0.6879056719 -0.05475849303 0.001)
(-3.131750312 -5.485286536 0.001)
(-1.793396465 -5.465770274 0.001)
(-2.43423284 -4.431015072 0.001)
(-1.319406904 -4.40881035 0.001)
(0.4300220779 -0.07397876634 0.001)
(-1.85790701 -3.55894429 0.001)
(-0.9920986555 -3.525323459 0.001)
(-1.419825396 -2.738277703 0.001)
(0.2303964398 -0.07604006127 0.001)
(-0.679394794 -2.793294122 0.001)
(-2.22200978 -2.808806887 0.001)
(-1.888036786 -2.191551253 0.001)
(-2.546654698 -2.154449441 0.001)
(-2.167429903 -1.552078481 0.001)
(-2.866857003 -1.539807067 0.001)
(-2.488825654 -0.9460695283 0.001)
(-0.2766963291 -3.333870971 0.001)
(-0.01822078647 -2.69380136 0.001)
(0.3813155962 -3.230697255 0.001)
(0.6459031518 -2.647880554 0.001)
(1.016776373 -3.13141234 0.001)
(1.250513893 -2.568730364 0.001)
(1.621800005 -3.03955344 0.001)
(1.872467727 -2.457668078 0.001)
(2.274322825 -2.986236676 0.001)
(2.534501175 -2.323104109 0.001)
(2.990743183 -2.897904294 0.001)
(3.238700591 -2.20794552 0.001)
(3.799954694 -2.822463605 0.001)
(4.001419839 -1.890113164 0.001)
(4.721501221 -2.705463546 0.001)
(5.078846015 -1.764566335 0.001)
(4.397224399 -0.9453571893 0.001)
(5.455372603 -0.7537258189 0.001)
(6.2211059 -1.601336982 0.001)
(6.642206585 -0.5104446484 0.001)
(7.486587738 -1.414461482 0.001)
(7.932638056 -0.1738160012 0.001)
(4.72491509 0.04139599113 0.001)
(8.862275316 -1.172541206 0.001)
(-3.210549276 -0.9222214206 0.001)
(-2.686586621 -0.2993805081 0.001)
(-0.4119818413 -2.198468967 0.001)
(0.8893994713 -2.187086041 0.001)
(0.8853241602 -0.03362112193 0.001)
(0.7855273998 -0.0447284978 0.001)
(9.266835096 0.157329291 0.001)
(-1.93599877 -0.9932803082 0.001)
(2.704550312 -1.704045438 0.001)
(-3.577983598 -0.2587240555 0.001)
(-3.144468236 0.4143308611 0.001)
(-2.353736957 0.3993491086 0.001)
(-2.711438809 1.061558907 0.001)
(-1.947021667 0.9989774295 0.001)
(0.4101579421 0.07484432764 0.001)
(0.2705185648 0.07699281551 0.001)
(-2.288593821 1.683824657 0.001)
(-1.553970431 1.568158233 0.001)
(-1.859474602 2.30243279 0.001)
(-1.057543774 2.16183916 0.001)
(-2.654375066 2.386114137 0.001)
(-1.418587498 2.939982239 0.001)
(-0.6442591353 2.859783292 0.001)
(-0.2946426798 2.205430352 0.001)
(0.1417375185 2.853405457 0.001)
(0.3816227329 2.146714109 0.001)
(0.7860938878 2.693494372 0.001)
(1.085395503 2.069568087 0.001)
(1.498351043 2.768187724 0.001)
(-0.150481503 3.594130849 0.001)
(-3.610631705 -4.182031344 0.001)
(10.30758255 -0.8870123331 0.001)
(10.67873173 0.7206535256 0.001)
(0.8063054713 -3.793474069 0.001)
(8.201455794 1.055194009 0.001)
(7.022555254 -2.64470356 0.001)
(-1.70777869 0.3456052976 0.001)
(-0.02755569681 1.653195469 0.001)
(0.1285921692 0.06776234111 0.001)
(-3.613531938 -1.667052226 0.001)
(2.681053656 -3.588895515 0.001)
(-4.033833836 0.4951890045 0.001)
(9.835843165 -2.32672533 0.001)
(11.3624816 -2.043985326 0.001)
(4.347891878 -3.572536356 0.001)
(1.844219453 1.980529605 0.001)
(2.392673395 2.687377772 0.001)
(1.942808636 3.604524824 0.001)
(3.036015797 3.525734017 0.001)
(-4.502704864 -0.2901085958 0.001)
(-5.023661282 0.5473258815 0.001)
(1.41303408 1.467023208 0.001)
(0.8655392255 0.0352915947 0.001)
(2.004464134 1.28933015 0.001)
(1.752701198 0.8182788835 0.001)
(10.83856379 -3.544148891 0.001)
(12.44585901 -3.260892522 0.001)
(12.97214529 -1.691642568 0.001)
(-0.9726025117 -6.538004016 0.001)
(-5.593224669 -0.3918307184 0.001)
(2.529209151 4.491737019 0.001)
(3.702772271 4.46574418 0.001)
(4.297269779 3.194868827 0.001)
(4.93284598 4.385137436 0.001)
(3.665079695 -0.195905924 0.001)
(4.010880147 0.811569621 0.001)
(5.068465748 1.094791543 0.001)
(14.10281719 -2.944632741 0.001)
(-4.417324571 1.401891468 0.001)
(-6.201676001 0.6237539056 0.001)
(4.409929789 5.54053546 0.001)
(5.74316926 5.489615145 0.001)
(6.310043387 4.238036995 0.001)
(7.196148687 5.395115355 0.001)
(1.387084595 4.556931386 0.001)
(14.64648243 -1.306024559 0.001)
(1.989081745 5.548808966 0.001)
(0.7514568191 5.559123615 0.001)
(-7.110768174 -0.5042210511 0.001)
(-5.932288201 -1.638486657 0.001)
(13.52605693 -4.480979118 0.001)
(9.264448132 -3.814148522 0.001)
(10.21345213 -5.029460881 0.001)
(8.72732629 -5.302556793 0.001)
(7.790057733 4.035936083 0.001)
(8.718881865 5.255735826 0.001)
(9.361596673 3.809669557 0.001)
(10.33823896 5.11598338 0.001)
(11.01219918 3.591901408 0.001)
(12.02268551 4.962864717 0.001)
(12.7090816 3.386226264 0.001)
(13.77071591 4.799383875 0.001)
(14.79889824 3.130014293 0.001)
(13.58655466 0.1545031186 0.001)
(5.205442926 6.754362262 0.001)
(-2.972577514 -2.731490075 0.001)
(15.39113733 0.3594875567 0.001)
(15.36326914 4.784765865 0.001)
(15.7319391 -2.57890378 0.001)
(-7.50104441 0.6822065209 0.001)
(1.406917683 6.655208727 0.001)
(0.04590857056 6.649095568 0.001)
(-0.5419673755 5.328569173 0.001)
(5.406781616 -3.539877989 0.001)
(4.948345802 -4.580080458 0.001)
(6.210110423 -4.516063009 0.001)
(5.729451593 -5.740668659 0.001)
(4.170177917 -5.669978014 0.001)
(5.102541979 -7.032097349 0.001)
(-1.968713252 -0.1284209111 0.001)
(-1.389046348 -0.06406381553 0.001)
(-1.189799329 0.2842160277 0.001)
(-1.001863932 -0.1696632294 0.001)
(-0.8517166163 0.2354420432 0.001)
(-1.211062987 -0.4377074321 0.001)
(-0.8823583355 -0.4504949211 0.001)
(0.08962502396 -0.06244240853 0.001)
(-1.032037066 -0.7187960219 0.001)
(-0.7134693112 -0.6993535675 0.001)
(-0.5977682624 -0.4366728814 0.001)
(-0.4562267358 -0.6726185242 0.001)
(-0.3291910436 -0.4638549731 0.001)
(-0.2164734962 -0.6619688913 0.001)
(0.005658464151 -0.03435723965 0.001)
(-0.4100346273 -0.2750093398 0.001)
(-0.3083375062 -0.8579620819 0.001)
(-0.0779532139 -0.84990292 0.001)
(-0.001904036331 -0.6210405763 0.001)
(0.1457596268 -0.7960774518 0.001)
(0.2296725472 -0.596218696 0.001)
(0.5690366275 -0.0653304721 0.001)
(0.5095229087 -0.06956677032 0.001)
(0.3303920972 -0.07697493957 0.001)
(0.3403233403 -0.7541181336 0.001)
(0.4082128833 -0.5811180231 0.001)
(0.5129710694 -0.7204893926 0.001)
(0.5637715769 -0.5664039189 0.001)
(0.6742870732 -0.6894637478 0.001)
(0.0762093147 -1.047566133 0.001)
(0.2904538604 -0.07714767534 0.001)
(0.3702746713 -0.07618422852 0.001)
(0.4698726562 -0.07069783857 0.001)
(0.6086547831 -0.06217680112 0.001)
(0.6233648332 -0.868244871 0.001)
(0.8163482668 -0.8273914914 0.001)
(0.8602220974 -0.6449560723 0.001)
(1.015378543 -0.7726821629 0.001)
(1.08145413 -0.5662193868 0.001)
(1.247572723 -0.728696916 0.001)
(1.32411757 -0.5226517797 0.001)
(0.486811242 -0.4518449511 0.001)
(0.6025897085 -0.4366343304 0.001)
(0.5350370333 -0.3413589825 0.001)
(0.4423870716 -0.3607148545 0.001)
(0.6316789976 -0.333161508 0.001)
(1.173022114 -0.9735979676 0.001)
(1.501737179 -0.6675220849 0.001)
(1.543344373 -0.4112198823 0.001)
(0.1124799749 -0.4608959848 0.001)
(-0.2525349268 -0.315872173 0.001)
(-0.3373076837 -0.1208546089 0.001)
(-0.8528370538 -1.001843787 0.001)
(1.377500502 -0.2314754046 0.001)
(0.5869740778 -0.2618446507 0.001)
(0.6654871601 -0.240460101 0.001)
(0.7177283443 -0.3129922945 0.001)
(0.7347349889 -0.2288045979 0.001)
(0.7623472247 -1.042017394 0.001)
(-0.1813172772 -0.1524353309 0.001)
(1.795804994 -0.6069592685 0.001)
(1.853182629 -0.2558664717 0.001)
(1.716783909 -1.01202061 0.001)
(0.6107684328 -0.187197808 0.001)
(0.554153152 -0.1917523382 0.001)
(0.7977433992 -0.2818239578 0.001)
(0.8300564463 -0.2223058549 0.001)
(0.9641733045 -0.02353615614 0.001)
(0.8845824089 -0.2640850773 0.001)
(0.9160324407 -0.2035918642 0.001)
(0.9736089431 -0.2569135795 0.001)
(0.9995627509 -0.1908660756 0.001)
(1.057467015 -0.2148300755 0.001)
(1.09529528 -0.1675013988 0.001)
(2.133764269 -0.4731821458 0.001)
(2.285028661 -0.1218812618 0.001)
(0.8589951051 -0.1399947616 0.001)
(1.02799543 -0.1072009923 0.001)
(-0.4853594604 -0.1262688229 0.001)
(-0.3927053547 -0.005867612703 0.001)
(0.0305616326 0.0473383842 0.001)
(-0.009879589352 0.01662909875 0.001)
(0.5785790206 -0.1570855225 0.001)
(0.635954524 -0.1435867332 0.001)
(0.5267167905 -0.1604887509 0.001)
(0.494636278 -0.187916529 0.001)
(0.4758810661 -0.1527764522 0.001)
(0.4452631396 -0.1957466155 0.001)
(0.4295579018 -0.1602172676 0.001)
(0.4025619848 -0.1863860072 0.001)
(0.3819726592 -0.1569364862 0.001)
(0.3572739461 -0.1831863474 0.001)
(0.3344770592 -0.1556242621 0.001)
(0.3123270393 -0.1804145677 0.001)
(0.2809424247 -0.1440930766 0.001)
(0.2626037743 -0.1830271456 0.001)
(0.170220643 -0.0725186617 0.001)
(0.1300793675 -0.06842365046 0.001)
(0.2875303185 -0.2314360253 0.001)
(0.2315014224 -0.2273626746 0.001)
(0.2207274148 -0.1765427195 0.001)
(0.1788520335 -0.2090203449 0.001)
(0.156935067 -0.1712707162 0.001)
(0.1246213922 -0.1982722118 0.001)
(0.1043738996 -0.1609685797 0.001)
(0.07279628359 -0.1884423051 0.001)
(0.05414907587 -0.1462606228 0.001)
(0.02169632756 -0.1779883641 0.001)
(0.04976460925 -0.05351332925 0.001)
(-0.006203843285 -0.1443407468 0.001)
(0.2531933099 -0.2919132973 0.001)
(-0.03103870407 -0.1764110019 0.001)
(-0.04948056561 -0.1258703894 0.001)
(-0.01564620688 -0.2381176661 0.001)
(0.08762948703 -0.2520203501 0.001)
(0.1907605241 -0.1293570535 0.001)
(0.5175376066 -1.070294158 0.001)
(0.6863907261 -1.28846877 0.001)
(0.3891897345 -1.345421168 0.001)
(0.551126208 -0.1158359606 0.001)
(-0.05326894482 -0.4615340944 0.001)
(-0.01426173267 -0.08967626984 0.001)
(-0.05669977161 -0.08410562756 0.001)
(0.02377651381 -0.1018859495 0.001)
(-0.03889785079 -0.05890108066 0.001)
(-0.01021317263 -0.01753667172 0.001)
(0.4083545507 -0.119465292 0.001)
(1.140324023 -0.219681454 0.001)
(1.164615451 -0.1373940338 0.001)
(0.1361382231 -0.122511519 0.001)
(0.9478778722 -0.1261860576 0.001)
(0.777378281 -0.1472922152 0.001)
(0.7744347226 -0.3937902246 0.001)
(0.6024783487 -0.1109918072 0.001)
(0.09027902686 -0.1127789344 0.001)
(0.3766543428 -0.2360547595 0.001)
(0.4525637414 -0.11781359 0.001)
(0.4982174693 -0.1188500872 0.001)
(0.3151374774 -0.1160207409 0.001)
(-0.09089107305 -0.2263343397 0.001)
(0.3598249346 -0.1184176508 0.001)
(6.592251672 -6.958673327 0.001)
(0.9839108546 -0.02088227938 0.001)
(1.004065618 -0.01446318968 0.001)
(0.9768778797 -0.03895448283 0.001)
(0.9247831074 -0.02868581478 0.001)
(0.9565861834 -0.04191245637 0.001)
(0.9687539399 -0.0577838014 0.001)
(0.9487119955 -0.05952877993 0.001)
(0.9901580812 -0.05563505175 0.001)
(0.9793813152 -0.07778865091 0.001)
(-0.5711331028 1.680645708 0.001)
(-0.2173299046 1.213126573 0.001)
(0.2311731098 1.194536604 0.001)
(-0.1064076109 0.9051631725 0.001)
(0.276246701 0.8730415535 0.001)
(0.566544121 0.06442239103 0.001)
(0.4896904948 0.07081065391 0.001)
(0.6290974741 0.05966597707 0.001)
(-0.3826759655 0.8196377553 0.001)
(-0.2410537624 0.5857855167 0.001)
(-0.5587721594 0.5734354967 0.001)
(-0.7607267895 0.834319192 0.001)
(-0.4028128133 0.3356843233 0.001)
(-0.1554255796 0.3555290851 0.001)
(-1.34017892 0.683611735 0.001)
(0.0389728616 0.6072823846 0.001)
(0.6980646902 -0.1765701914 0.001)
(0.7274126622 -0.1212359089 0.001)
(0.7471702103 -0.04918459375 0.001)
(-1.288793734 6.555731725 0.001)
(-1.874063601 5.392492332 0.001)
(0.7215223479 -0.5161738644 0.001)
(0.602021644 -1.576452135 0.001)
(0.907679947 -1.517303154 0.001)
(0.2747077043 -1.630256416 0.001)
(-0.09202931651 -0.1156854309 0.001)
(-0.09777928512 -0.072190081 0.001)
(1.086114288 -0.3125810751 0.001)
(-0.5488396176 0.01820702542 0.001)
(0.471839373 -0.2430179783 0.001)
(0.4247730703 1.529480754 0.001)
(0.2538831508 -0.4581339272 0.001)
(-1.193640737 -1.026342255 0.001)
(-0.9968584348 -1.347354055 0.001)
(-0.6495313729 -1.247549595 0.001)
(14.79178447 6.202124217 0.001)
(1.940965936 0.1355551335 0.001)
(2.400487741 0.3003384592 0.001)
(1.122968672 -0.08668591398 0.001)
(1.161896976 -0.05753311634 0.001)
(6.662076663 2.805474546 0.001)
(-0.6287491232 -0.1160436598 0.001)
(-1.413313539 -1.375519751 0.001)
(-1.185338328 -1.765326291 0.001)
(0.9573269118 -0.3513756723 0.001)
(2.569176604 -0.5084629208 0.001)
(11.30248514 6.532171445 0.001)
(0.3630200819 -2.281419542 0.001)
(-0.01259876811 -0.03817548535 0.001)
(-0.02828891607 -0.02848838988 0.001)
(8.186514559e-05 -0.0545355757 0.001)
(0.01829755373 -0.05054802643 0.001)
(0.01121448442 -0.07038062366 0.001)
(0.03312098594 -0.06667627376 0.001)
(0.5831332109 1.14694688 0.001)
(0.6242042237 0.8233365297 0.001)
(-4.528083501 -5.421445161 0.001)
(-4.959881967 -4.103095208 0.001)
(-5.873258725 -5.20713046 0.001)
(-6.759383629 1.672611167 0.001)
(0.0335776201 -0.2930819587 0.001)
(-1.338263679 4.427494366 0.001)
(-2.442761355 4.35267364 0.001)
(-3.156147394 5.323647801 0.001)
(-3.710338026 4.195187891 0.001)
(-4.485721141 5.243462182 0.001)
(-5.056167502 3.998719661 0.001)
(-5.903150344 5.144978544 0.001)
(-5.232825757 6.743268698 0.001)
(-6.343284304 -3.91260668 0.001)
(-7.286034317 -4.924254837 0.001)
(-0.5996494796 7.993173946 0.001)
(-4.235415645 3.0353366 0.001)
(-0.2672872879 -0.01501925928 0.001)
(-0.3063187622 0.08411036081 0.001)
(-0.2112951656 0.05377333964 0.001)
(-0.2224277054 0.1486988652 0.001)
(-0.1242903336 0.1511112788 0.001)
(-0.1105509458 0.05895830535 0.001)
(-0.1810028961 -0.01367870257 0.001)
(-1.629186692 -0.5620492089 0.001)
(1.439453795 -2.001580206 0.001)
(4.240096 1.894082884 0.001)
(3.358641195 1.462073879 0.001)
(-0.3918456811 -5.256776986 0.001)
(0.3188620138 -6.361507822 0.001)
(0.901659378 -5.310600719 0.001)
(1.564339697 -6.234553766 0.001)
(2.028596224 -5.219437959 0.001)
(1.090889365 -7.424157313 0.001)
(1.66477578 -0.03276918653 0.001)
(1.695746898 0.2779202957 0.001)
(1.417619162 0.1247993586 0.001)
(5.362315964 2.230675131 0.001)
(6.226999326 1.39833273 0.001)
(0.9978114933 -0.03488208944 0.001)
(1.017620279 -0.02936939464 0.001)
(1.133489868 -0.007821890731 0.001)
(1.02334235 -0.009064538394 0.001)
(1.037568957 -0.02308255328 0.001)
(1.042537495 -0.003549377046 0.001)
(1.028383507 0.01032499746 0.001)
(0.9630685883 0.02593837464 0.001)
(1.047784949 0.01578617763 0.001)
(1.033102685 0.02977284986 0.001)
(1.052814842 0.03755140674 0.001)
(0.924773246 0.0286914506 0.001)
(1.180739123 -0.002132808154 0.001)
(1.144428831 0.04818347644 0.001)
(1.032962263 -0.04383531375 0.001)
(1.060601616 -0.01723358065 0.001)
(1.247815016 -0.04304520952 0.001)
(1.070858127 0.02004894226 0.001)
(1.077345212 0.04666208068 0.001)
(1.053381197 0.0645892665 0.001)
(1.084209833 0.07969331949 0.001)
(1.216151844 0.05354929697 0.001)
(1.155763932 0.1172480789 0.001)
(1.014878189 0.02388643769 0.001)
(1.018847857 0.04362536361 0.001)
(0.9974755338 0.03594937041 0.001)
(1.004280986 0.0576004904 0.001)
(1.055174599 0.101869178 0.001)
(0.9839770285 0.05237073175 0.001)
(0.9904643652 0.07755592943 0.001)
(0.9684201712 0.06791860406 0.001)
(0.9687777304 0.09583805371 0.001)
(1.01265052 -0.05069417999 0.001)
(1.030788484 -0.06279360774 0.001)
(1.054323888 -0.05525358057 0.001)
(1.011799525 0.07960801924 0.001)
(1.005897903 0.1128020911 0.001)
(0.9630597741 0.1297120686 0.001)
(0.7872135519 0.04456422793 0.001)
(1.0421586 0.1524108734 0.001)
(0.7472084752 0.05229788715 0.001)
(0.8261429163 0.040597009 0.001)
(0.9370025773 0.1103318588 0.001)
(0.9299546821 0.1528651045 0.001)
(0.8970851887 0.1114807071 0.001)
(0.8860545906 0.1616336451 0.001)
(0.9012592492 0.08042982993 0.001)
(0.8676137612 0.09317943432 0.001)
(0.8713508461 0.06913220936 0.001)
(0.9331174461 0.0715362973 0.001)
(-6.623367135 4.027746778 0.001)
(-7.427301024 5.033385956 0.001)
(-4.315098841 -3.168419429 0.001)
(-1.166305122 -8.363965499 0.001)
(10.06785766 2.357347523 0.001)
(0.04975505187 0.05318123651 0.001)
(0.03426978077 0.06644084367 0.001)
(0.0534858043 0.07289025815 0.001)
(0.03771919509 0.08589874103 0.001)
(0.05692220032 0.09311962386 0.001)
(0.04120464435 0.1091563875 0.001)
(0.01933008801 0.06018229299 0.001)
(0.01843478472 0.1008731759 0.001)
(0.01946662577 0.1305603488 0.001)
(0.09161881437 0.06400047821 0.001)
(0.001518801143 0.03136088553 0.001)
(-0.0197385042 0.03310763951 0.001)
(-0.02958050247 0.01611136567 0.001)
(-0.03999440516 0.03308660819 0.001)
(-0.0499360465 0.01568229906 0.001)
(-0.03036062487 0.05064056741 0.001)
(-0.04940816021 0.04800528195 0.001)
(-0.04076719374 0.07122909859 0.001)
(-0.01855240743 0.06985936857 0.001)
(-0.02800549755 0.09412172915 0.001)
(-0.06003165376 0.09570853104 0.001)
(-0.0411042779 0.1279400372 0.001)
(-0.03922142607 -0.0002995005929 0.001)
(-0.06047553548 -0.003866439038 0.001)
(-0.07203093279 0.018496371 0.001)
(-0.0868637304 -0.006244090077 0.001)
(-0.06750097142 -0.02694996848 0.001)
(0.07349142498 0.07939503072 0.001)
(0.07646105865 0.1004696725 0.001)
(0.05600006518 0.1370727757 0.001)
(0.02583343434 0.1613294043 0.001)
(0.0677611944 0.1773071193 0.001)
(0.1904487261 0.07398073033 0.001)
(0.09454902774 0.1450770862 0.001)
(0.1157956386 0.1842170377 0.001)
(0.07422843204 0.2346596674 0.001)
(0.1427701543 0.1576113846 0.001)
(0.1599120606 0.1876643371 0.001)
(0.1895510361 0.1638434231 0.001)
(0.2028780969 0.2008555164 0.001)
(0.2363578963 0.1726798077 0.001)
(0.350387609 0.07667019592 0.001)
(0.3104419588 0.07718070701 0.001)
(0.2192956502 0.1275606089 0.001)
(0.2304878816 0.0759969405 0.001)
(0.1709934339 0.1212848868 0.001)
(0.1274464361 0.1100524862 0.001)
(0.0923730276 0.08659605823 0.001)
(0.09283725469 0.1060277054 0.001)
(0.109004748 0.07663080859 0.001)
(3.554196761 -1.052898247 0.001)
(2.828210369 -6.049462979 0.001)
(10.94124567 -7.99484277 0.001)
(12.05977863 -6.6451573 0.001)
(13.86380389 -6.616678475 0.001)
(0.8713215398 1.425646624 0.001)
(0.1226856428 0.0875276715 0.001)
(0.1425584961 0.08434317717 0.001)
(-4.833293158 8.481313229 0.001)
(2.650884806 6.655909304 0.001)
(-0.8835646362 0.522861056 0.001)
(-8.563761166 -1.182283986 0.001)
(-0.1014924398 0.02289784535 0.001)
(9.658165069 -6.594764431 0.001)
(1.228534392 8.399893585 0.001)
(0.9652179586 0.04701361486 0.001)
(3.033551382 -4.955709582 0.001)
(14.91793113 -8.297788648 0.001)
(15.86501572 -6.749896787 0.001)
(0.06940002079 -0.05835342236 0.001)
(0.07573426576 -0.0770523365 0.001)
(0.09688242257 -0.08083215045 0.001)
(0.05451293385 -0.07257887676 0.001)
(0.06160097674 -0.09197681338 0.001)
(0.04082495542 -0.08837332768 0.001)
(0.04672667389 -0.1107234646 0.001)
(-0.3544818719 -4.259183348 0.001)
(7.251575519 8.227802727 0.001)
(-5.640696894 2.753402993 0.001)
(1.090899622 0.1203069653 0.001)
(1.10017686 0.1782587699 0.001)
(1.164320342 0.1991440339 0.001)
(1.11235139 0.2673797822 0.001)
(1.220083751 0.2687569301 0.001)
(1.139549707 0.3887325824 0.001)
(1.018242782 0.3489073652 0.001)
(1.013931059 0.5183528473 0.001)
(0.8782771478 0.4182092084 0.001)
(1.202949456 0.5531839333 0.001)
(1.040716354 0.7278538116 0.001)
(0.917200427 0.2021033795 0.001)
(0.862237619 0.2196061522 0.001)
(0.8026393039 0.1739480379 0.001)
(0.7969821694 0.252249065 0.001)
(0.7524595379 0.1979896961 0.001)
(0.7208440569 0.2664765221 0.001)
(0.6665615445 0.2307799751 0.001)
(0.6402446919 0.2921775048 0.001)
(0.5807110644 0.252609997 0.001)
(0.5527032119 0.3196795594 0.001)
(0.4717341099 0.2573948141 0.001)
(0.4614239648 0.3636931343 0.001)
(0.3949921465 0.2933079272 0.001)
(0.6310901521 0.4059427383 0.001)
(0.4104240969 0.2112254678 0.001)
(0.3563012901 0.4009218869 0.001)
(0.6885349398 0.1557669582 0.001)
(0.7611997322 0.1405452806 0.001)
(0.2518265865 0.2000712696 0.001)
(0.2908089226 0.1758613839 0.001)
(0.2269224046 0.2556583974 0.001)
(0.2703670086 0.1309178724 0.001)
(0.5004697262 0.195838209 0.001)
(1.029467882 0.2354914506 0.001)
(0.452257288 0.4946948989 0.001)
(0.610506567 0.1664743835 0.001)
(0.8218003873 0.1232637181 0.001)
(0.3206498262 0.5463364147 0.001)
(0.2398216929 0.4414669787 0.001)
(0.3543455545 0.2378839677 0.001)
(0.3621228152 0.162965573 0.001)
(1.281049827 0.7817654979 0.001)
(0.3044439441 0.3052797045 0.001)
(1.158195307 1.056794095 0.001)
(0.06928169204 0.0587718546 0.001)
(1.011671116 -0.07830835218 0.001)
(0.9925808319 -0.1080030227 0.001)
(7.623402844 -3.964556741 0.001)
(8.060467631 6.728654135 0.001)
(1.235888926 0.1563733815 0.001)
(11.68972028 2.09822415 0.001)
(2.097933771 -1.843279385 0.001)
(2.177163007 -1.329623803 0.001)
(1.665236144 -1.522137785 0.001)
(1.227316743 -0.2897760727 0.001)
(14.95442037 8.405835254 0.001)
(0.1100769513 -0.06569574124 0.001)
(0.1177040621 -0.08426601527 0.001)
(0.1376643498 -0.08703081201 0.001)
(0.2464748902 -0.148316289 0.001)
(0.2721529921 -0.1166671678 0.001)
(0.06523847982 -1.345540695 0.001)
(-0.06340091228 -1.626298372 0.001)
(-0.1604021688 -1.101133766 0.001)
(0.1501146059 -0.07066908327 0.001)
(0.1587527741 -0.08883887486 0.001)
(0.1786849262 -0.0906596308 0.001)
(0.1671158911 -0.1070088737 0.001)
(18.32466335 1.070481816 0.001)
(16.46700698 1.900744788 0.001)
(0.1707605108 0.07206898767 0.001)
(0.1797048019 0.08984629254 0.001)
(0.199345469 0.0918255943 0.001)
(0.1901043106 -0.07408721551 0.001)
(0.1987659773 -0.09221840645 0.001)
(0.2100815527 -0.0754202679 0.001)
(0.2198170246 -0.09300189969 0.001)
(0.2399798316 -0.09365806737 0.001)
(0.229179521 -0.1109532829 0.001)
(18.44032279 -2.981963268 0.001)
(-0.1406868437 -0.104931907 0.001)
(1.103118255 0.02602951445 0.001)
(1.088335743 -0.006115376946 0.001)
(18.34026231 4.933975125 0.001)
(-0.9575457556 -2.270022277 0.001)
(0.250523433 0.076633185 0.001)
(0.2400244306 0.09345609946 0.001)
(0.2601956122 0.09406958563 0.001)
(0.2803317972 0.09436509182 0.001)
(0.2516897485 0.1124194438 0.001)
(0.2197079127 0.09264138692 0.001)
(10.86449671 8.346182054 0.001)
(0.2704759771 -0.07695672573 0.001)
(0.2812449521 -0.09578333753 0.001)
(0.3003093923 -0.09454888091 0.001)
(0.2603124272 -0.09418099364 0.001)
(0.2504745211 -0.07656819324 0.001)
(-5.451679611 -2.932691664 0.001)
(0.3104080371 -0.07716405146 0.001)
(0.3212538581 -0.09462923165 0.001)
(0.3399963332 -0.09327873257 0.001)
(0.3304291641 0.07702697183 0.001)
(0.3205250666 0.09443301154 0.001)
(0.3407467225 0.09414225452 0.001)
(0.3607822731 0.09368601046 0.001)
(0.3315115783 0.1121755626 0.001)
(0.3100806204 0.113268496 0.001)
(0.3231062124 0.1296680942 0.001)
(0.3463756651 0.1338726067 0.001)
(0.3003554114 0.09468961603 0.001)
(0.2104256928 0.07505609641 0.001)
(0.3502331608 -0.07651360402 0.001)
(0.3602387733 -0.09649243117 0.001)
(0.3810997571 -0.09289259536 0.001)
(-0.1659181968 0.230090007 0.001)
(-0.07511182218 0.2137153975 0.001)
(0.3902433988 -0.07554657863 0.001)
(0.40076342 -0.09147683003 0.001)
(0.3902210413 0.07557331832 0.001)
(0.4008081517 0.09252888433 0.001)
(0.449912376 0.07298804544 0.001)
(0.4209307099 0.09170120604 0.001)
(0.4116660747 0.1096683559 0.001)
(0.4318201577 0.108695418 0.001)
(0.3912089029 0.1105648142 0.001)
(0.4034057698 0.1312175975 0.001)
(0.3740997974 0.1311590485 0.001)
(0.4101202692 -0.07466408799 0.001)
(0.4207627817 -0.09053702143 0.001)
(0.4405209617 -0.08858242733 0.001)
(0.4309047211 -0.1081595286 0.001)
(0.4647193211 -0.09774775083 0.001)
(0.4498170116 -0.07128870513 0.001)
(0.2904534062 0.0771961662 0.001)
(0.469822894 0.07198860101 0.001)
(0.4807358584 0.08872867607 0.001)
(0.5305000656 0.06709906298 0.001)
(0.5008166836 0.08745569791 0.001)
(0.4919013841 0.1053182505 0.001)
(0.513652453 0.1044281746 0.001)
(0.470874284 0.1048907393 0.001)
(0.5008220069 0.1291314637 0.001)
(0.5273343076 0.1251165248 0.001)
(0.537503835 0.1003064078 0.001)
(0.5543194456 0.1228400117 0.001)
(0.5470023532 0.1488158557 0.001)
(0.5625161442 0.09897817919 0.001)
(0.5763923417 0.1159440032 0.001)
(0.5865107016 0.09628227998 0.001)
(0.5984841782 0.1159329169 0.001)
(0.6099726966 0.09209601182 0.001)
(0.624172123 0.1108681811 0.001)
(0.6703490042 0.0537566072 0.001)
(0.5978371342 0.07823910379 0.001)
(0.6333539922 0.08877031613 0.001)
(0.6477592456 0.1068022297 0.001)
(0.6350457162 0.1364935915 0.001)
(0.6563874047 0.08559294301 0.001)
(0.6707128223 0.1029470073 0.001)
(0.679192557 0.08363059999 0.001)
(0.6938822967 0.09760134601 0.001)
(0.7017235149 0.08035311816 0.001)
(0.7149140979 0.09785931239 0.001)
(0.7236376651 0.07624122292 0.001)
(0.7374343309 0.09297520052 0.001)
(0.7329039513 0.1201883965 0.001)
(0.5484832359 0.08049191044 0.001)
(0.744794999 0.07306040809 0.001)
(0.7592375528 0.08903126794 0.001)
(0.7635219217 0.06785545292 0.001)
(0.7785519328 0.08396390364 0.001)
(0.6885156806 0.06522049159 0.001)
(0.4897721164 -0.07058086809 0.001)
(0.5014819643 -0.08653587993 0.001)
(0.5207195841 -0.08570732494 0.001)
(0.5293946943 -0.06816874957 0.001)
(0.5405146777 -0.08418596042 0.001)
(0.549213339 -0.06671480479 0.001)
(0.9833501574 0.0204752382 0.001)
(0.3702889974 0.0761773327 0.001)
(0.5888483889 -0.06378978102 0.001)
(0.5802593633 -0.08141316038 0.001)
(0.62846639 -0.06052457369 0.001)
(0.6199810961 -0.0783822942 0.001)
(0.6399050579 -0.07691739995 0.001)
(0.6312497898 -0.09490590756 0.001)
(0.6516268841 -0.09359357051 0.001)
(0.660017287 -0.07521640436 0.001)
(0.6731867799 -0.09174398004 0.001)
(0.6662540421 -0.108579103 0.001)
(0.6873849374 -0.1101743189 0.001)
(0.6964854628 -0.08702221252 0.001)
(0.6701569236 -0.1367168449 0.001)
(0.6482735378 -0.05876844742 0.001)
(0.9431954203 0.02608218674 0.001)
(0.9353897349 0.04310573979 0.001)
(0.9166524316 0.04563155844 0.001)
(0.6503570347 0.05729243955 0.001)
(0.9049751696 0.03094234402 0.001)
(0.8975929949 0.04786320532 0.001)
(0.4300469303 0.07397611412 0.001)
(-6.813724786 8.172005734 0.001)
(0.9050663446 -0.03120564575 0.001)
(0.8973498838 -0.04961076995 0.001)
(0.8463333939 -0.03795376125 0.001)
(0.8774329032 -0.05193251541 0.001)
(0.8893985833 -0.06795566995 0.001)
(0.8686961956 -0.07026299056 0.001)
(0.9097488557 -0.06580877005 0.001)
(0.9004993794 -0.08737208436 0.001)
(0.9252372179 -0.0838522106 0.001)
(0.9171614738 -0.04700844969 0.001)
(-0.009150904356 0.04884562386 0.001)
(0.7075968122 -0.05274587926 0.001)
(13.31620325 1.878918644 0.001)
(0.7244418091 0.05041013338 0.001)
(0.7273981932 -0.05113273526 0.001)
(0.7390315425 -0.06739095664 0.001)
(0.7589138058 -0.06532747788 0.001)
(0.7507956235 -0.08383747554 0.001)
(0.7721851402 -0.08157313434 0.001)
(0.7300379878 -0.08511492058 0.001)
(0.7626304679 -0.1009290755 0.001)
(0.7866812122 -0.1003240049 0.001)
(0.7955189822 -0.07639360606 0.001)
(0.8122148219 -0.09762413317 0.001)
(0.8205838401 -0.07395450622 0.001)
(0.8353107302 -0.09186270558 0.001)
(0.7997863447 -0.1265074538 0.001)
(0.8437337807 -0.06886515519 0.001)
(0.8272695902 -0.05488301015 0.001)
(0.8092611079 -0.05806657159 0.001)
(0.8458768587 0.03820720381 0.001)
(0.8380305777 0.05662694042 0.001)
(0.8181445635 0.05888876381 0.001)
(0.8300261481 0.07501624922 0.001)
(0.8103054195 0.07794596986 0.001)
(0.8511321598 0.07334978619 0.001)
(0.8410232978 0.09594403226 0.001)
(0.859631771 0.123371673 0.001)
(0.7683446865 0.04758132022 0.001)
(0.7667391415 -0.04705758539 0.001)
(0.8064892786 0.04273854722 0.001)
(0.8852819726 0.03249618801 0.001)
(0.509733763 0.06936171579 0.001)
(-4.583301627 -1.988444085 0.001)
(0.9444810884 -0.02611489792 0.001)
(0.3295421925 -0.2820745466 0.001)
(0.8656709841 -0.0359078983 0.001)
(0.1887951131 -0.1058398028 0.001)
(-0.04437080626 -0.01844093036 0.001)
(-0.0443726683 -0.03898139229 0.001)
(-0.436201821 0.1248716257 0.001)
(-0.6063969232 0.1868313178 0.001)
(0.3807139025 0.09314789917 0.001)
(0.4408020234 0.09072045982 0.001)
(0.4606117421 0.08938202967 0.001)
(0.208269687 -0.1099889097 0.001)
(0.2172009371 -0.1374448811 0.001)
(0.6064093981 0.5646326997 0.001)
(0.4365029917 0.6981145287 0.001)
(0.8211672399 0.6335148042 0.001)
(0.5603790757 -0.08264456252 0.001)
(0.5701792448 -0.1015338265 0.001)
(0.2844877137 4.522237946 0.001)
(0.85816447 0.05340325208 0.001)
(0.6000909657 -0.07956511667 0.001)
(0.5205885777 0.08602125616 0.001)
(0.7193864995 -0.06840347789 0.001)
(0.93681712 -0.04431178259 0.001)
(0.6680484504 -0.05679977362 0.001)
(0.7786222065 -0.0630863595 0.001)
(0.7990726525 0.0605416591 0.001)
(0.8577620929 -0.05412013186 0.001)
(0.1048513965 -0.1000968455 0.001)
(0.1258405956 -0.1031440176 0.001)
(0.1111077327 -0.1252306366 0.001)
(3.352143202 2.461650322 0.001)
(0.2890991914 0.1126851477 0.001)
(0.2496436309 -0.1121294969 0.001)
(-2.738827519 6.725489525 0.001)
(4.706492436 8.437405864 0.001)
(0.2049443878 -0.3609462522 0.001)
(3.028199499 0.6274223546 0.001)
(0.2703366716 0.1088914283 0.001)
(0.2406928536 0.1375992119 0.001)
(0.6807980919 -0.07244819405 0.001)
(-5.487105228 -6.658487101 0.001)
(1.927754173 0.4806331126 0.001)
(1.518044333 0.5204130645 0.001)
(11.84274165 -4.91194761 0.001)
(8.120721145 -6.838460848 0.001)
(16.34911034 -0.9819285956 0.001)
(0.2967220075 0.1384332777 0.001)
(-0.01904719552 -8.956922872e-07 0.001)
(0.3716025972 0.1079639474 0.001)
(0.3512081103 0.1112619649 0.001)
(16.89798155 8.183336435 0.001)
(1.336765015 0.2220271468 0.001)
(0.8414402701 3.513273223 0.001)
(0.8930463462 -0.4737931332 0.001)
(0.7840964653 0.3422391669 0.001)
(11.80890941 -0.5773889404 0.001)
(-0.06455727722 -0.05470133751 0.001)
(7.196953354 -5.527220098 0.001)
(0.6083065119 0.0607531859 0.001)
(13.014443 6.351361379 0.001)
(0.01959171746 0.07902695491 0.001)
(8.424554518 -2.507541315 0.001)
(16.65224867 6.115681745 0.001)
(15.27615326 -4.13552529 0.001)
(0.4528403624 0.1090032379 0.001)
(0.442911512 0.1310592547 0.001)
(18.14594172 -6.864952234 0.001)
(0.3241951834 0.1560328224 0.001)
(0.4803867439 -0.088391773 0.001)
(0.4773740444 -0.1091762877 0.001)
(9.714095052 6.707779339 0.001)
(-8.430252946 -7.074369873 0.001)
(0.9292211448 -0.06229049948 0.001)
(0.6560863461 -0.1769063357 0.001)
(1.010171777 0.004587480452 0.001)
(6.55730281 6.684117494 0.001)
(0.2936026672 -0.1174419097 0.001)
(1.318588311 0.3696083079 0.001)
(0.5338543954 -0.1021352051 0.001)
(-3.534900203 1.165571395 0.001)
(1.061784728 0.001986172022 0.001)
(1.074777521 -0.03837356952 0.001)
(7.34262242 -8.465762339 0.001)
(-0.1217541484 -0.01018363337 0.001)
(0.1601922393 0.08747986363 0.001)
(0.3695167472 -0.4391648627 0.001)
(-0.7560934853 -1.681831784 0.001)
(0.9644174296 -1.193971484 0.001)
(1.303214426 -1.257507765 0.001)
(8.364296704 2.522015084 0.001)
(-0.6812138617 1.206202951 0.001)
(-1.129596719 1.097697113 0.001)
(-0.002999454608 0.08750446104 0.001)
(-0.008576404697 0.1166946113 0.001)
(2.786174066 -1.024352677 0.001)
(-0.1895198497 -0.4189810333 0.001)
(0.914576325 -0.1093609245 0.001)
(0.9526454925 -0.09369400852 0.001)
(0.559475344 0.1884507185 0.001)
(1.037886786 0.0491952159 0.001)
(3.200626107 5.558983291 0.001)
(1.052046849 -0.03555571955 0.001)
(-2.954937004 3.395893242 0.001)
(0.2857574173 -0.9560237944 0.001)
(1.262352356 -1.623014898 0.001)
(3.66228197 -7.16817913 0.001)
(0.9338506858 0.2736300712 0.001)
(0.7731513841 0.1089758788 0.001)
(0.7227693762 0.1561502797 0.001)
(0.2087895763 0.1096584928 0.001)
(0.159538346 -0.1347593186 0.001)
(0.1915019747 -0.2772772599 0.001)
(-0.04240855171 -0.3249179196 0.001)
(0.8825330089 -0.1108918325 0.001)
(-5.490659848 1.524287008 0.001)
(-2.740779012 -3.535910773 0.001)
(-0.5738291763 -0.9484371763 0.001)
(1.945753262 -3.669808795 0.001)
(0.187476646 0.1073576006 0.001)
(0.1952176326 0.1312289957 0.001)
(0.8562684041 -0.0859824826 0.001)
(-0.1247017946 -0.1651431274 0.001)
(2.303163363 0.788649335 0.001)
(0.08079903797 0.1217026816 0.001)
(0.6997773524 -0.06947486338 0.001)
(-7.00786802 6.306560335 0.001)
(0.1505087573 0.06836719948 0.001)
(0.147651921 0.1033607359 0.001)
(1.42408775 -4.344336716 0.001)
(1.023510285 0.06309903255 0.001)
(0.7984426854 0.09879791658 0.001)
(0.6202810592 0.07568771289 0.001)
(1.304229808 0.07785004591 0.001)
(1.402463668 -0.04478691223 0.001)
(-0.2162697744 -0.09360733252 0.001)
(0.3934377046 0.1616558457 0.001)
(0.4258943284 0.1571068879 0.001)
(0.4565409322 0.1560928886 0.001)
(-0.1456662073 0.03406122445 0.001)
(5.857368474 0.30307098 0.001)
(-0.0581850779 0.03328946477 0.001)
(0.2957450985 -0.3624477153 0.001)
(16.94393195 -3.754121786 0.001)
(0.9031108083 -0.1460999804 0.001)
(4.536599135 -8.535493807 0.001)
(0.5202906326 0.1575341429 0.001)
(-2.141862198 -0.5858400929 0.001)
(-0.1712625449 -0.2279164305 0.001)
(-3.873193871 6.335964554 0.001)
(0.19792814 -3.82542384 0.001)
(0.6445493533 -0.1136211124 0.001)
(0.5733517307 0.08200762261 0.001)
(-2.130216575 2.945895037 0.001)
(5.815717535 -2.626883911 0.001)
(-2.937742473 1.746804936 0.001)
(-0.2568204523 0.2724453483 0.001)
(-4.903276405 -1.043378003 0.001)
(2.328010103 -7.311502996 0.001)
(0.7377277283 0.4532722273 0.001)
(0.1475083633 -0.1072155693 0.001)
(0.5482868473 0.06226849711 0.001)
(0.4717900771 0.1276211314 0.001)
(3.439557047 -3.538518812 0.001)
(-0.01300080119 0.1565636982 0.001)
(-3.276046479e-05 0.2054321146 0.001)
(0.01882230051 0.2840998953 0.001)
(0.08847463211 0.325984056 0.001)
(0.02848495298 0.3720503164 0.001)
(5.512910355 3.370838587 0.001)
(2.34434599 -4.329295177 0.001)
(0.6980015232 0.1221972172 0.001)
(0.1200630314 -0.3256271953 0.001)
(0.4559908533 -0.8738340699 0.001)
(-1.763708706 3.705052779 0.001)
(0.9781346482 0.03642412867 0.001)
(0.5802986899 0.1414751854 0.001)
(0.7753623827 -0.1207385519 0.001)
(0.7390921147 -0.1021247849 0.001)
(0.7140626307 -0.1016214807 0.001)
(0.2292836204 0.1098037837 0.001)
(1.047503794 -0.08081445419 0.001)
(0.6113344698 -0.0955078287 0.001)
(0.6215478233 -0.1162405226 0.001)
(0.8203195876 0.09419357719 0.001)
(0.5879425355 0.06135202786 0.001)
(0.5252564381 -0.2512519769 0.001)
(-6.814063631 -2.842926866 0.001)
(-0.03164458411 -7.48210159 0.001)
(0.5249335631 -0.1266783113 0.001)
(0.2390246901 -0.1283635381 0.001)
(-0.00695628768 -0.07231482309 0.001)
(0.8793888865 -0.08734122101 0.001)
(1.362944572 -3.595717072 0.001)
(0.8167592089 -0.04253815756 0.001)
(-0.9596399283 3.62879523 0.001)
(0.08312304813 -0.09540438279 0.001)
(-1.343120105 -0.7282945994 0.001)
(5.914803041 -8.198405364 0.001)
(0.9474023358 0.05787172709 0.001)
(0.5124904376 -0.1037446177 0.001)
(-1.032540582 1.594466463 0.001)
(-0.07521629671 0.1285815172 0.001)
(0.06227740129 0.1123042282 0.001)
(-3.205071551 -2.103229798 0.001)
(0.8192216503 -0.1644116155 0.001)
(0.4231395685 0.1275495028 0.001)
(0.1491628703 0.2450455966 0.001)
(0.1837927108 0.3425654944 0.001)
(0.4631301644 -4.471256953 0.001)
(0.8458272103 0.1587543183 0.001)
(0.9128917636 0.06536047314 0.001)
(-0.07591115395 0.05238457796 0.001)
(16.77392039 3.56959261 0.001)
(12.23800992 0.823648051 0.001)
(0.6431185464 0.0746016826 0.001)
(-8.614169554 1.599671257 0.001)
(-4.065224618 -1.028321398 0.001)
(0.01130534209 0.04650185927 0.001)
(0.8919751369 0.06545851735 0.001)
(0.8829402608 0.08116736264 0.001)
(2.853792725 -0.08937182714 0.001)
(-0.3398147771 -1.405039674 0.001)
(0.7517316889 0.1088847858 0.001)
(0.3307070762 -0.1088834076 0.001)
(0.7818088134 0.06343494562 0.001)
(0.4198281944 -0.2303465829 0.001)
(0.4136711954 -0.2848807131 0.001)
(0.878317441 0.05060749447 0.001)
(-0.5940403371 -0.2601583272 0.001)
(0.3937337941 -0.1074338318 0.001)
(-3.605835601 2.264395903 0.001)
(0.5709333337 -8.722873298 0.001)
(0.04227476276 -1.9614215 0.001)
(0.5914505011 -0.09628364363 0.001)
(0.02495280679 -0.1313243676 0.001)
(-0.3058032506 -1.774612059 0.001)
(1.042816369 -0.4245038304 0.001)
(0.6544945457 0.1744482848 0.001)
(-0.09588429124 -0.03658053674 0.001)
(-0.1382505861 -0.0507710799 0.001)
(0.3831190484 -0.1274984536 0.001)
(0.9463027156 -0.9619321001 0.001)
(0.03497118102 -0.04666738696 0.001)
(1.405545289 -0.9205247275 0.001)
(0.6657581321 0.1331092148 0.001)
(-0.7635287982 0.01536708941 0.001)
(0.999449303 0.01747092467 0.001)
(0.6895908242 -0.3985504444 0.001)
(0.945903305 0.08208287676 0.001)
(-1.640543906 -1.736551647 0.001)
(7.025055159 0.6152611955 0.001)
(-1.399934558 -2.143898153 0.001)
(0.9759339221 0.1816713645 0.001)
(-8.619868652 -4.390457615 0.001)
(0.3756032615 -0.1085469925 0.001)
(0.4776382223 -0.2962449011 0.001)
(-1.889209876 7.651157834 0.001)
(1.56931136 -0.1987507173 0.001)
(3.853848731 6.864640724 0.001)
(-0.6763711949 0.3725162848 0.001)
(-7.298581789 -1.712574132 0.001)
(14.76487254 1.6191814 0.001)
(0.6097014549 0.1342488517 0.001)
(0.8311829357 -0.1220011646 0.001)
(2.609585802 1.849475796 0.001)
(0.59696715 -1.917350547 0.001)
(0.4866400578 0.1578520855 0.001)
(16.87206534 0.4378528801 0.001)
(0.4741869063 -0.1299676104 0.001)
(0.4513131377 -0.1427653606 0.001)
(0.5512107203 -0.09726710304 0.001)
(0.5732627292 -0.1279262418 0.001)
(0.551678417 -0.1447561426 0.001)
(0.8414602681 0.9316788168 0.001)
(0.1088321588 0.09856785995 0.001)
(-8.523466679 -8.543075833 0.001)
(-8.535898385 8.535898385 0.001)
(1.079577184 -0.1151209389 0.001)
(0.6653657375 0.07123678947 0.001)
(-0.07921981559 -0.1643047067 0.001)
(0.4296270511 -0.1313132901 0.001)
(0.3682348444 -0.3448842148 0.001)
(1.24446764 -0.2033965432 0.001)
(1.303394519 -0.136237336 0.001)
(7.293352382 1.708175187 0.001)
(0.7496133159 -0.120009848 0.001)
(0.3362390533 0.1929057761 0.001)
(18.53589838 8.535898385 0.001)
(-0.08668599016 0.4867698614 0.001)
(18.53589838 -8.535898385 0.001)
(1.18364523 -0.4116802585 0.001)
(-0.7712905052 -0.2461745139 0.001)
(0.1685836317 0.1040138368 0.001)
(-8.536031182 4.354810401 0.001)
(16.71531605 -5.386424342 0.001)
(0.4058655327 -0.1469694661 0.001)
(6.429330679 -3.481407087 0.001)
(0.6868398196 1.811248369 0.001)
(0.2577375496 -1.158485338 0.001)
(1.480535667 0.2685925456 0.001)
(1.565657887 0.111681316 0.001)
(0.003254063527 0.06532009344 0.001)
(0.8017258621 -0.0412708982 0.001)
(0.8614267577 -0.3529736131 0.001)
(0.1404198359 -0.2547545796 0.001)
(0.3326655678 -0.2226332493 0.001)
(0.2575917651 -0.1291103462 0.001)
(3.129324876 -0.605321593 0.001)
(0.09661722743 0.4523915373 0.001)
(-0.1115678486 0.6972315653 0.001)
(2.063914938 7.576252211 0.001)
(0.5330186913 0.2427946596 0.001)
(0.1017702069 0.7723952561 0.001)
(0.08799382889 0.9903372492 0.001)
(0.8510888175 0.3011867327 0.001)
(0.7938790914 -0.06003659508 0.001)
(0.03931864138 -0.2313355587 0.001)
(0.02245351532 -0.08358689143 0.001)
(0.005712762252 -0.08839266533 0.001)
(0.6186656263 0.217490144 0.001)
(3.832461637 -4.420441558 0.001)
(1.081595603 -0.06949669117 0.001)
(0.7389312055 -0.1533134823 0.001)
(0.6017424136 -0.1370630487 0.001)
(0.7903045292 0.1285714362 0.001)
(-0.1513611874 0.09056201637 0.001)
(-0.006226945788 -2.283777842 0.001)
(-0.3249163108 0.1931621047 0.001)
(-8.448711234 0.1041173351 0.001)
(-0.06693085546 0.3140525813 0.001)
(0.3367592158 -0.1267301919 0.001)
(0.4570872481 0.1944359488 0.001)
(0.06951988601 -0.116414099 0.001)
(-0.1473513238 -0.323941059 0.001)
(0.7131095618 -0.08488807487 0.001)
(1.521888909 1.082638367 0.001)
(-0.2543765674 0.4233850241 0.001)
(-0.3834608064 0.50409601 0.001)
(0.9579165951 -0.07284858281 0.001)
(0.4939901319 -0.1013397291 0.001)
(-7.076979521 -6.276806455 0.001)
(0.3153213321 -0.5186588772 0.001)
(0.2940977443 0.2279434165 0.001)
(1.806949797 -8.399747228 0.001)
(-0.5129918384 4.284840466 0.001)
(2.705373432 1.215893051 0.001)
(1.10580709 0.05816334707 0.001)
(1.118039718 0.08742726936 0.001)
(0.3122076473 -0.1400541248 0.001)
(17.14838095 -2.168506715 0.001)
(-0.01872800586 -0.05741726931 0.001)
(0.7830109952 -0.1996586206 0.001)
(-1.511397064 1.072947484 0.001)
(0.7028006189 0.3520216319 0.001)
(0.8309056554 -0.03751427245 0.001)
(0.274787581 0.6993006721 0.001)
(14.67940597 -5.505899595 0.001)
(-1.574739223 8.783735879 0.001)
(0.1801098515 0.5876982441 0.001)
(0.4514401842 -0.166204959 0.001)
(0.540776803 0.4297286061 0.001)
(5.919536604 7.875070955 0.001)
(0.7937825391 0.07669865923 0.001)
(0.135085624 0.09632101769 0.001)
(0.1485966588 0.127168809 0.001)
(0.856823137 -0.111817339 0.001)
(0.1873357204 -0.1597325056 0.001)
(0.584067503 -0.1114659516 0.001)
(-0.05573593314 0.1675582562 0.001)
(0.5010680244 -0.1443454334 0.001)
(0.9537633175 -0.1707748536 0.001)
(0.9961774688 -1.816545579 0.001)
(0.3455052666 -0.1087604828 0.001)
(0.8686664766 -0.1900815256 0.001)
(-1.789550903 -1.372508647 0.001)
(2.196477808 -0.8257669042 0.001)
(0.3588005305 -0.1417806245 0.001)
(-8.266151293 5.757601119 0.001)
(0.132741287 -0.1500516626 0.001)
(3.300498415 -1.623918855 0.001)
(-0.02683470834 -0.07697734474 0.001)
(-0.007589383986 -0.1113429377 0.001)
(-0.03287277437 -0.0976847028 0.001)
(0.08300037377 -0.1415847714 0.001)
(0.6870871874 0.04905689816 0.001)
(-0.02857724183 -0.0443927235 0.001)
(-3.457624776 -3.261327173 0.001)
(1.752188204 0.1303151878 0.001)
(12.9628405 -5.653589938 0.001)
(1.032789198 -0.1491596788 0.001)
(0.7117478376 0.06588681099 0.001)
(0.8427263494 -0.05211263184 0.001)
(0.3713138449 0.1933273261 0.001)
(0.1229672932 0.1414498723 0.001)
(0.1045718681 0.1204796153 0.001)
(-3.750572392 -2.468067665 0.001)
(0.2627595737 0.1574471875 0.001)
(9.315835396 1.362507886 0.001)
(1.033627942 0.08421279375 0.001)
(-1.533843653 -1.000899039 0.001)
(0.03211397903 -0.3835932698 0.001)
(-3.955247646 7.46385785 0.001)
(-4.80416142 2.235992435 0.001)
(0.9427464892 -0.07444281627 0.001)
(0.4109038535 -0.1034145008 0.001)
(0.1681132071 0.1458874386 0.001)
(-1.047922094 0.7790768987 0.001)
(0.9290907424 0.05670115915 0.001)
(10.89934475 -6.157427012 0.001)
(1.111559524 -0.04643593804 0.001)
(0.4601165586 -0.08376853991 0.001)
(0.9206995692 0.08900071958 0.001)
(-8.282627087 -5.733177756 0.001)
(0.985314794 -0.1489979377 0.001)
(0.2155330492 0.1539840203 0.001)
(-0.0308132844 0.2543249972 0.001)
(3.058095689 -4.195607991 0.001)
(-0.0282367483 -0.01236381737 0.001)
(-7.50996177 2.896322603 0.001)
(15.6992849 7.234324432 0.001)
(0.4718413209 0.9619075759 0.001)
(-0.4063830002 -1.112024459 0.001)
(-0.09956026186 0.09621770447 0.001)
(0.7023260607 -0.1317775631 0.001)
(0.7323850429 0.06406715966 0.001)
(-7.472170054 -3.802775807 0.001)
(0.1109761498 0.06047008251 0.001)
(14.06862656 7.30780756 0.001)
(-0.2614544724 -0.1976158693 0.001)
(0.1577523259 0.1153998759 0.001)
(0.9505979836 0.03976263838 0.001)
(0.7009440002 0.196935286 0.001)
(-0.1574300073 -0.5308582229 0.001)
(0.4499608605 -0.1001994636 0.001)
(1.331184884 -0.3733606796 0.001)
(-1.038205733 0.08246829476 0.001)
)


// ************************************************************************* //
