/*--------------------------------*- C++ -*----------------------------------*\
| =========                 |                                                 |
| \\      /  F ield         | OpenFOAM: The Open Source CFD Toolbox           |
|  \\    /   O peration     | Version:  2412                                  |
|   \\  /    A nd           | Website:  www.openfoam.com                      |
|    \\/     M anipulation  |                                                 |
\*---------------------------------------------------------------------------*/
FoamFile
{
    version     2.0;
    format      ascii;
    arch        "LSB;label=32;scalar=64";
    note        "nPoints:2534  nCells:2226  nFaces:7944  nInternalFaces:3186";
    class       labelList;
    location    "constant/polyMesh";
    object      neighbour;
}
// * * * * * * * * * * * * * * * * * * * * * * * * * * * * * * * * * * * * * //


3186
(
84
638
1231
85
637
1083
6
499
596
72
672
1154
58
2054
2118
91
254
1721
1020
1608
75
994
1167
76
995
1149
35
412
1747
122
686
2091
123
685
1282
18
165
1326
53
100
1572
54
99
1573
81
275
2126
28
672
1078
259
991
2114
461
918
47
460
976
175
1258
2225
176
1259
2224
79
950
1195
80
949
1196
33
94
1177
34
95
1176
131
252
1611
132
253
1612
594
769
142
235
914
143
236
913
114
758
2212
115
759
2213
463
500
462
501
312
1449
50
118
1507
49
119
1508
103
676
2032
105
735
2014
106
736
2013
218
303
1127
219
304
1126
104
691
1170
208
719
1630
207
720
1629
232
242
1752
693
113
1178
1319
384
1731
385
1732
478
763
2164
479
764
2165
1015
1976
1014
1977
120
1168
1389
285
547
1506
125
1162
1189
91
205
302
571
1534
145
243
1910
144
244
1911
188
826
1101
189
825
1102
111
748
1196
112
747
1195
74
140
851
73
139
852
135
209
1161
134
210
1159
167
934
2028
166
935
2027
769
199
333
198
334
602
603
98
255
1132
124
1474
1894
651
652
232
2031
241
373
908
168
1037
1985
99
435
100
436
182
679
1593
183
680
1592
138
1505
2209
156
1158
1216
157
1155
1215
1111
191
1104
1973
192
1103
1972
793
794
248
890
1542
284
307
891
778
2000
1312
1311
276
924
1552
186
1563
1566
165
691
800
209
1243
210
1244
169
342
565
287
1266
1501
288
1267
1500
283
705
1335
1093
1535
1094
1536
821
1008
1503
1009
1504
184
406
1147
185
905
1169
1061
1785
1062
1786
829
177
425
1489
214
664
215
663
840
1692
834
254
278
277
279
195
1031
1151
536
669
2176
537
668
2177
984
1540
983
1539
202
506
606
827
828
206
1172
1222
255
520
1131
553
1479
479
573
478
574
231
256
1389
884
1440
885
1441
310
371
311
370
242
335
234
355
321
1116
233
358
1055
1182
1623
1056
1181
1624
216
605
1150
217
604
1148
380
415
616
381
416
617
861
862
290
640
883
289
641
882
197
817
1799
196
818
1800
200
736
1313
201
735
1314
307
955
1525
1840
1216
1920
1215
1921
1031
1899
190
1721
239
1173
1251
240
1171
1252
286
388
489
301
783
1636
300
784
1635
1495
1560
1496
1561
872
996
469
1006
221
452
470
1007
220
453
997
1087
998
1088
876
877
849
1203
326
894
964
1129
1769
1130
1768
372
545
1252
1958
1251
1957
328
482
554
329
481
555
894
224
503
225
502
1584
1585
570
1613
569
1614
228
1752
626
1249
2120
627
1250
2119
1559
1891
911
904
1705
903
1706
830
831
673
770
1236
662
690
931
468
881
2130
263
1490
264
1491
902
901
669
1416
668
1417
682
1336
681
1337
597
919
1414
598
920
1415
549
548
625
703
2225
624
704
2224
429
578
257
761
900
258
762
899
829
853
1068
721
1449
712
1374
871
1957
870
1958
267
298
532
268
297
533
936
937
1085
1448
429
1010
1648
1011
1649
583
1502
1992
654
1906
655
1905
745
2092
370
845
947
371
844
948
725
1541
1956
1589
1949
1590
1950
372
282
835
1833
291
1799
292
1800
491
2080
356
1773
2121
357
1772
2122
711
1432
2017
538
1772
539
1773
733
1201
1878
734
1202
1877
1548
1690
1549
1691
1064
1968
1065
1967
324
1356
325
1355
296
366
295
367
312
1341
746
2094
773
1210
667
774
775
1388
352
1101
1164
351
1102
1152
283
630
1132
1001
1747
385
2216
359
468
837
1191
836
1190
628
1920
629
1921
502
619
503
618
391
1127
1153
392
1126
1166
743
1295
744
1296
635
636
975
1184
2020
967
1895
968
1896
384
2215
1700
2176
1699
2177
536
697
1317
537
698
1318
887
313
790
1508
316
789
1507
651
652
1068
465
451
1200
450
1199
464
394
728
763
393
729
764
353
669
709
354
668
710
599
737
379
1239
1555
378
1240
1556
609
696
610
695
754
1031
495
2057
497
498
496
2058
597
950
598
949
386
387
615
749
647
713
1842
648
714
1843
367
846
1610
366
847
1609
803
2029
804
2030
461
800
566
1244
1321
567
1243
1320
436
841
1572
435
842
1573
776
2021
777
2022
752
1994
753
1993
971
972
697
893
698
892
407
797
663
815
664
816
412
801
742
1461
695
1946
696
1947
513
1604
524
1603
460
507
518
2067
771
772
494
1628
493
1627
770
886
517
1898
516
1897
609
836
1711
610
837
1712
647
990
648
989
2063
2064
456
713
1157
457
714
1156
465
464
479
1940
478
1941
572
776
807
2016
808
2015
992
993
573
1214
574
1213
737
1916
858
1211
1735
859
1212
1736
749
1917
929
1589
1684
930
1590
1685
772
2025
771
2026
665
755
1347
666
756
1348
542
1479
2006
961
1580
822
956
707
962
1855
708
963
1854
467
1967
466
1968
1001
485
1160
1192
486
1174
1193
569
570
568
2021
480
2022
511
1905
510
1906
526
1993
525
1994
587
1917
596
1916
583
1826
603
1946
602
1947
667
850
1692
779
917
1198
532
727
1268
533
726
1269
557
1206
556
1205
797
2000
600
645
1731
601
642
1732
801
2001
802
942
1197
743
2023
744
2024
1305
1898
1304
1897
599
977
1746
805
2067
650
708
799
649
707
798
601
753
600
752
655
1230
654
1229
615
887
1747
757
782
1359
1005
1004
785
796
1382
786
795
1383
1983
691
968
1452
967
1453
1095
1098
809
1142
810
1143
978
586
808
585
807
586
733
1018
585
734
1019
553
692
1349
775
1980
774
1978
773
1979
848
1146
2052
1204
1207
1981
1982
700
2029
699
2030
1029
1030
789
2051
790
2050
581
1311
582
760
1312
1659
706
1658
536
1914
537
1915
1263
1394
1262
1395
1009
1265
1008
1264
843
1824
1059
2042
1060
2041
724
2016
723
2015
872
877
1255
1758
915
1785
1924
916
1786
1925
1220
1232
1221
1233
873
1194
2053
1260
1875
745
1677
746
1688
1258
1793
1259
1794
1279
1505
769
2001
2000
721
2002
758
811
1377
759
812
1378
1280
1562
1246
1256
1245
1257
791
2058
792
2057
841
2055
842
2056
712
2034
794
2026
793
2025
675
1855
674
1854
677
1054
1490
678
976
1491
1634
1888
834
1980
821
1978
800
829
1979
1732
1810
730
803
731
804
673
1875
2217
580
693
579
694
1580
1532
1927
1533
1926
581
776
582
777
873
1608
2049
827
1697
861
2024
828
1698
862
2023
681
2073
682
2072
918
1767
831
988
830
987
1307
1997
1309
1310
1731
1809
1531
2021
1426
1425
876
1701
894
2002
911
2034
877
621
750
620
751
1015
1014
905
754
946
1281
1016
1017
1328
1808
937
2050
936
2051
902
1727
901
1726
1698
1907
1697
1908
891
1872
689
835
1073
1346
1870
1871
1069
1062
1061
1828
1829
1109
1713
1110
1714
996
1723
730
879
1813
731
878
1814
1108
1107
972
1738
971
1737
992
2073
993
2072
1068
1614
1642
1613
1643
1012
1013
701
702
1727
1951
1726
1952
643
1180
644
1175
1081
1673
1082
1674
1216
1484
1215
1485
722
1586
1029
1764
1030
1763
1005
2055
1004
2056
765
792
766
791
1658
1659
1095
1677
1420
1458
1421
1457
1036
2059
1013
1012
1040
2062
1098
1688
1632
1633
819
960
820
959
747
748
1701
1934
1945
1944
867
938
1236
1763
1889
1764
1890
1087
1101
1769
1088
1102
1768
978
1461
1840
976
1983
828
830
827
831
1111
809
1600
1884
810
1599
1883
848
1848
678
751
677
750
1369
1680
694
693
1770
1867
1771
1868
2183
2184
765
1023
1834
766
1024
1835
1603
1604
944
1737
943
1738
912
1283
1045
1396
961
1044
805
1887
1886
1553
1554
1371
1476
1370
1477
906
1741
907
1742
899
1422
900
1423
1475
1570
1369
1526
1651
1650
895
1357
896
1358
1189
2085
2170
1096
1097
909
1121
1569
910
1122
1568
1597
1627
1598
1628
1353
1606
1354
1607
1821
1570
2198
1121
1385
1122
1384
1032
1678
1050
1049
923
1438
922
1439
999
1000
843
977
1340
2004
2003
1309
1310
2107
1021
1046
1919
1022
1047
1918
838
1532
1834
839
1533
1835
1083
1311
2172
2171
1400
1401
1011
1010
1885
962
963
2062
2059
1899
987
1776
988
1775
876
961
1713
1714
1203
2005
1091
1582
1092
1583
1046
1047
970
969
986
1112
1286
985
1113
1287
2044
1719
1720
2093
1873
1028
2005
797
956
1128
1308
1544
1940
1543
1941
1044
1753
1719
2026
1720
2025
901
1109
902
1110
1142
1939
1143
1938
2186
2187
1929
1928
967
968
1076
1755
1077
1754
1066
1902
1067
1903
2117
1140
1285
2040
2039
2086
834
1043
1581
1996
1995
1812
1811
1077
1109
1076
1110
1700
1914
1699
1915
1412
1413
999
1211
1000
1212
1831
1830
1948
2180
2182
1258
1960
1259
1959
844
1152
845
1164
957
1367
1765
958
1366
1766
1498
1886
1887
1516
2077
1515
2076
1248
2093
2127
2128
1664
1987
2116
1988
2115
2104
1231
1312
1873
1969
1093
1323
1094
1324
1474
1827
1096
1414
1842
1097
1415
1843
1255
1985
1260
1986
1275
1600
1274
1599
941
1225
1315
1484
1485
1262
1973
1263
1972
1264
1975
1265
1974
1349
1479
1279
1991
1280
1992
1252
1510
1251
1509
905
2108
943
952
1781
944
951
1782
1070
2039
1071
2040
1207
1989
1531
1990
1342
1403
1343
1402
1656
1681
1657
1682
1222
1557
1885
979
1642
1813
980
1643
1814
917
1146
1661
1208
1302
1209
1303
1100
1303
1099
1302
1309
2014
1310
2013
1012
1013
1331
2183
1332
2184
1687
1686
1236
1368
1059
1601
1060
1602
1557
1141
1730
1406
1529
1407
1530
1226
1665
1227
1666
2104
1292
1626
1625
1307
2017
1117
1291
1118
1290
942
1194
1371
2027
1370
2028
1233
2009
1232
2010
981
1977
982
1976
1424
1852
969
1399
1694
970
1398
1693
1370
1482
1371
1483
1509
1510
1848
2006
998
1451
1768
997
1450
1769
1086
1431
2108
1006
1007
1369
2032
1325
1446
1129
1910
1130
1911
2139
2138
1771
2098
1770
2099
1000
1274
1707
999
1275
1708
1033
1715
1025
1185
1344
1186
1345
1114
1115
1742
1741
1660
1860
1256
2018
1257
2019
1548
1549
1900
1901
1384
2041
1385
2042
1604
2091
2107
1722
1124
1862
1123
1861
1365
2110
1364
2111
1022
1105
1021
1106
1079
1602
1080
1601
1330
1329
1003
1118
1002
1117
1596
1537
1538
1847
2147
1846
2146
1072
1099
1100
2117
1241
1842
1242
1843
1633
1632
1740
1739
1926
1927
1089
1090
1365
1364
1576
1739
1577
1740
1995
1998
1996
1999
1285
2108
1438
1439
1443
1928
1442
1929
1340
1746
1400
2052
1401
2053
1084
1879
1545
1546
1069
1183
1497
1808
1830
1850
1831
1849
1689
1810
1255
2173
1188
1367
1527
1187
1366
1528
1683
1809
1073
1141
1465
1328
2043
1086
1189
1352
1282
1491
2161
2162
1346
2049
1187
1488
1188
1487
1127
1353
1537
1126
1354
1538
1134
1140
1475
1888
2086
1399
2200
1398
2199
1112
1136
1469
1113
1135
1470
1385
1384
1226
1227
1128
1137
1480
2063
2153
2064
2152
1419
2122
1418
2121
1679
1123
2046
1124
2045
1261
1325
1276
1201
1998
2066
1202
1999
2065
1375
1376
1308
2104
1135
1568
1136
1569
1108
1253
1107
1254
1284
1559
2071
1710
1798
2085
1901
1900
1299
1535
1300
1536
1139
1423
1138
1422
1425
1426
2216
1626
1625
2215
1427
1428
1263
1351
1262
1350
1192
1545
1193
1546
1759
1760
1571
1277
1278
1380
1650
1379
1651
1183
1934
1411
1410
1463
1939
1462
1938
1621
1622
2169
2168
1276
1498
1845
1301
1728
1729
1586
1631
1204
1464
1777
1197
1551
1517
1518
1198
1558
1271
1433
1270
1434
1335
1566
2190
2189
1220
1459
1779
1221
1460
1778
1400
1991
1975
2009
1974
1985
1700
2052
2028
1625
1626
2027
2013
1544
2014
2017
2019
2043
1586
2018
1699
2010
1596
1992
2032
1973
1986
1972
1543
1960
2041
2042
1989
2049
2053
1959
1819
1963
1820
1964
2154
1848
1875
1433
1493
1434
1494
1695
1696
1297
1635
1298
1636
1918
1919
1401
1646
1647
1552
1542
1521
1951
1522
1952
1578
1579
1669
1702
1364
1890
1365
1889
2218
1392
1648
1393
1649
1248
2214
1930
1931
1290
1725
1291
1724
1245
1468
1788
1238
1850
1237
1849
1671
1672
2044
1293
1724
1870
1294
1725
1871
1774
2130
1521
1522
1246
1478
1792
1878
2205
1877
2204
1437
2219
2220
1239
1513
1633
1240
1514
1632
2136
2137
1838
1839
1291
1293
1290
1294
1314
1313
1704
1703
1547
1788
2145
2206
2166
2210
2167
2211
1356
2155
1355
2156
2222
2221
2217
1281
1789
2212
2213
1363
1655
1362
1654
1690
1695
1691
1696
1345
1640
1344
1641
1288
2133
1289
2132
2194
2193
1316
1338
1500
1339
1501
2209
1502
1660
1322
1833
2148
1327
1658
1664
1644
1895
1645
1896
1687
1686
1315
1447
1414
1415
2116
2166
2115
2167
1610
1711
1609
1712
1333
1554
1334
1553
1397
1525
1450
1451
1982
2175
1981
2174
1454
1594
1745
1432
1661
1409
1408
1326
1594
1595
1334
1627
1333
1628
1797
2181
1343
1455
1342
1456
1381
1603
1390
1584
1391
1585
1489
1722
1461
1526
2223
1342
1457
1343
1458
1445
1564
1444
1565
1966
1965
1567
1444
2205
1445
2204
1638
1654
1637
1655
1631
1449
1787
1856
1857
1608
1698
1717
1697
1718
1368
1395
1836
1394
1837
1368
1448
1416
1417
1908
1907
1416
1606
1417
1607
1701
1709
1412
2121
2140
1413
2122
2141
1471
1828
1472
1829
1386
1387
1460
1517
1616
1459
1518
1615
2142
2182
1407
1440
1406
1441
1406
1467
1407
1466
2132
2133
1396
1562
1676
1726
1675
1727
1494
1733
1493
1734
1559
2214
1904
1535
1966
1536
1965
1728
1910
1729
1911
1587
1588
1499
1715
1716
1783
1784
1574
1936
1575
1937
1413
2136
1412
2137
1455
1806
1456
1807
1540
1555
1539
1556
1773
1854
1772
1855
1619
2083
1620
2084
1560
1561
1499
1984
1511
1512
1593
1607
1592
1606
1565
1629
1770
1564
1630
1771
1447
1953
1853
1523
1524
1784
1820
1898
1783
1819
1897
1605
1659
1540
1539
1804
1803
1515
2036
1516
2035
2196
2195
1780
1984
1841
1805
1728
1729
1602
1896
1601
1895
1473
1948
1936
1937
1822
1823
1469
1470
1487
1527
1488
1528
1465
1492
1595
1504
1881
1503
1882
1480
1486
1638
1637
1886
1947
1887
1946
1873
1978
1498
1478
1483
1617
1482
1618
1481
1716
1551
1683
1912
1913
1620
1619
1558
1689
2089
2033
1566
1669
1863
1864
1793
1963
1794
1964
1885
1917
1550
1644
1645
1591
1795
1796
1634
1943
2092
2144
2143
1681
1682
1647
1725
1646
1724
2056
2128
2055
2127
2158
2157
2065
2066
1652
1778
2146
1653
1779
2147
2159
2160
1560
1817
1561
1818
1661
1680
1865
1866
1761
1882
1762
1881
1997
2074
2075
1942
2094
1706
1705
2131
2142
1943
2060
2061
1950
1949
1716
1909
2200
2199
1826
2089
1869
1942
1649
1648
1611
1612
1710
1874
1591
1605
1730
2095
2096
1631
1664
1859
1858
1792
1891
2206
1933
1932
1912
1921
1913
1920
2003
2195
2004
2196
1615
2038
1616
2037
2149
1879
1953
1640
1930
1641
1931
1598
1597
1922
2035
1923
2036
1961
1962
1826
1630
1629
1832
1825
1639
1965
1966
2179
2178
2080
1719
1720
1684
1685
1861
1862
1671
1672
1970
2046
1971
2045
2078
2079
1667
2011
1668
2012
1864
2048
1863
2047
1935
1644
1645
1652
1653
1904
2114
1735
1736
2124
2125
2138
2139
1750
1751
1846
1847
1748
1749
1924
2088
1925
2087
2097
1690
2048
2200
1691
2047
2199
1675
1755
1676
1754
1995
2015
1996
2016
1702
1758
1852
1983
2102
2103
1717
1776
1718
1775
2159
2160
1844
1709
1753
2131
2180
1840
2105
2106
1703
1838
1839
2203
2202
1851
1704
2206
1815
1834
1816
1835
1733
1734
2070
2068
2069
2112
2113
1814
1893
1813
1892
2154
2090
1987
1988
2150
2151
1876
2155
2156
2054
2130
1789
2031
2123
2048
2047
1884
1883
1782
1781
2098
2099
1750
1751
1838
1932
2128
1839
1933
2127
1845
1969
2180
1828
1847
1829
1846
2202
2203
2031
1805
1803
1804
1766
1812
1857
1765
1811
1856
2173
1988
2211
1987
2210
1836
1958
1837
1957
2100
2101
1865
1866
1841
2054
1990
2085
1822
1823
1880
2218
2220
2219
1899
2188
1867
1868
2175
2174
2144
2143
1821
2097
2221
2126
1801
1837
2035
1802
1836
2036
2222
1819
1820
2076
2158
2077
2157
1825
1832
1956
2109
1930
1931
1881
2157
1882
2158
1925
1924
1956
1862
2168
1861
2169
1876
1869
1874
2189
2190
2074
2175
2075
2174
1863
1963
1864
1964
1860
2119
2120
1916
2107
1880
1979
2093
1903
1902
1948
1904
2118
2092
2216
1894
2207
2208
2094
2215
2188
1990
1997
1883
1884
2011
2066
2012
2065
2002
2081
2082
1901
1900
1942
2138
2139
2001
2117
1943
1909
2037
2038
1980
2181
2129
2110
2111
2214
2124
2153
2125
2152
1969
2141
2140
2103
2102
2155
2156
2223
1954
1955
2176
2177
2061
2060
1928
2057
1929
2058
2076
2077
1977
1976
2154
2067
2086
2007
2008
2081
2082
2165
2164
2037
2103
2038
2102
2100
2101
2159
2160
2071
2007
2045
2008
2046
2224
2225
2100
2110
2101
2111
2179
2178
2030
2039
2029
2040
2151
2150
2075
2074
2089
2163
2185
2149
2069
2068
2011
2012
2204
2205
2070
2020
2168
2169
2192
2191
2198
2197
2129
2070
2078
2079
2091
2129
2090
2201
2163
2106
2105
2069
2161
2162
2068
2124
2125
2118
2112
2113
2172
2171
2123
2189
2190
2120
2135
2119
2134
2143
2187
2144
2186
2170
2098
2195
2099
2196
2126
2186
2187
2142
2170
2184
2183
2148
2211
2210
2148
2182
2203
2202
2167
2171
2166
2172
2207
2208
2208
2207
2197
2201
2192
2191
2209
2212
2213
2194
2193
2164
2165
2217
2188
2193
2194
2185
2218
2219
2220
2221
2222
2223
)


// ************************************************************************* //
