/*--------------------------------*- C++ -*----------------------------------*\
| =========                 |                                                 |
| \\      /  F ield         | OpenFOAM: The Open Source CFD Toolbox           |
|  \\    /   O peration     | Version:  2412                                  |
|   \\  /    A nd           | Website:  www.openfoam.com                      |
|    \\/     M anipulation  |                                                 |
\*---------------------------------------------------------------------------*/
FoamFile
{
    version     2.0;
    format      ascii;
    arch        "LSB;label=32;scalar=64";
    class       vectorField;
    location    "constant/polyMesh";
    object      points;
}
// * * * * * * * * * * * * * * * * * * * * * * * * * * * * * * * * * * * * * //


2534
(
(0 0 0)
(3 0 0)
(3 0.1 0)
(0 0.1 0)
(0 0 0.001)
(3 0 0.001)
(3 0.1 0.001)
(0 0.1 0.001)
(0.01182666732 0 0)
(0.02843186566 0 0)
(0.05222478753 0 0)
(0.08282251377 0 0)
(0.1123709239 0 0)
(0.1340369141 0 0)
(0.1493259096 0 0)
(0.1604149136 0 0)
(0.1732599055 0 0)
(0.1912948793 0 0)
(0.2167811199 0 0)
(0.2498124185 0 0)
(0.2773115073 0 0)
(0.296807749 0 0)
(0.3106934956 0 0)
(0.3215221946 0 0)
(0.3356652613 0 0)
(0.3555227948 0 0)
(0.3836817348 0 0)
(0.4153666312 0 0)
(0.4409317897 0 0)
(0.4587803338 0 0)
(0.4714925463 0 0)
(0.4826480575 0 0)
(0.4980965657 0 0)
(0.5202414649 0 0)
(0.549459779 0 0)
(0.580402504 0 0)
(0.6036899659 0 0)
(0.6201390235 0 0)
(0.6318571001 0 0)
(0.6437961991 0 0)
(0.6605592573 0 0)
(0.6842744518 0 0)
(0.7162952109 0 0)
(0.7458032506 0 0)
(0.7667949036 0 0)
(0.7817445703 0 0)
(0.792715366 0 0)
(0.8058520198 0 0)
(0.8242965001 0 0)
(0.8507069694 0 0)
(0.8827985364 0 0)
(0.9101285833 0 0)
(0.9292684924 0 0)
(0.9429004496 0 0)
(0.9537526419 0 0)
(0.9681588845 0 0)
(0.9883859671 0 0)
(1.01687621 0 0)
(1.049473753 0 0)
(1.074079691 0 0)
(1.091476795 0 0)
(1.10386748 0 0)
(1.115219458 0 0)
(1.131068976 0 0)
(1.153518307 0 0)
(1.183780758 0 0)
(1.213733833 0 0)
(1.236715066 0 0)
(1.252747931 0 0)
(1.264202997 0 0)
(1.276452025 0 0)
(1.293650239 0 0)
(1.318289575 0 0)
(1.349464858 0 0)
(1.378506945 0 0)
(1.399174284 0 0)
(1.413893575 0 0)
(1.424803012 0 0)
(1.438145083 0 0)
(1.456877978 0 0)
(1.483333498 0 0)
(1.516666502 0 0)
(1.543122022 0 0)
(1.561854917 0 0)
(1.575196988 0 0)
(1.586106425 0 0)
(1.600825716 0 0)
(1.621493055 0 0)
(1.650535142 0 0)
(1.681710425 0 0)
(1.706349761 0 0)
(1.723547975 0 0)
(1.735797003 0 0)
(1.747252069 0 0)
(1.763284934 0 0)
(1.786266167 0 0)
(1.816219242 0 0)
(1.846481693 0 0)
(1.868931024 0 0)
(1.884780542 0 0)
(1.89613252 0 0)
(1.908523205 0 0)
(1.925920309 0 0)
(1.950526247 0 0)
(1.98312379 0 0)
(2.011614033 0 0)
(2.031841115 0 0)
(2.046247358 0 0)
(2.05709955 0 0)
(2.070731508 0 0)
(2.089871417 0 0)
(2.117201464 0 0)
(2.149293031 0 0)
(2.1757035 0 0)
(2.19414798 0 0)
(2.207284634 0 0)
(2.21825543 0 0)
(2.233205096 0 0)
(2.254196749 0 0)
(2.283704789 0 0)
(2.315725548 0 0)
(2.339440743 0 0)
(2.356203801 0 0)
(2.3681429 0 0)
(2.379860976 0 0)
(2.396310034 0 0)
(2.419597496 0 0)
(2.450540221 0 0)
(2.479758535 0 0)
(2.501903434 0 0)
(2.517351942 0 0)
(2.528507454 0 0)
(2.541219666 0 0)
(2.55906821 0 0)
(2.584633369 0 0)
(2.616318265 0 0)
(2.644477205 0 0)
(2.664334739 0 0)
(2.678477805 0 0)
(2.689306504 0 0)
(2.703192251 0 0)
(2.722688493 0 0)
(2.750187581 0 0)
(2.78321888 0 0)
(2.808705121 0 0)
(2.826740095 0 0)
(2.839585086 0 0)
(2.85067409 0 0)
(2.865963086 0 0)
(2.887629076 0 0)
(2.917177486 0 0)
(2.947775212 0 0)
(2.971568134 0 0)
(2.988173333 0 0)
(3 0.01152926351 0)
(3 0.02759974991 0)
(3 0.05 0)
(3 0.07240025009 0)
(3 0.08847073649 0)
(2.988173333 0.1 0)
(2.971568134 0.1 0)
(2.947775212 0.1 0)
(2.917177486 0.1 0)
(2.887629076 0.1 0)
(2.865963086 0.1 0)
(2.85067409 0.1 0)
(2.839585086 0.1 0)
(2.826740095 0.1 0)
(2.808705121 0.1 0)
(2.78321888 0.1 0)
(2.750187581 0.1 0)
(2.722688493 0.1 0)
(2.703192251 0.1 0)
(2.689306504 0.1 0)
(2.678477805 0.1 0)
(2.664334739 0.1 0)
(2.644477205 0.1 0)
(2.616318265 0.1 0)
(2.584633369 0.1 0)
(2.55906821 0.1 0)
(2.541219666 0.1 0)
(2.528507454 0.1 0)
(2.517351942 0.1 0)
(2.501903434 0.1 0)
(2.479758535 0.1 0)
(2.450540221 0.1 0)
(2.419597496 0.1 0)
(2.396310034 0.1 0)
(2.379860976 0.1 0)
(2.3681429 0.1 0)
(2.356203801 0.1 0)
(2.339440743 0.1 0)
(2.315725548 0.1 0)
(2.283704789 0.1 0)
(2.254196749 0.1 0)
(2.233205096 0.1 0)
(2.21825543 0.1 0)
(2.207284634 0.1 0)
(2.19414798 0.1 0)
(2.1757035 0.1 0)
(2.149293031 0.1 0)
(2.117201464 0.1 0)
(2.089871417 0.1 0)
(2.070731508 0.1 0)
(2.05709955 0.1 0)
(2.046247358 0.1 0)
(2.031841115 0.1 0)
(2.011614033 0.1 0)
(1.98312379 0.1 0)
(1.950526247 0.1 0)
(1.925920309 0.1 0)
(1.908523205 0.1 0)
(1.89613252 0.1 0)
(1.884780542 0.1 0)
(1.868931024 0.1 0)
(1.846481693 0.1 0)
(1.816219242 0.1 0)
(1.786266167 0.1 0)
(1.763284934 0.1 0)
(1.747252069 0.1 0)
(1.735797003 0.1 0)
(1.723547975 0.1 0)
(1.706349761 0.1 0)
(1.681710425 0.1 0)
(1.650535142 0.1 0)
(1.621493055 0.1 0)
(1.600825716 0.1 0)
(1.586106425 0.1 0)
(1.575196988 0.1 0)
(1.561854917 0.1 0)
(1.543122022 0.1 0)
(1.516666502 0.1 0)
(1.483333498 0.1 0)
(1.456877978 0.1 0)
(1.438145083 0.1 0)
(1.424803012 0.1 0)
(1.413893575 0.1 0)
(1.399174284 0.1 0)
(1.378506945 0.1 0)
(1.349464858 0.1 0)
(1.318289575 0.1 0)
(1.293650239 0.1 0)
(1.276452025 0.1 0)
(1.264202997 0.1 0)
(1.252747931 0.1 0)
(1.236715066 0.1 0)
(1.213733833 0.1 0)
(1.183780758 0.1 0)
(1.153518307 0.1 0)
(1.131068976 0.1 0)
(1.115219458 0.1 0)
(1.10386748 0.1 0)
(1.091476795 0.1 0)
(1.074079691 0.1 0)
(1.049473753 0.1 0)
(1.01687621 0.1 0)
(0.9883859671 0.1 0)
(0.9681588845 0.1 0)
(0.9537526419 0.1 0)
(0.9429004496 0.1 0)
(0.9292684924 0.1 0)
(0.9101285833 0.1 0)
(0.8827985364 0.1 0)
(0.8507069694 0.1 0)
(0.8242965001 0.1 0)
(0.8058520198 0.1 0)
(0.792715366 0.1 0)
(0.7817445703 0.1 0)
(0.7667949036 0.1 0)
(0.7458032506 0.1 0)
(0.7162952109 0.1 0)
(0.6842744518 0.1 0)
(0.6605592573 0.1 0)
(0.6437961991 0.1 0)
(0.6318571001 0.1 0)
(0.6201390235 0.1 0)
(0.6036899659 0.1 0)
(0.580402504 0.1 0)
(0.549459779 0.1 0)
(0.5202414649 0.1 0)
(0.4980965657 0.1 0)
(0.4826480575 0.1 0)
(0.4714925463 0.1 0)
(0.4587803338 0.1 0)
(0.4409317897 0.1 0)
(0.4153666312 0.1 0)
(0.3836817348 0.1 0)
(0.3555227948 0.1 0)
(0.3356652613 0.1 0)
(0.3215221946 0.1 0)
(0.3106934956 0.1 0)
(0.296807749 0.1 0)
(0.2773115073 0.1 0)
(0.2498124185 0.1 0)
(0.2167811199 0.1 0)
(0.1912948793 0.1 0)
(0.1732599055 0.1 0)
(0.1604149136 0.1 0)
(0.1493259096 0.1 0)
(0.1340369141 0.1 0)
(0.1123709239 0.1 0)
(0.08282251377 0.1 0)
(0.05222478753 0.1 0)
(0.02843186566 0.1 0)
(0.01182666732 0.1 0)
(0 0.08847073649 0)
(0 0.07240025009 0)
(0 0.05 0)
(0 0.02759974991 0)
(0 0.01152926351 0)
(0.01182666732 0 0.001)
(0.02843186566 0 0.001)
(0.05222478753 0 0.001)
(0.08282251377 0 0.001)
(0.1123709239 0 0.001)
(0.1340369141 0 0.001)
(0.1493259096 0 0.001)
(0.1604149136 0 0.001)
(0.1732599055 0 0.001)
(0.1912948793 0 0.001)
(0.2167811199 0 0.001)
(0.2498124185 0 0.001)
(0.2773115073 0 0.001)
(0.296807749 0 0.001)
(0.3106934956 0 0.001)
(0.3215221946 0 0.001)
(0.3356652613 0 0.001)
(0.3555227948 0 0.001)
(0.3836817348 0 0.001)
(0.4153666312 0 0.001)
(0.4409317897 0 0.001)
(0.4587803338 0 0.001)
(0.4714925463 0 0.001)
(0.4826480575 0 0.001)
(0.4980965657 0 0.001)
(0.5202414649 0 0.001)
(0.549459779 0 0.001)
(0.580402504 0 0.001)
(0.6036899659 0 0.001)
(0.6201390235 0 0.001)
(0.6318571001 0 0.001)
(0.6437961991 0 0.001)
(0.6605592573 0 0.001)
(0.6842744518 0 0.001)
(0.7162952109 0 0.001)
(0.7458032506 0 0.001)
(0.7667949036 0 0.001)
(0.7817445703 0 0.001)
(0.792715366 0 0.001)
(0.8058520198 0 0.001)
(0.8242965001 0 0.001)
(0.8507069694 0 0.001)
(0.8827985364 0 0.001)
(0.9101285833 0 0.001)
(0.9292684924 0 0.001)
(0.9429004496 0 0.001)
(0.9537526419 0 0.001)
(0.9681588845 0 0.001)
(0.9883859671 0 0.001)
(1.01687621 0 0.001)
(1.049473753 0 0.001)
(1.074079691 0 0.001)
(1.091476795 0 0.001)
(1.10386748 0 0.001)
(1.115219458 0 0.001)
(1.131068976 0 0.001)
(1.153518307 0 0.001)
(1.183780758 0 0.001)
(1.213733833 0 0.001)
(1.236715066 0 0.001)
(1.252747931 0 0.001)
(1.264202997 0 0.001)
(1.276452025 0 0.001)
(1.293650239 0 0.001)
(1.318289575 0 0.001)
(1.349464858 0 0.001)
(1.378506945 0 0.001)
(1.399174284 0 0.001)
(1.413893575 0 0.001)
(1.424803012 0 0.001)
(1.438145083 0 0.001)
(1.456877978 0 0.001)
(1.483333498 0 0.001)
(1.516666502 0 0.001)
(1.543122022 0 0.001)
(1.561854917 0 0.001)
(1.575196988 0 0.001)
(1.586106425 0 0.001)
(1.600825716 0 0.001)
(1.621493055 0 0.001)
(1.650535142 0 0.001)
(1.681710425 0 0.001)
(1.706349761 0 0.001)
(1.723547975 0 0.001)
(1.735797003 0 0.001)
(1.747252069 0 0.001)
(1.763284934 0 0.001)
(1.786266167 0 0.001)
(1.816219242 0 0.001)
(1.846481693 0 0.001)
(1.868931024 0 0.001)
(1.884780542 0 0.001)
(1.89613252 0 0.001)
(1.908523205 0 0.001)
(1.925920309 0 0.001)
(1.950526247 0 0.001)
(1.98312379 0 0.001)
(2.011614033 0 0.001)
(2.031841115 0 0.001)
(2.046247358 0 0.001)
(2.05709955 0 0.001)
(2.070731508 0 0.001)
(2.089871417 0 0.001)
(2.117201464 0 0.001)
(2.149293031 0 0.001)
(2.1757035 0 0.001)
(2.19414798 0 0.001)
(2.207284634 0 0.001)
(2.21825543 0 0.001)
(2.233205096 0 0.001)
(2.254196749 0 0.001)
(2.283704789 0 0.001)
(2.315725548 0 0.001)
(2.339440743 0 0.001)
(2.356203801 0 0.001)
(2.3681429 0 0.001)
(2.379860976 0 0.001)
(2.396310034 0 0.001)
(2.419597496 0 0.001)
(2.450540221 0 0.001)
(2.479758535 0 0.001)
(2.501903434 0 0.001)
(2.517351942 0 0.001)
(2.528507454 0 0.001)
(2.541219666 0 0.001)
(2.55906821 0 0.001)
(2.584633369 0 0.001)
(2.616318265 0 0.001)
(2.644477205 0 0.001)
(2.664334739 0 0.001)
(2.678477805 0 0.001)
(2.689306504 0 0.001)
(2.703192251 0 0.001)
(2.722688493 0 0.001)
(2.750187581 0 0.001)
(2.78321888 0 0.001)
(2.808705121 0 0.001)
(2.826740095 0 0.001)
(2.839585086 0 0.001)
(2.85067409 0 0.001)
(2.865963086 0 0.001)
(2.887629076 0 0.001)
(2.917177486 0 0.001)
(2.947775212 0 0.001)
(2.971568134 0 0.001)
(2.988173333 0 0.001)
(3 0.01152926351 0.001)
(3 0.02759974991 0.001)
(3 0.05 0.001)
(3 0.07240025009 0.001)
(3 0.08847073649 0.001)
(2.988173333 0.1 0.001)
(2.971568134 0.1 0.001)
(2.947775212 0.1 0.001)
(2.917177486 0.1 0.001)
(2.887629076 0.1 0.001)
(2.865963086 0.1 0.001)
(2.85067409 0.1 0.001)
(2.839585086 0.1 0.001)
(2.826740095 0.1 0.001)
(2.808705121 0.1 0.001)
(2.78321888 0.1 0.001)
(2.750187581 0.1 0.001)
(2.722688493 0.1 0.001)
(2.703192251 0.1 0.001)
(2.689306504 0.1 0.001)
(2.678477805 0.1 0.001)
(2.664334739 0.1 0.001)
(2.644477205 0.1 0.001)
(2.616318265 0.1 0.001)
(2.584633369 0.1 0.001)
(2.55906821 0.1 0.001)
(2.541219666 0.1 0.001)
(2.528507454 0.1 0.001)
(2.517351942 0.1 0.001)
(2.501903434 0.1 0.001)
(2.479758535 0.1 0.001)
(2.450540221 0.1 0.001)
(2.419597496 0.1 0.001)
(2.396310034 0.1 0.001)
(2.379860976 0.1 0.001)
(2.3681429 0.1 0.001)
(2.356203801 0.1 0.001)
(2.339440743 0.1 0.001)
(2.315725548 0.1 0.001)
(2.283704789 0.1 0.001)
(2.254196749 0.1 0.001)
(2.233205096 0.1 0.001)
(2.21825543 0.1 0.001)
(2.207284634 0.1 0.001)
(2.19414798 0.1 0.001)
(2.1757035 0.1 0.001)
(2.149293031 0.1 0.001)
(2.117201464 0.1 0.001)
(2.089871417 0.1 0.001)
(2.070731508 0.1 0.001)
(2.05709955 0.1 0.001)
(2.046247358 0.1 0.001)
(2.031841115 0.1 0.001)
(2.011614033 0.1 0.001)
(1.98312379 0.1 0.001)
(1.950526247 0.1 0.001)
(1.925920309 0.1 0.001)
(1.908523205 0.1 0.001)
(1.89613252 0.1 0.001)
(1.884780542 0.1 0.001)
(1.868931024 0.1 0.001)
(1.846481693 0.1 0.001)
(1.816219242 0.1 0.001)
(1.786266167 0.1 0.001)
(1.763284934 0.1 0.001)
(1.747252069 0.1 0.001)
(1.735797003 0.1 0.001)
(1.723547975 0.1 0.001)
(1.706349761 0.1 0.001)
(1.681710425 0.1 0.001)
(1.650535142 0.1 0.001)
(1.621493055 0.1 0.001)
(1.600825716 0.1 0.001)
(1.586106425 0.1 0.001)
(1.575196988 0.1 0.001)
(1.561854917 0.1 0.001)
(1.543122022 0.1 0.001)
(1.516666502 0.1 0.001)
(1.483333498 0.1 0.001)
(1.456877978 0.1 0.001)
(1.438145083 0.1 0.001)
(1.424803012 0.1 0.001)
(1.413893575 0.1 0.001)
(1.399174284 0.1 0.001)
(1.378506945 0.1 0.001)
(1.349464858 0.1 0.001)
(1.318289575 0.1 0.001)
(1.293650239 0.1 0.001)
(1.276452025 0.1 0.001)
(1.264202997 0.1 0.001)
(1.252747931 0.1 0.001)
(1.236715066 0.1 0.001)
(1.213733833 0.1 0.001)
(1.183780758 0.1 0.001)
(1.153518307 0.1 0.001)
(1.131068976 0.1 0.001)
(1.115219458 0.1 0.001)
(1.10386748 0.1 0.001)
(1.091476795 0.1 0.001)
(1.074079691 0.1 0.001)
(1.049473753 0.1 0.001)
(1.01687621 0.1 0.001)
(0.9883859671 0.1 0.001)
(0.9681588845 0.1 0.001)
(0.9537526419 0.1 0.001)
(0.9429004496 0.1 0.001)
(0.9292684924 0.1 0.001)
(0.9101285833 0.1 0.001)
(0.8827985364 0.1 0.001)
(0.8507069694 0.1 0.001)
(0.8242965001 0.1 0.001)
(0.8058520198 0.1 0.001)
(0.792715366 0.1 0.001)
(0.7817445703 0.1 0.001)
(0.7667949036 0.1 0.001)
(0.7458032506 0.1 0.001)
(0.7162952109 0.1 0.001)
(0.6842744518 0.1 0.001)
(0.6605592573 0.1 0.001)
(0.6437961991 0.1 0.001)
(0.6318571001 0.1 0.001)
(0.6201390235 0.1 0.001)
(0.6036899659 0.1 0.001)
(0.580402504 0.1 0.001)
(0.549459779 0.1 0.001)
(0.5202414649 0.1 0.001)
(0.4980965657 0.1 0.001)
(0.4826480575 0.1 0.001)
(0.4714925463 0.1 0.001)
(0.4587803338 0.1 0.001)
(0.4409317897 0.1 0.001)
(0.4153666312 0.1 0.001)
(0.3836817348 0.1 0.001)
(0.3555227948 0.1 0.001)
(0.3356652613 0.1 0.001)
(0.3215221946 0.1 0.001)
(0.3106934956 0.1 0.001)
(0.296807749 0.1 0.001)
(0.2773115073 0.1 0.001)
(0.2498124185 0.1 0.001)
(0.2167811199 0.1 0.001)
(0.1912948793 0.1 0.001)
(0.1732599055 0.1 0.001)
(0.1604149136 0.1 0.001)
(0.1493259096 0.1 0.001)
(0.1340369141 0.1 0.001)
(0.1123709239 0.1 0.001)
(0.08282251377 0.1 0.001)
(0.05222478753 0.1 0.001)
(0.02843186566 0.1 0.001)
(0.01182666732 0.1 0.001)
(0 0.08847073649 0.001)
(0 0.07240025009 0.001)
(0 0.05 0.001)
(0 0.02759974991 0.001)
(0 0.01152926351 0.001)
(0.3161257947 0.008523226026 0)
(2.684624627 0.09060398592 0)
(2.052230835 0.09111796431 0)
(0.947769165 0.008882035688 0)
(1.580651707 0.00944784971 0)
(1.419785529 0.08914509006 0)
(2.212733488 0.01175997059 0)
(0.7872665121 0.08824002941 0)
(0.1550330444 0.01124898409 0)
(2.844593706 0.08995832372 0)
(0.4768674702 0.08876306749 0)
(2.52313253 0.01123693251 0)
(1.890712834 0.09127219474 0)
(1.109287166 0.008727805264 0)
(1.258649226 0.08967856076 0)
(1.741350774 0.01032143924 0)
(2.372919679 0.09086801224 0)
(0.6270803211 0.00913198776 0)
(0.3147929206 0.08943604123 0)
(2.683892155 0.009377928381 0)
(2.05197804 0.009387478753 0)
(0.9480219597 0.09061252125 0)
(1.580383783 0.09001242043 0)
(1.419495108 0.01143551752 0)
(2.212443109 0.08888862586 0)
(0.7875568914 0.01111137414 0)
(0.1550526501 0.08873338273 0)
(2.844692991 0.01052868588 0)
(2.523343577 0.08951432027 0)
(0.4766564233 0.01048567973 0)
(1.88946718 0.01068157836 0)
(1.11053282 0.08931842164 0)
(1.2586847 0.008863150524 0)
(1.7413153 0.09113684948 0)
(2.362536532 0.01014998546 0)
(0.6374634682 0.08985001454 0)
(2.243745305 0.08461171492 0)
(0.7562546952 0.01538828508 0)
(1.612546519 0.08349973457 0)
(1.388343045 0.01585913277 0)
(0.978460236 0.0150178068 0)
(2.021539764 0.0849821932 0)
(2.652689864 0.01376329006 0)
(0.3473277539 0.0862392628 0)
(0.2867950611 0.0846511521 0)
(2.712940372 0.08554517506 0)
(2.078434853 0.08286669754 0)
(0.9215651473 0.01713330246 0)
(1.552285294 0.01379971582 0)
(1.446338414 0.08619561071 0)
(1.448439189 0.01570756498 0)
(1.552446429 0.08539856944 0)
(2.184964323 0.01451923776 0)
(0.81507426 0.01367503222 0)
(2.18492574 0.08632496778 0)
(0.8150356771 0.08548076224 0)
(2.877938139 0.08117668703 0)
(0.1226847705 0.01623978278 0)
(0.1831128887 0.01518193601 0)
(2.817722608 0.08662858262 0)
(0.1822773924 0.08662858262 0)
(2.81777944 0.01422311651 0)
(0.5091469265 0.08390944674 0)
(2.490853074 0.01609055326 0)
(0.4498560617 0.08676680423 0)
(2.550143938 0.01323319577 0)
(2.550068217 0.08589176282 0)
(0.4499317826 0.01410823718 0)
(1.858443203 0.08498119493 0)
(1.141556797 0.01501880507 0)
(1.917650727 0.0869027764 0)
(1.082349273 0.0130972236 0)
(1.082778243 0.08710150927 0)
(1.917221757 0.01289849073 0)
(1.223551768 0.08235343982 0)
(1.776448232 0.01764656018 0)
(1.285051132 0.08724897023 0)
(1.714948868 0.01275102977 0)
(1.285051132 0.01275102977 0)
(1.714948868 0.08724897023 0)
(2.407953765 0.08279358231 0)
(0.592046235 0.01720641769 0)
(2.347144705 0.08579126274 0)
(0.6528552947 0.01420873726 0)
(0.6106497941 0.08708811482 0)
(2.389350206 0.01291188518 0)
(2.080450681 0.01397470836 0)
(0.9195493189 0.08602529164 0)
(0.2869713546 0.01412730399 0)
(2.713230625 0.01531811649 0)
(0.6708426806 0.08073420802 0)
(2.329157319 0.01926579198 0)
(0.3455648911 0.01413948056 0)
(2.654434961 0.08586042947 0)
(2.021806014 0.01453348053 0)
(0.9781939863 0.08546651947 0)
(1.389053461 0.08477104387 0)
(1.611036153 0.01462555917 0)
(2.243700923 0.01556304794 0)
(0.7562990771 0.08443695206 0)
(2.876796081 0.01600197822 0)
(0.1259877908 0.08308555711 0)
(0.5111061253 0.0166130328 0)
(2.488893875 0.0833869672 0)
(1.856637399 0.0168400768 0)
(1.143362601 0.0831599232 0)
(2.98477559 0.03958304286 0)
(0.01522440975 0.06041695714 0)
(1.225065669 0.01551948248 0)
(1.774934331 0.08448051752 0)
(0.06439419129 0.02310591739 0)
(2.935605809 0.07689408261 0)
(1.031811395 0.07912291428 0)
(1.968188605 0.02087708572 0)
(2.768496875 0.02312412115 0)
(0.2365246654 0.07379861975 0)
(1.666122784 0.07675526172 0)
(1.333877216 0.02324473828 0)
(1.498786894 0.07896037427 0)
(0.3962790857 0.07390718722 0)
(2.603720914 0.02609281278 0)
(2.134482083 0.02335743761 0)
(0.8655179168 0.07664256239 0)
(0.5675560549 0.07714827662 0)
(2.432443945 0.02285172338 0)
(0.6964191476 0.02375416755 0)
(2.303580852 0.07624583245 0)
(0.0117039588 0.01954155425 0)
(2.988296041 0.08045844575 0)
(1.495270365 0.02429092081 0)
(0.2288467869 0.02410241446 0)
(2.765926445 0.07639769012 0)
(1.968114398 0.07648218411 0)
(1.031885602 0.02351781589 0)
(2.132390164 0.07532337269 0)
(0.867609836 0.02467662731 0)
(2.598912526 0.07668472505 0)
(0.4010874745 0.02331527495 0)
(1.664307607 0.02243987761 0)
(1.335692393 0.07756012239 0)
(0.06677869286 0.07844924228 0)
(2.933221307 0.02155075772 0)
(2.959265453 0.01694176273 0)
(2.949697802 0.03753639228 0)
(0.0407345466 0.08305823727 0)
(0.05030219757 0.06246360772 0)
(0.02012926649 0.08768864103 0)
(2.979870734 0.01231135897 0)
(0.04292581801 0.02697743468 0)
(2.957074182 0.07302256532 0)
(0.2570836375 0.02693103304 0)
(2.742576214 0.02652491829 0)
(1.523473356 0.02673863737 0)
(1.511341202 0.0435145917 0)
(1.535213899 0.04692611685 0)
(1.48729068 0.04540692084 0)
(1.474379216 0.07728683733 0)
(1.52248251 0.0755876249 0)
(1.992260987 0.02321872854 0)
(1.007739013 0.07678127146 0)
(2.755056408 0.04366611072 0)
(2.732766272 0.04490776482 0)
(2.781049383 0.0463419053 0)
(0.2582886984 0.07760894439 0)
(0.2422686461 0.04729425611 0)
(0.2171863243 0.04542798956 0)
(0.2686409201 0.04720569696 0)
(2.741890729 0.07667669333 0)
(2.790380492 0.07635781229 0)
(0.2092879708 0.07610181383 0)
(1.008160141 0.02707638148 0)
(1.023955899 0.04452120528 0)
(1.044542877 0.04228720154 0)
(0.9997656209 0.0472585976 0)
(1.991839859 0.07292361852 0)
(1.976044101 0.05547879472 0)
(1.955457123 0.05771279846 0)
(2.000234379 0.0527414024 0)
(2.275089934 0.07285618838 0)
(2.288460092 0.05469651831 0)
(2.262369904 0.0528765714 0)
(2.315026586 0.05085469496 0)
(2.299942861 0.0343163357 0)
(0.7249100656 0.02714381162 0)
(0.7115399076 0.04530348169 0)
(0.7376300955 0.0471234286 0)
(0.6849734143 0.04914530504 0)
(0.7000571391 0.0656836643 0)
(2.108964062 0.02668746382 0)
(0.891035938 0.07331253618 0)
(2.121550526 0.04351404404 0)
(2.098244772 0.04667060166 0)
(2.148541232 0.04612733082 0)
(0.8784494737 0.05648595596 0)
(0.9017552277 0.05332939834 0)
(0.8514587678 0.05387266918 0)
(1.05636502 0.07397526595 0)
(1.94363498 0.02602473405 0)
(0.3748982207 0.02642106379 0)
(2.625101632 0.07357884624 0)
(0.5402714431 0.07301678983 0)
(0.5538113976 0.05529415167 0)
(0.5276659423 0.05264675169 0)
(0.5748908414 0.05571363723 0)
(0.5640638829 0.03716243096 0)
(2.459728557 0.02698321017 0)
(2.446188602 0.04470584833 0)
(2.472334058 0.04735324831 0)
(2.425109159 0.04428636277 0)
(2.435936117 0.06283756904 0)
(2.609979436 0.05264283498 0)
(2.634868068 0.05688698133 0)
(2.585350148 0.05494820291 0)
(0.3900205489 0.04735715584 0)
(0.3651234947 0.04309661603 0)
(0.4146498508 0.04505179631 0)
(0.8910774602 0.02284414454 0)
(2.10892254 0.07715585546 0)
(2.157623107 0.075994629 0)
(0.8423768928 0.024005371 0)
(1.360093469 0.07253698385 0)
(1.34229286 0.05041677841 0)
(1.369957911 0.05123108464 0)
(1.320655559 0.05646269737 0)
(1.640620007 0.02658119303 0)
(1.657809065 0.04945724685 0)
(1.629656026 0.04754607447 0)
(1.679350632 0.0435296511 0)
(0.3757621978 0.07939238838 0)
(2.624251067 0.02062279424 0)
(2.577731676 0.02383591826 0)
(0.422268324 0.07616408174 0)
(0.09291549416 0.07659308318 0)
(2.907376589 0.0269251661 0)
(1.310933489 0.02431870934 0)
(1.689066511 0.07568129066 0)
(2.9251386 0.04806702541 0)
(2.900225198 0.04760835189 0)
(0.07490312589 0.05243558163 0)
(0.1050478187 0.05535185931 0)
(2.268388244 0.02016588902 0)
(0.7316117557 0.07983411098 0)
(1.1628231 0.08161152497 0)
(1.151062913 0.06450783304 0)
(1.171098328 0.06123870537 0)
(1.131605152 0.06882621155 0)
(1.13844488 0.04888374765 0)
(1.120803156 0.05176066349 0)
(1.113949596 0.06663319606 0)
(1.105537422 0.05354777635 0)
(1.110980081 0.03971813089 0)
(1.096640827 0.04063703093 0)
(1.091196937 0.05594958117 0)
(1.081891407 0.04109796817 0)
(1.101887599 0.02807742027 0)
(1.116443906 0.02653662415 0)
(1.118821759 0.08008735675 0)
(1.8371769 0.01838847503 0)
(1.848937087 0.03549216696 0)
(1.828901672 0.03876129463 0)
(1.868394848 0.03117378845 0)
(1.86155512 0.05111625235 0)
(1.879196844 0.04823933651 0)
(1.886050404 0.03336680394 0)
(1.894462578 0.04645222365 0)
(1.889019919 0.06028186911 0)
(1.903359173 0.05936296907 0)
(1.908803063 0.04405041883 0)
(1.918108593 0.05890203183 0)
(1.898112401 0.07192257973 0)
(1.883556094 0.07346337585 0)
(1.881178241 0.01991264325 0)
(1.165226471 0.02264794877 0)
(1.1941067 0.02209588935 0)
(1.834773529 0.07735205123 0)
(1.8058933 0.07790411065 0)
(2.896606935 0.0822543408 0)
(0.1042958464 0.01736343821 0)
(1.370264502 0.01701586851 0)
(1.629647066 0.0829358453 0)
(2.166312589 0.01568253537 0)
(2.177967676 0.02978567912 0)
(2.193961984 0.02752511392 0)
(2.18871951 0.0431534144 0)
(2.204210465 0.04008396791 0)
(2.198624576 0.05602695782 0)
(2.214658725 0.0524305872 0)
(2.219636711 0.03757532594 0)
(2.231127136 0.04938995962 0)
(2.209724537 0.06649770542 0)
(2.182749105 0.05847704048 0)
(0.8336874114 0.08431746463 0)
(0.8220323238 0.07021432088 0)
(0.8060380159 0.07247488608 0)
(0.8112804899 0.0568465856 0)
(0.7957895353 0.05991603209 0)
(0.8013754241 0.04397304218 0)
(0.7853412751 0.0475694128 0)
(0.7803632894 0.06242467406 0)
(0.7688728642 0.05061004038 0)
(0.7902754634 0.03350229458 0)
(0.8172508952 0.04152295952 0)
(2.467356959 0.08257339726 0)
(0.5326430408 0.01742660274 0)
(1.468402247 0.01831904058 0)
(1.454694322 0.03232321694 0)
(1.437260302 0.0289756606 0)
(1.443246178 0.04456957736 0)
(1.427953867 0.04151254207 0)
(1.4325372 0.05664441103 0)
(1.417525046 0.05381549619 0)
(1.411615151 0.03791812306 0)
(1.421638414 0.06730121893 0)
(1.406471253 0.06518729152 0)
(1.447529153 0.05941567573 0)
(2.568243719 0.08470887935 0)
(2.556923309 0.07092636851 0)
(2.541266247 0.07320389113 0)
(2.546284552 0.05785909832 0)
(2.530988515 0.06094257618 0)
(2.536444221 0.04476058683 0)
(2.520449043 0.04855710828 0)
(2.514888261 0.06730959408 0)
(2.525661963 0.03389900094 0)
(2.503815524 0.05254408384 0)
(2.552430015 0.0417685474 0)
(0.4317562814 0.01529112065 0)
(0.4430766912 0.02907363149 0)
(0.4587337526 0.02679610887 0)
(0.4537154484 0.04214090168 0)
(0.4690114845 0.03905742382 0)
(0.4635557795 0.05523941317 0)
(0.4795509569 0.05144289172 0)
(0.4851117385 0.03269040592 0)
(0.4743380367 0.06610099906 0)
(0.4961844757 0.04745591616 0)
(0.4475699849 0.0582314526 0)
(1.201805558 0.08004070148 0)
(1.215453422 0.06296861983 0)
(1.235150875 0.06792927365 0)
(1.228562363 0.04930818473 0)
(1.245775883 0.05077208502 0)
(1.252648743 0.06786143401 0)
(1.260716497 0.05309714438 0)
(1.255177345 0.03921207337 0)
(1.269779394 0.04032973705 0)
(1.275484053 0.05491307766 0)
(1.285129855 0.04160422923 0)
(1.290031612 0.05953661185 0)
(1.264273855 0.02752817253 0)
(1.250409138 0.02572724763 0)
(1.244937176 0.07880641928 0)
(1.798194442 0.01995929852 0)
(1.784546578 0.03703138017 0)
(1.764849125 0.03207072635 0)
(1.771437637 0.05069181527 0)
(1.754224117 0.04922791498 0)
(1.747351257 0.03213856599 0)
(1.739283503 0.04690285562 0)
(1.744822655 0.06078792663 0)
(1.730220606 0.05967026295 0)
(1.724515947 0.04508692234 0)
(1.714870145 0.05839577077 0)
(1.709968388 0.04046338815 0)
(1.735726145 0.07247182747 0)
(1.749590862 0.07427275237 0)
(1.755062824 0.02119358072 0)
(2.799561185 0.01537332827 0)
(2.810923518 0.02922695529 0)
(2.826654359 0.02700420732 0)
(2.821504621 0.04238561437 0)
(2.836848746 0.0393661157 0)
(2.831319604 0.05541681265 0)
(2.847771 0.05184266157 0)
(2.851871162 0.03506220399 0)
(2.842127437 0.06780579191 0)
(2.857311261 0.06455924488 0)
(2.815388192 0.0582492784 0)
(0.2025298904 0.01784153494 0)
(0.1892871671 0.0314789341 0)
(0.1725054323 0.027863628 0)
(0.1779204789 0.04329638588 0)
(0.162671997 0.03934077387 0)
(0.1674214574 0.05489160355 0)
(0.1522710007 0.05168807419 0)
(0.1566994214 0.06560599202 0)
(0.1479510624 0.03585542999 0)
(0.1405154838 0.0609444034 0)
(0.1825194297 0.05805234297 0)
(1.697715485 0.01475969325 0)
(1.302284515 0.08524030675 0)
(1.933529991 0.08548580994 0)
(1.066470009 0.01451419006 0)
(2.327583145 0.08296302176 0)
(2.341136236 0.07018856722 0)
(2.357506391 0.0738694569 0)
(2.352315152 0.05877648339 0)
(2.367530824 0.06218740803 0)
(2.362860728 0.04729061437 0)
(2.378251239 0.05099673614 0)
(2.348044915 0.04424864038 0)
(2.373055012 0.03594295229 0)
(2.388428116 0.03891157593 0)
(2.383280789 0.06612743999 0)
(0.6724168545 0.01703697824 0)
(0.658863764 0.02981143278 0)
(0.6424936088 0.0261305431 0)
(0.6476848482 0.04122351661 0)
(0.6324691764 0.03781259197 0)
(0.6371392716 0.05270938563 0)
(0.6217487613 0.04900326386 0)
(0.6519550845 0.05575135962 0)
(0.6269449883 0.06405704771 0)
(0.6115718842 0.06108842407 0)
(0.6167192115 0.03387256001 0)
(2.408630616 0.01521078519 0)
(0.5913693841 0.08478921481 0)
(2.390301951 0.08087412082 0)
(0.6096980487 0.01912587918 0)
(0.4942627251 0.01812386583 0)
(2.50433302 0.01613287149 0)
(2.505737275 0.08187613417 0)
(0.49566698 0.08386712851 0)
(2.344297741 0.01594721203 0)
(0.6557022588 0.08405278797 0)
(2.863172622 0.08556167168 0)
(0.1363465949 0.01575575904 0)
(2.863140875 0.01459221816 0)
(0.1377497646 0.08460560261 0)
(0.7696146418 0.08387691709 0)
(2.230385358 0.01612308291 0)
(1.596332709 0.01612757567 0)
(1.60310769 0.02889394063 0)
(1.586761767 0.02724770392 0)
(1.594232355 0.04221847345 0)
(1.578086205 0.04117138301 0)
(1.585408712 0.05590036868 0)
(1.56906644 0.05496915112 0)
(1.601380642 0.05818687588 0)
(1.592324657 0.06933311113 0)
(1.561051263 0.03943391023 0)
(1.578359194 0.06848723767 0)
(1.562671588 0.07185449714 0)
(1.401673927 0.08547482535 0)
(0.9637410453 0.08413574275 0)
(0.9704544952 0.0715724597 0)
(0.9541932874 0.0732745404 0)
(0.9615882601 0.05845084814 0)
(0.9457558372 0.05953288153 0)
(0.9522568511 0.0451173458 0)
(0.9364226155 0.0462766632 0)
(0.9430940597 0.03243001711 0)
(0.9678553658 0.04425320779 0)
(0.9293191059 0.06145500883 0)
(0.9276074663 0.03343847443 0)
(0.9581285613 0.031280552 0)
(2.036258955 0.01586425725 0)
(2.029545505 0.0284275403 0)
(2.045806713 0.0267254596 0)
(2.03841174 0.04154915186 0)
(2.054244163 0.04046711847 0)
(2.047743149 0.0548826542 0)
(2.063577385 0.0537233368 0)
(2.05690594 0.06756998289 0)
(2.032144634 0.05574679221 0)
(2.070680894 0.03854499117 0)
(2.072392534 0.06656152557 0)
(2.041871439 0.068719448 0)
(0.3313013636 0.01560116037 0)
(0.3378774664 0.02795754247 0)
(0.3218108136 0.02627683923 0)
(0.3291976056 0.04097748292 0)
(0.3134424247 0.04000022092 0)
(0.3202697861 0.05436948048 0)
(0.3041014523 0.05321584283 0)
(0.3124021372 0.0663981483 0)
(0.3362147603 0.05531061453 0)
(0.2966116546 0.03818025427 0)
(0.2970761842 0.07000128386 0)
(0.3278917645 0.06898547959 0)
(2.668698612 0.08439882463 0)
(2.662118579 0.0720344892 0)
(2.676340858 0.07276984588 0)
(2.670632835 0.05887158571 0)
(2.68626158 0.06048873883 0)
(2.679670348 0.04564299186 0)
(2.695899787 0.04694324847 0)
(2.687609682 0.03358886137 0)
(2.663788056 0.04462629311 0)
(2.703482283 0.06178918391 0)
(2.690584255 0.07702963392 0)
(2.702932678 0.02998204304 0)
(2.67214471 0.03095613444 0)
(2.230770122 0.08429248224 0)
(0.7692298778 0.01570751776 0)
(1.401318248 0.01572548124 0)
(2.700653248 0.01507122067 0)
(0.3011038457 0.01504720679 0)
(1.073729511 0.05901200512 0)
(1.926270489 0.04098799488 0)
(0.1720125808 0.07191286053 0)
(2.065661547 0.01374134193 0)
(0.9343384529 0.08625865807 0)
(0.9640625645 0.01763541614 0)
(2.035937436 0.08236458386 0)
(0.01415031756 0.03716303412 0)
(2.985849682 0.06283696588 0)
(1.207705842 0.04225124763 0)
(1.792294158 0.05774875237 0)
(2.667029211 0.01755249176 0)
(0.332995045 0.0824233694 0)
(0.5005054403 0.07099293142 0)
(2.49949456 0.02900706858 0)
(1.751441358 0.08830660153 0)
(1.248558642 0.01169339847 0)
(1.122040903 0.01274401658 0)
(1.877959097 0.08725598342 0)
(0.3019441073 0.08602170868 0)
(2.235460015 0.07173585424 0)
(0.7645399849 0.02826414576 0)
(2.06330783 0.08746180517 0)
(0.93669217 0.01253819483 0)
(1.590126941 0.09025422625 0)
(1.56802144 0.01335293448 0)
(1.433145079 0.08652534034 0)
(1.566854921 0.08652534034 0)
(1.433145079 0.01347465966 0)
(1.423465589 0.02641762272 0)
(1.841676124 0.05480808897 0)
(1.158323876 0.04519191103 0)
(1.873394705 0.06274158001 0)
(1.126605295 0.03725841999 0)
(2.696730826 0.08878479974 0)
(2.199425984 0.01319344577 0)
(2.208641376 0.02527517597 0)
(0.800897175 0.0132886618 0)
(2.199102825 0.0867113382 0)
(0.8005740163 0.08680655423 0)
(0.7913586235 0.07472482403 0)
(1.436458635 0.07275481247 0)
(0.1683618854 0.01302949144 0)
(0.1589870814 0.02424912455 0)
(0.1683618854 0.08697050856 0)
(2.831638115 0.08697050856 0)
(2.826870252 0.07254564925 0)
(2.832810631 0.01249933275 0)
(2.840570544 0.02381092039 0)
(1.240542793 0.03631529971 0)
(1.759457207 0.06368470029 0)
(0.4636556918 0.0870863339 0)
(0.4590159177 0.07234038858 0)
(2.535203333 0.08761394399 0)
(2.527187492 0.07668541361 0)
(2.536344308 0.0129136661 0)
(2.540984082 0.02765961142 0)
(0.4647966673 0.01238605601 0)
(0.4728125085 0.02331458639 0)
(0.7646689426 0.06858681678 0)
(2.235331057 0.03141318322 0)
(1.619074093 0.0653073435 0)
(2.194254205 0.07239668745 0)
(0.8057457954 0.02760331255 0)
(1.901925943 0.08664156908 0)
(1.098074057 0.01335843092 0)
(1.096306968 0.08736026974 0)
(1.089295702 0.07304425631 0)
(1.104924582 0.07735163639 0)
(1.903693032 0.01263973026 0)
(1.910704298 0.02695574369 0)
(1.895075418 0.02264836361 0)
(0.6415415921 0.06711713519 0)
(2.358458408 0.03288286481 0)
(1.271445857 0.08768059748 0)
(1.277694562 0.07311911907 0)
(1.263318134 0.07749687217 0)
(1.728554143 0.01231940252 0)
(1.722305438 0.02688088093 0)
(1.736681866 0.02250312783 0)
(1.269290192 0.01341715569 0)
(1.730709808 0.08658284431 0)
(1.696994297 0.05581719732 0)
(1.303006154 0.04418224499 0)
(0.6386696314 0.01227956624 0)
(2.361330369 0.08772043376 0)
(0.6250621685 0.08858819086 0)
(0.6321462015 0.07747703218 0)
(2.374937832 0.01141180914 0)
(2.367853799 0.02252296782 0)
(0.6261809037 0.02106136002 0)
(2.373819096 0.07893863998 0)
(1.380493265 0.03361005809 0)
(2.654923016 0.05822937645 0)
(1.397760394 0.02926403538 0)
(1.391611118 0.04503932495 0)
(1.386505422 0.06643221221 0)
(0.345052286 0.04175445761 0)
(1.552051567 0.05534346268 0)
(1.540648562 0.06849980295 0)
(0.9808431318 0.05704972668 0)
(2.019156868 0.04295027332 0)
(1.610578417 0.04368800685 0)
(1.277913772 0.02676275009 0)
(1.722086228 0.07323724991 0)
(2.868014205 0.03029532224 0)
(2.863569472 0.04914862955 0)
(2.875476214 0.06333301868 0)
(2.721950197 0.02988121996 0)
(0.7470648729 0.03009921813 0)
(2.252935127 0.06990078187 0)
(1.356712254 0.03499713485 0)
(1.643287746 0.06500286515 0)
(1.819126048 0.05920226372 0)
(1.180873952 0.04079773628 0)
(0.114036731 0.03392081591 0)
(2.176324534 0.07276364265 0)
(0.8236754659 0.02723635735 0)
(0.2807046181 0.03112413846 0)
(0.1338116154 0.03159163512 0)
(0.1262054005 0.04910058276 0)
(0.1240570203 0.06610615424 0)
(1.5445507 0.03072550242 0)
(2.337311866 0.05528003745 0)
(2.331898542 0.03927603484 0)
(0.6626881335 0.04471996255 0)
(0.668101458 0.06072396516 0)
(2.496927428 0.06832390775 0)
(0.5030725721 0.03167609225 0)
(0.2751839548 0.06789710597 0)
(2.886830339 0.03116420537 0)
(2.086554634 0.03106260443 0)
(0.9134453664 0.06893739557 0)
(2.080152232 0.050444584 0)
(0.9198477682 0.049555416 0)
(0.3421382992 0.07085988985 0)
(2.967787425 0.05351439726 0)
(0.0322125746 0.04648560274 0)
(0.5183015871 0.0693609657 0)
(2.481698413 0.0306390343 0)
(1.870095759 0.07545927454 0)
(1.129904241 0.02454072546 0)
(2.65787394 0.02910995317 0)
(2.013251114 0.02821179595 0)
(0.9867488864 0.07178820405 0)
(2.091957833 0.06686438921 0)
(0.9080421673 0.03313561079 0)
(0.2870531307 0.05127072039 0)
(0.32014979 0.07950422116 0)
(0.353240126 0.02839723822 0)
(2.646758988 0.07160222196 0)
(1.620283192 0.02933213575 0)
(0.1599038041 0.07765590904 0)
(2.712937916 0.04607062561 0)
(2.722665223 0.06677193461 0)
(2.679638165 0.02026986637 0)
(0.1899952827 0.07333778455 0)
(2.010699793 0.07028938506 0)
(0.9893002067 0.02971061494 0)
(1.571754254 0.02733545892 0)
(1.807069783 0.03907186257 0)
(1.192930217 0.06092813743 0)
(2.381560629 0.02432413556 0)
(0.6184393713 0.07567586444 0)
(0.090556392 0.03530944446 0)
(2.911197368 0.06992992055 0)
(1.734297011 0.0348522518 0)
(1.265702989 0.0651477482 0)
(1.752847456 0.01055887551 0)
(1.247152544 0.08944112449 0)
(0.1948967684 0.0458627274 0)
(0.9390212432 0.0729710904 0)
(2.060978757 0.0270289096 0)
(1.856763289 0.06692450491 0)
(1.143236711 0.03307549509 0)
(0.4358146403 0.04425930467 0)
(2.56418536 0.0557406952 0)
(2.803446998 0.04455526751 0)
(0.8292416799 0.05509091246 0)
(2.17075832 0.04490908754 0)
(1.694314178 0.03262883083 0)
(1.305686387 0.06737047111 0)
(0.5866785583 0.03759707268 0)
(2.413321442 0.06240292732 0)
(1.923990207 0.0723072796 0)
(1.076009793 0.0276927204 0)
(1.10026344 0.06571339651 0)
(1.89973656 0.03428660349 0)
(1.456116356 0.04722075507 0)
(0.3065598664 0.02688163675 0)
(0.4719334696 0.0782434417 0)
(2.52806653 0.0217565583 0)
(2.839617062 0.07971547925 0)
(2.051260106 0.08061944321 0)
(0.9487398939 0.01938055679 0)
(1.586106425 0.08029109005 0)
(0.6013294827 0.03028982802 0)
(2.398670517 0.06971017198 0)
(2.809167363 0.07329758331 0)
(2.575551265 0.06937678086 0)
(0.4244487349 0.0306232191 0)
(1.089554603 0.02630105671 0)
(1.910445397 0.07369894329 0)
(0.6053677924 0.04535004041 0)
(2.394632208 0.05464995959 0)
(1.225181293 0.03207025047 0)
(1.774818707 0.06792974953 0)
(0.4408997293 0.07334013897 0)
(2.559100271 0.02665986103 0)
(2.792648398 0.03126555459 0)
(2.159355385 0.0318782709 0)
(0.8406446149 0.0681217291 0)
(1.293520751 0.02709376634 0)
(1.706479325 0.07290614071 0)
(1.063916229 0.04145118151 0)
(1.936083771 0.05854881849 0)
(2.072635145 0.02525188658 0)
(0.9273648546 0.07474811342 0)
(1.925627147 0.02510895081 0)
(1.074372853 0.07489104919 0)
(2.515064048 0.02267607413 0)
(0.4849359524 0.07732392587 0)
(0.4291639232 0.05999120459 0)
(2.570836077 0.04000879525 0)
(2.20745242 0.07848765449 0)
(2.220275307 0.07769433766 0)
(0.7925475802 0.02151234551 0)
(0.779724693 0.02230566234 0)
(0.1473218228 0.07749013491 0)
(1.121399092 0.09130719467 0)
(1.878600908 0.008692805326 0)
(0.5105205901 0.04381554874 0)
(2.48947941 0.05618445126 0)
(0.6556063801 0.06997249023 0)
(2.34439362 0.03002750977 0)
(1.424448814 0.07891993091 0)
(2.796842077 0.06014032719 0)
(2.478769096 0.06640967837 0)
(0.5212309042 0.03359032163 0)
(2.988605328 0.02075673678 0)
(0.01139467201 0.07924326322 0)
(0.9733920571 0.03037475431 0)
(2.026607943 0.06962524569 0)
(2.244857634 0.04430077954 0)
(0.755142366 0.05569922046 0)
(2.978586954 0.08973702713 0)
(0.02141304555 0.01026297287 0)
(1.411662415 0.07888566142 0)
(1.55953259 0.02492950437 0)
(2.165202655 0.05998870566 0)
(0.8347973447 0.04001129434 0)
(0.6440199931 0.07968235662 0)
(2.355980007 0.02031764338 0)
(0.7455941279 0.0691218043 0)
(2.254405872 0.0308781957 0)
(1.238253058 0.02006663638 0)
(1.761746942 0.07993336362 0)
(2.325221928 0.06632615841 0)
(0.6747780721 0.03367384159 0)
(1.947358947 0.07425915237 0)
(1.052641053 0.02574084763 0)
(2.39751895 0.02650376891 0)
(0.6024810497 0.07349623109 0)
(0.2947953052 0.02514142764 0)
(2.704560877 0.07512055106 0)
(0.5941588562 0.06024909381 0)
(2.405841144 0.03975090619 0)
(0.5722292779 0.0178881377 0)
(2.427770722 0.0821118623 0)
(0.2024581981 0.06031557782 0)
(0.2060865281 0.03444411309 0)
(1.470915767 0.0383686891 0)
(2.801838893 0.08725679564 0)
(0.4338645072 0.08725420499 0)
(2.566135493 0.01274579501 0)
(1.410701253 0.021498002 0)
(1.574875182 0.07943411712 0)
(2.648711315 0.04371479251 0)
(1.707850471 0.02549676459 0)
(1.292149642 0.0745030958 0)
(1.944430775 0.04453832912 0)
(1.055569225 0.05546167088 0)
(0.3512638062 0.05620359655 0)
(1.598048394 0.0823815712 0)
(1.932586088 0.01280643512 0)
(1.067413912 0.08719356488 0)
(2.779677217 0.06377568949 0)
(0.489261448 0.06187616784 0)
(2.510738552 0.03812383216 0)
(1.604674861 0.07174172725 0)
(2.58707922 0.03772589151 0)
(0.4129207788 0.06227410797 0)
(2.224933417 0.06251071304 0)
(0.775066583 0.03748928696 0)
(0.7230609356 0.06471468893 0)
(2.276939064 0.03528531107 0)
(0.6942093208 0.08282284026 0)
(2.305790679 0.01717715974 0)
(2.947060764 0.05780689258 0)
(0.05294758147 0.04229362883 0)
(2.730126622 0.01434485095 0)
(0.2703767072 0.0144364951 0)
(1.465758808 0.06011844156 0)
(1.6800849 0.06170779682 0)
(1.319923013 0.03828242301 0)
(1.399073296 0.07615020688 0)
(0.7786869886 0.07726365205 0)
(2.221313011 0.02273634795 0)
(0.5422514797 0.03581682624 0)
(2.45774852 0.06418317376 0)
(1.455520241 0.07362853514 0)
(1.535073205 0.08589719946 0)
(1.536019575 0.01425277112 0)
(1.462657221 0.08599983306 0)
(0.1970114952 0.08641845958 0)
(2.006339057 0.01553405071 0)
(0.9936609425 0.08446594929 0)
(0.9033915486 0.08565504468 0)
(2.096608451 0.01434495532 0)
(0.02654723641 0.02365697897 0)
(2.973452764 0.07634302103 0)
(2.73007448 0.0857987606 0)
(0.2700869502 0.08591947828 0)
(1.522331158 0.05838851659 0)
(1.817512408 0.02323618615 0)
(1.182487592 0.07676381385 0)
(2.891902437 0.06499725864 0)
(2.168773982 0.08701664789 0)
(0.8312260176 0.01298335211 0)
(0.2210408772 0.06245401008 0)
(0.02761282682 0.07205221841 0)
(2.972387173 0.02794778159 0)
(2.003763448 0.08563903935 0)
(0.9962365522 0.01436096065 0)
(1.486277306 0.064470539 0)
(0.903253201 0.01446299261 0)
(2.096746799 0.08553700739 0)
(0.3625815535 0.01379155652 0)
(2.63741821 0.08620829953 0)
(1.78730169 0.07694467432 0)
(1.21269831 0.02305532568 0)
(1.300289037 0.01283270109 0)
(1.699710978 0.08716728032 0)
(1.891501339 0.08085207489 0)
(1.108498661 0.01914792511 0)
(2.114438287 0.06108330496 0)
(0.8855617134 0.03891669504 0)
(2.852033002 0.07974685459 0)
(0.7380656191 0.01452626297 0)
(2.261934381 0.08547373703 0)
(2.017678972 0.05752160604 0)
(0.9823210284 0.04247839396 0)
(2.745744845 0.05991446851 0)
(2.640310309 0.02669754521 0)
(0.3597009267 0.07329214601 0)
(0.2559308863 0.06063650342 0)
(2.850545373 0.01840497673 0)
(0.1466234126 0.02207449943 0)
(2.517435015 0.08152815603 0)
(0.4825649846 0.01847184397 0)
(1.372724831 0.08474804799 0)
(1.62879351 0.01410777759 0)
(2.147464209 0.06288112097 0)
(0.8525357913 0.03711887903 0)
(2.867025388 0.07330322489 0)
(2.625386825 0.03962650853 0)
(0.3739510014 0.06113332524 0)
(2.316872611 0.03175642375 0)
(0.683127389 0.06824357625 0)
(2.351964208 0.009256200774 0)
(0.6480357915 0.09074379923 0)
(1.016714016 0.06176735914 0)
(1.983285984 0.03823264086 0)
(2.447870508 0.07834120047 0)
(0.5521294921 0.02165879953 0)
(1.258240573 0.01810661924 0)
(1.741759427 0.08189338076 0)
(0.6161363282 0.009076391875 0)
(2.383863672 0.09092360812 0)
(0.009719345242 0.09033117846 0)
(2.990280655 0.009668821537 0)
(0.1351263765 0.07444637046 0)
(0.1120758096 0.07622733077 0)
(0.5274842401 0.08525744045 0)
(2.47251576 0.01474255955 0)
(2.881002978 0.04775779773 0)
(1.683479665 0.02267161056 0)
(1.316521686 0.07732671952 0)
(2.416689529 0.02935408638 0)
(0.5833104709 0.07064591362 0)
(2.785467512 0.0172473828 0)
(2.512969686 0.009320073126 0)
(0.4870303141 0.09067992687 0)
(0.009842605842 0.009795261713 0)
(2.990157394 0.09020473829 0)
(2.513283865 0.0908162992 0)
(0.4867161349 0.009183700796 0)
(2.895161914 0.01481826994 0)
(0.1453324227 0.09101527132 0)
(0.3092730279 0.07827228065 0)
(2.691153456 0.01936823934 0)
(2.855287301 0.09105337 0)
(0.8484594089 0.08258493806 0)
(2.151540591 0.01741506194 0)
(2.855003283 0.008705176153 0)
(0.1446798492 0.009439223304 0)
(1.589742215 0.008395824377 0)
(1.586021364 0.01588556193 0)
(1.129851781 0.08537729659 0)
(1.870148219 0.01462270341 0)
(0.4177155353 0.01711343429 0)
(2.582284465 0.08288656571 0)
(2.286953128 0.0213889391 0)
(0.7130468724 0.0786110609 0)
(1.746232571 0.0185062265 0)
(1.253767429 0.0814937735 0)
(0.3643990816 0.08778475944 0)
(2.222455116 0.009242133728 0)
(0.7775448842 0.09075786627 0)
(2.635609342 0.0122167259 0)
(0.9572276955 0.0917271026 0)
(0.953437221 0.08406559931 0)
(2.042772304 0.008272897401 0)
(2.046562779 0.01593440069 0)
(2.064971499 0.07612951168 0)
(0.9350285008 0.02387048832 0)
(1.409613684 0.0910073018 0)
(1.038997624 0.06030674823 0)
(1.961002376 0.03969325177 0)
(2.222358859 0.0909104017 0)
(0.7776411413 0.009089598298 0)
(1.409718061 0.008994868864 0)
(2.132876884 0.0577858347 0)
(0.8671231164 0.0422141653 0)
(2.675163606 0.09182417153 0)
(2.678368235 0.08330937317 0)
(0.3250530944 0.008118531813 0)
(0.3211624511 0.01548165483 0)
(1.548660527 0.0429249787 0)
(1.763185723 0.01484320146 0)
(1.236814277 0.08515679854 0)
(0.5070732473 0.05769138026 0)
(2.492926753 0.04230861974 0)
(1.577145202 0.01832470506 0)
(2.04350337 0.09082039828 0)
(0.95649663 0.009179601723 0)
(0.1401509126 0.04583602509 0)
(0.9983621336 0.06292903178 0)
(2.001637866 0.03707096822 0)
(0.9458024328 0.08143648188 0)
(2.054197567 0.01856351812 0)
(0.3248929276 0.09076413176 0)
(2.674892399 0.009030713711 0)
(0.3074263632 0.007964763616 0)
(0.3110465075 0.01652922409 0)
(1.402745598 0.05367848959 0)
(2.241569355 0.05863501205 0)
(0.7584306452 0.04136498795 0)
(1.504751625 0.06105476121 0)
(2.765118524 0.05848246989 0)
(2.693226748 0.008522345836 0)
(0.03996188981 0.01083807197 0)
(2.96003811 0.08916192803 0)
(0.3161257947 0.008523226026 0.001)
(2.684624627 0.09060398592 0.001)
(2.052230835 0.09111796431 0.001)
(0.947769165 0.008882035688 0.001)
(1.580651707 0.00944784971 0.001)
(1.419785529 0.08914509006 0.001)
(2.212733488 0.01175997059 0.001)
(0.7872665121 0.08824002941 0.001)
(0.1550330444 0.01124898409 0.001)
(2.844593706 0.08995832372 0.001)
(0.4768674702 0.08876306749 0.001)
(2.52313253 0.01123693251 0.001)
(1.890712834 0.09127219474 0.001)
(1.109287166 0.008727805264 0.001)
(1.258649226 0.08967856076 0.001)
(1.741350774 0.01032143924 0.001)
(2.372919679 0.09086801224 0.001)
(0.6270803211 0.00913198776 0.001)
(0.3147929206 0.08943604123 0.001)
(2.683892155 0.009377928381 0.001)
(2.05197804 0.009387478753 0.001)
(0.9480219597 0.09061252125 0.001)
(1.580383783 0.09001242043 0.001)
(1.419495108 0.01143551752 0.001)
(2.212443109 0.08888862586 0.001)
(0.7875568914 0.01111137414 0.001)
(0.1550526501 0.08873338273 0.001)
(2.844692991 0.01052868588 0.001)
(2.523343577 0.08951432027 0.001)
(0.4766564233 0.01048567973 0.001)
(1.88946718 0.01068157836 0.001)
(1.11053282 0.08931842164 0.001)
(1.2586847 0.008863150524 0.001)
(1.7413153 0.09113684948 0.001)
(2.362536532 0.01014998546 0.001)
(0.6374634682 0.08985001454 0.001)
(2.243745305 0.08461171492 0.001)
(0.7562546952 0.01538828508 0.001)
(1.612546519 0.08349973457 0.001)
(1.388343045 0.01585913277 0.001)
(0.978460236 0.0150178068 0.001)
(2.021539764 0.0849821932 0.001)
(2.652689864 0.01376329006 0.001)
(0.3473277539 0.0862392628 0.001)
(0.2867950611 0.0846511521 0.001)
(2.712940372 0.08554517506 0.001)
(2.078434853 0.08286669754 0.001)
(0.9215651473 0.01713330246 0.001)
(1.552285294 0.01379971582 0.001)
(1.446338414 0.08619561071 0.001)
(1.448439189 0.01570756498 0.001)
(1.552446429 0.08539856944 0.001)
(2.184964323 0.01451923776 0.001)
(0.81507426 0.01367503222 0.001)
(2.18492574 0.08632496778 0.001)
(0.8150356771 0.08548076224 0.001)
(2.877938139 0.08117668703 0.001)
(0.1226847705 0.01623978278 0.001)
(0.1831128887 0.01518193601 0.001)
(2.817722608 0.08662858262 0.001)
(0.1822773924 0.08662858262 0.001)
(2.81777944 0.01422311651 0.001)
(0.5091469265 0.08390944674 0.001)
(2.490853074 0.01609055326 0.001)
(0.4498560617 0.08676680423 0.001)
(2.550143938 0.01323319577 0.001)
(2.550068217 0.08589176282 0.001)
(0.4499317826 0.01410823718 0.001)
(1.858443203 0.08498119493 0.001)
(1.141556797 0.01501880507 0.001)
(1.917650727 0.0869027764 0.001)
(1.082349273 0.0130972236 0.001)
(1.082778243 0.08710150927 0.001)
(1.917221757 0.01289849073 0.001)
(1.223551768 0.08235343982 0.001)
(1.776448232 0.01764656018 0.001)
(1.285051132 0.08724897023 0.001)
(1.714948868 0.01275102977 0.001)
(1.285051132 0.01275102977 0.001)
(1.714948868 0.08724897023 0.001)
(2.407953765 0.08279358231 0.001)
(0.592046235 0.01720641769 0.001)
(2.347144705 0.08579126274 0.001)
(0.6528552947 0.01420873726 0.001)
(0.6106497941 0.08708811482 0.001)
(2.389350206 0.01291188518 0.001)
(2.080450681 0.01397470836 0.001)
(0.9195493189 0.08602529164 0.001)
(0.2869713546 0.01412730399 0.001)
(2.713230625 0.01531811649 0.001)
(0.6708426806 0.08073420802 0.001)
(2.329157319 0.01926579198 0.001)
(0.3455648911 0.01413948056 0.001)
(2.654434961 0.08586042947 0.001)
(2.021806014 0.01453348053 0.001)
(0.9781939863 0.08546651947 0.001)
(1.389053461 0.08477104387 0.001)
(1.611036153 0.01462555917 0.001)
(2.243700923 0.01556304794 0.001)
(0.7562990771 0.08443695206 0.001)
(2.876796081 0.01600197822 0.001)
(0.1259877908 0.08308555711 0.001)
(0.5111061253 0.0166130328 0.001)
(2.488893875 0.0833869672 0.001)
(1.856637399 0.0168400768 0.001)
(1.143362601 0.0831599232 0.001)
(2.98477559 0.03958304286 0.001)
(0.01522440975 0.06041695714 0.001)
(1.225065669 0.01551948248 0.001)
(1.774934331 0.08448051752 0.001)
(0.06439419129 0.02310591739 0.001)
(2.935605809 0.07689408261 0.001)
(1.031811395 0.07912291428 0.001)
(1.968188605 0.02087708572 0.001)
(2.768496875 0.02312412115 0.001)
(0.2365246654 0.07379861975 0.001)
(1.666122784 0.07675526172 0.001)
(1.333877216 0.02324473828 0.001)
(1.498786894 0.07896037427 0.001)
(0.3962790857 0.07390718722 0.001)
(2.603720914 0.02609281278 0.001)
(2.134482083 0.02335743761 0.001)
(0.8655179168 0.07664256239 0.001)
(0.5675560549 0.07714827662 0.001)
(2.432443945 0.02285172338 0.001)
(0.6964191476 0.02375416755 0.001)
(2.303580852 0.07624583245 0.001)
(0.0117039588 0.01954155425 0.001)
(2.988296041 0.08045844575 0.001)
(1.495270365 0.02429092081 0.001)
(0.2288467869 0.02410241446 0.001)
(2.765926445 0.07639769012 0.001)
(1.968114398 0.07648218411 0.001)
(1.031885602 0.02351781589 0.001)
(2.132390164 0.07532337269 0.001)
(0.867609836 0.02467662731 0.001)
(2.598912526 0.07668472505 0.001)
(0.4010874745 0.02331527495 0.001)
(1.664307607 0.02243987761 0.001)
(1.335692393 0.07756012239 0.001)
(0.06677869286 0.07844924228 0.001)
(2.933221307 0.02155075772 0.001)
(2.959265453 0.01694176273 0.001)
(2.949697802 0.03753639228 0.001)
(0.0407345466 0.08305823727 0.001)
(0.05030219757 0.06246360772 0.001)
(0.02012926649 0.08768864103 0.001)
(2.979870734 0.01231135897 0.001)
(0.04292581801 0.02697743468 0.001)
(2.957074182 0.07302256532 0.001)
(0.2570836375 0.02693103304 0.001)
(2.742576214 0.02652491829 0.001)
(1.523473356 0.02673863737 0.001)
(1.511341202 0.0435145917 0.001)
(1.535213899 0.04692611685 0.001)
(1.48729068 0.04540692084 0.001)
(1.474379216 0.07728683733 0.001)
(1.52248251 0.0755876249 0.001)
(1.992260987 0.02321872854 0.001)
(1.007739013 0.07678127146 0.001)
(2.755056408 0.04366611072 0.001)
(2.732766272 0.04490776482 0.001)
(2.781049383 0.0463419053 0.001)
(0.2582886984 0.07760894439 0.001)
(0.2422686461 0.04729425611 0.001)
(0.2171863243 0.04542798956 0.001)
(0.2686409201 0.04720569696 0.001)
(2.741890729 0.07667669333 0.001)
(2.790380492 0.07635781229 0.001)
(0.2092879708 0.07610181383 0.001)
(1.008160141 0.02707638148 0.001)
(1.023955899 0.04452120528 0.001)
(1.044542877 0.04228720154 0.001)
(0.9997656209 0.0472585976 0.001)
(1.991839859 0.07292361852 0.001)
(1.976044101 0.05547879472 0.001)
(1.955457123 0.05771279846 0.001)
(2.000234379 0.0527414024 0.001)
(2.275089934 0.07285618838 0.001)
(2.288460092 0.05469651831 0.001)
(2.262369904 0.0528765714 0.001)
(2.315026586 0.05085469496 0.001)
(2.299942861 0.0343163357 0.001)
(0.7249100656 0.02714381162 0.001)
(0.7115399076 0.04530348169 0.001)
(0.7376300955 0.0471234286 0.001)
(0.6849734143 0.04914530504 0.001)
(0.7000571391 0.0656836643 0.001)
(2.108964062 0.02668746382 0.001)
(0.891035938 0.07331253618 0.001)
(2.121550526 0.04351404404 0.001)
(2.098244772 0.04667060166 0.001)
(2.148541232 0.04612733082 0.001)
(0.8784494737 0.05648595596 0.001)
(0.9017552277 0.05332939834 0.001)
(0.8514587678 0.05387266918 0.001)
(1.05636502 0.07397526595 0.001)
(1.94363498 0.02602473405 0.001)
(0.3748982207 0.02642106379 0.001)
(2.625101632 0.07357884624 0.001)
(0.5402714431 0.07301678983 0.001)
(0.5538113976 0.05529415167 0.001)
(0.5276659423 0.05264675169 0.001)
(0.5748908414 0.05571363723 0.001)
(0.5640638829 0.03716243096 0.001)
(2.459728557 0.02698321017 0.001)
(2.446188602 0.04470584833 0.001)
(2.472334058 0.04735324831 0.001)
(2.425109159 0.04428636277 0.001)
(2.435936117 0.06283756904 0.001)
(2.609979436 0.05264283498 0.001)
(2.634868068 0.05688698133 0.001)
(2.585350148 0.05494820291 0.001)
(0.3900205489 0.04735715584 0.001)
(0.3651234947 0.04309661603 0.001)
(0.4146498508 0.04505179631 0.001)
(0.8910774602 0.02284414454 0.001)
(2.10892254 0.07715585546 0.001)
(2.157623107 0.075994629 0.001)
(0.8423768928 0.024005371 0.001)
(1.360093469 0.07253698385 0.001)
(1.34229286 0.05041677841 0.001)
(1.369957911 0.05123108464 0.001)
(1.320655559 0.05646269737 0.001)
(1.640620007 0.02658119303 0.001)
(1.657809065 0.04945724685 0.001)
(1.629656026 0.04754607447 0.001)
(1.679350632 0.0435296511 0.001)
(0.3757621978 0.07939238838 0.001)
(2.624251067 0.02062279424 0.001)
(2.577731676 0.02383591826 0.001)
(0.422268324 0.07616408174 0.001)
(0.09291549416 0.07659308318 0.001)
(2.907376589 0.0269251661 0.001)
(1.310933489 0.02431870934 0.001)
(1.689066511 0.07568129066 0.001)
(2.9251386 0.04806702541 0.001)
(2.900225198 0.04760835189 0.001)
(0.07490312589 0.05243558163 0.001)
(0.1050478187 0.05535185931 0.001)
(2.268388244 0.02016588902 0.001)
(0.7316117557 0.07983411098 0.001)
(1.1628231 0.08161152497 0.001)
(1.151062913 0.06450783304 0.001)
(1.171098328 0.06123870537 0.001)
(1.131605152 0.06882621155 0.001)
(1.13844488 0.04888374765 0.001)
(1.120803156 0.05176066349 0.001)
(1.113949596 0.06663319606 0.001)
(1.105537422 0.05354777635 0.001)
(1.110980081 0.03971813089 0.001)
(1.096640827 0.04063703093 0.001)
(1.091196937 0.05594958117 0.001)
(1.081891407 0.04109796817 0.001)
(1.101887599 0.02807742027 0.001)
(1.116443906 0.02653662415 0.001)
(1.118821759 0.08008735675 0.001)
(1.8371769 0.01838847503 0.001)
(1.848937087 0.03549216696 0.001)
(1.828901672 0.03876129463 0.001)
(1.868394848 0.03117378845 0.001)
(1.86155512 0.05111625235 0.001)
(1.879196844 0.04823933651 0.001)
(1.886050404 0.03336680394 0.001)
(1.894462578 0.04645222365 0.001)
(1.889019919 0.06028186911 0.001)
(1.903359173 0.05936296907 0.001)
(1.908803063 0.04405041883 0.001)
(1.918108593 0.05890203183 0.001)
(1.898112401 0.07192257973 0.001)
(1.883556094 0.07346337585 0.001)
(1.881178241 0.01991264325 0.001)
(1.165226471 0.02264794877 0.001)
(1.1941067 0.02209588935 0.001)
(1.834773529 0.07735205123 0.001)
(1.8058933 0.07790411065 0.001)
(2.896606935 0.0822543408 0.001)
(0.1042958464 0.01736343821 0.001)
(1.370264502 0.01701586851 0.001)
(1.629647066 0.0829358453 0.001)
(2.166312589 0.01568253537 0.001)
(2.177967676 0.02978567912 0.001)
(2.193961984 0.02752511392 0.001)
(2.18871951 0.0431534144 0.001)
(2.204210465 0.04008396791 0.001)
(2.198624576 0.05602695782 0.001)
(2.214658725 0.0524305872 0.001)
(2.219636711 0.03757532594 0.001)
(2.231127136 0.04938995962 0.001)
(2.209724537 0.06649770542 0.001)
(2.182749105 0.05847704048 0.001)
(0.8336874114 0.08431746463 0.001)
(0.8220323238 0.07021432088 0.001)
(0.8060380159 0.07247488608 0.001)
(0.8112804899 0.0568465856 0.001)
(0.7957895353 0.05991603209 0.001)
(0.8013754241 0.04397304218 0.001)
(0.7853412751 0.0475694128 0.001)
(0.7803632894 0.06242467406 0.001)
(0.7688728642 0.05061004038 0.001)
(0.7902754634 0.03350229458 0.001)
(0.8172508952 0.04152295952 0.001)
(2.467356959 0.08257339726 0.001)
(0.5326430408 0.01742660274 0.001)
(1.468402247 0.01831904058 0.001)
(1.454694322 0.03232321694 0.001)
(1.437260302 0.0289756606 0.001)
(1.443246178 0.04456957736 0.001)
(1.427953867 0.04151254207 0.001)
(1.4325372 0.05664441103 0.001)
(1.417525046 0.05381549619 0.001)
(1.411615151 0.03791812306 0.001)
(1.421638414 0.06730121893 0.001)
(1.406471253 0.06518729152 0.001)
(1.447529153 0.05941567573 0.001)
(2.568243719 0.08470887935 0.001)
(2.556923309 0.07092636851 0.001)
(2.541266247 0.07320389113 0.001)
(2.546284552 0.05785909832 0.001)
(2.530988515 0.06094257618 0.001)
(2.536444221 0.04476058683 0.001)
(2.520449043 0.04855710828 0.001)
(2.514888261 0.06730959408 0.001)
(2.525661963 0.03389900094 0.001)
(2.503815524 0.05254408384 0.001)
(2.552430015 0.0417685474 0.001)
(0.4317562814 0.01529112065 0.001)
(0.4430766912 0.02907363149 0.001)
(0.4587337526 0.02679610887 0.001)
(0.4537154484 0.04214090168 0.001)
(0.4690114845 0.03905742382 0.001)
(0.4635557795 0.05523941317 0.001)
(0.4795509569 0.05144289172 0.001)
(0.4851117385 0.03269040592 0.001)
(0.4743380367 0.06610099906 0.001)
(0.4961844757 0.04745591616 0.001)
(0.4475699849 0.0582314526 0.001)
(1.201805558 0.08004070148 0.001)
(1.215453422 0.06296861983 0.001)
(1.235150875 0.06792927365 0.001)
(1.228562363 0.04930818473 0.001)
(1.245775883 0.05077208502 0.001)
(1.252648743 0.06786143401 0.001)
(1.260716497 0.05309714438 0.001)
(1.255177345 0.03921207337 0.001)
(1.269779394 0.04032973705 0.001)
(1.275484053 0.05491307766 0.001)
(1.285129855 0.04160422923 0.001)
(1.290031612 0.05953661185 0.001)
(1.264273855 0.02752817253 0.001)
(1.250409138 0.02572724763 0.001)
(1.244937176 0.07880641928 0.001)
(1.798194442 0.01995929852 0.001)
(1.784546578 0.03703138017 0.001)
(1.764849125 0.03207072635 0.001)
(1.771437637 0.05069181527 0.001)
(1.754224117 0.04922791498 0.001)
(1.747351257 0.03213856599 0.001)
(1.739283503 0.04690285562 0.001)
(1.744822655 0.06078792663 0.001)
(1.730220606 0.05967026295 0.001)
(1.724515947 0.04508692234 0.001)
(1.714870145 0.05839577077 0.001)
(1.709968388 0.04046338815 0.001)
(1.735726145 0.07247182747 0.001)
(1.749590862 0.07427275237 0.001)
(1.755062824 0.02119358072 0.001)
(2.799561185 0.01537332827 0.001)
(2.810923518 0.02922695529 0.001)
(2.826654359 0.02700420732 0.001)
(2.821504621 0.04238561437 0.001)
(2.836848746 0.0393661157 0.001)
(2.831319604 0.05541681265 0.001)
(2.847771 0.05184266157 0.001)
(2.851871162 0.03506220399 0.001)
(2.842127437 0.06780579191 0.001)
(2.857311261 0.06455924488 0.001)
(2.815388192 0.0582492784 0.001)
(0.2025298904 0.01784153494 0.001)
(0.1892871671 0.0314789341 0.001)
(0.1725054323 0.027863628 0.001)
(0.1779204789 0.04329638588 0.001)
(0.162671997 0.03934077387 0.001)
(0.1674214574 0.05489160355 0.001)
(0.1522710007 0.05168807419 0.001)
(0.1566994214 0.06560599202 0.001)
(0.1479510624 0.03585542999 0.001)
(0.1405154838 0.0609444034 0.001)
(0.1825194297 0.05805234297 0.001)
(1.697715485 0.01475969325 0.001)
(1.302284515 0.08524030675 0.001)
(1.933529991 0.08548580994 0.001)
(1.066470009 0.01451419006 0.001)
(2.327583145 0.08296302176 0.001)
(2.341136236 0.07018856722 0.001)
(2.357506391 0.0738694569 0.001)
(2.352315152 0.05877648339 0.001)
(2.367530824 0.06218740803 0.001)
(2.362860728 0.04729061437 0.001)
(2.378251239 0.05099673614 0.001)
(2.348044915 0.04424864038 0.001)
(2.373055012 0.03594295229 0.001)
(2.388428116 0.03891157593 0.001)
(2.383280789 0.06612743999 0.001)
(0.6724168545 0.01703697824 0.001)
(0.658863764 0.02981143278 0.001)
(0.6424936088 0.0261305431 0.001)
(0.6476848482 0.04122351661 0.001)
(0.6324691764 0.03781259197 0.001)
(0.6371392716 0.05270938563 0.001)
(0.6217487613 0.04900326386 0.001)
(0.6519550845 0.05575135962 0.001)
(0.6269449883 0.06405704771 0.001)
(0.6115718842 0.06108842407 0.001)
(0.6167192115 0.03387256001 0.001)
(2.408630616 0.01521078519 0.001)
(0.5913693841 0.08478921481 0.001)
(2.390301951 0.08087412082 0.001)
(0.6096980487 0.01912587918 0.001)
(0.4942627251 0.01812386583 0.001)
(2.50433302 0.01613287149 0.001)
(2.505737275 0.08187613417 0.001)
(0.49566698 0.08386712851 0.001)
(2.344297741 0.01594721203 0.001)
(0.6557022588 0.08405278797 0.001)
(2.863172622 0.08556167168 0.001)
(0.1363465949 0.01575575904 0.001)
(2.863140875 0.01459221816 0.001)
(0.1377497646 0.08460560261 0.001)
(0.7696146418 0.08387691709 0.001)
(2.230385358 0.01612308291 0.001)
(1.596332709 0.01612757567 0.001)
(1.60310769 0.02889394063 0.001)
(1.586761767 0.02724770392 0.001)
(1.594232355 0.04221847345 0.001)
(1.578086205 0.04117138301 0.001)
(1.585408712 0.05590036868 0.001)
(1.56906644 0.05496915112 0.001)
(1.601380642 0.05818687588 0.001)
(1.592324657 0.06933311113 0.001)
(1.561051263 0.03943391023 0.001)
(1.578359194 0.06848723767 0.001)
(1.562671588 0.07185449714 0.001)
(1.401673927 0.08547482535 0.001)
(0.9637410453 0.08413574275 0.001)
(0.9704544952 0.0715724597 0.001)
(0.9541932874 0.0732745404 0.001)
(0.9615882601 0.05845084814 0.001)
(0.9457558372 0.05953288153 0.001)
(0.9522568511 0.0451173458 0.001)
(0.9364226155 0.0462766632 0.001)
(0.9430940597 0.03243001711 0.001)
(0.9678553658 0.04425320779 0.001)
(0.9293191059 0.06145500883 0.001)
(0.9276074663 0.03343847443 0.001)
(0.9581285613 0.031280552 0.001)
(2.036258955 0.01586425725 0.001)
(2.029545505 0.0284275403 0.001)
(2.045806713 0.0267254596 0.001)
(2.03841174 0.04154915186 0.001)
(2.054244163 0.04046711847 0.001)
(2.047743149 0.0548826542 0.001)
(2.063577385 0.0537233368 0.001)
(2.05690594 0.06756998289 0.001)
(2.032144634 0.05574679221 0.001)
(2.070680894 0.03854499117 0.001)
(2.072392534 0.06656152557 0.001)
(2.041871439 0.068719448 0.001)
(0.3313013636 0.01560116037 0.001)
(0.3378774664 0.02795754247 0.001)
(0.3218108136 0.02627683923 0.001)
(0.3291976056 0.04097748292 0.001)
(0.3134424247 0.04000022092 0.001)
(0.3202697861 0.05436948048 0.001)
(0.3041014523 0.05321584283 0.001)
(0.3124021372 0.0663981483 0.001)
(0.3362147603 0.05531061453 0.001)
(0.2966116546 0.03818025427 0.001)
(0.2970761842 0.07000128386 0.001)
(0.3278917645 0.06898547959 0.001)
(2.668698612 0.08439882463 0.001)
(2.662118579 0.0720344892 0.001)
(2.676340858 0.07276984588 0.001)
(2.670632835 0.05887158571 0.001)
(2.68626158 0.06048873883 0.001)
(2.679670348 0.04564299186 0.001)
(2.695899787 0.04694324847 0.001)
(2.687609682 0.03358886137 0.001)
(2.663788056 0.04462629311 0.001)
(2.703482283 0.06178918391 0.001)
(2.690584255 0.07702963392 0.001)
(2.702932678 0.02998204304 0.001)
(2.67214471 0.03095613444 0.001)
(2.230770122 0.08429248224 0.001)
(0.7692298778 0.01570751776 0.001)
(1.401318248 0.01572548124 0.001)
(2.700653248 0.01507122067 0.001)
(0.3011038457 0.01504720679 0.001)
(1.073729511 0.05901200512 0.001)
(1.926270489 0.04098799488 0.001)
(0.1720125808 0.07191286053 0.001)
(2.065661547 0.01374134193 0.001)
(0.9343384529 0.08625865807 0.001)
(0.9640625645 0.01763541614 0.001)
(2.035937436 0.08236458386 0.001)
(0.01415031756 0.03716303412 0.001)
(2.985849682 0.06283696588 0.001)
(1.207705842 0.04225124763 0.001)
(1.792294158 0.05774875237 0.001)
(2.667029211 0.01755249176 0.001)
(0.332995045 0.0824233694 0.001)
(0.5005054403 0.07099293142 0.001)
(2.49949456 0.02900706858 0.001)
(1.751441358 0.08830660153 0.001)
(1.248558642 0.01169339847 0.001)
(1.122040903 0.01274401658 0.001)
(1.877959097 0.08725598342 0.001)
(0.3019441073 0.08602170868 0.001)
(2.235460015 0.07173585424 0.001)
(0.7645399849 0.02826414576 0.001)
(2.06330783 0.08746180517 0.001)
(0.93669217 0.01253819483 0.001)
(1.590126941 0.09025422625 0.001)
(1.56802144 0.01335293448 0.001)
(1.433145079 0.08652534034 0.001)
(1.566854921 0.08652534034 0.001)
(1.433145079 0.01347465966 0.001)
(1.423465589 0.02641762272 0.001)
(1.841676124 0.05480808897 0.001)
(1.158323876 0.04519191103 0.001)
(1.873394705 0.06274158001 0.001)
(1.126605295 0.03725841999 0.001)
(2.696730826 0.08878479974 0.001)
(2.199425984 0.01319344577 0.001)
(2.208641376 0.02527517597 0.001)
(0.800897175 0.0132886618 0.001)
(2.199102825 0.0867113382 0.001)
(0.8005740163 0.08680655423 0.001)
(0.7913586235 0.07472482403 0.001)
(1.436458635 0.07275481247 0.001)
(0.1683618854 0.01302949144 0.001)
(0.1589870814 0.02424912455 0.001)
(0.1683618854 0.08697050856 0.001)
(2.831638115 0.08697050856 0.001)
(2.826870252 0.07254564925 0.001)
(2.832810631 0.01249933275 0.001)
(2.840570544 0.02381092039 0.001)
(1.240542793 0.03631529971 0.001)
(1.759457207 0.06368470029 0.001)
(0.4636556918 0.0870863339 0.001)
(0.4590159177 0.07234038858 0.001)
(2.535203333 0.08761394399 0.001)
(2.527187492 0.07668541361 0.001)
(2.536344308 0.0129136661 0.001)
(2.540984082 0.02765961142 0.001)
(0.4647966673 0.01238605601 0.001)
(0.4728125085 0.02331458639 0.001)
(0.7646689426 0.06858681678 0.001)
(2.235331057 0.03141318322 0.001)
(1.619074093 0.0653073435 0.001)
(2.194254205 0.07239668745 0.001)
(0.8057457954 0.02760331255 0.001)
(1.901925943 0.08664156908 0.001)
(1.098074057 0.01335843092 0.001)
(1.096306968 0.08736026974 0.001)
(1.089295702 0.07304425631 0.001)
(1.104924582 0.07735163639 0.001)
(1.903693032 0.01263973026 0.001)
(1.910704298 0.02695574369 0.001)
(1.895075418 0.02264836361 0.001)
(0.6415415921 0.06711713519 0.001)
(2.358458408 0.03288286481 0.001)
(1.271445857 0.08768059748 0.001)
(1.277694562 0.07311911907 0.001)
(1.263318134 0.07749687217 0.001)
(1.728554143 0.01231940252 0.001)
(1.722305438 0.02688088093 0.001)
(1.736681866 0.02250312783 0.001)
(1.269290192 0.01341715569 0.001)
(1.730709808 0.08658284431 0.001)
(1.696994297 0.05581719732 0.001)
(1.303006154 0.04418224499 0.001)
(0.6386696314 0.01227956624 0.001)
(2.361330369 0.08772043376 0.001)
(0.6250621685 0.08858819086 0.001)
(0.6321462015 0.07747703218 0.001)
(2.374937832 0.01141180914 0.001)
(2.367853799 0.02252296782 0.001)
(0.6261809037 0.02106136002 0.001)
(2.373819096 0.07893863998 0.001)
(1.380493265 0.03361005809 0.001)
(2.654923016 0.05822937645 0.001)
(1.397760394 0.02926403538 0.001)
(1.391611118 0.04503932495 0.001)
(1.386505422 0.06643221221 0.001)
(0.345052286 0.04175445761 0.001)
(1.552051567 0.05534346268 0.001)
(1.540648562 0.06849980295 0.001)
(0.9808431318 0.05704972668 0.001)
(2.019156868 0.04295027332 0.001)
(1.610578417 0.04368800685 0.001)
(1.277913772 0.02676275009 0.001)
(1.722086228 0.07323724991 0.001)
(2.868014205 0.03029532224 0.001)
(2.863569472 0.04914862955 0.001)
(2.875476214 0.06333301868 0.001)
(2.721950197 0.02988121996 0.001)
(0.7470648729 0.03009921813 0.001)
(2.252935127 0.06990078187 0.001)
(1.356712254 0.03499713485 0.001)
(1.643287746 0.06500286515 0.001)
(1.819126048 0.05920226372 0.001)
(1.180873952 0.04079773628 0.001)
(0.114036731 0.03392081591 0.001)
(2.176324534 0.07276364265 0.001)
(0.8236754659 0.02723635735 0.001)
(0.2807046181 0.03112413846 0.001)
(0.1338116154 0.03159163512 0.001)
(0.1262054005 0.04910058276 0.001)
(0.1240570203 0.06610615424 0.001)
(1.5445507 0.03072550242 0.001)
(2.337311866 0.05528003745 0.001)
(2.331898542 0.03927603484 0.001)
(0.6626881335 0.04471996255 0.001)
(0.668101458 0.06072396516 0.001)
(2.496927428 0.06832390775 0.001)
(0.5030725721 0.03167609225 0.001)
(0.2751839548 0.06789710597 0.001)
(2.886830339 0.03116420537 0.001)
(2.086554634 0.03106260443 0.001)
(0.9134453664 0.06893739557 0.001)
(2.080152232 0.050444584 0.001)
(0.9198477682 0.049555416 0.001)
(0.3421382992 0.07085988985 0.001)
(2.967787425 0.05351439726 0.001)
(0.0322125746 0.04648560274 0.001)
(0.5183015871 0.0693609657 0.001)
(2.481698413 0.0306390343 0.001)
(1.870095759 0.07545927454 0.001)
(1.129904241 0.02454072546 0.001)
(2.65787394 0.02910995317 0.001)
(2.013251114 0.02821179595 0.001)
(0.9867488864 0.07178820405 0.001)
(2.091957833 0.06686438921 0.001)
(0.9080421673 0.03313561079 0.001)
(0.2870531307 0.05127072039 0.001)
(0.32014979 0.07950422116 0.001)
(0.353240126 0.02839723822 0.001)
(2.646758988 0.07160222196 0.001)
(1.620283192 0.02933213575 0.001)
(0.1599038041 0.07765590904 0.001)
(2.712937916 0.04607062561 0.001)
(2.722665223 0.06677193461 0.001)
(2.679638165 0.02026986637 0.001)
(0.1899952827 0.07333778455 0.001)
(2.010699793 0.07028938506 0.001)
(0.9893002067 0.02971061494 0.001)
(1.571754254 0.02733545892 0.001)
(1.807069783 0.03907186257 0.001)
(1.192930217 0.06092813743 0.001)
(2.381560629 0.02432413556 0.001)
(0.6184393713 0.07567586444 0.001)
(0.090556392 0.03530944446 0.001)
(2.911197368 0.06992992055 0.001)
(1.734297011 0.0348522518 0.001)
(1.265702989 0.0651477482 0.001)
(1.752847456 0.01055887551 0.001)
(1.247152544 0.08944112449 0.001)
(0.1948967684 0.0458627274 0.001)
(0.9390212432 0.0729710904 0.001)
(2.060978757 0.0270289096 0.001)
(1.856763289 0.06692450491 0.001)
(1.143236711 0.03307549509 0.001)
(0.4358146403 0.04425930467 0.001)
(2.56418536 0.0557406952 0.001)
(2.803446998 0.04455526751 0.001)
(0.8292416799 0.05509091246 0.001)
(2.17075832 0.04490908754 0.001)
(1.694314178 0.03262883083 0.001)
(1.305686387 0.06737047111 0.001)
(0.5866785583 0.03759707268 0.001)
(2.413321442 0.06240292732 0.001)
(1.923990207 0.0723072796 0.001)
(1.076009793 0.0276927204 0.001)
(1.10026344 0.06571339651 0.001)
(1.89973656 0.03428660349 0.001)
(1.456116356 0.04722075507 0.001)
(0.3065598664 0.02688163675 0.001)
(0.4719334696 0.0782434417 0.001)
(2.52806653 0.0217565583 0.001)
(2.839617062 0.07971547925 0.001)
(2.051260106 0.08061944321 0.001)
(0.9487398939 0.01938055679 0.001)
(1.586106425 0.08029109005 0.001)
(0.6013294827 0.03028982802 0.001)
(2.398670517 0.06971017198 0.001)
(2.809167363 0.07329758331 0.001)
(2.575551265 0.06937678086 0.001)
(0.4244487349 0.0306232191 0.001)
(1.089554603 0.02630105671 0.001)
(1.910445397 0.07369894329 0.001)
(0.6053677924 0.04535004041 0.001)
(2.394632208 0.05464995959 0.001)
(1.225181293 0.03207025047 0.001)
(1.774818707 0.06792974953 0.001)
(0.4408997293 0.07334013897 0.001)
(2.559100271 0.02665986103 0.001)
(2.792648398 0.03126555459 0.001)
(2.159355385 0.0318782709 0.001)
(0.8406446149 0.0681217291 0.001)
(1.293520751 0.02709376634 0.001)
(1.706479325 0.07290614071 0.001)
(1.063916229 0.04145118151 0.001)
(1.936083771 0.05854881849 0.001)
(2.072635145 0.02525188658 0.001)
(0.9273648546 0.07474811342 0.001)
(1.925627147 0.02510895081 0.001)
(1.074372853 0.07489104919 0.001)
(2.515064048 0.02267607413 0.001)
(0.4849359524 0.07732392587 0.001)
(0.4291639232 0.05999120459 0.001)
(2.570836077 0.04000879525 0.001)
(2.20745242 0.07848765449 0.001)
(2.220275307 0.07769433766 0.001)
(0.7925475802 0.02151234551 0.001)
(0.779724693 0.02230566234 0.001)
(0.1473218228 0.07749013491 0.001)
(1.121399092 0.09130719467 0.001)
(1.878600908 0.008692805326 0.001)
(0.5105205901 0.04381554874 0.001)
(2.48947941 0.05618445126 0.001)
(0.6556063801 0.06997249023 0.001)
(2.34439362 0.03002750977 0.001)
(1.424448814 0.07891993091 0.001)
(2.796842077 0.06014032719 0.001)
(2.478769096 0.06640967837 0.001)
(0.5212309042 0.03359032163 0.001)
(2.988605328 0.02075673678 0.001)
(0.01139467201 0.07924326322 0.001)
(0.9733920571 0.03037475431 0.001)
(2.026607943 0.06962524569 0.001)
(2.244857634 0.04430077954 0.001)
(0.755142366 0.05569922046 0.001)
(2.978586954 0.08973702713 0.001)
(0.02141304555 0.01026297287 0.001)
(1.411662415 0.07888566142 0.001)
(1.55953259 0.02492950437 0.001)
(2.165202655 0.05998870566 0.001)
(0.8347973447 0.04001129434 0.001)
(0.6440199931 0.07968235662 0.001)
(2.355980007 0.02031764338 0.001)
(0.7455941279 0.0691218043 0.001)
(2.254405872 0.0308781957 0.001)
(1.238253058 0.02006663638 0.001)
(1.761746942 0.07993336362 0.001)
(2.325221928 0.06632615841 0.001)
(0.6747780721 0.03367384159 0.001)
(1.947358947 0.07425915237 0.001)
(1.052641053 0.02574084763 0.001)
(2.39751895 0.02650376891 0.001)
(0.6024810497 0.07349623109 0.001)
(0.2947953052 0.02514142764 0.001)
(2.704560877 0.07512055106 0.001)
(0.5941588562 0.06024909381 0.001)
(2.405841144 0.03975090619 0.001)
(0.5722292779 0.0178881377 0.001)
(2.427770722 0.0821118623 0.001)
(0.2024581981 0.06031557782 0.001)
(0.2060865281 0.03444411309 0.001)
(1.470915767 0.0383686891 0.001)
(2.801838893 0.08725679564 0.001)
(0.4338645072 0.08725420499 0.001)
(2.566135493 0.01274579501 0.001)
(1.410701253 0.021498002 0.001)
(1.574875182 0.07943411712 0.001)
(2.648711315 0.04371479251 0.001)
(1.707850471 0.02549676459 0.001)
(1.292149642 0.0745030958 0.001)
(1.944430775 0.04453832912 0.001)
(1.055569225 0.05546167088 0.001)
(0.3512638062 0.05620359655 0.001)
(1.598048394 0.0823815712 0.001)
(1.932586088 0.01280643512 0.001)
(1.067413912 0.08719356488 0.001)
(2.779677217 0.06377568949 0.001)
(0.489261448 0.06187616784 0.001)
(2.510738552 0.03812383216 0.001)
(1.604674861 0.07174172725 0.001)
(2.58707922 0.03772589151 0.001)
(0.4129207788 0.06227410797 0.001)
(2.224933417 0.06251071304 0.001)
(0.775066583 0.03748928696 0.001)
(0.7230609356 0.06471468893 0.001)
(2.276939064 0.03528531107 0.001)
(0.6942093208 0.08282284026 0.001)
(2.305790679 0.01717715974 0.001)
(2.947060764 0.05780689258 0.001)
(0.05294758147 0.04229362883 0.001)
(2.730126622 0.01434485095 0.001)
(0.2703767072 0.0144364951 0.001)
(1.465758808 0.06011844156 0.001)
(1.6800849 0.06170779682 0.001)
(1.319923013 0.03828242301 0.001)
(1.399073296 0.07615020688 0.001)
(0.7786869886 0.07726365205 0.001)
(2.221313011 0.02273634795 0.001)
(0.5422514797 0.03581682624 0.001)
(2.45774852 0.06418317376 0.001)
(1.455520241 0.07362853514 0.001)
(1.535073205 0.08589719946 0.001)
(1.536019575 0.01425277112 0.001)
(1.462657221 0.08599983306 0.001)
(0.1970114952 0.08641845958 0.001)
(2.006339057 0.01553405071 0.001)
(0.9936609425 0.08446594929 0.001)
(0.9033915486 0.08565504468 0.001)
(2.096608451 0.01434495532 0.001)
(0.02654723641 0.02365697897 0.001)
(2.973452764 0.07634302103 0.001)
(2.73007448 0.0857987606 0.001)
(0.2700869502 0.08591947828 0.001)
(1.522331158 0.05838851659 0.001)
(1.817512408 0.02323618615 0.001)
(1.182487592 0.07676381385 0.001)
(2.891902437 0.06499725864 0.001)
(2.168773982 0.08701664789 0.001)
(0.8312260176 0.01298335211 0.001)
(0.2210408772 0.06245401008 0.001)
(0.02761282682 0.07205221841 0.001)
(2.972387173 0.02794778159 0.001)
(2.003763448 0.08563903935 0.001)
(0.9962365522 0.01436096065 0.001)
(1.486277306 0.064470539 0.001)
(0.903253201 0.01446299261 0.001)
(2.096746799 0.08553700739 0.001)
(0.3625815535 0.01379155652 0.001)
(2.63741821 0.08620829953 0.001)
(1.78730169 0.07694467432 0.001)
(1.21269831 0.02305532568 0.001)
(1.300289037 0.01283270109 0.001)
(1.699710978 0.08716728032 0.001)
(1.891501339 0.08085207489 0.001)
(1.108498661 0.01914792511 0.001)
(2.114438287 0.06108330496 0.001)
(0.8855617134 0.03891669504 0.001)
(2.852033002 0.07974685459 0.001)
(0.7380656191 0.01452626297 0.001)
(2.261934381 0.08547373703 0.001)
(2.017678972 0.05752160604 0.001)
(0.9823210284 0.04247839396 0.001)
(2.745744845 0.05991446851 0.001)
(2.640310309 0.02669754521 0.001)
(0.3597009267 0.07329214601 0.001)
(0.2559308863 0.06063650342 0.001)
(2.850545373 0.01840497673 0.001)
(0.1466234126 0.02207449943 0.001)
(2.517435015 0.08152815603 0.001)
(0.4825649846 0.01847184397 0.001)
(1.372724831 0.08474804799 0.001)
(1.62879351 0.01410777759 0.001)
(2.147464209 0.06288112097 0.001)
(0.8525357913 0.03711887903 0.001)
(2.867025388 0.07330322489 0.001)
(2.625386825 0.03962650853 0.001)
(0.3739510014 0.06113332524 0.001)
(2.316872611 0.03175642375 0.001)
(0.683127389 0.06824357625 0.001)
(2.351964208 0.009256200774 0.001)
(0.6480357915 0.09074379923 0.001)
(1.016714016 0.06176735914 0.001)
(1.983285984 0.03823264086 0.001)
(2.447870508 0.07834120047 0.001)
(0.5521294921 0.02165879953 0.001)
(1.258240573 0.01810661924 0.001)
(1.741759427 0.08189338076 0.001)
(0.6161363282 0.009076391875 0.001)
(2.383863672 0.09092360812 0.001)
(0.009719345242 0.09033117846 0.001)
(2.990280655 0.009668821537 0.001)
(0.1351263765 0.07444637046 0.001)
(0.1120758096 0.07622733077 0.001)
(0.5274842401 0.08525744045 0.001)
(2.47251576 0.01474255955 0.001)
(2.881002978 0.04775779773 0.001)
(1.683479665 0.02267161056 0.001)
(1.316521686 0.07732671952 0.001)
(2.416689529 0.02935408638 0.001)
(0.5833104709 0.07064591362 0.001)
(2.785467512 0.0172473828 0.001)
(2.512969686 0.009320073126 0.001)
(0.4870303141 0.09067992687 0.001)
(0.009842605842 0.009795261713 0.001)
(2.990157394 0.09020473829 0.001)
(2.513283865 0.0908162992 0.001)
(0.4867161349 0.009183700796 0.001)
(2.895161914 0.01481826994 0.001)
(0.1453324227 0.09101527132 0.001)
(0.3092730279 0.07827228065 0.001)
(2.691153456 0.01936823934 0.001)
(2.855287301 0.09105337 0.001)
(0.8484594089 0.08258493806 0.001)
(2.151540591 0.01741506194 0.001)
(2.855003283 0.008705176153 0.001)
(0.1446798492 0.009439223304 0.001)
(1.589742215 0.008395824377 0.001)
(1.586021364 0.01588556193 0.001)
(1.129851781 0.08537729659 0.001)
(1.870148219 0.01462270341 0.001)
(0.4177155353 0.01711343429 0.001)
(2.582284465 0.08288656571 0.001)
(2.286953128 0.0213889391 0.001)
(0.7130468724 0.0786110609 0.001)
(1.746232571 0.0185062265 0.001)
(1.253767429 0.0814937735 0.001)
(0.3643990816 0.08778475944 0.001)
(2.222455116 0.009242133728 0.001)
(0.7775448842 0.09075786627 0.001)
(2.635609342 0.0122167259 0.001)
(0.9572276955 0.0917271026 0.001)
(0.953437221 0.08406559931 0.001)
(2.042772304 0.008272897401 0.001)
(2.046562779 0.01593440069 0.001)
(2.064971499 0.07612951168 0.001)
(0.9350285008 0.02387048832 0.001)
(1.409613684 0.0910073018 0.001)
(1.038997624 0.06030674823 0.001)
(1.961002376 0.03969325177 0.001)
(2.222358859 0.0909104017 0.001)
(0.7776411413 0.009089598298 0.001)
(1.409718061 0.008994868864 0.001)
(2.132876884 0.0577858347 0.001)
(0.8671231164 0.0422141653 0.001)
(2.675163606 0.09182417153 0.001)
(2.678368235 0.08330937317 0.001)
(0.3250530944 0.008118531813 0.001)
(0.3211624511 0.01548165483 0.001)
(1.548660527 0.0429249787 0.001)
(1.763185723 0.01484320146 0.001)
(1.236814277 0.08515679854 0.001)
(0.5070732473 0.05769138026 0.001)
(2.492926753 0.04230861974 0.001)
(1.577145202 0.01832470506 0.001)
(2.04350337 0.09082039828 0.001)
(0.95649663 0.009179601723 0.001)
(0.1401509126 0.04583602509 0.001)
(0.9983621336 0.06292903178 0.001)
(2.001637866 0.03707096822 0.001)
(0.9458024328 0.08143648188 0.001)
(2.054197567 0.01856351812 0.001)
(0.3248929276 0.09076413176 0.001)
(2.674892399 0.009030713711 0.001)
(0.3074263632 0.007964763616 0.001)
(0.3110465075 0.01652922409 0.001)
(1.402745598 0.05367848959 0.001)
(2.241569355 0.05863501205 0.001)
(0.7584306452 0.04136498795 0.001)
(1.504751625 0.06105476121 0.001)
(2.765118524 0.05848246989 0.001)
(2.693226748 0.008522345836 0.001)
(0.03996188981 0.01083807197 0.001)
(2.96003811 0.08916192803 0.001)
)


// ************************************************************************* //
