/*--------------------------------*- C++ -*----------------------------------*\
| =========                 |                                                 |
| \\      /  F ield         | OpenFOAM: The Open Source CFD Toolbox           |
|  \\    /   O peration     | Version:  2412                                  |
|   \\  /    A nd           | Website:  www.openfoam.com                      |
|    \\/     M anipulation  |                                                 |
\*---------------------------------------------------------------------------*/
FoamFile
{
    version     2.0;
    format      ascii;
    arch        "LSB;label=32;scalar=64";
    class       faceList;
    location    "constant/polyMesh";
    object      faces;
}
// * * * * * * * * * * * * * * * * * * * * * * * * * * * * * * * * * * * * * //


1194
(
4(165 205 348 308)
4(202 165 308 345)
4(202 345 348 205)
4(149 192 335 292)
4(192 225 368 335)
4(149 292 368 225)
4(101 183 326 244)
4(177 101 244 320)
4(177 320 326 183)
4(149 218 361 292)
4(192 335 361 218)
4(148 195 338 291)
4(148 291 361 218)
4(195 218 361 338)
4(165 117 260 308)
4(117 205 348 260)
4(171 314 349 206)
4(171 116 259 314)
4(116 206 349 259)
4(166 309 345 202)
4(166 158 301 309)
4(158 202 345 301)
4(195 338 346 203)
4(148 203 346 291)
4(118 261 262 119)
4(118 112 255 261)
4(112 119 262 255)
4(107 209 352 250)
4(181 107 250 324)
4(181 324 352 209)
4(161 105 248 304)
4(161 304 305 162)
4(105 162 305 248)
4(171 314 350 207)
4(206 207 350 349)
4(109 252 345 202)
4(109 166 309 252)
4(29 171 314 75)
4(113 29 75 256)
4(113 256 314 171)
4(52 165 308 98)
4(112 52 98 255)
4(112 255 308 165)
4(190 333 340 197)
4(190 150 293 333)
4(150 197 340 293)
4(182 183 326 325)
4(101 182 325 244)
4(161 166 309 304)
4(105 248 309 166)
4(28 234 377 74)
4(27 73 377 234)
4(199 225 368 342)
4(192 199 342 335)
4(29 221 364 75)
4(171 314 364 221)
4(119 120 263 262)
4(118 261 263 120)
4(101 244 355 212)
4(177 212 355 320)
4(122 157 300 265)
4(122 265 301 158)
4(157 158 301 300)
4(52 222 365 98)
4(165 308 365 222)
4(28 152 295 74)
4(152 234 377 295)
4(153 296 336 193)
4(153 110 253 296)
4(110 193 336 253)
4(151 195 338 294)
4(151 294 346 203)
4(28 74 256 113)
4(51 97 255 112)
4(161 158 301 304)
4(151 229 372 294)
4(195 338 372 229)
4(100 176 319 243)
4(174 317 319 176)
4(174 100 243 317)
4(209 352 353 210)
4(107 210 353 250)
4(14 164 307 60)
4(14 60 362 219)
4(164 219 362 307)
4(119 157 300 262)
4(122 119 262 265)
4(120 263 264 121)
4(119 121 264 262)
4(122 265 302 159)
4(158 159 302 301)
4(152 169 312 295)
4(169 185 328 312)
4(152 295 328 185)
4(170 211 354 313)
4(169 170 313 312)
4(169 312 354 211)
4(164 307 375 232)
4(14 232 375 60)
4(164 198 341 307)
4(163 306 341 198)
4(163 164 307 306)
4(51 235 378 97)
4(50 96 378 235)
4(152 113 256 295)
4(113 169 312 256)
4(169 145 288 312)
4(145 185 328 288)
4(181 213 356 324)
4(107 250 356 213)
4(126 269 302 159)
4(123 159 302 266)
4(126 123 266 269)
4(170 242 385 313)
4(211 354 385 242)
4(160 161 304 303)
4(160 303 305 162)
4(159 160 303 302)
4(126 269 303 160)
4(26 72 257 114)
4(27 114 257 73)
4(49 95 258 115)
4(50 115 258 96)
4(51 97 261 118)
4(159 161 304 302)
4(168 311 329 186)
4(168 156 299 311)
4(156 186 329 299)
4(130 168 311 273)
4(130 273 329 186)
4(118 235 378 261)
4(183 326 330 187)
4(178 187 330 321)
4(183 178 321 326)
4(112 157 300 255)
4(100 233 376 243)
4(176 319 376 233)
4(123 122 265 266)
4(130 273 310 167)
4(127 167 310 270)
4(130 127 270 273)
4(121 180 323 264)
4(120 263 323 180)
4(106 201 344 249)
4(106 249 368 225)
4(201 225 368 344)
4(201 344 357 214)
4(106 214 357 249)
4(153 296 367 224)
4(193 224 367 336)
4(167 168 311 310)
4(149 148 291 292)
4(121 264 265 122)
4(177 320 330 187)
4(53 222 365 99)
4(198 341 375 232)
4(30 221 364 76)
4(121 264 266 123)
4(111 155 298 254)
4(111 254 339 196)
4(155 196 339 298)
4(190 333 370 227)
4(197 227 370 340)
4(155 298 372 229)
4(111 229 372 254)
4(157 165 308 300)
4(157 300 345 202)
4(201 344 384 241)
4(214 241 384 357)
4(133 172 315 276)
4(132 275 315 172)
4(132 133 276 275)
4(127 126 269 270)
4(126 167 310 269)
4(148 140 283 291)
4(148 291 347 204)
4(140 204 347 283)
4(150 293 366 223)
4(190 223 366 333)
4(173 154 297 316)
4(173 316 317 174)
4(154 174 317 297)
4(113 170 313 256)
4(168 311 341 198)
4(168 163 306 311)
4(144 287 291 148)
4(144 140 283 287)
4(136 172 315 279)
4(133 136 279 276)
4(178 128 271 321)
4(128 187 330 271)
4(124 123 266 267)
4(123 125 268 266)
4(124 267 268 125)
4(121 264 267 124)
4(199 106 249 342)
4(162 163 306 305)
4(160 303 306 163)
4(129 272 343 200)
4(129 132 275 272)
4(132 200 343 275)
4(172 315 316 173)
4(172 154 297 315)
4(125 268 269 126)
4(128 129 272 271)
4(128 271 343 200)
4(125 268 270 127)
4(170 171 314 313)
4(170 313 350 207)
4(160 167 310 303)
4(147 290 296 153)
4(147 150 293 290)
4(150 153 296 293)
4(203 346 347 204)
4(179 182 325 322)
4(181 324 325 182)
4(181 179 322 324)
4(132 275 316 173)
4(179 183 326 322)
4(144 287 292 149)
4(153 223 366 296)
4(110 253 366 223)
4(136 279 290 147)
4(138 147 290 281)
4(136 138 281 279)
4(147 172 315 290)
4(179 178 321 322)
4(128 127 270 271)
4(127 129 272 270)
4(109 252 348 205)
4(103 198 341 246)
4(103 246 375 232)
4(125 268 271 128)
4(162 164 307 305)
4(182 213 356 325)
4(156 299 341 198)
4(124 267 321 178)
4(125 178 321 268)
4(147 290 297 154)
4(153 154 297 296)
4(26 72 381 238)
4(114 238 381 257)
4(130 131 274 273)
4(129 130 273 272)
4(129 272 274 131)
4(124 267 322 179)
4(131 274 329 186)
4(151 146 289 294)
4(151 294 298 155)
4(146 155 298 289)
4(49 95 383 240)
4(115 240 383 258)
4(143 286 289 146)
4(134 146 289 277)
4(143 134 277 286)
4(132 131 274 275)
4(131 133 276 274)
4(173 200 343 316)
4(209 352 360 217)
4(210 217 360 353)
4(185 220 363 328)
4(152 295 363 220)
4(138 150 293 281)
4(175 174 317 318)
4(175 318 319 176)
4(138 197 340 281)
4(173 316 318 175)
4(131 134 277 274)
4(133 276 277 134)
4(143 286 294 151)
4(146 289 329 186)
4(134 186 329 277)
4(116 259 364 221)
4(146 156 299 289)
4(155 298 299 156)
4(117 260 365 222)
4(175 318 320 177)
4(176 177 320 319)
4(187 330 343 200)
4(167 163 306 310)
4(124 180 323 267)
4(18 64 337 194)
4(19 194 337 65)
4(104 36 82 247)
4(36 191 334 82)
4(104 247 334 191)
4(19 65 245 102)
4(20 102 245 66)
4(42 88 244 101)
4(43 101 244 89)
4(111 18 64 254)
4(111 254 337 194)
4(38 110 253 84)
4(37 83 253 110)
4(16 103 246 62)
4(15 61 246 103)
4(38 193 336 84)
4(35 81 247 104)
4(12 58 248 105)
4(13 105 248 59)
4(102 194 337 245)
4(39 85 243 100)
4(40 100 243 86)
4(37 191 334 83)
4(16 196 339 62)
4(103 246 339 196)
4(17 196 339 63)
4(39 193 336 85)
4(17 63 254 111)
4(100 193 336 243)
4(110 191 334 253)
4(190 104 247 333)
4(190 333 334 191)
4(120 263 352 209)
4(180 209 352 323)
4(135 134 277 278)
4(135 278 286 143)
4(133 276 278 135)
4(135 136 279 278)
4(189 227 370 332)
4(208 351 370 227)
4(208 189 332 351)
4(175 318 330 187)
4(180 179 322 323)
4(180 323 324 181)
4(141 284 287 144)
4(141 140 283 284)
4(139 142 285 282)
4(139 282 340 197)
4(142 197 340 285)
4(145 288 354 211)
4(154 297 367 224)
4(182 228 371 325)
4(213 356 371 228)
4(139 141 284 282)
4(141 142 285 284)
4(20 192 335 66)
4(102 245 335 192)
4(21 192 335 67)
4(189 332 333 190)
4(189 104 247 332)
4(162 305 362 219)
4(105 219 362 248)
4(194 337 338 195)
4(102 195 338 245)
4(175 200 343 318)
4(120 263 360 217)
4(35 188 331 81)
4(34 80 331 188)
4(104 188 331 247)
4(42 88 355 212)
4(136 137 280 279)
4(137 138 281 280)
4(101 228 371 244)
4(143 286 346 203)
4(139 282 283 140)
4(137 140 283 280)
4(139 137 280 282)
4(144 287 327 184)
4(149 184 327 292)
4(143 204 347 286)
4(135 278 347 204)
4(176 212 355 319)
4(138 139 282 281)
4(44 90 356 213)
4(45 213 356 91)
4(135 137 280 278)
4(145 144 287 288)
4(145 288 327 184)
4(118 261 360 217)
4(188 331 332 189)
4(141 284 288 145)
4(13 59 362 219)
4(41 87 355 212)
4(184 185 328 327)
4(10 56 252 109)
4(11 109 252 57)
4(34 108 251 80)
4(33 79 251 108)
4(21 67 342 199)
4(22 199 342 68)
4(184 201 344 327)
4(185 328 344 201)
4(24 214 357 70)
4(23 69 357 214)
4(227 242 385 370)
4(208 351 385 242)
4(137 204 347 280)
4(10 205 348 56)
4(9 55 348 205)
4(33 206 349 79)
4(32 78 349 206)
4(141 211 354 284)
4(142 285 354 211)
4(9 117 260 55)
4(8 54 260 117)
4(32 116 259 78)
4(31 77 259 116)
4(105 248 382 239)
4(166 239 382 309)
4(170 313 351 208)
4(207 208 351 350)
4(15 232 375 61)
4(40 233 376 86)
4(102 245 361 218)
4(108 251 331 188)
4(24 70 358 215)
4(25 215 358 71)
4(43 228 371 89)
4(45 91 250 107)
4(46 107 250 92)
4(22 68 249 106)
4(23 106 249 69)
4(12 58 382 239)
4(184 225 368 327)
4(47 93 359 216)
4(48 216 359 94)
4(2 236 379 6)
4(30 76 379 236)
4(0 237 380 4)
4(53 99 380 237)
4(1 5 381 238)
4(194 337 372 229)
4(3 7 383 240)
4(191 223 366 334)
4(212 355 376 233)
4(108 206 349 251)
4(155 226 369 298)
4(196 339 369 226)
4(8 237 380 54)
4(31 236 379 77)
4(41 87 376 233)
4(107 230 373 250)
4(210 353 373 230)
4(208 231 374 351)
4(189 332 374 231)
4(25 71 381 238)
4(109 239 382 252)
4(174 224 367 317)
4(100 243 367 224)
4(210 115 258 353)
4(115 217 360 258)
4(48 94 383 240)
4(156 226 369 299)
4(108 207 350 251)
4(115 258 359 216)
4(210 216 359 353)
4(44 90 371 228)
4(227 142 285 370)
4(142 242 385 285)
4(214 357 358 215)
4(198 341 369 226)
4(103 226 369 246)
4(220 201 344 363)
4(220 363 384 241)
4(11 239 382 57)
4(215 238 381 358)
4(114 215 358 257)
4(207 231 374 350)
4(188 331 374 231)
4(220 234 377 363)
4(216 240 383 359)
4(46 92 373 230)
4(47 230 373 93)
4(216 230 373 359)
4(108 231 374 251)
4(114 257 377 234)
4(221 364 379 236)
4(116 259 379 236)
4(222 365 380 237)
4(115 258 378 235)
4(117 237 380 260)
4(217 235 378 360)
4(215 241 384 358)
4(220 114 257 363)
4(114 257 384 241)
3(202 205 165)
3(345 308 348)
3(149 225 192)
3(292 335 368)
3(177 183 101)
3(320 244 326)
3(192 218 149)
3(335 292 361)
3(148 218 195)
3(291 338 361)
3(165 205 117)
3(308 260 348)
3(171 206 116)
3(314 259 349)
3(166 202 158)
3(309 301 345)
3(195 203 148)
3(338 291 346)
3(118 119 112)
3(261 255 262)
3(181 209 107)
3(324 250 352)
3(161 162 105)
3(304 248 305)
3(171 207 206)
3(314 349 350)
3(109 202 166)
3(252 309 345)
3(113 171 29)
3(256 75 314)
3(112 165 52)
3(255 98 308)
3(190 197 150)
3(333 293 340)
3(101 183 182)
3(244 325 326)
3(105 166 161)
3(248 304 309)
3(27 234 28)
3(73 74 377)
3(192 225 199)
3(335 342 368)
3(171 221 29)
3(314 75 364)
3(118 120 119)
3(261 262 263)
3(101 212 177)
3(244 320 355)
3(122 158 157)
3(265 300 301)
3(165 222 52)
3(308 98 365)
3(28 234 152)
3(74 295 377)
3(153 193 110)
3(296 253 336)
3(151 203 195)
3(294 338 346)
3(28 113 29)
3(74 75 256)
3(51 112 52)
3(97 98 255)
3(161 166 158)
3(304 301 309)
3(195 229 151)
3(338 294 372)
3(174 176 100)
3(317 243 319)
3(209 210 107)
3(352 250 353)
3(14 219 164)
3(60 307 362)
3(122 157 119)
3(265 262 300)
3(120 121 119)
3(263 262 264)
3(122 159 158)
3(265 301 302)
3(152 185 169)
3(295 312 328)
3(169 211 170)
3(312 313 354)
3(164 232 14)
3(307 60 375)
3(163 198 164)
3(306 307 341)
3(50 235 51)
3(96 97 378)
3(152 169 113)
3(295 256 312)
3(169 185 145)
3(312 288 328)
3(107 213 181)
3(250 324 356)
3(126 159 123)
3(269 266 302)
3(211 242 170)
3(354 313 385)
3(160 162 161)
3(303 304 305)
3(126 160 159)
3(269 302 303)
3(26 114 27)
3(72 73 257)
3(49 115 50)
3(95 96 258)
3(28 152 113)
3(74 256 295)
3(51 118 112)
3(97 255 261)
3(160 161 159)
3(303 302 304)
3(168 186 156)
3(311 299 329)
3(130 186 168)
3(273 311 329)
3(51 235 118)
3(97 261 378)
3(183 187 178)
3(326 321 330)
3(119 157 112)
3(262 255 300)
3(176 233 100)
3(319 243 376)
3(123 159 122)
3(266 265 302)
3(130 167 127)
3(273 270 310)
3(120 180 121)
3(263 264 323)
3(106 225 201)
3(249 344 368)
3(201 214 106)
3(344 249 357)
3(159 161 158)
3(302 301 304)
3(153 224 193)
3(296 336 367)
3(130 168 167)
3(273 310 311)
3(149 218 148)
3(292 291 361)
3(121 122 119)
3(264 262 265)
3(177 187 183)
3(320 326 330)
3(52 222 53)
3(98 99 365)
3(198 232 164)
3(341 307 375)
3(29 221 30)
3(75 76 364)
3(121 123 122)
3(264 265 266)
3(111 196 155)
3(254 298 339)
3(190 227 197)
3(333 340 370)
3(155 229 111)
3(298 254 372)
3(157 202 165)
3(300 308 345)
3(201 241 214)
3(344 357 384)
3(132 172 133)
3(275 276 315)
3(127 167 126)
3(270 269 310)
3(148 204 140)
3(291 283 347)
3(150 223 190)
3(293 333 366)
3(173 174 154)
3(316 297 317)
3(169 170 113)
3(312 256 313)
3(168 198 163)
3(311 306 341)
3(144 148 140)
3(287 283 291)
3(133 172 136)
3(276 279 315)
3(178 187 128)
3(321 271 330)
3(124 125 123)
3(267 266 268)
3(121 124 123)
3(264 266 267)
3(199 225 106)
3(342 249 368)
3(160 163 162)
3(303 305 306)
3(129 200 132)
3(272 275 343)
3(172 173 154)
3(315 297 316)
3(125 126 123)
3(268 266 269)
3(128 200 129)
3(271 272 343)
3(125 127 126)
3(268 269 270)
3(170 207 171)
3(313 314 350)
3(126 167 160)
3(269 303 310)
3(147 153 150)
3(290 293 296)
3(203 204 148)
3(346 291 347)
3(181 182 179)
3(324 322 325)
3(170 171 113)
3(313 256 314)
3(132 173 172)
3(275 315 316)
3(182 183 179)
3(325 322 326)
3(144 149 148)
3(287 291 292)
3(110 223 153)
3(253 296 366)
3(136 147 138)
3(279 281 290)
3(136 172 147)
3(279 290 315)
3(179 183 178)
3(322 321 326)
3(128 129 127)
3(271 270 272)
3(109 205 202)
3(252 345 348)
3(103 232 198)
3(246 341 375)
3(125 128 127)
3(268 270 271)
3(163 164 162)
3(306 305 307)
3(181 213 182)
3(324 325 356)
3(156 198 168)
3(299 311 341)
3(124 178 125)
3(267 268 321)
3(147 154 153)
3(290 296 297)
3(26 238 114)
3(72 257 381)
3(129 131 130)
3(272 273 274)
3(124 179 178)
3(267 321 322)
3(131 186 130)
3(274 273 329)
3(151 155 146)
3(294 289 298)
3(49 240 115)
3(95 258 383)
3(129 130 127)
3(272 270 273)
3(143 146 134)
3(286 277 289)
3(132 133 131)
3(275 274 276)
3(129 132 131)
3(272 274 275)
3(132 200 173)
3(275 316 343)
3(209 217 210)
3(352 353 360)
3(125 178 128)
3(268 271 321)
3(152 220 185)
3(295 328 363)
3(147 150 138)
3(290 281 293)
3(175 176 174)
3(318 317 319)
3(150 197 138)
3(293 281 340)
3(173 175 174)
3(316 317 318)
3(133 134 131)
3(276 274 277)
3(143 151 146)
3(286 289 294)
3(151 229 155)
3(294 298 372)
3(146 186 134)
3(289 277 329)
3(116 221 171)
3(259 314 364)
3(155 156 146)
3(298 289 299)
3(117 222 165)
3(260 308 365)
3(175 177 176)
3(318 319 320)
3(156 186 146)
3(299 289 329)
3(187 200 128)
3(330 271 343)
3(167 168 163)
3(310 306 311)
3(121 180 124)
3(264 267 323)
3(134 186 131)
3(277 274 329)
3(160 167 163)
3(303 306 310)
3(18 194 19)
3(64 65 337)
3(104 191 36)
3(247 82 334)
3(19 102 20)
3(65 66 245)
3(42 101 43)
3(88 89 244)
3(111 194 18)
3(254 64 337)
3(37 110 38)
3(83 84 253)
3(15 103 16)
3(61 62 246)
3(110 193 38)
3(253 84 336)
3(35 104 36)
3(81 82 247)
3(12 105 13)
3(58 59 248)
3(19 194 102)
3(65 245 337)
3(39 100 40)
3(85 86 243)
3(36 191 37)
3(82 83 334)
3(103 196 16)
3(246 62 339)
3(16 196 17)
3(62 63 339)
3(38 193 39)
3(84 85 336)
3(17 111 18)
3(63 64 254)
3(39 193 100)
3(85 243 336)
3(37 191 110)
3(83 253 334)
3(17 196 111)
3(63 254 339)
3(147 172 154)
3(290 297 315)
3(157 165 112)
3(300 255 308)
3(190 191 104)
3(333 247 334)
3(120 209 180)
3(263 323 352)
3(135 143 134)
3(278 277 286)
3(133 135 134)
3(276 277 278)
3(133 136 135)
3(276 278 279)
3(208 227 189)
3(351 332 370)
3(175 187 177)
3(318 320 330)
3(180 181 179)
3(323 322 324)
3(141 144 140)
3(284 283 287)
3(139 197 142)
3(282 285 340)
3(145 211 169)
3(288 312 354)
3(154 224 153)
3(297 296 367)
3(213 228 182)
3(356 325 371)
3(139 142 141)
3(282 284 285)
3(102 192 20)
3(245 66 335)
3(20 192 21)
3(66 67 335)
3(189 190 104)
3(332 247 333)
3(162 219 105)
3(305 248 362)
3(194 195 102)
3(337 245 338)
3(189 227 190)
3(332 333 370)
3(173 200 175)
3(316 318 343)
3(158 202 157)
3(301 300 345)
3(120 217 209)
3(263 352 360)
3(34 188 35)
3(80 81 331)
3(35 188 104)
3(81 247 331)
3(42 212 101)
3(88 244 355)
3(136 138 137)
3(279 280 281)
3(124 180 179)
3(267 322 323)
3(175 200 187)
3(318 330 343)
3(182 228 101)
3(325 244 371)
3(143 203 151)
3(286 294 346)
3(139 140 137)
3(282 280 283)
3(144 184 149)
3(287 292 327)
3(135 204 143)
3(278 286 347)
3(177 212 176)
3(320 319 355)
3(138 197 139)
3(281 282 340)
3(44 213 45)
3(90 91 356)
3(136 137 135)
3(279 278 280)
3(145 184 144)
3(288 287 327)
3(118 217 120)
3(261 263 360)
3(188 189 104)
3(331 247 332)
3(141 145 144)
3(284 287 288)
3(180 209 181)
3(323 324 352)
3(13 219 14)
3(59 60 362)
3(139 141 140)
3(282 283 284)
3(41 212 42)
3(87 88 355)
3(145 185 184)
3(288 327 328)
3(10 109 11)
3(56 57 252)
3(33 108 34)
3(79 80 251)
3(143 204 203)
3(286 346 347)
3(21 199 22)
3(67 68 342)
3(185 201 184)
3(328 327 344)
3(23 214 24)
3(69 70 357)
3(208 242 227)
3(351 370 385)
3(140 204 137)
3(283 280 347)
3(9 205 10)
3(55 56 348)
3(32 206 33)
3(78 79 349)
3(142 211 141)
3(285 284 354)
3(153 223 150)
3(296 293 366)
3(138 139 137)
3(281 280 282)
3(8 117 9)
3(54 55 260)
3(31 116 32)
3(77 78 259)
3(105 239 166)
3(248 309 382)
3(170 208 207)
3(313 350 351)
3(192 199 21)
3(335 67 342)
3(14 232 15)
3(60 61 375)
3(137 204 135)
3(280 278 347)
3(100 233 40)
3(243 86 376)
3(102 218 192)
3(245 335 361)
3(108 188 34)
3(251 80 331)
3(24 215 25)
3(70 71 358)
3(101 228 43)
3(244 89 371)
3(45 107 46)
3(91 92 250)
3(22 106 23)
3(68 69 249)
3(12 239 105)
3(58 248 382)
3(201 225 184)
3(344 327 368)
3(47 216 48)
3(93 94 359)
3(164 219 162)
3(307 305 362)
3(30 236 2)
3(76 6 379)
3(53 237 0)
3(99 4 380)
3(1 238 26)
3(5 72 381)
3(194 229 195)
3(337 338 372)
3(3 240 49)
3(7 95 383)
3(195 218 102)
3(338 245 361)
3(190 223 191)
3(333 334 366)
3(212 233 176)
3(355 319 376)
3(105 219 13)
3(248 59 362)
3(10 205 109)
3(56 252 348)
3(33 206 108)
3(79 251 349)
3(141 211 145)
3(284 288 354)
3(196 226 155)
3(339 298 369)
3(0 237 8)
3(4 54 380)
3(2 236 31)
3(6 77 379)
3(41 233 212)
3(87 355 376)
3(210 230 107)
3(353 250 373)
3(189 231 208)
3(332 351 374)
3(25 238 1)
3(71 5 381)
3(166 239 109)
3(309 252 382)
3(100 224 174)
3(243 317 367)
3(210 217 115)
3(353 258 360)
3(48 240 3)
3(94 7 383)
3(155 226 156)
3(298 299 369)
3(206 207 108)
3(349 251 350)
3(117 205 9)
3(260 55 348)
3(116 206 32)
3(259 78 349)
3(115 216 210)
3(258 353 359)
3(44 228 213)
3(90 356 371)
3(174 224 154)
3(317 297 367)
3(45 213 107)
3(91 250 356)
3(191 223 110)
3(334 253 366)
3(227 242 142)
3(370 285 385)
3(214 215 24)
3(357 70 358)
3(22 199 106)
3(68 249 342)
3(198 226 103)
3(341 246 369)
3(220 241 201)
3(363 344 384)
3(109 239 11)
3(252 57 382)
3(106 214 23)
3(249 69 357)
3(193 224 100)
3(336 243 367)
3(156 226 198)
3(299 341 369)
3(170 242 208)
3(313 351 385)
3(103 226 196)
3(246 339 369)
3(185 220 201)
3(328 344 363)
3(114 238 215)
3(257 358 381)
3(208 231 207)
3(351 350 374)
3(184 225 149)
3(327 292 368)
3(188 231 189)
3(331 332 374)
3(152 234 220)
3(295 363 377)
3(115 240 216)
3(258 359 383)
3(111 229 194)
3(254 337 372)
3(43 228 44)
3(89 90 371)
3(197 227 142)
3(340 285 370)
3(15 232 103)
3(61 246 375)
3(46 230 47)
3(92 93 373)
3(107 230 46)
3(250 92 373)
3(47 230 216)
3(93 359 373)
3(207 231 108)
3(350 251 374)
3(40 233 41)
3(86 87 376)
3(11 239 12)
3(57 58 382)
3(216 230 210)
3(359 353 373)
3(114 234 27)
3(257 73 377)
3(108 231 188)
3(251 331 374)
3(142 242 211)
3(285 354 385)
3(221 236 30)
3(364 76 379)
3(116 236 221)
3(259 364 379)
3(222 237 53)
3(365 99 380)
3(115 235 50)
3(258 96 378)
3(31 236 116)
3(77 259 379)
3(8 237 117)
3(54 260 380)
3(117 237 222)
3(260 365 380)
3(215 238 25)
3(358 71 381)
3(216 240 48)
3(359 94 383)
3(118 235 217)
3(261 360 378)
3(217 235 115)
3(360 258 378)
3(214 241 215)
3(357 358 384)
3(220 234 114)
3(363 257 377)
3(114 241 220)
3(257 363 384)
3(215 241 114)
3(358 257 384)
4(18 19 65 64)
4(19 20 66 65)
4(42 43 89 88)
4(37 38 84 83)
4(15 16 62 61)
4(35 36 82 81)
4(12 13 59 58)
4(39 40 86 85)
4(36 37 83 82)
4(16 17 63 62)
4(38 39 85 84)
4(17 18 64 63)
4(20 21 67 66)
4(34 35 81 80)
4(44 45 91 90)
4(13 14 60 59)
4(41 42 88 87)
4(10 11 57 56)
4(33 34 80 79)
4(21 22 68 67)
4(23 24 70 69)
4(9 10 56 55)
4(32 33 79 78)
4(8 9 55 54)
4(31 32 78 77)
4(14 15 61 60)
4(24 25 71 70)
4(45 46 92 91)
4(22 23 69 68)
4(47 48 94 93)
4(0 8 54 4)
4(2 31 77 6)
4(25 1 5 71)
4(48 3 7 94)
4(43 44 90 89)
4(46 47 93 92)
4(40 41 87 86)
4(11 12 58 57)
4(27 28 74 73)
4(28 29 75 74)
4(26 27 73 72)
4(29 30 76 75)
4(30 2 6 76)
4(1 26 72 5)
4(51 52 98 97)
4(50 51 97 96)
4(49 50 96 95)
4(52 53 99 98)
4(53 0 4 99)
4(3 49 95 7)
)


// ************************************************************************* //
