/*--------------------------------*- C++ -*----------------------------------*\
| =========                 |                                                 |
| \\      /  F ield         | OpenFOAM: The Open Source CFD Toolbox           |
|  \\    /   O peration     | Version:  2412                                  |
|   \\  /    A nd           | Website:  www.openfoam.com                      |
|    \\/     M anipulation  |                                                 |
\*---------------------------------------------------------------------------*/
FoamFile
{
    version     2.0;
    format      ascii;
    arch        "LSB;label=32;scalar=64";
    class       vectorField;
    location    "constant/polyMesh";
    object      points;
}
// * * * * * * * * * * * * * * * * * * * * * * * * * * * * * * * * * * * * * //


386
(
(0 0 0)
(1 0 0)
(1 0.5 0)
(0 0.5 0)
(0 0 0.001)
(1 0 0.001)
(1 0.5 0.001)
(0 0.5 0.001)
(0.05263134317 0 0)
(0.1052628207 0 0)
(0.1578944325 0 0)
(0.2105261232 0 0)
(0.2631580037 0 0)
(0.3157896943 0 0)
(0.3684213734 0 0)
(0.4210529181 0 0)
(0.4736843284 0 0)
(0.5263156716 0 0)
(0.5789470819 0 0)
(0.6315786266 0 0)
(0.6842103057 0 0)
(0.7368419963 0 0)
(0.7894738768 0 0)
(0.8421055675 0 0)
(0.8947371793 0 0)
(0.9473686568 0 0)
(1 0.05898370601 0)
(1 0.1417423072 0)
(1 0.25 0)
(1 0.3582576928 0)
(1 0.441016294 0)
(0.9473686568 0.5 0)
(0.8947371793 0.5 0)
(0.8421055675 0.5 0)
(0.7894738768 0.5 0)
(0.7368419963 0.5 0)
(0.6842103057 0.5 0)
(0.6315786266 0.5 0)
(0.5789470819 0.5 0)
(0.5263156716 0.5 0)
(0.4736843284 0.5 0)
(0.4210529181 0.5 0)
(0.3684213734 0.5 0)
(0.3157896943 0.5 0)
(0.2631580037 0.5 0)
(0.2105261232 0.5 0)
(0.1578944325 0.5 0)
(0.1052628207 0.5 0)
(0.05263134317 0.5 0)
(0 0.441016294 0)
(0 0.3582576928 0)
(0 0.25 0)
(0 0.1417423072 0)
(0 0.05898370601 0)
(0.05263134317 0 0.001)
(0.1052628207 0 0.001)
(0.1578944325 0 0.001)
(0.2105261232 0 0.001)
(0.2631580037 0 0.001)
(0.3157896943 0 0.001)
(0.3684213734 0 0.001)
(0.4210529181 0 0.001)
(0.4736843284 0 0.001)
(0.5263156716 0 0.001)
(0.5789470819 0 0.001)
(0.6315786266 0 0.001)
(0.6842103057 0 0.001)
(0.7368419963 0 0.001)
(0.7894738768 0 0.001)
(0.8421055675 0 0.001)
(0.8947371793 0 0.001)
(0.9473686568 0 0.001)
(1 0.05898370601 0.001)
(1 0.1417423072 0.001)
(1 0.25 0.001)
(1 0.3582576928 0.001)
(1 0.441016294 0.001)
(0.9473686568 0.5 0.001)
(0.8947371793 0.5 0.001)
(0.8421055675 0.5 0.001)
(0.7894738768 0.5 0.001)
(0.7368419963 0.5 0.001)
(0.6842103057 0.5 0.001)
(0.6315786266 0.5 0.001)
(0.5789470819 0.5 0.001)
(0.5263156716 0.5 0.001)
(0.4736843284 0.5 0.001)
(0.4210529181 0.5 0.001)
(0.3684213734 0.5 0.001)
(0.3157896943 0.5 0.001)
(0.2631580037 0.5 0.001)
(0.2105261232 0.5 0.001)
(0.1578944325 0.5 0.001)
(0.1052628207 0.5 0.001)
(0.05263134317 0.5 0.001)
(0 0.441016294 0.001)
(0 0.3582576928 0.001)
(0 0.25 0.001)
(0 0.1417423072 0.001)
(0 0.05898370601 0.001)
(0.4929423706 0.4535984069 0)
(0.3414062867 0.4502783702 0)
(0.6575084974 0.04535745676 0)
(0.4508438572 0.04336103031 0)
(0.7104404815 0.4543182421 0)
(0.28442703 0.04908838193 0)
(0.8125916458 0.04762304533 0)
(0.1829563759 0.4448644178 0)
(0.8157896851 0.4548335907 0)
(0.188425041 0.04255970801 0)
(0.6052628543 0.4544198034 0)
(0.5516651376 0.04418476241 0)
(0.08136337129 0.2017580592 0)
(0.9193074663 0.2987993265 0)
(0.9429883844 0.09411619116 0)
(0.058172892 0.4047853323 0)
(0.9226690728 0.4508513055 0)
(0.07723699592 0.04910125439 0)
(0.09381235854 0.2854231886 0)
(0.1557554934 0.2416029746 0)
(0.1635788644 0.3147575542 0)
(0.2189505352 0.2766194877 0)
(0.215249939 0.2056115051 0)
(0.2728876731 0.239942799 0)
(0.2776602299 0.303307104 0)
(0.3281378928 0.2692002119 0)
(0.3252582476 0.2075527174 0)
(0.3776492694 0.2369942619 0)
(0.3813090885 0.2968274553 0)
(0.4295291109 0.2648503583 0)
(0.4262902454 0.2066507242 0)
(0.4771440969 0.2342806888 0)
(0.4793232943 0.2912846325 0)
(0.5265455724 0.2610056339 0)
(0.5244324954 0.2047653777 0)
(0.5736590709 0.2305612364 0)
(0.5763065032 0.2872308857 0)
(0.6245165306 0.2554698877 0)
(0.6272030464 0.3130619559 0)
(0.6779692773 0.2815362645 0)
(0.6746748166 0.2209312222 0)
(0.7305878057 0.2480340403 0)
(0.7317148508 0.3088839386 0)
(0.5710477491 0.1751063407 0)
(0.7259898433 0.1847946267 0)
(0.7848346934 0.2147884924 0)
(0.5226880161 0.1495934756 0)
(0.5790232603 0.3436598647 0)
(0.6673483996 0.1507089702 0)
(0.7202503941 0.1224158156 0)
(0.6300344048 0.3700929958 0)
(0.573556352 0.1225176934 0)
(0.905220045 0.2115682711 0)
(0.5796150927 0.4043475107 0)
(0.5324595323 0.373339222 0)
(0.5250798552 0.09211984883 0)
(0.474978443 0.1242572821 0)
(0.1547710896 0.1685207399 0)
(0.2199137038 0.1389362421 0)
(0.2718908259 0.1746285881 0)
(0.3257151406 0.1479703494 0)
(0.2777724729 0.1116493742 0)
(0.3278460799 0.09040237775 0)
(0.3761668996 0.1208803333 0)
(0.3742371173 0.06464053482 0)
(0.09092896135 0.1204726206 0)
(0.2290604476 0.07931531323 0)
(0.3756203854 0.1781591599 0)
(0.4245963267 0.1498547657 0)
(0.8509120695 0.2584893377 0)
(0.839321332 0.3301420635 0)
(0.9085579595 0.3795402342 0)
(0.5291087254 0.3171169584 0)
(0.4814706764 0.3465523568 0)
(0.4847955388 0.4009526357 0)
(0.4360363799 0.3770132439 0)
(0.4411413213 0.4276804377 0)
(0.3909678696 0.4071412454 0)
(0.3325838509 0.3289114036 0)
(0.2841968065 0.3638167829 0)
(0.2268267109 0.3393752795 0)
(0.2337799624 0.4003850136 0)
(0.2870970698 0.4203339799 0)
(0.3368834504 0.3872013891 0)
(0.7772924418 0.1502409943 0)
(0.838742173 0.1763687786 0)
(0.4750216039 0.178233719 0)
(0.3849958586 0.3533763375 0)
(0.7631436388 0.4555417753 0)
(0.7429307728 0.4108186265 0)
(0.6823791106 0.4010290755 0)
(0.6578943737 0.4544197598 0)
(0.7156106801 0.05720201791 0)
(0.5526313432 0.4544199198 0)
(0.6050375088 0.04326217974 0)
(0.6258358017 0.09654823408 0)
(0.5002121925 0.04332445902 0)
(0.6789066527 0.3391940346 0)
(0.4259566779 0.0888093843 0)
(0.7631579366 0.04558038112 0)
(0.4321107348 0.3216507307 0)
(0.8347170274 0.1048724447 0)
(0.1669823744 0.1042507946 0)
(0.6130567978 0.148002269 0)
(0.6204922442 0.2005394642 0)
(0.131121771 0.05273072959 0)
(0.8709941866 0.4481528241 0)
(0.8353814497 0.3999079004 0)
(0.7851975364 0.373581204 0)
(0.1757469184 0.3785037925 0)
(0.1272795559 0.4184970336 0)
(0.7862758029 0.2765770718 0)
(0.4017263987 0.4592090228 0)
(0.244498564 0.4552476951 0)
(0.8666569282 0.04705090148 0)
(0.9182042846 0.04410946147 0)
(0.08536465181 0.4579010082 0)
(0.1121745138 0.3576099292 0)
(0.6795557577 0.09218216347 0)
(0.334144259 0.0408262589 0)
(0.8858229987 0.1328272686 0)
(0.9558686647 0.4132041573 0)
(0.04405499098 0.08660424335 0)
(0.6310371672 0.4168618291 0)
(0.5268813484 0.4179447284 0)
(0.7680603209 0.09251868777 0)
(0.4754142051 0.07837440091 0)
(0.730833536 0.359814183 0)
(0.289473849 0.4659027594 0)
(0.5789470326 0.07887026741 0)
(0.1316236445 0.463609764 0)
(0.7887700979 0.4182319691 0)
(0.4071897964 0.03839063135 0)
(0.4473686232 0.4701540836 0)
(0.9365682154 0.1561902418 0)
(0.05283195288 0.3312152286 0)
(0.9627373275 0.4607401042 0)
(0.03726267252 0.03925989577 0)
(0.9617122652 0.03944187173 0)
(0.2356115389 0.03282545149 0)
(0.0392337774 0.4607405269 0)
(0.8947372312 0.08422978043 0)
(0.7772498485 0.3267573841 0)
(0.4929423706 0.4535984069 0.001)
(0.3414062867 0.4502783702 0.001)
(0.6575084974 0.04535745676 0.001)
(0.4508438572 0.04336103031 0.001)
(0.7104404815 0.4543182421 0.001)
(0.28442703 0.04908838193 0.001)
(0.8125916458 0.04762304533 0.001)
(0.1829563759 0.4448644178 0.001)
(0.8157896851 0.4548335907 0.001)
(0.188425041 0.04255970801 0.001)
(0.6052628543 0.4544198034 0.001)
(0.5516651376 0.04418476241 0.001)
(0.08136337129 0.2017580592 0.001)
(0.9193074663 0.2987993265 0.001)
(0.9429883844 0.09411619116 0.001)
(0.058172892 0.4047853323 0.001)
(0.9226690728 0.4508513055 0.001)
(0.07723699592 0.04910125439 0.001)
(0.09381235854 0.2854231886 0.001)
(0.1557554934 0.2416029746 0.001)
(0.1635788644 0.3147575542 0.001)
(0.2189505352 0.2766194877 0.001)
(0.215249939 0.2056115051 0.001)
(0.2728876731 0.239942799 0.001)
(0.2776602299 0.303307104 0.001)
(0.3281378928 0.2692002119 0.001)
(0.3252582476 0.2075527174 0.001)
(0.3776492694 0.2369942619 0.001)
(0.3813090885 0.2968274553 0.001)
(0.4295291109 0.2648503583 0.001)
(0.4262902454 0.2066507242 0.001)
(0.4771440969 0.2342806888 0.001)
(0.4793232943 0.2912846325 0.001)
(0.5265455724 0.2610056339 0.001)
(0.5244324954 0.2047653777 0.001)
(0.5736590709 0.2305612364 0.001)
(0.5763065032 0.2872308857 0.001)
(0.6245165306 0.2554698877 0.001)
(0.6272030464 0.3130619559 0.001)
(0.6779692773 0.2815362645 0.001)
(0.6746748166 0.2209312222 0.001)
(0.7305878057 0.2480340403 0.001)
(0.7317148508 0.3088839386 0.001)
(0.5710477491 0.1751063407 0.001)
(0.7259898433 0.1847946267 0.001)
(0.7848346934 0.2147884924 0.001)
(0.5226880161 0.1495934756 0.001)
(0.5790232603 0.3436598647 0.001)
(0.6673483996 0.1507089702 0.001)
(0.7202503941 0.1224158156 0.001)
(0.6300344048 0.3700929958 0.001)
(0.573556352 0.1225176934 0.001)
(0.905220045 0.2115682711 0.001)
(0.5796150927 0.4043475107 0.001)
(0.5324595323 0.373339222 0.001)
(0.5250798552 0.09211984883 0.001)
(0.474978443 0.1242572821 0.001)
(0.1547710896 0.1685207399 0.001)
(0.2199137038 0.1389362421 0.001)
(0.2718908259 0.1746285881 0.001)
(0.3257151406 0.1479703494 0.001)
(0.2777724729 0.1116493742 0.001)
(0.3278460799 0.09040237775 0.001)
(0.3761668996 0.1208803333 0.001)
(0.3742371173 0.06464053482 0.001)
(0.09092896135 0.1204726206 0.001)
(0.2290604476 0.07931531323 0.001)
(0.3756203854 0.1781591599 0.001)
(0.4245963267 0.1498547657 0.001)
(0.8509120695 0.2584893377 0.001)
(0.839321332 0.3301420635 0.001)
(0.9085579595 0.3795402342 0.001)
(0.5291087254 0.3171169584 0.001)
(0.4814706764 0.3465523568 0.001)
(0.4847955388 0.4009526357 0.001)
(0.4360363799 0.3770132439 0.001)
(0.4411413213 0.4276804377 0.001)
(0.3909678696 0.4071412454 0.001)
(0.3325838509 0.3289114036 0.001)
(0.2841968065 0.3638167829 0.001)
(0.2268267109 0.3393752795 0.001)
(0.2337799624 0.4003850136 0.001)
(0.2870970698 0.4203339799 0.001)
(0.3368834504 0.3872013891 0.001)
(0.7772924418 0.1502409943 0.001)
(0.838742173 0.1763687786 0.001)
(0.4750216039 0.178233719 0.001)
(0.3849958586 0.3533763375 0.001)
(0.7631436388 0.4555417753 0.001)
(0.7429307728 0.4108186265 0.001)
(0.6823791106 0.4010290755 0.001)
(0.6578943737 0.4544197598 0.001)
(0.7156106801 0.05720201791 0.001)
(0.5526313432 0.4544199198 0.001)
(0.6050375088 0.04326217974 0.001)
(0.6258358017 0.09654823408 0.001)
(0.5002121925 0.04332445902 0.001)
(0.6789066527 0.3391940346 0.001)
(0.4259566779 0.0888093843 0.001)
(0.7631579366 0.04558038112 0.001)
(0.4321107348 0.3216507307 0.001)
(0.8347170274 0.1048724447 0.001)
(0.1669823744 0.1042507946 0.001)
(0.6130567978 0.148002269 0.001)
(0.6204922442 0.2005394642 0.001)
(0.131121771 0.05273072959 0.001)
(0.8709941866 0.4481528241 0.001)
(0.8353814497 0.3999079004 0.001)
(0.7851975364 0.373581204 0.001)
(0.1757469184 0.3785037925 0.001)
(0.1272795559 0.4184970336 0.001)
(0.7862758029 0.2765770718 0.001)
(0.4017263987 0.4592090228 0.001)
(0.244498564 0.4552476951 0.001)
(0.8666569282 0.04705090148 0.001)
(0.9182042846 0.04410946147 0.001)
(0.08536465181 0.4579010082 0.001)
(0.1121745138 0.3576099292 0.001)
(0.6795557577 0.09218216347 0.001)
(0.334144259 0.0408262589 0.001)
(0.8858229987 0.1328272686 0.001)
(0.9558686647 0.4132041573 0.001)
(0.04405499098 0.08660424335 0.001)
(0.6310371672 0.4168618291 0.001)
(0.5268813484 0.4179447284 0.001)
(0.7680603209 0.09251868777 0.001)
(0.4754142051 0.07837440091 0.001)
(0.730833536 0.359814183 0.001)
(0.289473849 0.4659027594 0.001)
(0.5789470326 0.07887026741 0.001)
(0.1316236445 0.463609764 0.001)
(0.7887700979 0.4182319691 0.001)
(0.4071897964 0.03839063135 0.001)
(0.4473686232 0.4701540836 0.001)
(0.9365682154 0.1561902418 0.001)
(0.05283195288 0.3312152286 0.001)
(0.9627373275 0.4607401042 0.001)
(0.03726267252 0.03925989577 0.001)
(0.9617122652 0.03944187173 0.001)
(0.2356115389 0.03282545149 0.001)
(0.0392337774 0.4607405269 0.001)
(0.8947372312 0.08422978043 0.001)
(0.7772498485 0.3267573841 0.001)
)


// ************************************************************************* //
