/*--------------------------------*- C++ -*----------------------------------*\
| =========                 |                                                 |
| \\      /  F ield         | OpenFOAM: The Open Source CFD Toolbox           |
|  \\    /   O peration     | Version:  2412                                  |
|   \\  /    A nd           | Website:  www.openfoam.com                      |
|    \\/     M anipulation  |                                                 |
\*---------------------------------------------------------------------------*/
FoamFile
{
    version     2.0;
    format      ascii;
    arch        "LSB;label=32;scalar=64";
    note        "nPoints:5258  nCells:5115  nFaces:17974  nInternalFaces:7601";
    class       labelList;
    location    "constant/polyMesh";
    object      neighbour;
}
// * * * * * * * * * * * * * * * * * * * * * * * * * * * * * * * * * * * * * //


7601
(
148
248
866
95
471
3968
121
3409
3980
61
213
2250
41
92
740
30
92
2703
20
529
2535
111
251
439
126
3397
5108
221
3584
4308
60
511
3431
117
202
3153
189
259
4682
158
231
940
62
402
3043
269
497
502
91
557
4533
51
359
2074
264
3335
4418
171
187
3147
360
3488
387
4942
5089
82
870
3843
33
298
35
502
3916
31
3396
3398
286
3645
4656
70
330
1577
150
249
353
90
250
408
3348
3460
314
1784
297
389
4676
517
3176
346
834
4776
4693
4934
136
4172
5102
144
4241
4899
189
253
4557
46
3497
4424
757
4191
4792
2846
3719
364
501
4480
65
251
3049
690
808
4713
108
209
5005
413
3048
453
549
688
576
587
4468
118
182
235
3330
4806
5112
459
775
162
308
1881
149
211
607
73
147
3611
101
430
678
243
276
582
244
275
350
83
3277
4404
282
4488
4856
1076
3621
162
579
429
673
395
577
3220
178
533
2621
264
4751
216
303
1932
153
543
3445
146
809
3306
291
425
3919
695
3426
132
680
3677
85
188
846
196
3614
128
4686
4886
263
477
3581
246
373
4064
145
401
4218
289
351
4865
95
4003
5100
198
330
792
222
383
879
164
328
143
2800
125
267
393
597
598
98
125
805
185
495
3632
314
2861
3287
341
614
840
186
5006
4055
5103
1384
715
4213
4894
604
3476
4873
3479
200
555
884
140
201
883
585
3536
3339
4493
5104
204
210
3301
521
4785
278
419
3437
159
207
580
403
4104
4624
133
355
4913
137
3795
5084
227
334
503
312
4136
273
3505
4167
152
4519
5109
290
3335
155
621
4666
445
636
3530
212
407
781
384
563
5017
283
885
4425
3136
138
4194
205
218
4337
3624
4745
4761
782
5111
279
316
4912
173
312
548
141
169
616
3529
599
4835
801
804
4769
506
4839
379
423
2665
166
654
4742
778
3581
3930
936
4568
602
4048
797
4091
4352
439
737
3288
369
5021
3288
3291
184
3751
3657
4943
5106
160
4692
4444
4875
143
284
3927
2838
794
4480
785
4035
1009
3901
528
3913
192
280
365
3221
494
4722
313
4496
4788
4260
4921
488
933
512
715
3905
4122
4295
433
523
4507
636
4640
5110
669
4224
168
306
612
3878
370
371
2799
2211
174
3125
4210
3917
5053
258
904
3733
484
5062
386
392
4661
800
833
493
4414
3337
4128
4302
222
4009
234
4020
4103
208
3977
308
579
387
483
4936
393
769
4400
301
685
4642
785
3638
183
850
3548
268
418
225
3518
3833
365
762
3320
3753
508
617
489
587
5087
417
736
377
3041
409
272
329
592
395
3843
5077
317
4898
3271
3720
4138
448
595
2079
3185
4792
5113
412
3104
665
3479
4327
1060
4618
3471
4678
5072
292
821
294
820
3415
3773
316
513
3967
4176
601
1731
267
585
659
586
660
563
784
273
3845
461
4229
218
641
303
871
220
602
3727
427
490
919
441
754
245
4359
4903
2180
471
472
2269
491
5090
409
4230
285
541
3959
4483
318
3643
3785
3216
3776
656
4519
4987
356
452
622
4017
4637
367
3323
3490
593
870
4705
3292
3770
376
412
895
441
449
1876
580
800
607
5000
548
3977
4344
323
3402
3981
274
3346
4689
321
2956
4448
3608
4914
5107
252
306
4017
3311
3337
4040
366
4431
650
801
4574
4736
487
592
2488
403
3744
4070
4071
4721
765
833
372
3657
292
537
3152
293
538
3170
294
539
3173
304
366
4139
761
3842
351
3448
368
3794
4249
315
1727
4269
295
477
4208
3991
4928
4830
858
4836
5043
3865
3985
4154
3537
3155
3441
3676
4322
411
4126
277
281
3707
598
3041
4541
3686
4007
421
4281
422
4130
296
597
3196
3435
4431
3996
5022
3390
3841
3919
4389
3727
4845
325
3452
375
679
856
4291
451
3654
3675
313
4650
4690
777
5065
755
3477
527
578
682
681
684
683
3193
4638
823
4276
4353
4685
645
3179
304
730
4396
348
3633
4941
625
5052
540
4799
4982
2211
3982
434
3278
3704
438
415
869
3169
3124
477
3721
3930
3288
4626
4919
362
3191
3643
4619
4624
3350
3956
4452
4450
4815
3775
3987
335
3991
4006
3491
4607
5002
864
3812
519
3459
4279
3831
4262
374
390
4390
550
3796
339
724
3637
505
3284
3943
395
397
3037
3494
4078
514
675
3969
482
620
3994
370
391
436
500
873
3713
5009
473
603
4217
686
4129
4513
416
609
3501
743
988
858
3469
3950
661
2616
535
536
1906
347
3717
4985
674
4748
4809
524
3535
3715
3344
4384
856
4970
3906
5041
449
486
754
461
4034
799
400
3405
3575
653
5098
3724
5010
5105
3528
4949
510
4740
559
676
4290
485
643
3762
3630
4186
399
3487
509
594
627
3464
4060
443
3984
4693
627
3555
3275
694
731
3208
769
3631
834
4790
2289
2924
4409
4308
4585
512
4985
455
3148
454
3147
457
3144
456
3146
379
581
3270
1281
583
716
741
3751
4108
4906
469
3427
3586
970
4639
4989
5097
556
3829
4056
767
3373
4531
474
4148
4996
818
5014
722
4193
3096
3110
4920
5099
4339
566
613
916
519
810
4313
4228
4952
674
693
5114
852
3788
555
603
815
4084
3703
3866
4847
458
4391
4992
4238
4414
5101
410
4711
4938
536
845
3594
5017
4138
3916
4833
3849
3851
749
531
3496
435
684
735
696
3552
3969
420
3436
605
4312
1319
4354
733
758
4070
4071
725
3561
3971
4470
4554
3633
4484
768
4202
4744
687
466
731
3102
464
3103
468
3105
470
528
3104
3049
3327
3589
621
3645
3706
4399
645
918
444
4409
500
510
659
499
660
4320
610
611
985
871
575
4006
4963
3554
3564
2291
3778
4661
4817
615
675
2927
646
3541
3615
4079
2534
797
3705
4316
3342
3486
520
3863
3741
4481
462
811
463
758
465
759
467
760
4427
4844
2084
3538
672
3486
3898
4270
701
3165
702
3184
703
3154
704
3181
707
3166
708
3156
711
3164
712
3175
713
3158
2911
807
5100
933
4150
4481
4851
545
838
4005
677
4634
4913
491
4023
5050
670
3509
3642
623
624
2414
630
4916
4942
864
4365
3879
5072
4427
4562
667
4630
643
2548
823
4454
619
1118
586
3579
3510
4085
4602
3308
3805
4253
870
4238
784
793
3757
562
3823
4315
4716
5016
543
589
1547
622
3701
5057
4905
730
3767
554
3636
4501
3630
3670
3876
4966
3530
4504
4640
604
4544
745
4205
3537
3482
4630
4628
5013
3501
4488
613
816
3226
522
3809
3864
3495
4297
666
3454
3806
4369
745
791
896
4958
4411
4864
3140
4392
3672
4027
596
700
1312
597
896
3390
3971
4856
3324
3598
3606
546
3351
3821
3702
4005
544
3906
5066
3485
4732
3476
4904
5036
596
2332
2180
647
648
649
3507
4853
4274
4356
548
4136
4158
4150
4095
4134
3077
4549
3852
4800
565
2317
3735
4450
5056
553
4331
668
669
818
4290
4562
3207
3416
720
4757
4217
685
4977
4380
4826
573
3344
4768
3622
4781
569
3741
4450
3366
3649
5084
4358
4866
3594
699
714
3716
623
3566
679
811
606
3793
4595
872
3248
3831
4052
5048
629
3802
4372
572
710
4010
581
3416
3713
4274
628
4134
4838
4188
5065
4071
4130
756
4688
810
4410
640
3579
2508
625
4139
3504
4141
753
874
3231
4497
689
741
927
747
831
640
1607
4133
787
3662
4038
3628
4890
5053
3829
4318
3538
3907
845
823
4324
4490
3671
4113
4791
634
3935
4954
1079
3834
691
3460
872
4223
4228
3692
3933
4438
3359
4609
724
969
1061
3417
3739
3758
987
3819
3873
2924
3970
3843
5031
762
3811
898
3516
3659
3838
4063
646
1182
4884
4345
2407
1975
3660
4660
3603
4621
4636
5003
3267
4723
3313
4383
3676
3948
656
4642
4851
719
4095
5015
3092
4396
4206
4986
688
3717
4346
3118
3783
4124
4960
644
3373
4661
910
3794
4028
2373
642
2671
2776
4337
3355
4147
4965
3279
4042
705
821
706
3387
709
820
3917
3934
725
2411
4796
767
3887
5036
756
3391
4052
4290
815
3316
3695
5052
3311
4233
4566
738
3393
3840
839
3320
3876
3920
4680
853
4375
4530
3875
4464
5064
3238
4771
773
3394
695
2548
2076
4442
2073
775
4498
728
776
2864
3478
4277
682
3201
4991
3656
3828
4819
4666
4949
759
3206
826
3439
4655
3393
3830
829
828
830
827
3961
3522
4733
830
3173
4593
760
3253
4349
4501
3348
3442
780
781
2194
4309
4994
4396
4590
3165
3226
772
3608
3966
3366
4680
5010
3186
4143
825
3470
3197
3203
3201
3199
3198
3202
3208
3200
3209
3207
3206
3205
3204
728
3400
4752
3253
764
4050
3469
3966
5094
4257
5080
3263
4731
744
932
3766
3923
4001
766
3647
4670
4373
4011
3465
4743
4835
3936
4212
4790
3241
798
3330
5089
4234
3321
3168
3177
3745
3180
3184
3153
3163
4062
3170
3179
3174
3180
3477
4617
4293
4407
3507
4238
4705
3460
3483
997
849
865
2080
3376
4240
2090
3712
3555
747
841
946
972
1014
3340
3364
843
3382
844
862
3314
4036
4057
4543
3119
3367
3498
3646
3976
3527
3710
4057
5049
3944
5076
848
846
847
763
795
4227
764
3384
865
4940
4978
4567
4604
3550
4825
4976
3896
1914
3395
3408
3461
3718
4171
4158
5061
793
3444
921
3309
3328
3532
1275
3290
4188
4379
3774
4824
824
825
2023
845
1747
1928
4413
4841
3746
4519
4927
4321
812
1049
3281
3308
4087
4137
3531
3726
4177
802
3119
3572
4422
4530
4867
3767
4922
848
3436
4350
4918
5057
805
4050
3198
3575
3609
4736
3185
4870
4221
4242
4059
5054
1574
3317
3657
4459
4557
4157
4266
3627
857
3467
4611
2725
3458
4120
4782
4142
4515
3556
3226
813
2595
815
3134
875
3046
3234
869
4166
837
860
4140
4781
878
951
3227
3739
3575
3326
3473
3659
2062
3480
2332
879
880
882
3883
883
3286
884
3866
881
876
3244
3524
4840
5101
4069
4768
3698
3884
3959
4120
4710
4803
899
4317
3553
3702
3172
3722
3171
3722
3244
4189
3209
3520
3739
891
3614
892
4015
896
895
897
4390
3384
4611
3549
4024
876
877
2244
3239
3789
3732
3931
3225
3389
3539
3777
3781
4407
4717
4523
4735
4257
3571
3766
3870
901
3670
3466
4230
4674
930
3305
3805
4048
4726
2953
3396
4624
3702
3768
4264
958
3128
3149
5039
2498
4100
4234
1830
3343
911
3918
1905
1664
3245
913
4155
915
916
3142
919
3304
918
4332
920
917
3941
4387
4083
4102
4907
908
2918
3718
889
3093
3341
934
1014
900
907
1835
923
3113
924
3302
894
901
2082
4186
3434
926
927
4081
4338
937
2078
934
935
937
921
922
1629
952
3087
3095
4174
4573
906
2077
4183
3457
1014
2101
2289
3110
928
929
1613
3450
3708
938
939
930
931
1640
941
942
925
3072
3282
944
3150
943
946
948
949
950
947
4445
1919
1725
3310
953
3492
3219
3411
1049
3070
3082
3420
956
2516
3070
1049
1819
1875
2715
3332
2066
4300
1101
3111
1011
3055
945
3035
965
3610
3053
3133
963
4561
3050
3126
967
4014
968
971
969
970
957
4463
4482
974
3362
972
4217
973
3380
975
3772
3126
3211
3093
3111
978
3034
960
966
3033
976
3035
4201
979
3084
959
2070
3126
3296
3039
1028
3462
964
976
3369
963
3212
2073
977
2065
982
3059
3027
3044
984
3058
3129
3222
988
985
986
987
4150
990
3807
991
3519
989
3331
2060
980
3851
995
3120
996
997
3553
4264
992
1028
3015
1003
4514
993
998
1052
1004
3836
1005
3196
3315
4487
3210
1006
1008
1009
1010
1007
3542
998
3033
1000
2990
1000
1002
2969
1017
2984
1018
1019
3808
3013
1011
1012
1576
1053
1175
3014
3017
2997
2998
1029
1030
1032
1033
1035
4443
1038
4280
1037
1040
3009
3523
3010
1039
3580
1391
1877
3056
1021
1978
3005
1024
1043
1044
1022
2708
3543
1045
4365
3000
3099
1047
4363
1031
1036
2972
1067
2989
1026
1044
1025
1026
1926
2987
2989
1027
1083
2987
1042
1111
1764
1057
1058
2994
3083
1083
2987
1059
3679
2993
3081
1052
1053
2766
1060
1061
2988
2989
3011
3704
1062
3022
1063
3023
1064
3837
1048
1050
2258
1048
1072
1067
4162
3974
1068
3994
1051
1055
1097
1069
3006
1070
1051
1624
1072
2311
2950
1056
1065
2765
1065
2965
1066
2968
3858
3868
1074
2996
1075
2995
3426
1076
1079
3405
1078
1080
1077
3012
1624
1071
2940
3669
1081
3004
1082
3758
1083
2971
1092
2970
1105
2972
2981
2982
1084
4489
1085
3600
3664
4277
4577
1088
3379
1087
1086
2978
1090
1091
1093
3878
1094
1095
1098
1099
1100
3032
1101
3031
2983
3913
1254
2312
3686
2961
3615
1104
1109
2939
2979
1107
3024
1114
1115
3001
3743
1109
2961
2967
1102
1106
2958
2999
1116
3573
1117
1119
1118
1110
2912
1110
1113
2581
1120
3025
1106
1112
1146
1121
1122
1109
1154
2955
1147
1112
2238
2526
2937
2938
2948
3857
1130
4220
1135
2959
1138
1139
1140
2956
2986
1154
1155
1158
4061
1160
3534
1126
1129
1625
1128
1170
2181
1127
1134
1151
1132
2450
1129
1720
2930
3827
2172
1189
2949
1136
1427
2471
1153
1195
2922
2936
2942
2535
3725
1194
3620
1159
1198
1143
1159
1525
2946
2957
1203
3019
3020
3098
1172
1174
2395
1156
1157
2845
1150
1215
1149
1229
2430
1148
1161
1351
1147
1969
2179
1153
1223
1163
2649
1169
2543
1152
2435
2401
4190
1627
1222
1224
2934
1172
1252
1173
1253
1235
3002
1716
3565
3655
1174
1252
1164
1173
2328
1168
2673
1190
1260
1166
1181
1450
1180
2555
1177
1178
1226
1177
1452
1185
2669
1427
1878
1309
1755
2915
2399
2399
2107
3013
3015
1179
1187
2761
1931
1210
2542
1181
2623
1183
2632
2738
2639
2941
1218
2183
1191
1385
3149
1214
1524
1281
2508
2758
1204
1462
1236
1249
1400
1330
4287
1245
1311
1211
1859
1225
1227
1381
1207
1248
2645
1334
1377
1200
1573
1211
1395
1467
1202
1773
3303
1215
1878
1209
1214
1221
1223
2188
1269
1277
1605
1219
1749
2947
3740
1247
2678
1218
1234
1717
1247
1291
1918
1325
2760
1228
1299
1409
1240
2295
1269
1491
2771
1258
2505
2842
1262
1308
1860
1302
1406
1359
2481
2814
1243
1246
2247
2775
1237
2563
1268
1279
2137
1308
2669
1414
2935
2807
1415
3003
1284
1626
1307
2504
1345
2783
1317
2731
1309
2875
1535
1610
3117
1311
1422
2587
1333
1347
2686
1298
2359
3407
2837
4016
1431
1432
1273
2618
1261
1283
1282
1313
1803
1448
1586
2882
1279
1552
1267
1502
2566
1273
1328
2191
2809
3014
1327
1361
1649
1276
2468
1411
2653
2168
1386
2228
1276
2583
1364
2476
2484
1260
1416
2455
2807
1260
1424
1290
4559
1283
1314
1480
1386
2051
3414
1278
2561
3785
1357
2897
1365
2605
4002
1264
1421
1406
2108
1429
2465
2636
1314
2165
1271
2876
3687
1440
1462
2827
1280
2769
1306
2293
2504
1287
1512
2505
1389
1687
1515
1681
1751
1422
1335
1402
1419
1426
2642
1422
1284
1543
1638
1704
1482
1292
1886
2919
1535
1622
1722
1491
1288
2547
2591
1321
1365
2205
1598
2162
2497
2706
1607
2139
4406
1553
2635
1317
1786
1336
2114
1326
1548
2186
1383
1590
1805
1363
1621
2741
1602
1696
2349
1316
2271
2573
1698
2598
1435
2443
1438
1800
2019
1338
1591
1863
1552
1628
1352
1885
3988
1398
2530
4299
1324
1378
2338
1425
1552
1452
2136
1718
2925
1443
1549
1683
2455
1559
1747
1610
2401
2602
1611
1917
2895
2624
3613
2678
1379
1623
1755
1322
2376
1370
1537
3557
1597
2280
1765
1900
1455
2274
3833
1541
2456
1976
2735
1698
1818
1435
2830
1554
1656
1341
2480
2723
1518
1571
1332
1369
2750
1646
2339
2516
2893
3646
3885
1343
1538
1509
1561
1444
1464
1595
1797
2304
1350
2560
3223
2675
2789
2844
1808
2192
1353
1564
2358
1420
2155
1579
1643
4571
1369
2860
1442
2408
2677
1713
2410
1777
2024
3474
1378
2385
2610
1429
2620
1401
2310
1635
1955
1499
1649
1577
1652
4193
1402
1952
2053
1563
1648
2321
2797
3873
1727
1854
4439
2764
3091
1487
1642
1809
1564
2676
1451
1473
2033
2640
2677
1419
1952
1666
1379
1474
1500
1582
1769
3355
1388
1609
2781
2656
1583
2517
1384
1464
2683
1460
1510
2000
1713
1929
2301
1399
1621
2661
1658
2537
2634
1456
2467
2844
1659
2964
2872
1882
1418
2271
2315
1543
2813
1521
1715
1744
1459
2693
2551
1436
2354
2805
1417
1471
1826
2557
2732
1537
1766
1468
1719
2512
1835
2164
1404
1493
2149
1413
1486
2387
1399
1423
2190
1538
2849
1488
2577
2597
1547
2007
3445
1578
2189
2549
1484
2371
1627
2424
2425
1483
1691
2604
2035
2458
1685
2220
3674
2669
1476
2112
2737
1634
1640
2151
1497
1786
1412
1558
2169
1494
1676
1488
1695
1533
2212
1596
1667
1566
1735
1672
1814
1494
2056
1692
2208
2849
1757
2425
2118
2756
1434
2742
1761
1814
2436
2768
2503
2829
2917
1496
1565
2578
2611
1522
1644
2490
1644
3654
1522
3028
1843
2237
2427
1592
1743
2698
1753
2282
1746
1891
3237
2734
3926
1557
2051
4435
1688
2828
2716
2770
4515
1824
2454
2525
2700
1495
2569
1463
1582
2309
1481
1498
2307
1469
2039
2227
1541
2872
1517
1993
2273
2183
2286
2156
2538
1546
1457
1609
2207
1572
1888
1949
1699
1854
1594
2343
1816
2198
1505
2326
4235
2631
2960
2345
2676
1539
3487
3861
2738
1831
2154
2494
1666
2323
2603
1489
3231
3824
1700
2606
2221
2386
2285
2732
1534
2106
2429
1676
2015
1520
2011
2160
2391
2588
1677
1892
1542
1591
1853
1837
1845
1503
1690
3853
1527
2731
2827
1705
1896
3545
1678
1762
1539
2267
1636
2098
2695
2792
2232
2552
1562
1691
2509
3801
3852
1815
2433
2580
1822
1830
1525
1580
1924
2652
1621
2010
2190
2497
2514
1599
1639
1953
2400
3839
1768
1944
2431
2651
1858
2294
1661
2006
1579
2746
2889
1904
2579
1776
1942
1573
2317
2407
1778
2556
1569
2002
2036
2279
2594
2643
1620
1852
2570
1529
1779
1564
1954
1589
1767
1903
2549
2742
1595
1949
1953
1575
1703
1802
1976
2645
1667
1887
2936
2355
3911
2578
2954
1641
1964
2806
2527
4146
1614
2367
2666
1676
1869
2145
1961
2141
2423
1536
3424
3793
1688
2444
1770
2477
4047
1796
2305
1550
1635
2109
2539
2945
3935
1922
1967
3723
2187
2633
2628
3730
1570
1601
1680
3688
1774
2710
1745
2682
3946
1783
2152
2641
1588
1665
1690
2263
1663
1794
1813
1619
2649
1905
2598
2691
1790
2659
2193
2887
1687
2821
2879
1686
4393
1600
2396
1657
2323
2537
1758
2004
3914
1727
1889
1930
2577
1593
3473
1684
2307
3809
2386
2769
1988
2679
2269
2713
1571
1857
2327
3038
2419
2779
4038
1643
2228
2589
2171
2735
1742
2564
4372
1736
1982
2647
1659
3595
2240
2502
1836
2507
1660
1618
4564
1910
1716
2034
1612
1976
2806
3762
1613
1983
1647
1694
1810
1679
1805
2631
2728
2892
1811
2247
3030
2365
2559
2369
2372
2005
2712
2843
1669
1821
2394
3729
1925
2789
2216
2693
2955
1712
2605
1651
2842
1787
2247
2494
2551
1654
2511
2492
2743
1613
2437
2492
1838
2336
3921
2290
2559
1607
2287
2463
1741
1812
2674
2654
3726
1937
2525
2166
2762
2536
3933
1699
2547
2562
1834
1887
2942
2018
2216
2552
1764
3323
2103
2758
1862
1921
1866
2011
1661
1709
2300
1627
1817
2314
2533
2141
2436
1904
2472
1645
2408
2418
1686
2236
2452
1646
2409
2593
1759
1879
2051
2478
2715
3333
1775
2295
1717
2175
2183
2744
3643
2438
2489
2133
2063
2166
2489
2613
2585
2017
2571
3929
2860
1867
2244
1962
2780
2443
2418
2496
3567
2131
2518
2128
4001
1674
2122
2151
1814
1987
1939
2352
2985
1846
2618
2528
2622
1797
2843
3412
2534
2548
1827
2572
4035
4446
2234
3449
1867
2831
1977
3525
3475
1771
2248
2403
3821
2214
2714
2024
2448
3356
1789
2459
4289
1714
2511
2339
2438
2613
2133
4231
1825
2254
2322
2320
2544
1901
2061
2144
2500
1975
4223
1910
2037
1917
1925
2330
1890
2343
2240
2431
1977
3478
3353
1702
1849
1805
2095
2270
1991
2818
1959
2573
2318
2592
3348
2178
2459
1853
1863
2597
2694
1914
1936
2210
1739
2491
1756
1859
1708
1788
2318
1844
2349
1923
2431
2191
2396
2366
2397
1837
2371
2583
1831
1972
3431
2339
2593
1730
2915
2326
2363
3737
2005
2415
4109
2464
4022
2481
2042
4303
1847
2515
2047
3764
1956
2295
1806
2395
2102
2450
1996
2462
3998
1749
2061
1997
2265
2372
1783
1883
2202
2118
2173
1751
1826
2001
1798
2282
4575
1730
1827
2306
2627
1760
2490
2307
2340
4411
1952
1972
2154
1738
1771
2279
2943
4315
1953
2337
2064
3568
4112
1887
2022
1870
2380
1743
2224
2301
2266
2976
1866
3666
1998
1912
2361
2202
4110
2347
2788
1934
1808
2044
2553
1938
1809
2292
2719
2806
2442
2499
2828
1891
3236
2285
2545
4101
2907
1784
2398
2116
2495
3831
3972
1889
2591
2017
2316
2121
2845
1897
2538
1965
2167
2811
2032
1995
4555
2349
2517
1836
1877
2196
2277
1935
2790
1776
1981
2747
1778
2046
2560
2406
3975
2473
2606
1855
2249
3932
2096
2322
2088
2107
2127
1817
2198
2424
1989
2174
3498
1803
2113
2227
2888
2584
1933
2116
2829
1884
2485
2550
2438
2569
1810
4073
1980
2149
1800
1973
2125
1939
2596
4111
1967
2400
4026
2251
3386
2155
2495
3893
1895
2114
1825
2324
2354
1835
2199
2246
3569
1888
2156
2261
1833
1941
1947
2132
2273
2823
1979
2399
1931
1971
2542
2329
2219
1994
2189
2550
2203
2422
2159
2264
2235
2292
1895
2348
2522
1898
2217
1983
3658
1875
2133
3433
2055
2224
2157
2243
1977
2023
2097
2025
2418
2268
1964
2319
1907
2126
2152
1891
2110
2135
2138
3482
1948
2028
3599
2020
2614
2170
2539
2685
2364
1920
2899
2257
2356
2644
2136
2529
4335
2499
2521
3301
1965
2031
2528
2667
2697
2043
2694
2225
2298
2216
2494
2009
2215
2014
2515
2874
2106
2442
1892
2099
2169
1896
2140
2257
2003
2362
2275
2600
2288
2412
2106
2209
2444
2457
3802
1944
2030
3128
2426
2446
1982
2219
2510
2031
2052
2206
2272
2470
2670
2212
2532
4576
2378
2486
1959
2092
2100
2054
2299
2217
2720
1894
2479
2689
2016
2433
2656
1997
1999
2369
2240
3835
4366
3685
1909
2233
2241
2108
2325
2805
1950
2114
2125
2218
2315
1907
2123
2456
2682
2196
2278
1943
3187
2019
2125
2033
2600
1980
2467
2123
1995
2027
2347
2061
2331
2143
4065
2338
2385
1960
3192
1992
2062
2263
2027
2461
2338
2479
2109
2513
3334
1958
2091
1915
2150
2142
2220
2907
2242
2243
2520
2128
4196
2589
2047
2297
3095
2428
2695
1979
2253
2512
2493
1919
2487
1934
2194
3915
2773
2278
2296
2281
2927
3700
1965
2381
2041
2341
2020
2449
1968
2148
2576
2238
2708
1931
2003
2673
2366
2671
1998
2045
2099
2184
2008
2795
2357
2425
2394
2092
2309
2013
4540
2574
2787
2331
2406
2312
2380
2624
3909
2274
2491
2057
2478
2213
2428
2443
2035
2036
2375
2285
2527
4118
2011
2039
2284
2427
2018
2143
2223
1974
2115
2457
2021
2052
2193
2213
2249
2446
1962
2137
2179
2166
2445
2469
2186
2187
2012
2543
1969
1968
2034
2054
2453
2013
2519
3696
1974
2145
2526
2215
2265
2664
2030
2231
2476
2223
2383
2119
1987
2236
2988
2328
2514
2057
2342
2261
3558
2392
2476
3673
2007
2150
2779
2262
2269
2725
2121
2035
2229
2222
2351
2012
2040
3029
1992
2478
2151
2389
3908
2252
2791
3377
2422
2540
2759
2190
2002
2375
2182
2280
2037
2056
2451
2231
2340
2607
2270
2025
2544
2519
2208
2245
2014
2058
2045
2404
2177
2655
2313
2299
2453
2083
2235
3675
2255
2566
2185
2182
2283
2170
2594
2263
3463
2319
2048
2093
2335
2856
2237
2417
2112
2364
2681
2277
2283
2189
3018
2255
2297
2302
2746
2204
2612
3240
2527
2141
2432
2119
2230
2455
2561
2420
2821
2260
2417
2410
2326
3274
2471
2520
3228
2276
2404
2696
2259
2501
2917
2358
2200
2357
2705
2329
2668
2485
2163
2507
2664
2060
2065
2071
2122
2091
2370
2439
2571
2081
2072
2087
2177
2809
3017
2276
2577
2803
2074
2084
3820
3039
3213
2082
3496
3768
3667
2090
4509
2084
3467
4471
2168
2296
2094
3497
2094
4472
2090
2518
2739
2186
2230
2633
2241
2718
2388
3378
4567
2144
4222
2268
2730
2220
2332
2146
2412
2320
2208
2790
2199
3867
2535
3788
2136
2558
2413
2864
3455
2259
3094
3472
2310
2334
2894
2282
2346
2280
2345
2464
2147
2377
2401
2387
4329
2413
2130
2201
2430
2563
2657
2229
2509
2659
2414
3938
2390
2239
2353
2830
2130
2416
2386
2395
2534
2342
2440
2477
2875
2303
2801
2345
2389
2567
2576
2902
2347
3576
2146
2284
3392
2308
2692
2405
4195
2316
4090
2207
3257
2653
2780
2256
2609
2153
2817
2229
2252
2390
2177
2423
2200
2473
2385
2284
2368
2200
2309
2701
2376
2461
2378
4529
2259
2384
3641
2303
2714
2663
2715
2313
2507
2298
2737
2201
2416
2761
2275
2356
2506
2760
2435
2522
2256
2472
2176
2840
2483
3300
2260
3367
2486
4417
2293
2316
2334
3574
2205
2276
2816
2721
2871
2532
2407
2524
2587
2260
2873
2851
2360
2204
2210
3408
2533
2440
2752
3640
2781
3682
2381
2460
2500
3256
2440
2603
2420
2580
2630
2353
2355
3319
2245
4474
2740
2329
2480
2361
2344
2344
2724
2337
2629
2774
2234
2264
2755
2466
2371
2391
2236
3021
3521
2557
3652
2691
2294
2255
2391
2498
3841
3578
2826
2553
2262
2444
2698
2660
2335
2368
3592
2252
2315
2313
2877
2486
2808
2751
2373
2608
2461
2854
2364
2586
2304
2847
2756
2397
2565
2977
2610
2321
2717
2824
2475
2500
2340
4569
2537
4144
2724
2555
2728
2353
2502
2390
2441
2314
2482
2374
3738
2622
2483
2881
2308
4454
2402
2648
2474
2529
4326
2564
3428
2470
2581
2570
2815
2637
2588
2568
2565
2599
2814
2458
2506
2480
2420
2310
2348
2411
2711
2488
2432
3016
2966
2783
3789
2703
2496
2763
2526
2448
2730
2392
2484
2506
2886
3533
3790
2468
2343
2525
2333
2582
3890
2426
2733
2513
2884
2489
2638
4198
2785
3124
3376
3856
2424
2383
2707
4311
2611
2672
2565
2702
2771
2429
2767
2503
2570
2380
3132
2366
3546
2792
2381
2658
3753
4467
2421
2601
2428
3188
2704
2445
2453
2615
2685
2463
2734
4184
2679
2662
2435
2749
3268
2688
3638
4552
2518
2556
2832
3570
2930
4246
2657
2684
3072
2699
3855
2509
2604
2862
4173
2835
2812
3211
3398
2457
2794
4170
2692
4271
2741
2531
2644
3891
2819
2421
2729
2696
2665
2839
3582
2524
2482
2680
2641
3540
2519
2736
2813
3665
2543
3138
2704
4278
2658
2625
2750
2472
2579
2609
2625
2516
2690
2897
4547
2542
2652
2628
2451
2447
2726
3137
2777
2651
2778
2647
2762
2635
2982
2544
2640
2479
2896
2546
2858
3634
2595
3272
4151
2699
2560
2739
2667
2745
2753
2586
2642
3299
2772
2501
2855
2567
2833
2631
2973
2612
2893
2712
2499
2868
2810
2566
2734
2523
4206
2836
2517
2655
3816
3583
2711
2896
2608
3116
3518
2701
2529
2850
2558
2719
2782
3307
2681
4107
2793
2536
3406
2628
4176
2784
2722
2870
2852
2634
2550
2820
2643
4432
3125
2652
3899
2602
2776
2621
2674
2614
2798
2871
2650
2834
3822
4383
2600
2754
2846
2618
2668
2686
2696
2803
2623
2626
2749
3804
2825
2587
2706
2885
3413
3096
2918
2615
2709
2683
2841
2688
3345
3404
2865
2903
2612
3964
4368
2786
3791
2629
2694
2768
2689
3945
2586
2606
2861
3415
3979
2602
2645
2710
2804
3786
2886
2593
2802
2644
2621
2702
3869
2867
3617
2716
2765
2800
2838
2622
2822
4127
3605
3862
3707
2774
2782
2840
2750
2836
2660
2626
2797
2775
2837
2858
2707
2727
3889
2672
3680
2772
2720
2766
3752
2665
2919
2769
2687
2755
2728
2890
2657
2811
2966
2723
2873
2705
3087
2691
3846
2848
3872
2763
2857
2718
2680
2757
3488
3731
4310
2751
3957
2925
2654
2732
2710
2817
2687
2736
2815
2673
2878
3080
2677
2853
2717
3437
2785
3254
2685
3880
4357
2668
2719
2892
2812
2717
3485
2871
2920
2823
2827
2759
3881
2774
2689
2703
2733
2764
2690
2727
2848
2743
2722
2747
2740
2748
2796
2731
3951
2787
2878
2718
2716
2796
2709
2793
2755
2725
3054
4563
2747
2869
2911
2742
2724
2778
2859
2808
2801
2751
4556
2834
2800
2802
3747
2796
2762
3952
2756
2881
2801
2822
2816
2867
2835
4060
2748
2814
2810
2764
2784
2785
3381
2793
2891
2850
2853
2804
2905
2928
2818
2805
2826
2816
2914
2913
2776
2812
2913
2914
3306
2868
2826
2786
2921
2890
2847
2898
2804
2791
2869
2784
2910
2815
2833
2900
2856
3255
2902
2795
3662
2824
2839
2916
3527
2832
2844
2891
2833
2923
4415
2867
2852
2831
2817
2820
2857
2860
2824
2841
2853
2908
2847
2851
2830
2838
3796
2881
2864
2901
2842
4503
2846
2885
3635
2869
2873
2904
2857
2852
2929
2868
2904
2880
2856
3325
2861
3894
2888
2905
2920
2878
2880
2866
2895
2921
2887
2894
2899
2931
2901
3628
2910
2877
4364
2907
2879
3949
3683
2898
2900
2888
2890
2884
2899
2903
2894
2891
2896
2900
2908
3859
2910
3071
2903
2904
3357
3250
2926
2909
2909
2918
2926
3784
4200
2916
2937
2965
2938
2940
2933
3968
2930
2933
2926
2923
2943
3823
2932
2932
2928
2931
2933
2944
3508
2932
2935
2943
2936
2951
2950
2951
2968
2952
2944
2953
2945
2946
4423
2947
3346
2949
4543
2954
2962
2962
2963
3419
2957
4036
2960
2957
2959
3539
2964
2967
2974
2969
2970
4370
3389
2968
2981
2973
2979
2980
2972
2977
2975
2975
3541
2976
3779
2985
2983
2986
2991
2991
3781
2985
2988
3611
3004
3040
4441
2998
3033
2997
3002
3008
3028
2995
3425
2996
4045
2999
3001
3026
3027
3484
3006
3008
4137
3024
3025
3045
3025
3021
3668
3024
3021
3728
4114
3715
3022
3232
3023
3430
3012
4185
4175
3016
3030
3018
3029
3029
3030
3032
3312
3031
3143
3031
3032
3036
4293
3036
3535
3040
3810
3039
3042
3043
3453
3045
3503
3045
3063
3064
3840
3063
3064
3321
3133
3219
3078
3089
3101
3061
3069
4479
3058
3261
3062
3067
3401
3060
3292
4243
3059
3661
3080
3114
3056
3115
3080
3068
3075
3089
3081
3083
3061
3062
3644
3074
3103
3102
3076
3088
3677
3067
3077
4089
3076
3090
4273
3074
4005
3071
3091
3091
4023
4613
4716
3077
3076
3289
3107
3678
3086
3122
3870
3371
3084
4013
3960
3099
3086
3771
4268
3090
3114
3089
3439
3101
4234
3094
3116
3116
3117
3108
3907
4159
3838
3953
4169
3107
3108
4037
3109
3145
3146
3144
3148
3923
3127
3135
3141
3112
3446
3112
3122
4171
3115
3121
3120
4455
3115
4177
4580
4955
3814
3812
3131
3642
3123
3130
3131
3192
3192
3797
3882
3211
3196
4334
3141
4572
3139
3577
4209
3691
3272
3884
3246
3259
3979
4121
3138
4502
3593
3217
3509
4500
4894
3217
3150
3222
3232
4428
3200
3202
4581
3199
3197
3203
3236
3210
3198
4600
3201
3199
3277
3253
3209
4603
3200
3544
3987
3483
4341
3207
3452
3349
3560
3350
3203
3202
3248
4595
3208
3549
3489
3548
3197
3368
3204
3205
3265
4599
3206
3270
3561
3559
4232
5076
3502
3681
3188
3418
3942
3230
3260
3284
3474
3564
3748
3987
4483
4928
3329
3932
4175
3318
3874
4021
3324
3792
4197
3264
3813
3264
3750
3229
3269
3284
3217
3242
3259
3349
3956
3513
3760
4284
3500
4229
4270
4034
4153
3832
3274
3388
3403
3450
3639
3449
3755
3398
4597
3336
4216
3440
4429
3532
3630
4192
3706
3526
4511
4617
3411
4258
3252
3298
3432
3338
3322
3338
3629
4855
3735
3861
3319
3910
3455
4161
3260
3782
3247
3259
3273
3245
3250
3280
4149
3280
3298
3981
3936
3959
4168
3937
3403
3529
4339
3294
4523
3332
3372
3295
3322
3257
3721
4397
3799
4376
4904
3273
3296
3383
3475
3748
4002
3499
4754
3997
4119
3466
3584
4686
3603
4653
3512
4377
3273
3361
4010
4810
5099
4250
4239
3443
4506
3512
4225
4609
4018
3964
4185
3380
4297
3294
3282
4179
3378
3526
3858
4049
4245
4485
4910
3304
3362
3894
4104
3401
3693
3299
3400
4320
4473
3401
3385
4418
4478
4615
3325
3399
3338
4275
5049
5098
3361
3404
3301
3845
3305
3447
3413
3765
3331
3332
3419
3424
3689
3658
3310
3877
3413
4843
3430
4570
3351
3801
3685
4305
3358
4863
3884
4168
3343
3392
3454
3684
3925
3752
3462
3383
3462
3495
3360
3729
4081
4685
4751
3738
4099
4047
4185
4897
3422
3334
4279
4369
4421
3378
4181
4129
4108
4683
3341
4451
3472
3655
3787
3412
4493
3508
4560
3508
4386
4641
4801
4097
4097
3822
3694
4158
4911
3521
4044
3567
3587
4563
3527
3357
4283
3990
3435
4239
4225
4641
3386
3456
3370
3451
3551
3699
4012
3867
4367
3501
4389
4641
5095
3540
3903
4121
3553
4416
3440
3619
3383
3399
3381
3447
4867
3944
4322
4905
3421
3597
3619
3576
3576
4115
3580
4362
3580
3563
3434
3492
4174
4160
4421
3410
3393
4581
3435
3680
3595
4659
4070
4281
3599
3697
4317
3514
3818
4756
4344
4677
3425
3502
4232
3734
3511
4051
4039
4122
4040
4128
3640
4412
4846
3449
3515
4116
3646
3604
3652
3652
3804
3621
4373
4135
4594
4132
3434
3596
3602
4573
3451
3523
3828
4056
5055
4447
3456
3664
3784
3792
3666
4323
3667
4405
4142
3673
3619
3973
3922
4288
4053
3680
3701
3732
3983
3678
3506
3442
4404
4415
4227
4719
3632
3651
3696
3678
4558
3500
4379
4524
3631
3542
4252
3703
3754
3588
4204
3484
3759
4491
3543
4512
4237
4594
3531
3606
3564
4077
4341
3591
3624
3876
3759
3517
3793
4255
4971
3473
3480
4324
4535
3742
3747
3747
3887
4889
4518
4885
3800
3579
3632
4381
3762
4312
3515
3779
3674
3786
3786
3819
4046
3745
4564
4787
4911
3653
3637
3855
4031
3628
3754
3995
3803
3803
3578
4496
4709
3650
3511
3810
3871
4603
4388
4746
3588
3597
4758
3782
4600
3613
3666
4599
3690
3714
3539
4066
4203
4595
3835
3837
3904
4041
4697
4285
3999
4830
3607
4646
4738
3853
4518
3857
4656
4706
3627
4965
3598
3782
3672
3871
3878
4508
3880
4050
4400
4498
3572
4068
3625
4165
3626
4582
3546
4798
4075
3993
4049
4626
4476
4476
4244
4375
4152
4336
3778
4323
3748
4191
3860
3971
4730
3558
4398
4387
3864
4550
3776
4532
4545
3749
4433
4616
3650
3714
3978
4082
3605
3660
3929
3929
4284
3570
4093
4605
4268
4300
3599
3888
3905
3593
3963
3909
4371
3755
5007
3583
4314
4343
5079
4490
4541
4746
3859
3903
4119
4608
4032
4353
4586
3844
4548
5007
4712
5108
3824
4122
3886
3814
3653
4067
3684
3725
3888
3958
3616
3711
3874
3711
3733
4900
3773
4435
3972
3731
3625
3706
4494
4051
4587
4072
4113
4025
4636
4691
5044
3756
4030
3994
3639
3763
3846
4128
3863
3896
4740
3905
4213
4707
4241
5019
3648
4058
4152
4475
3704
3775
4447
3842
4517
4903
4339
4767
3635
4296
4669
4782
4805
3856
4035
3761
3714
3742
4477
4037
4340
4670
4970
3667
4342
4088
4466
4473
4578
3691
3806
4461
3810
4061
4061
3700
4542
4437
3800
3895
3690
3817
4073
3961
4139
4687
4590
3721
4208
3669
4325
4440
4186
3795
4106
4080
4707
4090
4090
4613
4089
3958
4091
3756
4633
3683
4510
4330
3711
4430
4111
3688
4606
4457
3775
4303
3691
4501
4757
3770
4273
4344
5020
3902
4948
4063
4032
4140
4250
4483
3962
4020
4163
4530
4361
4098
4874
4151
3761
3912
4585
4943
4969
4421
4747
3797
4183
5104
4169
4161
4538
4064
4200
4060
4341
4230
4236
4187
4539
4839
4966
4190
4190
4048
4285
4495
4651
4182
4718
4200
4215
3763
3763
3842
3862
4321
4950
5075
4239
4374
4520
4007
4570
4996
4551
4087
4220
4834
4898
3965
4789
4851
4720
4998
3780
4300
4861
4235
4235
3937
3814
3909
4509
4041
4046
4112
3897
3845
4167
3877
4054
3882
3982
4265
3996
4815
4874
4883
4273
4347
4085
4280
4062
4548
4708
4553
4370
4854
4783
4068
3854
4268
4293
4686
4880
4299
4303
3898
3978
4310
4310
4027
4315
4160
4747
3965
4131
5001
4326
4149
4074
4099
4245
4837
4873
3938
4329
4329
4335
4425
4021
3901
4332
4141
4363
4366
3834
4737
4365
3854
4561
3825
3931
4131
3818
3892
3818
3960
4286
3928
4105
4417
4417
4423
4295
4028
4152
3912
3947
3962
3963
4610
4318
4778
3883
4407
4033
4197
4439
4304
4553
4091
4316
4123
3925
4160
4478
4581
4795
4499
5065
4302
3850
4472
3849
4471
4405
4471
4474
4859
4347
4575
4575
4489
4489
4571
3863
3983
4569
4569
4917
4676
4807
4482
4601
3993
4514
3939
4515
4572
4067
4042
4552
4547
3897
3940
4635
4029
4535
4662
4358
4211
4825
4572
4854
4213
4306
4355
4953
4248
4628
4348
4902
3891
4486
4591
3952
4008
3894
4394
4100
4223
4000
3947
4577
4364
4438
4673
5018
5082
4132
4084
4285
4522
4082
4445
4997
4816
4267
4301
3953
4368
4267
4434
4012
3995
4262
4411
4075
4526
5016
4157
4113
4629
4941
4578
4955
4163
4470
4043
4231
4785
4378
4619
4681
4540
4093
4534
4018
4252
4156
4463
4397
4058
4859
3942
4957
5053
4337
4356
4189
4066
4142
4643
4475
4583
4263
4398
4612
4140
4429
3984
3946
4635
4583
4226
4531
4882
3990
4711
4868
4935
4301
4420
3992
4428
4166
4652
5039
4385
4479
4721
4439
4319
4915
4352
4008
4778
4750
4649
4047
4436
4086
4841
5111
4327
3970
4783
4100
4096
4573
4165
4533
4054
4505
4306
4392
4019
4123
4522
4272
4718
4687
4000
4905
4427
5014
4298
4770
4776
4279
4594
4020
4059
4336
4833
4963
4038
4092
4180
4362
4739
4011
4208
4638
4751
4871
4249
4094
4214
4055
4908
4702
4836
4852
4811
4901
4045
4053
4639
4545
4028
4067
4080
4316
4588
4116
4521
4167
4872
4988
4677
5097
4226
4420
4565
4675
4467
5039
4030
4441
4478
4539
4358
4099
4910
4455
4373
4707
4429
4334
4360
4808
4747
4816
4216
4666
4209
4363
4765
4203
5078
4084
4219
4092
4919
4280
4819
4618
4893
4749
4148
4889
4244
4891
4269
4540
4593
4453
4999
4231
4765
4102
4891
4180
4514
4614
4520
4748
4679
4497
4675
4775
4283
4693
4193
4390
4105
4159
4169
4696
4508
4727
5063
4587
4136
4868
4614
4382
4401
4933
4137
4694
4196
4469
4822
4174
4658
4588
4739
4621
4691
4940
4381
4750
4753
5027
5092
4470
4730
4544
4211
4648
4296
4761
4901
4286
4325
4589
4240
4360
4878
4212
4495
4589
4621
4653
4796
4926
4577
4924
5078
4418
4492
4539
4264
4265
4419
4565
4566
4660
4215
4247
4210
4465
5015
4612
4731
4524
4697
4616
4631
4648
4708
4282
4553
4917
4653
4763
4422
4918
4977
4251
4276
4506
4537
4720
4974
4588
4779
4159
4558
4952
4931
4533
4546
4554
4376
4524
4810
5103
4487
4528
4319
4327
4177
4380
4776
4526
4842
4408
4182
4593
4828
5056
4181
4253
4791
4627
5111
4307
4534
4809
4198
4733
5030
4361
4214
4392
4507
4266
4861
4453
4741
4795
4240
4513
4275
4378
4962
4416
4568
4242
4865
4924
4314
4930
4778
4922
4357
4292
4667
4673
4632
4576
4744
4528
4419
4249
4634
4219
4446
4393
4261
4682
5004
4708
4824
4243
4442
4654
4426
4832
4229
4864
4807
5026
4580
4817
4731
4754
4937
5037
4340
4382
5107
4610
4799
4370
4525
4304
4382
4638
4307
4615
4701
4257
4647
4935
4447
4582
4650
4688
5077
4629
4944
4261
4289
4614
4896
4987
4287
4864
4598
4766
5000
4764
4435
4281
4406
4800
4434
4596
5009
4947
4454
4536
4434
4718
4532
4550
4934
4608
4547
4328
4430
5034
4333
4706
4762
4728
5012
4304
4401
4727
4507
4745
4362
4760
4862
4436
5112
4513
4521
4700
4894
4491
5074
4945
4972
4348
4892
4754
4772
5025
4350
5019
4771
4979
4722
4916
4609
4984
5032
4331
4333
4372
4527
4713
4335
4525
4383
4354
4466
4456
4924
4342
4442
4394
5040
5013
4717
4789
4883
4780
4438
4527
4509
4393
4395
4559
4574
4672
4555
4649
4797
4768
4866
4755
4990
4555
4482
4527
4917
4646
4725
4399
4730
4433
4633
4652
4863
4867
4831
4654
4869
4804
4831
4770
4461
4760
4794
4402
4504
4995
5041
4437
4743
4872
4995
5011
5062
4753
4446
4560
4824
4457
4428
4740
4907
4640
5033
4690
4724
4875
4415
4604
4465
4536
4859
4783
4772
4802
4734
4936
4678
4734
4848
4549
4792
4806
5057
4986
4567
4670
4437
4461
4750
4850
4808
4741
4825
4632
4564
4546
5073
4448
4618
4639
4848
4926
4692
4455
4644
4673
4915
4551
4646
4458
4881
4812
4584
4880
4766
4537
4715
4967
4983
4598
4813
4938
4619
4688
4962
4655
4951
5002
4625
4823
4652
4664
4704
4785
4958
4604
4829
5024
4712
4695
4799
4579
5003
4789
4802
4804
4793
4932
4635
5064
4863
4542
4678
4735
4733
4830
4906
4991
5094
4948
4805
4704
4816
4865
4888
4752
4970
4953
5018
4691
4902
4698
4591
4774
5059
4692
4601
4909
4543
4889
5100
5103
4801
4838
5008
4885
4990
4536
4809
5105
4571
4658
4854
5106
4948
4763
4869
4814
5114
4887
4912
4631
4759
4841
4622
4592
4826
4645
4933
4738
4732
4622
4915
5018
4682
4655
4689
4689
4883
5014
4796
5113
4871
4933
4643
4628
4625
5110
4586
4698
4674
4761
4696
5086
5086
4818
4600
4821
4630
5081
4683
4873
4764
4846
4756
4779
4845
4608
4895
4777
4921
4697
4892
4975
4711
4939
4793
4973
4982
4658
4757
4849
4735
4633
4919
4945
4971
5043
4856
4668
4780
4852
5024
5001
4634
4701
5027
4998
4843
5088
4881
4968
4977
4901
4771
4855
4648
4888
4822
5075
5023
5085
4842
4969
4801
4884
4663
4956
5025
4795
4958
5093
4786
4814
4930
4992
4987
5093
4722
5042
5060
4855
4981
4892
4994
4872
4959
4758
4797
4860
4781
4937
4955
4777
5026
4984
4983
5106
4966
4788
4802
4714
4847
4879
5011
4703
4922
4805
4975
5114
4738
4853
4969
4857
4769
4794
4861
4839
4850
4726
4980
5088
4871
5026
4896
4860
5035
4772
4788
4895
4909
4951
4909
4837
5068
4968
5059
5050
4927
4827
5029
4773
4979
4763
5008
4782
4926
4840
4895
4913
4737
4860
4890
4749
4862
4923
4765
5072
4828
4832
4858
4976
4834
5048
4959
4888
4959
4835
5107
4770
4985
4784
4862
5054
5022
5023
4844
4964
5069
4927
5109
5112
4939
4961
5046
5069
4807
4843
4932
4973
4849
5087
4896
4858
4980
4847
4929
4989
5028
4951
5020
4821
5001
4914
4906
5012
4983
4999
5024
4840
4848
4961
5113
4912
5051
5068
5104
5004
5037
5016
5091
4820
5056
5099
4899
4937
5055
4993
5006
5021
5058
4891
4907
5102
4978
5059
4874
5033
5110
5045
5063
4934
4879
5080
5045
5066
4943
4974
5090
4897
4882
4886
4972
5101
4899
5070
5022
4986
5005
5008
4942
5038
5085
4877
5042
5058
4925
5046
4944
5105
5062
5079
5013
4993
4949
4908
4960
4989
5047
4957
4910
4932
5071
5048
5015
5083
5044
4981
5051
4923
5061
5061
5038
5070
5036
5051
4954
4990
4947
5060
5009
4956
5040
4931
4964
4950
5071
4939
5029
4995
4946
4991
5010
5067
4961
5005
5000
5082
5035
5011
4981
5034
5049
5007
4992
5070
4999
5004
4988
5094
5043
5096
4998
4994
5037
4988
5033
5044
5023
5047
5087
5055
5046
5058
5096
5019
5028
5082
5028
5108
5032
5040
5067
5063
5045
5068
5077
5085
5073
5078
5109
5076
5066
5075
5097
5091
5093
5069
5098
5081
5095
5089
5102
5079
5086
5083
5096
5088
5092
5091
5095
)


// ************************************************************************* //
