/*--------------------------------*- C++ -*----------------------------------*\
| =========                 |                                                 |
| \\      /  F ield         | OpenFOAM: The Open Source CFD Toolbox           |
|  \\    /   O peration     | Version:  2412                                  |
|   \\  /    A nd           | Website:  www.openfoam.com                      |
|    \\/     M anipulation  |                                                 |
\*---------------------------------------------------------------------------*/
FoamFile
{
    version     2.0;
    format      ascii;
    arch        "LSB;label=32;scalar=64";
    class       vectorField;
    location    "constant/polyMesh";
    object      points;
}
// * * * * * * * * * * * * * * * * * * * * * * * * * * * * * * * * * * * * * //


384
(
(0 0 0)
(4 0 0)
(4 2 0)
(0 2 0)
(0 0 0.001)
(4 0 0.001)
(4 2 0.001)
(0 2 0.001)
(0.2105253727 0 0)
(0.4210512827 0 0)
(0.6315777302 0 0)
(0.8421044927 0 0)
(1.052632015 0 0)
(1.263158777 0 0)
(1.473685494 0 0)
(1.684211672 0 0)
(1.894737314 0 0)
(2.105262686 0 0)
(2.315788328 0 0)
(2.526314506 0 0)
(2.736841223 0 0)
(2.947367985 0 0)
(3.157895507 0 0)
(3.36842227 0 0)
(3.578948717 0 0)
(3.789474627 0 0)
(4 0.2359348558 0)
(4 0.566969318 0)
(4 1 0)
(4 1.433030682 0)
(4 1.764065144 0)
(3.789474627 2 0)
(3.578948717 2 0)
(3.36842227 2 0)
(3.157895507 2 0)
(2.947367985 2 0)
(2.736841223 2 0)
(2.526314506 2 0)
(2.315788328 2 0)
(2.105262686 2 0)
(1.894737314 2 0)
(1.684211672 2 0)
(1.473685494 2 0)
(1.263158777 2 0)
(1.052632015 2 0)
(0.8421044927 2 0)
(0.6315777302 2 0)
(0.4210512827 2 0)
(0.2105253727 2 0)
(0 1.764065144 0)
(0 1.433030682 0)
(0 1 0)
(0 0.566969318 0)
(0 0.2359348558 0)
(0.2105253727 0 0.001)
(0.4210512827 0 0.001)
(0.6315777302 0 0.001)
(0.8421044927 0 0.001)
(1.052632015 0 0.001)
(1.263158777 0 0.001)
(1.473685494 0 0.001)
(1.684211672 0 0.001)
(1.894737314 0 0.001)
(2.105262686 0 0.001)
(2.315788328 0 0.001)
(2.526314506 0 0.001)
(2.736841223 0 0.001)
(2.947367985 0 0.001)
(3.157895507 0 0.001)
(3.36842227 0 0.001)
(3.578948717 0 0.001)
(3.789474627 0 0.001)
(4 0.2359348558 0.001)
(4 0.566969318 0.001)
(4 1 0.001)
(4 1.433030682 0.001)
(4 1.764065144 0.001)
(3.789474627 2 0.001)
(3.578948717 2 0.001)
(3.36842227 2 0.001)
(3.157895507 2 0.001)
(2.947367985 2 0.001)
(2.736841223 2 0.001)
(2.526314506 2 0.001)
(2.315788328 2 0.001)
(2.105262686 2 0.001)
(1.894737314 2 0.001)
(1.684211672 2 0.001)
(1.473685494 2 0.001)
(1.263158777 2 0.001)
(1.052632015 2 0.001)
(0.8421044927 2 0.001)
(0.6315777302 2 0.001)
(0.4210512827 2 0.001)
(0.2105253727 2 0.001)
(0 1.764065144 0.001)
(0 1.433030682 0.001)
(0 1 0.001)
(0 0.566969318 0.001)
(0 0.2359348558 0.001)
(1.967956952 1.815337192 0)
(1.357538189 1.808096278 0)
(2.647596213 0.1922928816 0)
(1.796748414 0.1795385206 0)
(2.858619708 1.803260945 0)
(1.157895396 0.1823215044 0)
(3.251021689 0.2085495131 0)
(0.7509368746 1.816129363 0)
(3.246238526 1.82962772 0)
(0.7368412597 0.1806180437 0)
(2.417567758 1.824454537 0)
(2.204168607 0.1734663039 0)
(3.674542027 1.192976083 0)
(0.3233516817 0.804608534 0)
(3.767743284 0.3653016315 0)
(0.2232291474 1.614002639 0)
(3.691052692 1.803595317 0)
(0.3092364741 0.1965505705 0)
(3.622152601 0.8576662565 0)
(3.375873383 1.03406749 0)
(3.354676782 0.7269704585 0)
(3.12769292 0.8989192141 0)
(3.139597726 1.178280454 0)
(2.910568049 1.041049953 0)
(2.894250352 0.7830312573 0)
(2.691395386 0.9235605261 0)
(2.700289903 1.168293619 0)
(2.493259037 1.050187186 0)
(2.486981262 0.8104438706 0)
(2.293688168 0.9355341941 0)
(2.298375244 1.167852528 0)
(2.099800424 1.058876572 0)
(2.09490259 0.8301801153 0)
(1.904549631 0.9520916624 0)
(1.91206401 1.17464302 0)
(1.716504573 1.072122213 0)
(1.706695407 0.8476465517 0)
(1.516323102 0.9717022596 0)
(1.508370979 0.7432333408 0)
(1.307138335 0.8663560298 0)
(1.315657144 1.10732471 0)
(1.725556885 1.292443329 0)
(1.086998859 0.9866892245 0)
(1.108471417 1.246417723 0)
(1.085187921 0.7408840622 0)
(0.8649310326 1.116468102 0)
(1.698174561 0.6243685342 0)
(1.50463887 0.5180586142 0)
(1.327026316 1.339947731 0)
(1.12493264 1.489892233 0)
(1.919681931 1.395075749 0)
(1.735919669 1.509389062 0)
(0.3739580437 1.142992679 0)
(1.699312457 0.3742763604 0)
(1.884637029 0.5082273265 0)
(1.497235943 0.3273893815 0)
(1.287442343 0.3930419759 0)
(3.38073218 1.325984539 0)
(3.120374914 1.443978909 0)
(2.912258326 1.299294797 0)
(2.694053588 1.403413389 0)
(2.891868745 1.550978553 0)
(2.682561076 1.630676782 0)
(2.499327743 1.502725692 0)
(3.636287851 1.518109402 0)
(0.6089017238 0.9677095955 0)
(0.6005260894 0.6627315814 0)
(0.3652918126 0.4818510211 0)
(2.497182716 1.281053943 0)
(2.302330082 1.392250436 0)
(2.30701073 1.625731951 0)
(3.08354819 1.682122928 0)
(1.931366245 1.604814596 0)
(1.758670912 1.709640764 0)
(1.555283824 1.625176829 0)
(3.103084959 0.6429383423 0)
(2.882027349 0.5405581988 0)
(3.081818155 0.3829483581 0)
(2.863220143 0.3094225666 0)
(2.673142793 0.4280285021 0)
(2.472847546 0.351059502 0)
(2.489175536 0.5620340071 0)
(2.287317902 0.4870730614 0)
(1.89555586 0.729501757 0)
(2.088306018 0.6069509294 0)
(2.095607491 0.3706563695 0)
(0.8861808921 1.397477184 0)
(0.6417927535 1.279269833 0)
(0.9144879594 1.645817238 0)
(1.13950172 1.708690103 0)
(2.292284245 0.6985069611 0)
(2.10779714 1.28249438 0)
(1.313219893 0.6311177229 0)
(0.9473683318 0.1777097846 0)
(1.035948778 0.3591126323 0)
(2.203141523 1.824191652 0)
(1.998543622 0.1753487488 0)
(2.112241469 1.496665557 0)
(2.682551387 0.6799682334 0)
(1.544559258 1.41159625 0)
(1.339563437 1.570115203 0)
(1.529249073 1.192539281 0)
(3.331555498 1.582890493 0)
(0.5159293229 0.2073753971 0)
(0.6513444852 0.3974426701 0)
(0.8821829356 0.551752462 0)
(3.475417592 1.789037155 0)
(0.8467515835 0.8322872198 0)
(1.603144097 1.836821015 0)
(3.023904681 0.1718843588 0)
(3.329270912 0.4358628583 0)
(3.504875924 0.2477022775 0)
(0.531509328 1.81291922 0)
(0.6410690246 1.592186057 0)
(0.3289150224 1.818514056 0)
(2.629615616 1.828510471 0)
(3.554512922 0.5620655716 0)
(0.4403244113 1.426520597 0)
(1.36789247 0.1754812243 0)
(2.418044393 0.1607587903 0)
(0.976259743 1.842981967 0)
(3.684211672 0.162136368 0)
(0.1764543587 0.347004846 0)
(3.823780577 1.653584384 0)
(1.894969803 0.3216094651 0)
(1.603927968 0.1672289004 0)
(1.120796374 0.5351817711 0)
(2.104793655 1.676423147 0)
(2.52233387 1.681815564 0)
(0.8482707686 0.3334716737 0)
(2.842104604 0.1303857152 0)
(3.788881761 0.6704005555 0)
(1.789474493 1.87801222 0)
(2.310085658 0.3081251908 0)
(0.2075023205 1.323309319 0)
(3.850949317 1.842960413 0)
(0.1490506829 0.1570395873 0)
(3.848285917 0.1526745711 0)
(0.4367928616 1.644228523 0)
(3.056990487 1.868430499 0)
(0.1525339085 1.839316368 0)
(1.157855954 1.879448246 0)
(1.967956952 1.815337192 0.001)
(1.357538189 1.808096278 0.001)
(2.647596213 0.1922928816 0.001)
(1.796748414 0.1795385206 0.001)
(2.858619708 1.803260945 0.001)
(1.157895396 0.1823215044 0.001)
(3.251021689 0.2085495131 0.001)
(0.7509368746 1.816129363 0.001)
(3.246238526 1.82962772 0.001)
(0.7368412597 0.1806180437 0.001)
(2.417567758 1.824454537 0.001)
(2.204168607 0.1734663039 0.001)
(3.674542027 1.192976083 0.001)
(0.3233516817 0.804608534 0.001)
(3.767743284 0.3653016315 0.001)
(0.2232291474 1.614002639 0.001)
(3.691052692 1.803595317 0.001)
(0.3092364741 0.1965505705 0.001)
(3.622152601 0.8576662565 0.001)
(3.375873383 1.03406749 0.001)
(3.354676782 0.7269704585 0.001)
(3.12769292 0.8989192141 0.001)
(3.139597726 1.178280454 0.001)
(2.910568049 1.041049953 0.001)
(2.894250352 0.7830312573 0.001)
(2.691395386 0.9235605261 0.001)
(2.700289903 1.168293619 0.001)
(2.493259037 1.050187186 0.001)
(2.486981262 0.8104438706 0.001)
(2.293688168 0.9355341941 0.001)
(2.298375244 1.167852528 0.001)
(2.099800424 1.058876572 0.001)
(2.09490259 0.8301801153 0.001)
(1.904549631 0.9520916624 0.001)
(1.91206401 1.17464302 0.001)
(1.716504573 1.072122213 0.001)
(1.706695407 0.8476465517 0.001)
(1.516323102 0.9717022596 0.001)
(1.508370979 0.7432333408 0.001)
(1.307138335 0.8663560298 0.001)
(1.315657144 1.10732471 0.001)
(1.725556885 1.292443329 0.001)
(1.086998859 0.9866892245 0.001)
(1.108471417 1.246417723 0.001)
(1.085187921 0.7408840622 0.001)
(0.8649310326 1.116468102 0.001)
(1.698174561 0.6243685342 0.001)
(1.50463887 0.5180586142 0.001)
(1.327026316 1.339947731 0.001)
(1.12493264 1.489892233 0.001)
(1.919681931 1.395075749 0.001)
(1.735919669 1.509389062 0.001)
(0.3739580437 1.142992679 0.001)
(1.699312457 0.3742763604 0.001)
(1.884637029 0.5082273265 0.001)
(1.497235943 0.3273893815 0.001)
(1.287442343 0.3930419759 0.001)
(3.38073218 1.325984539 0.001)
(3.120374914 1.443978909 0.001)
(2.912258326 1.299294797 0.001)
(2.694053588 1.403413389 0.001)
(2.891868745 1.550978553 0.001)
(2.682561076 1.630676782 0.001)
(2.499327743 1.502725692 0.001)
(3.636287851 1.518109402 0.001)
(0.6089017238 0.9677095955 0.001)
(0.6005260894 0.6627315814 0.001)
(0.3652918126 0.4818510211 0.001)
(2.497182716 1.281053943 0.001)
(2.302330082 1.392250436 0.001)
(2.30701073 1.625731951 0.001)
(3.08354819 1.682122928 0.001)
(1.931366245 1.604814596 0.001)
(1.758670912 1.709640764 0.001)
(1.555283824 1.625176829 0.001)
(3.103084959 0.6429383423 0.001)
(2.882027349 0.5405581988 0.001)
(3.081818155 0.3829483581 0.001)
(2.863220143 0.3094225666 0.001)
(2.673142793 0.4280285021 0.001)
(2.472847546 0.351059502 0.001)
(2.489175536 0.5620340071 0.001)
(2.287317902 0.4870730614 0.001)
(1.89555586 0.729501757 0.001)
(2.088306018 0.6069509294 0.001)
(2.095607491 0.3706563695 0.001)
(0.8861808921 1.397477184 0.001)
(0.6417927535 1.279269833 0.001)
(0.9144879594 1.645817238 0.001)
(1.13950172 1.708690103 0.001)
(2.292284245 0.6985069611 0.001)
(2.10779714 1.28249438 0.001)
(1.313219893 0.6311177229 0.001)
(0.9473683318 0.1777097846 0.001)
(1.035948778 0.3591126323 0.001)
(2.203141523 1.824191652 0.001)
(1.998543622 0.1753487488 0.001)
(2.112241469 1.496665557 0.001)
(2.682551387 0.6799682334 0.001)
(1.544559258 1.41159625 0.001)
(1.339563437 1.570115203 0.001)
(1.529249073 1.192539281 0.001)
(3.331555498 1.582890493 0.001)
(0.5159293229 0.2073753971 0.001)
(0.6513444852 0.3974426701 0.001)
(0.8821829356 0.551752462 0.001)
(3.475417592 1.789037155 0.001)
(0.8467515835 0.8322872198 0.001)
(1.603144097 1.836821015 0.001)
(3.023904681 0.1718843588 0.001)
(3.329270912 0.4358628583 0.001)
(3.504875924 0.2477022775 0.001)
(0.531509328 1.81291922 0.001)
(0.6410690246 1.592186057 0.001)
(0.3289150224 1.818514056 0.001)
(2.629615616 1.828510471 0.001)
(3.554512922 0.5620655716 0.001)
(0.4403244113 1.426520597 0.001)
(1.36789247 0.1754812243 0.001)
(2.418044393 0.1607587903 0.001)
(0.976259743 1.842981967 0.001)
(3.684211672 0.162136368 0.001)
(0.1764543587 0.347004846 0.001)
(3.823780577 1.653584384 0.001)
(1.894969803 0.3216094651 0.001)
(1.603927968 0.1672289004 0.001)
(1.120796374 0.5351817711 0.001)
(2.104793655 1.676423147 0.001)
(2.52233387 1.681815564 0.001)
(0.8482707686 0.3334716737 0.001)
(2.842104604 0.1303857152 0.001)
(3.788881761 0.6704005555 0.001)
(1.789474493 1.87801222 0.001)
(2.310085658 0.3081251908 0.001)
(0.2075023205 1.323309319 0.001)
(3.850949317 1.842960413 0.001)
(0.1490506829 0.1570395873 0.001)
(3.848285917 0.1526745711 0.001)
(0.4367928616 1.644228523 0.001)
(3.056990487 1.868430499 0.001)
(0.1525339085 1.839316368 0.001)
(1.157855954 1.879448246 0.001)
)


// ************************************************************************* //
