/*--------------------------------*- C++ -*----------------------------------*\
| =========                 |                                                 |
| \\      /  F ield         | OpenFOAM: The Open Source CFD Toolbox           |
|  \\    /   O peration     | Version:  2412                                  |
|   \\  /    A nd           | Website:  www.openfoam.com                      |
|    \\/     M anipulation  |                                                 |
\*---------------------------------------------------------------------------*/
FoamFile
{
    version     2.0;
    format      ascii;
    arch        "LSB;label=32;scalar=64";
    class       faceList;
    location    "constant/polyMesh";
    object      faces;
}
// * * * * * * * * * * * * * * * * * * * * * * * * * * * * * * * * * * * * * //


995
(
4(158 276 302 184)
4(158 152 270 276)
4(152 184 302 270)
4(120 161 279 238)
4(161 174 292 279)
4(120 238 292 174)
4(19 59 264 146)
4(20 146 264 60)
4(136 145 263 254)
4(97 136 254 215)
4(97 215 263 145)
4(89 142 260 207)
4(89 207 261 143)
4(142 143 261 260)
4(120 186 304 238)
4(161 279 304 186)
4(126 145 263 244)
4(136 126 244 254)
4(142 260 263 145)
4(89 145 263 207)
4(160 278 302 184)
4(160 158 276 278)
4(129 93 211 247)
4(93 198 316 211)
4(129 247 316 198)
4(132 102 220 250)
4(132 250 251 133)
4(102 133 251 220)
4(97 215 264 146)
4(97 19 59 215)
4(154 130 248 272)
4(154 272 315 197)
4(130 197 315 248)
4(155 163 281 273)
4(114 232 281 163)
4(114 155 273 232)
4(44 93 211 84)
4(44 84 247 129)
4(100 218 249 131)
4(23 131 249 63)
4(100 23 63 218)
4(26 66 250 132)
4(26 102 220 66)
4(46 86 323 205)
4(46 101 219 86)
4(101 205 323 219)
4(154 188 306 272)
4(130 248 306 188)
4(126 142 260 244)
4(104 46 86 222)
4(104 222 323 205)
4(141 163 281 259)
4(155 141 259 273)
4(158 183 301 276)
4(152 270 301 183)
4(134 252 315 197)
4(134 154 272 252)
4(110 228 255 137)
4(107 137 255 225)
4(110 107 225 228)
4(137 125 243 255)
4(125 139 257 243)
4(137 255 257 139)
4(90 140 258 208)
4(90 208 283 165)
4(140 165 283 258)
4(110 228 256 138)
4(137 138 256 255)
4(45 85 222 104)
4(100 218 297 179)
4(131 179 297 249)
4(24 131 249 64)
4(25 65 250 132)
4(104 105 223 222)
4(93 104 222 211)
4(93 211 223 105)
4(153 114 232 271)
4(153 271 281 163)
4(107 105 223 225)
4(105 137 255 223)
4(151 269 285 167)
4(162 167 285 280)
4(151 162 280 269)
4(105 223 243 125)
4(104 125 243 222)
4(106 105 223 224)
4(106 224 225 107)
4(47 101 219 87)
4(22 62 218 100)
4(93 45 85 211)
4(127 179 297 245)
4(179 192 310 297)
4(127 245 310 192)
4(24 94 212 64)
4(94 131 249 212)
4(95 166 284 213)
4(156 95 213 274)
4(156 274 284 166)
4(141 166 284 259)
4(163 281 284 166)
4(94 212 250 132)
4(94 25 65 212)
4(136 254 264 146)
4(27 102 220 67)
4(42 82 221 103)
4(43 103 221 83)
4(146 264 295 177)
4(20 177 295 60)
4(132 134 252 250)
4(132 250 315 197)
4(93 211 224 106)
4(107 108 226 225)
4(106 224 226 108)
4(133 134 252 251)
4(89 207 298 180)
4(143 180 298 261)
4(134 252 253 135)
4(133 135 253 251)
4(94 212 315 197)
4(100 146 264 218)
4(100 218 295 177)
4(115 233 271 153)
4(115 114 232 233)
4(147 170 288 265)
4(99 147 265 217)
4(99 217 288 170)
4(112 148 266 230)
4(109 227 266 148)
4(109 112 230 227)
4(160 174 292 278)
4(161 160 278 279)
4(148 266 267 149)
4(112 149 267 230)
4(108 226 227 109)
4(107 109 227 225)
4(141 185 303 259)
4(166 284 303 185)
4(140 258 303 185)
4(90 185 303 208)
4(127 136 254 245)
4(136 179 297 254)
4(125 173 291 243)
4(139 257 291 173)
4(108 226 266 148)
4(121 142 260 239)
4(126 121 239 244)
4(138 155 273 256)
4(110 228 273 155)
4(138 139 257 256)
4(138 256 258 140)
4(139 140 258 257)
4(166 284 313 195)
4(95 195 313 213)
4(142 123 241 260)
4(123 143 261 241)
4(128 246 266 148)
4(128 108 226 246)
4(151 269 312 194)
4(167 194 312 285)
4(128 150 268 246)
4(150 182 300 268)
4(128 246 300 182)
4(148 150 268 266)
4(146 264 297 179)
4(124 242 246 128)
4(124 108 226 242)
4(109 227 228 110)
4(118 236 271 153)
4(118 115 233 236)
4(121 239 241 123)
4(118 123 241 236)
4(121 118 236 239)
4(43 83 247 129)
4(109 227 229 111)
4(110 111 229 228)
4(123 153 271 241)
4(144 123 241 262)
4(144 262 271 153)
4(138 256 259 141)
4(140 141 259 258)
4(150 149 267 268)
4(149 151 269 267)
4(150 268 269 151)
4(135 154 272 253)
4(143 261 262 144)
4(128 147 265 246)
4(124 242 265 147)
4(131 192 310 249)
4(111 112 230 229)
4(133 251 314 196)
4(102 196 314 220)
4(106 224 242 124)
4(174 184 302 292)
4(116 174 292 234)
4(116 234 302 184)
4(149 152 270 267)
4(151 269 270 152)
4(144 262 281 163)
4(122 121 239 240)
4(122 240 244 126)
4(111 229 273 155)
4(127 126 244 245)
4(13 90 208 53)
4(12 52 208 90)
4(16 56 207 89)
4(17 89 207 57)
4(14 156 274 54)
4(13 53 274 156)
4(119 118 236 237)
4(119 237 239 121)
4(114 111 229 232)
4(113 116 234 231)
4(113 231 282 164)
4(116 164 282 234)
4(14 95 213 54)
4(90 208 274 156)
4(94 192 310 212)
4(35 88 206 75)
4(34 74 206 88)
4(149 267 282 164)
4(112 164 282 230)
4(111 113 231 229)
4(112 230 231 113)
4(113 231 232 114)
4(22 62 318 200)
4(100 200 318 218)
4(15 95 213 55)
4(47 201 319 87)
4(101 219 319 201)
4(117 235 236 118)
4(117 115 233 235)
4(35 75 280 162)
4(36 162 280 76)
4(88 206 280 162)
4(12 165 283 52)
4(11 51 283 165)
4(113 115 233 231)
4(115 116 234 233)
4(34 157 275 74)
4(33 73 275 157)
4(36 76 285 167)
4(37 167 285 77)
4(117 119 237 235)
4(117 235 238 120)
4(119 120 238 237)
4(42 82 321 203)
4(103 203 321 221)
4(27 202 320 67)
4(102 220 320 202)
4(88 157 275 206)
4(33 171 289 73)
4(32 72 289 171)
4(145 263 309 191)
4(89 191 309 207)
4(150 194 312 268)
4(182 300 312 194)
4(147 182 300 265)
4(170 288 300 182)
4(152 270 282 164)
4(97 215 309 191)
4(116 234 235 117)
4(157 171 289 275)
4(144 262 284 166)
4(119 237 240 122)
4(16 56 298 180)
4(117 235 292 174)
4(122 240 245 127)
4(135 253 307 189)
4(133 189 307 251)
4(157 275 276 158)
4(88 158 276 206)
4(151 183 301 269)
4(162 280 301 183)
4(18 58 215 97)
4(11 96 214 51)
4(10 50 214 96)
4(32 91 209 72)
4(31 71 209 91)
4(37 77 210 92)
4(38 92 210 78)
4(15 180 298 55)
4(95 213 298 180)
4(96 214 283 165)
4(140 193 311 258)
4(165 283 311 193)
4(159 277 278 160)
4(159 158 276 277)
4(159 277 279 161)
4(106 198 316 224)
4(103 221 247 129)
4(157 275 277 159)
4(159 171 289 277)
4(10 168 286 50)
4(9 49 286 168)
4(92 167 285 210)
4(91 209 289 171)
4(31 169 287 71)
4(30 70 287 169)
4(21 177 295 61)
4(120 154 272 238)
4(154 186 304 272)
4(9 172 290 49)
4(8 48 290 172)
4(38 78 288 170)
4(39 170 288 79)
4(29 176 294 69)
4(28 68 294 176)
4(30 98 216 70)
4(29 69 216 98)
4(39 79 217 99)
4(40 99 217 80)
4(120 188 306 238)
4(122 240 248 130)
4(127 130 248 245)
4(40 80 293 175)
4(41 175 293 81)
4(147 265 317 199)
4(99 199 317 217)
4(144 262 313 195)
4(178 296 307 189)
4(178 135 253 296)
4(17 191 309 57)
4(156 185 303 274)
4(88 183 301 206)
4(96 168 286 214)
4(192 310 315 197)
4(96 173 291 214)
4(168 286 291 173)
4(119 188 306 237)
4(169 91 209 287)
4(91 178 296 209)
4(169 287 296 178)
4(92 210 288 170)
4(164 282 302 184)
4(1 5 318 200)
4(0 201 319 4)
4(159 277 299 181)
4(161 181 299 279)
4(2 202 320 6)
4(3 7 321 203)
4(21 61 318 200)
4(139 193 311 257)
4(8 201 319 48)
4(28 202 320 68)
4(41 81 321 203)
4(135 186 304 253)
4(168 172 290 286)
4(18 58 309 191)
4(91 209 299 181)
4(171 181 299 289)
4(173 291 308 190)
4(125 190 308 243)
4(98 216 287 169)
4(178 296 299 181)
4(122 240 306 188)
4(129 187 305 247)
4(103 221 305 187)
4(125 243 323 205)
4(98 176 294 216)
4(124 242 305 187)
4(147 187 305 265)
4(99 217 293 175)
4(130 192 310 248)
4(92 210 300 182)
4(173 291 311 193)
4(96 193 311 214)
4(180 195 313 298)
4(143 261 313 195)
4(92 210 312 194)
4(169 287 307 189)
4(98 216 307 189)
4(177 200 318 295)
4(168 286 308 190)
4(124 242 316 198)
4(187 198 316 305)
4(172 290 308 190)
4(172 290 319 201)
4(172 101 219 290)
4(190 308 323 205)
4(135 253 322 204)
4(178 204 322 296)
4(175 203 321 293)
4(103 175 293 221)
4(176 294 320 202)
4(176 102 220 294)
4(187 305 317 199)
4(98 216 314 196)
4(189 196 314 307)
4(161 204 322 279)
4(181 299 322 204)
4(186 304 322 204)
4(101 219 308 190)
4(103 221 317 199)
4(176 294 314 196)
4(175 199 317 293)
3(158 184 152)
3(276 270 302)
3(120 174 161)
3(238 279 292)
3(19 146 20)
3(59 60 264)
3(97 145 136)
3(215 254 263)
3(89 143 142)
3(207 260 261)
3(161 186 120)
3(279 238 304)
3(136 145 126)
3(254 244 263)
3(142 145 89)
3(260 207 263)
3(160 184 158)
3(278 276 302)
3(129 198 93)
3(247 211 316)
3(132 133 102)
3(250 220 251)
3(97 146 19)
3(215 59 264)
3(154 197 130)
3(272 248 315)
3(114 163 155)
3(232 273 281)
3(44 129 93)
3(84 211 247)
3(100 131 23)
3(218 63 249)
3(26 132 102)
3(66 220 250)
3(46 205 101)
3(86 219 323)
3(130 188 154)
3(248 272 306)
3(126 145 142)
3(244 260 263)
3(104 205 46)
3(222 86 323)
3(155 163 141)
3(273 259 281)
3(152 183 158)
3(270 276 301)
3(134 197 154)
3(252 272 315)
3(110 137 107)
3(228 225 255)
3(137 139 125)
3(255 243 257)
3(90 165 140)
3(208 258 283)
3(110 138 137)
3(228 255 256)
3(45 104 46)
3(85 86 222)
3(100 179 131)
3(218 249 297)
3(23 131 24)
3(63 64 249)
3(25 132 26)
3(65 66 250)
3(93 105 104)
3(211 222 223)
3(153 163 114)
3(271 232 281)
3(107 137 105)
3(225 223 255)
3(151 167 162)
3(269 280 285)
3(105 125 104)
3(223 222 243)
3(106 107 105)
3(224 223 225)
3(46 101 47)
3(86 87 219)
3(22 100 23)
3(62 63 218)
3(93 104 45)
3(211 85 222)
3(127 192 179)
3(245 297 310)
3(24 131 94)
3(64 212 249)
3(156 166 95)
3(274 213 284)
3(163 166 141)
3(281 259 284)
3(94 132 25)
3(212 65 250)
3(136 146 97)
3(254 215 264)
3(26 102 27)
3(66 67 220)
3(42 103 43)
3(82 83 221)
3(105 137 125)
3(223 243 255)
3(146 177 20)
3(264 60 295)
3(132 197 134)
3(250 252 315)
3(93 106 105)
3(211 223 224)
3(106 108 107)
3(224 225 226)
3(132 134 133)
3(250 251 252)
3(89 180 143)
3(207 261 298)
3(134 135 133)
3(252 251 253)
3(94 197 132)
3(212 250 315)
3(100 177 146)
3(218 264 295)
3(115 153 114)
3(233 232 271)
3(99 170 147)
3(217 265 288)
3(109 148 112)
3(227 230 266)
3(161 174 160)
3(279 278 292)
3(148 149 112)
3(266 230 267)
3(108 109 107)
3(226 225 227)
3(166 185 141)
3(284 259 303)
3(140 185 90)
3(258 208 303)
3(127 179 136)
3(245 254 297)
3(139 173 125)
3(257 243 291)
3(108 148 109)
3(226 227 266)
3(126 142 121)
3(244 239 260)
3(110 155 138)
3(228 256 273)
3(44 93 45)
3(84 85 211)
3(24 94 25)
3(64 65 212)
3(138 140 139)
3(256 257 258)
3(166 195 95)
3(284 213 313)
3(142 143 123)
3(260 241 261)
3(128 148 108)
3(246 226 266)
3(138 139 137)
3(256 255 257)
3(151 194 167)
3(269 285 312)
3(128 182 150)
3(246 268 300)
3(128 150 148)
3(246 266 268)
3(146 179 100)
3(264 218 297)
3(124 128 108)
3(242 226 246)
3(109 110 107)
3(227 225 228)
3(118 153 115)
3(236 233 271)
3(121 123 118)
3(239 236 241)
3(43 129 44)
3(83 84 247)
3(109 111 110)
3(227 228 229)
3(121 142 123)
3(239 241 260)
3(144 153 123)
3(262 241 271)
3(123 153 118)
3(241 236 271)
3(138 141 140)
3(256 258 259)
3(150 151 149)
3(268 267 269)
3(138 155 141)
3(256 259 273)
3(134 154 135)
3(252 253 272)
3(143 144 123)
3(261 241 262)
3(124 147 128)
3(242 246 265)
3(148 150 149)
3(266 267 268)
3(179 192 131)
3(297 249 310)
3(109 112 111)
3(227 229 230)
3(133 196 102)
3(251 220 314)
3(106 124 108)
3(224 226 242)
3(116 184 174)
3(234 292 302)
3(174 184 160)
3(292 278 302)
3(151 152 149)
3(269 267 270)
3(144 163 153)
3(262 271 281)
3(122 126 121)
3(240 239 244)
3(111 155 110)
3(229 228 273)
3(127 136 126)
3(245 244 254)
3(12 90 13)
3(52 53 208)
3(16 89 17)
3(56 57 207)
3(13 156 14)
3(53 54 274)
3(119 121 118)
3(237 236 239)
3(114 155 111)
3(232 229 273)
3(113 164 116)
3(231 234 282)
3(14 156 95)
3(54 213 274)
3(90 156 13)
3(208 53 274)
3(131 192 94)
3(249 212 310)
3(34 88 35)
3(74 75 206)
3(149 164 112)
3(267 230 282)
3(112 113 111)
3(230 229 231)
3(113 114 111)
3(231 229 232)
3(22 200 100)
3(62 218 318)
3(14 95 15)
3(54 55 213)
3(101 201 47)
3(219 87 319)
3(117 118 115)
3(235 233 236)
3(35 162 36)
3(75 76 280)
3(88 162 35)
3(206 75 280)
3(11 165 12)
3(51 52 283)
3(113 116 115)
3(231 233 234)
3(33 157 34)
3(73 74 275)
3(36 167 37)
3(76 77 285)
3(12 165 90)
3(52 208 283)
3(117 120 119)
3(235 237 238)
3(42 203 103)
3(82 221 321)
3(102 202 27)
3(220 67 320)
3(34 157 88)
3(74 206 275)
3(32 171 33)
3(72 73 289)
3(145 191 89)
3(263 207 309)
3(182 194 150)
3(300 268 312)
3(170 182 147)
3(288 265 300)
3(152 164 149)
3(270 267 282)
3(117 119 118)
3(235 236 237)
3(97 191 145)
3(215 263 309)
3(113 115 114)
3(231 232 233)
3(116 117 115)
3(234 233 235)
3(33 171 157)
3(73 275 289)
3(162 167 36)
3(280 76 285)
3(144 166 163)
3(262 281 284)
3(112 164 113)
3(230 231 282)
3(119 122 121)
3(237 239 240)
3(16 180 89)
3(56 207 298)
3(117 174 120)
3(235 238 292)
3(122 127 126)
3(240 244 245)
3(135 189 133)
3(253 251 307)
3(150 194 151)
3(268 269 312)
3(157 158 88)
3(275 206 276)
3(162 183 151)
3(280 269 301)
3(18 97 19)
3(58 59 215)
3(10 96 11)
3(50 51 214)
3(31 91 32)
3(71 72 209)
3(37 92 38)
3(77 78 210)
3(95 180 15)
3(213 55 298)
3(96 165 11)
3(214 51 283)
3(165 193 140)
3(283 258 311)
3(159 160 158)
3(277 276 278)
3(159 161 160)
3(277 278 279)
3(93 198 106)
3(211 224 316)
3(103 129 43)
3(221 83 247)
3(157 159 158)
3(275 276 277)
3(141 185 140)
3(259 258 303)
3(157 171 159)
3(275 277 289)
3(9 168 10)
3(49 50 286)
3(37 167 92)
3(77 210 285)
3(91 171 32)
3(209 72 289)
3(30 169 31)
3(70 71 287)
3(20 177 21)
3(60 61 295)
3(120 186 154)
3(238 272 304)
3(8 172 9)
3(48 49 290)
3(38 170 39)
3(78 79 288)
3(15 180 16)
3(55 56 298)
3(116 174 117)
3(234 235 292)
3(136 179 146)
3(254 264 297)
3(28 176 29)
3(68 69 294)
3(29 98 30)
3(69 70 216)
3(39 99 40)
3(79 80 217)
3(154 188 120)
3(272 238 306)
3(122 130 127)
3(240 245 248)
3(40 175 41)
3(80 81 293)
3(147 199 99)
3(265 217 317)
3(144 195 166)
3(262 284 313)
3(178 189 135)
3(296 253 307)
3(89 191 17)
3(207 57 309)
3(90 185 156)
3(208 274 303)
3(156 185 166)
3(274 284 303)
3(158 183 88)
3(276 206 301)
3(147 182 128)
3(265 246 300)
3(10 168 96)
3(50 214 286)
3(192 197 94)
3(310 212 315)
3(168 173 96)
3(286 214 291)
3(120 188 119)
3(238 237 306)
3(169 178 91)
3(287 209 296)
3(31 169 91)
3(71 209 287)
3(92 170 38)
3(210 78 288)
3(164 184 116)
3(282 234 302)
3(1 200 22)
3(5 62 318)
3(47 201 0)
3(87 4 319)
3(159 181 161)
3(277 279 299)
3(151 183 152)
3(269 270 301)
3(27 202 2)
3(67 6 320)
3(3 203 42)
3(7 82 321)
3(21 200 1)
3(61 5 318)
3(140 193 139)
3(258 257 311)
3(0 201 8)
3(4 48 319)
3(88 183 162)
3(206 280 301)
3(2 202 28)
3(6 68 320)
3(41 203 3)
3(81 7 321)
3(154 186 135)
3(272 253 304)
3(9 172 168)
3(49 286 290)
3(18 191 97)
3(58 215 309)
3(91 181 171)
3(209 289 299)
3(173 190 125)
3(291 243 308)
3(98 169 30)
3(216 70 287)
3(39 170 99)
3(79 217 288)
3(178 181 91)
3(296 209 299)
3(122 188 130)
3(240 248 306)
3(171 181 159)
3(289 277 299)
3(103 187 129)
3(221 247 305)
3(125 205 104)
3(243 222 323)
3(152 184 164)
3(270 282 302)
3(29 176 98)
3(69 216 294)
3(124 187 147)
3(242 265 305)
3(99 175 40)
3(217 80 293)
3(130 197 192)
3(248 310 315)
3(92 182 170)
3(210 288 300)
3(173 193 96)
3(291 214 311)
3(95 195 180)
3(213 298 313)
3(143 195 144)
3(261 262 313)
3(139 193 173)
3(257 291 311)
3(119 188 122)
3(237 240 306)
3(17 191 18)
3(57 58 309)
3(92 194 182)
3(210 300 312)
3(169 189 178)
3(287 296 307)
3(180 195 143)
3(298 261 313)
3(98 189 169)
3(216 287 307)
3(100 200 177)
3(218 295 318)
3(168 190 173)
3(286 291 308)
3(124 198 187)
3(242 305 316)
3(172 190 168)
3(290 286 308)
3(172 201 101)
3(290 219 319)
3(190 205 125)
3(308 243 323)
3(135 204 178)
3(253 296 322)
3(96 193 165)
3(214 283 311)
3(106 198 124)
3(224 242 316)
3(103 203 175)
3(221 293 321)
3(130 192 127)
3(248 245 310)
3(176 202 102)
3(294 220 320)
3(187 199 147)
3(305 265 317)
3(167 194 92)
3(285 210 312)
3(98 196 189)
3(216 307 314)
3(177 200 21)
3(295 61 318)
3(8 201 172)
3(48 290 319)
3(181 204 161)
3(299 279 322)
3(28 202 176)
3(68 294 320)
3(186 204 135)
3(304 253 322)
3(187 198 129)
3(305 247 316)
3(175 203 41)
3(293 81 321)
3(101 190 172)
3(219 290 308)
3(103 199 187)
3(221 305 317)
3(161 204 186)
3(279 304 322)
3(176 196 98)
3(294 216 314)
3(189 196 133)
3(307 251 314)
3(99 199 175)
3(217 293 317)
3(178 204 181)
3(296 299 322)
3(102 196 176)
3(220 294 314)
3(175 199 103)
3(293 221 317)
3(101 205 190)
3(219 308 323)
4(19 20 60 59)
4(12 13 53 52)
4(16 17 57 56)
4(13 14 54 53)
4(34 35 75 74)
4(14 15 55 54)
4(35 36 76 75)
4(11 12 52 51)
4(33 34 74 73)
4(36 37 77 76)
4(32 33 73 72)
4(18 19 59 58)
4(10 11 51 50)
4(31 32 72 71)
4(37 38 78 77)
4(9 10 50 49)
4(30 31 71 70)
4(20 21 61 60)
4(8 9 49 48)
4(38 39 79 78)
4(15 16 56 55)
4(28 29 69 68)
4(29 30 70 69)
4(39 40 80 79)
4(40 41 81 80)
4(21 1 5 61)
4(0 8 48 4)
4(2 28 68 6)
4(41 3 7 81)
4(17 18 58 57)
4(23 24 64 63)
4(25 26 66 65)
4(22 23 63 62)
4(26 27 67 66)
4(24 25 65 64)
4(1 22 62 5)
4(27 2 6 67)
4(45 46 86 85)
4(46 47 87 86)
4(42 43 83 82)
4(44 45 85 84)
4(43 44 84 83)
4(47 0 4 87)
4(3 42 82 7)
)


// ************************************************************************* //
