/*--------------------------------*- C++ -*----------------------------------*\
| =========                 |                                                 |
| \\      /  F ield         | OpenFOAM: The Open Source CFD Toolbox           |
|  \\    /   O peration     | Version:  2412                                  |
|   \\  /    A nd           | Website:  www.openfoam.com                      |
|    \\/     M anipulation  |                                                 |
\*---------------------------------------------------------------------------*/
FoamFile
{
    version     2.0;
    format      ascii;
    arch        "LSB;label=32;scalar=64";
    note        "nPoints:324  nCells:278  nFaces:995  nInternalFaces:395";
    class       labelList;
    location    "constant/polyMesh";
    object      neighbour;
}
// * * * * * * * * * * * * * * * * * * * * * * * * * * * * * * * * * * * * * //


395
(
8
22
230
5
62
153
11
50
6
46
144
7
55
76
178
270
19
109
19
139
104
166
14
168
266
16
54
101
46
159
18
23
234
21
33
114
72
87
29
30
39
31
47
20
38
277
187
226
70
28
229
44
94
196
209
51
95
27
34
84
49
68
78
66
133
165
71
78
40
82
99
42
45
36
40
52
59
106
37
49
79
148
158
49
229
52
53
125
123
72
67
99
256
73
118
75
116
195
65
149
57
73
183
136
135
169
58
177
54
57
168
64
102
56
152
244
95
155
199
82
246
85
145
141
190
224
63
69
100
104
167
98
120
69
84
171
195
171
194
109
183
222
239
77
89
107
94
108
78
92
213
191
237
89
96
81
83
156
259
81
140
197
98
183
97
102
88
91
126
89
91
113
169
100
108
91
96
106
94
171
98
105
156
218
238
197
232
118
121
272
275
254
104
182
205
142
209
149
151
154
114
154
117
133
152
193
116
117
143
151
122
130
150
205
124
194
199
128
137
142
150
122
150
145
206
246
163
207
250
143
146
128
148
215
133
164
145
146
137
147
148
174
143
153
201
211
255
210
257
157
147
175
144
193
156
242
197
235
230
220
182
172
191
240
181
182
188
192
272
170
196
209
215
220
164
198
175
203
174
204
181
237
253
213
253
167
170
208
254
228
172
227
198
219
259
221
203
223
261
187
218
219
262
204
224
231
264
223
231
224
233
201
226
256
233
267
258
273
238
243
252
241
195
215
200
234
236
247
240
203
225
243
235
230
212
214
227
263
216
217
261
239
262
264
267
265
249
241
225
227
247
251
245
274
240
266
269
251
271
248
258
273
256
242
239
253
244
244
259
245
260
261
249
254
266
268
262
268
277
265
274
267
276
264
275
269
271
272
270
274
270
277
276
275
276
)


// ************************************************************************* //
