/*--------------------------------*- C++ -*----------------------------------*\
| =========                 |                                                 |
| \\      /  F ield         | OpenFOAM: The Open Source CFD Toolbox           |
|  \\    /   O peration     | Version:  2412                                  |
|   \\  /    A nd           | Website:  www.openfoam.com                      |
|    \\/     M anipulation  |                                                 |
\*---------------------------------------------------------------------------*/
FoamFile
{
    version     2.0;
    format      ascii;
    arch        "LSB;label=32;scalar=64";
    class       vectorField;
    location    "constant/polyMesh";
    object      points;
}
// * * * * * * * * * * * * * * * * * * * * * * * * * * * * * * * * * * * * * //


324
(
(0 0 0)
(3 0 0)
(3 2 0)
(0 2 0)
(0 0 0.001)
(3 0 0.001)
(3 2 0.001)
(0 2 0.001)
(0.1987550366 0 0)
(0.4003153851 0 0)
(0.6011922218 0 0)
(0.7994317867 0 0)
(0.9988833854 0 0)
(1.200809825 0 0)
(1.400967084 0 0)
(1.599032916 0 0)
(1.799190175 0 0)
(2.001116615 0 0)
(2.200568213 0 0)
(2.398807778 0 0)
(2.599684615 0 0)
(2.801244963 0 0)
(3 0.2142569274 0)
(3 0.5062755448 0)
(3 0.8354251816 0)
(3 1.164574818 0)
(3 1.493724455 0)
(3 1.785743073 0)
(2.801244963 2 0)
(2.599684615 2 0)
(2.398807778 2 0)
(2.200568213 2 0)
(2.001116615 2 0)
(1.799190175 2 0)
(1.599032916 2 0)
(1.400967084 2 0)
(1.200809825 2 0)
(0.9988833854 2 0)
(0.7994317867 2 0)
(0.6011922218 2 0)
(0.4003153851 2 0)
(0.1987550366 2 0)
(0 1.785743073 0)
(0 1.493724455 0)
(0 1.164574818 0)
(0 0.8354251816 0)
(0 0.5062755448 0)
(0 0.2142569274 0)
(0.1987550366 0 0.001)
(0.4003153851 0 0.001)
(0.6011922218 0 0.001)
(0.7994317867 0 0.001)
(0.9988833854 0 0.001)
(1.200809825 0 0.001)
(1.400967084 0 0.001)
(1.599032916 0 0.001)
(1.799190175 0 0.001)
(2.001116615 0 0.001)
(2.200568213 0 0.001)
(2.398807778 0 0.001)
(2.599684615 0 0.001)
(2.801244963 0 0.001)
(3 0.2142569274 0.001)
(3 0.5062755448 0.001)
(3 0.8354251816 0.001)
(3 1.164574818 0.001)
(3 1.493724455 0.001)
(3 1.785743073 0.001)
(2.801244963 2 0.001)
(2.599684615 2 0.001)
(2.398807778 2 0.001)
(2.200568213 2 0.001)
(2.001116615 2 0.001)
(1.799190175 2 0.001)
(1.599032916 2 0.001)
(1.400967084 2 0.001)
(1.200809825 2 0.001)
(0.9988833854 2 0.001)
(0.7994317867 2 0.001)
(0.6011922218 2 0.001)
(0.4003153851 2 0.001)
(0.1987550366 2 0.001)
(0 1.785743073 0.001)
(0 1.493724455 0.001)
(0 1.164574818 0.001)
(0 0.8354251816 0.001)
(0 0.5062755448 0.001)
(0 0.2142569274 0.001)
(1.499816431 1.830874748 0)
(1.906895695 0.1893094375 0)
(1.096230941 0.1771917495 0)
(2.100343974 1.825673044 0)
(0.8994104649 1.834977318 0)
(0.2851956612 1.037939708 0)
(2.750039042 0.9727356054 0)
(1.491611392 0.1685279856 0)
(0.7002929622 0.1681093822 0)
(2.284600115 0.1779787268 0)
(2.49806331 1.831995866 0)
(0.5007538034 1.827177529 0)
(2.780776258 0.3602662361 0)
(0.199858787 0.3163575737 0)
(2.780776258 1.639733764 0)
(0.2138341117 1.643977305 0)
(0.2803335358 0.7149642748 0)
(0.5226237886 0.8487557473 0)
(0.553528539 1.115330292 0)
(0.7546753693 0.9665164951 0)
(0.7731665045 1.217107757 0)
(0.9683986794 1.079374855 0)
(0.9585574116 0.8385645497 0)
(1.161176475 0.9520606347 0)
(1.174268023 1.179609839 0)
(1.361392625 1.055951601 0)
(1.35748539 0.8234510168 0)
(1.556225248 0.9293325064 0)
(1.558785578 1.157507845 0)
(1.758767494 1.035862821 0)
(1.751973162 0.8022998231 0)
(1.956389099 0.9085363019 0)
(1.978180753 1.174274128 0)
(1.949443811 0.676945119 0)
(2.158210187 0.7831213283 0)
(1.745536294 0.5715118408 0)
(0.5908385388 1.358483973 0)
(0.5269608396 0.5630348799 0)
(2.143597961 0.5456050982 0)
(2.359049803 0.6504170836 0)
(0.7946694308 1.44746463 0)
(0.2194744823 1.350541457 0)
(2.338585975 0.9100092347 0)
(2.774661213 0.6534860087 0)
(2.718712524 1.300975843 0)
(2.537882614 1.495784799 0)
(2.453967818 1.297858665 0)
(2.280073912 1.445157477 0)
(2.33013332 0.3969841841 0)
(0.7519196278 0.715097251 0)
(0.9659686871 0.6084673133 0)
(0.7721619569 0.4888572594 0)
(0.9836426537 0.3709357619 0)
(1.162161682 0.5124217415 0)
(1.930984648 0.4395678372 0)
(1.7361415 0.3554665158 0)
(1.558357665 0.4782903029 0)
(2.116175692 0.312687208 0)
(2.516252455 0.2504752254 0)
(0.5995331261 1.614351016 0)
(0.9866042379 1.310724921 0)
(1.191594068 1.402627626 0)
(0.9980575097 1.522655584 0)
(1.196904387 1.634828943 0)
(1.383776359 1.498836543 0)
(1.556289413 0.6966923101 0)
(2.257926056 1.17705637 0)
(1.159652595 0.7223869414 0)
(1.291364375 0.1743720026 0)
(1.699529818 1.827996937 0)
(1.57487002 1.61767806 0)
(1.798296575 1.645311605 0)
(1.708903104 1.471294582 0)
(1.917896086 1.440571817 0)
(1.299875952 1.827726493 0)
(1.3642235 0.5880420522 0)
(1.366601595 1.277223758 0)
(0.9001530574 0.1735803328 0)
(1.377083369 0.3658743073 0)
(1.099098683 1.832738128 0)
(0.5007538034 0.172441814 0)
(2.299687996 1.827619999 0)
(0.6999337216 1.822100302 0)
(1.900153395 1.827866691 0)
(0.3089065583 0.1630831535 0)
(0.6182174955 0.339682378 0)
(1.748863404 1.270180362 0)
(0.3095766132 1.833897877 0)
(2.689173219 1.833847114 0)
(2.700464789 0.1727024676 0)
(2.200100567 1.640287985 0)
(2.549610737 0.5147109967 0)
(1.694266292 0.1645262671 0)
(2.000437056 1.658263586 0)
(0.8317187224 1.656740811 0)
(1.393866559 1.679735776 0)
(1.541974116 1.371668039 0)
(1.184308895 0.3235210442 0)
(2.099764166 1.352649508 0)
(0.4067383927 1.489804019 0)
(2.144821249 0.9943612384 0)
(2.393877142 1.657551075 0)
(0.4101527824 0.3415448691 0)
(2.101367339 0.1314315918 0)
(2.548330129 0.7935225532 0)
(0.7968964022 0.306211655 0)
(1.005037953 1.696388157 0)
(1.582025345 0.307540193 0)
(2.579954509 1.691782524 0)
(2.513195614 1.070907334 0)
(0.4072472686 1.260402405 0)
(0.4003073263 1.680285477 0)
(2.856538625 0.1480227707 0)
(0.1421039276 0.141429569 0)
(2.854238888 1.85186479 0)
(0.1444331523 1.852723651 0)
(2.096501655 1.510957426 0)
(0.283461189 0.4884354284 0)
(1.499816431 1.830874748 0.001)
(1.906895695 0.1893094375 0.001)
(1.096230941 0.1771917495 0.001)
(2.100343974 1.825673044 0.001)
(0.8994104649 1.834977318 0.001)
(0.2851956612 1.037939708 0.001)
(2.750039042 0.9727356054 0.001)
(1.491611392 0.1685279856 0.001)
(0.7002929622 0.1681093822 0.001)
(2.284600115 0.1779787268 0.001)
(2.49806331 1.831995866 0.001)
(0.5007538034 1.827177529 0.001)
(2.780776258 0.3602662361 0.001)
(0.199858787 0.3163575737 0.001)
(2.780776258 1.639733764 0.001)
(0.2138341117 1.643977305 0.001)
(0.2803335358 0.7149642748 0.001)
(0.5226237886 0.8487557473 0.001)
(0.553528539 1.115330292 0.001)
(0.7546753693 0.9665164951 0.001)
(0.7731665045 1.217107757 0.001)
(0.9683986794 1.079374855 0.001)
(0.9585574116 0.8385645497 0.001)
(1.161176475 0.9520606347 0.001)
(1.174268023 1.179609839 0.001)
(1.361392625 1.055951601 0.001)
(1.35748539 0.8234510168 0.001)
(1.556225248 0.9293325064 0.001)
(1.558785578 1.157507845 0.001)
(1.758767494 1.035862821 0.001)
(1.751973162 0.8022998231 0.001)
(1.956389099 0.9085363019 0.001)
(1.978180753 1.174274128 0.001)
(1.949443811 0.676945119 0.001)
(2.158210187 0.7831213283 0.001)
(1.745536294 0.5715118408 0.001)
(0.5908385388 1.358483973 0.001)
(0.5269608396 0.5630348799 0.001)
(2.143597961 0.5456050982 0.001)
(2.359049803 0.6504170836 0.001)
(0.7946694308 1.44746463 0.001)
(0.2194744823 1.350541457 0.001)
(2.338585975 0.9100092347 0.001)
(2.774661213 0.6534860087 0.001)
(2.718712524 1.300975843 0.001)
(2.537882614 1.495784799 0.001)
(2.453967818 1.297858665 0.001)
(2.280073912 1.445157477 0.001)
(2.33013332 0.3969841841 0.001)
(0.7519196278 0.715097251 0.001)
(0.9659686871 0.6084673133 0.001)
(0.7721619569 0.4888572594 0.001)
(0.9836426537 0.3709357619 0.001)
(1.162161682 0.5124217415 0.001)
(1.930984648 0.4395678372 0.001)
(1.7361415 0.3554665158 0.001)
(1.558357665 0.4782903029 0.001)
(2.116175692 0.312687208 0.001)
(2.516252455 0.2504752254 0.001)
(0.5995331261 1.614351016 0.001)
(0.9866042379 1.310724921 0.001)
(1.191594068 1.402627626 0.001)
(0.9980575097 1.522655584 0.001)
(1.196904387 1.634828943 0.001)
(1.383776359 1.498836543 0.001)
(1.556289413 0.6966923101 0.001)
(2.257926056 1.17705637 0.001)
(1.159652595 0.7223869414 0.001)
(1.291364375 0.1743720026 0.001)
(1.699529818 1.827996937 0.001)
(1.57487002 1.61767806 0.001)
(1.798296575 1.645311605 0.001)
(1.708903104 1.471294582 0.001)
(1.917896086 1.440571817 0.001)
(1.299875952 1.827726493 0.001)
(1.3642235 0.5880420522 0.001)
(1.366601595 1.277223758 0.001)
(0.9001530574 0.1735803328 0.001)
(1.377083369 0.3658743073 0.001)
(1.099098683 1.832738128 0.001)
(0.5007538034 0.172441814 0.001)
(2.299687996 1.827619999 0.001)
(0.6999337216 1.822100302 0.001)
(1.900153395 1.827866691 0.001)
(0.3089065583 0.1630831535 0.001)
(0.6182174955 0.339682378 0.001)
(1.748863404 1.270180362 0.001)
(0.3095766132 1.833897877 0.001)
(2.689173219 1.833847114 0.001)
(2.700464789 0.1727024676 0.001)
(2.200100567 1.640287985 0.001)
(2.549610737 0.5147109967 0.001)
(1.694266292 0.1645262671 0.001)
(2.000437056 1.658263586 0.001)
(0.8317187224 1.656740811 0.001)
(1.393866559 1.679735776 0.001)
(1.541974116 1.371668039 0.001)
(1.184308895 0.3235210442 0.001)
(2.099764166 1.352649508 0.001)
(0.4067383927 1.489804019 0.001)
(2.144821249 0.9943612384 0.001)
(2.393877142 1.657551075 0.001)
(0.4101527824 0.3415448691 0.001)
(2.101367339 0.1314315918 0.001)
(2.548330129 0.7935225532 0.001)
(0.7968964022 0.306211655 0.001)
(1.005037953 1.696388157 0.001)
(1.582025345 0.307540193 0.001)
(2.579954509 1.691782524 0.001)
(2.513195614 1.070907334 0.001)
(0.4072472686 1.260402405 0.001)
(0.4003073263 1.680285477 0.001)
(2.856538625 0.1480227707 0.001)
(0.1421039276 0.141429569 0.001)
(2.854238888 1.85186479 0.001)
(0.1444331523 1.852723651 0.001)
(2.096501655 1.510957426 0.001)
(0.283461189 0.4884354284 0.001)
)


// ************************************************************************* //
