/*--------------------------------*- C++ -*----------------------------------*\
| =========                 |                                                 |
| \\      /  F ield         | OpenFOAM: The Open Source CFD Toolbox           |
|  \\    /   O peration     | Version:  2412                                  |
|   \\  /    A nd           | Website:  www.openfoam.com                      |
|    \\/     M anipulation  |                                                 |
\*---------------------------------------------------------------------------*/
FoamFile
{
    version     2.0;
    format      ascii;
    arch        "LSB;label=32;scalar=64";
    class       vectorField;
    location    "constant/polyMesh";
    object      points;
}
// * * * * * * * * * * * * * * * * * * * * * * * * * * * * * * * * * * * * * //


2264
(
(0 0 0)
(2 0 0)
(2 0.1 0)
(0 0.1 0)
(0 0 0.001)
(2 0 0.001)
(2 0.1 0.001)
(0 0.1 0.001)
(0.01186294953 0 0)
(0.02853379304 0 0)
(0.05191470778 0 0)
(0.0756470948 0 0)
(0.09263012367 0 0)
(0.1047152228 0 0)
(0.1163702902 0 0)
(0.1327348495 0 0)
(0.1557394465 0 0)
(0.179895832 0 0)
(0.1971714776 0 0)
(0.2094648022 0 0)
(0.2209498221 0 0)
(0.2370373532 0 0)
(0.2596678619 0 0)
(0.284128891 0 0)
(0.3017015929 0 0)
(0.314206302 0 0)
(0.3255418838 0 0)
(0.3413574653 0 0)
(0.3636739573 0 0)
(0.3882864405 0 0)
(0.4061779729 0 0)
(0.4189095611 0 0)
(0.4301094508 0 0)
(0.4456430387 0 0)
(0.4674774942 0 0)
(0.4923659258 0 0)
(0.5105988072 0 0)
(0.5235732997 0 0)
(0.5346550222 0 0)
(0.5498978811 0 0)
(0.5713370511 0 0)
(0.596551185 0 0)
(0.6150949084 0 0)
(0.6282905949 0 0)
(0.6392875598 0 0)
(0.6542747401 0 0)
(0.6754322572 0 0)
(0.7005772344 0 0)
(0.7194777794 0 0)
(0.7329273795 0 0)
(0.7438527478 0 0)
(0.7585570429 0 0)
(0.7792215497 0 0)
(0.8047008803 0 0)
(0.8239300552 0 0)
(0.8376135072 0 0)
(0.8484958425 0 0)
(0.8629488699 0 0)
(0.883270191 0 0)
(0.9086784094 0 0)
(0.9282784173 0 0)
(0.9422257541 0 0)
(0.9530845388 0 0)
(0.9672642509 0 0)
(0.9871908126 0 0)
(1.012809187 0 0)
(1.032735749 0 0)
(1.046915461 0 0)
(1.057774246 0 0)
(1.071721583 0 0)
(1.091321591 0 0)
(1.116729809 0 0)
(1.13705113 0 0)
(1.151504157 0 0)
(1.162386493 0 0)
(1.176069945 0 0)
(1.19529912 0 0)
(1.22077845 0 0)
(1.241442957 0 0)
(1.256147252 0 0)
(1.26707262 0 0)
(1.280522221 0 0)
(1.299422766 0 0)
(1.324567743 0 0)
(1.34572526 0 0)
(1.36071244 0 0)
(1.371709405 0 0)
(1.384905092 0 0)
(1.403448815 0 0)
(1.428662949 0 0)
(1.450102119 0 0)
(1.465344978 0 0)
(1.4764267 0 0)
(1.489401193 0 0)
(1.507634074 0 0)
(1.532522506 0 0)
(1.554356961 0 0)
(1.569890549 0 0)
(1.581090439 0 0)
(1.593822027 0 0)
(1.611713559 0 0)
(1.636326043 0 0)
(1.658642535 0 0)
(1.674458116 0 0)
(1.685793698 0 0)
(1.698298407 0 0)
(1.715871109 0 0)
(1.740332138 0 0)
(1.762962647 0 0)
(1.779050178 0 0)
(1.790535198 0 0)
(1.802828522 0 0)
(1.820104168 0 0)
(1.844260554 0 0)
(1.86726515 0 0)
(1.88362971 0 0)
(1.895284777 0 0)
(1.907369876 0 0)
(1.924352905 0 0)
(1.948085292 0 0)
(1.971466207 0 0)
(1.98813705 0 0)
(2 0.01152926351 0)
(2 0.02759974991 0)
(2 0.05 0)
(2 0.07240025009 0)
(2 0.08847073649 0)
(1.98813705 0.1 0)
(1.971466207 0.1 0)
(1.948085292 0.1 0)
(1.924352905 0.1 0)
(1.907369876 0.1 0)
(1.895284777 0.1 0)
(1.88362971 0.1 0)
(1.86726515 0.1 0)
(1.844260554 0.1 0)
(1.820104168 0.1 0)
(1.802828522 0.1 0)
(1.790535198 0.1 0)
(1.779050178 0.1 0)
(1.762962647 0.1 0)
(1.740332138 0.1 0)
(1.715871109 0.1 0)
(1.698298407 0.1 0)
(1.685793698 0.1 0)
(1.674458116 0.1 0)
(1.658642535 0.1 0)
(1.636326043 0.1 0)
(1.611713559 0.1 0)
(1.593822027 0.1 0)
(1.581090439 0.1 0)
(1.569890549 0.1 0)
(1.554356961 0.1 0)
(1.532522506 0.1 0)
(1.507634074 0.1 0)
(1.489401193 0.1 0)
(1.4764267 0.1 0)
(1.465344978 0.1 0)
(1.450102119 0.1 0)
(1.428662949 0.1 0)
(1.403448815 0.1 0)
(1.384905092 0.1 0)
(1.371709405 0.1 0)
(1.36071244 0.1 0)
(1.34572526 0.1 0)
(1.324567743 0.1 0)
(1.299422766 0.1 0)
(1.280522221 0.1 0)
(1.26707262 0.1 0)
(1.256147252 0.1 0)
(1.241442957 0.1 0)
(1.22077845 0.1 0)
(1.19529912 0.1 0)
(1.176069945 0.1 0)
(1.162386493 0.1 0)
(1.151504157 0.1 0)
(1.13705113 0.1 0)
(1.116729809 0.1 0)
(1.091321591 0.1 0)
(1.071721583 0.1 0)
(1.057774246 0.1 0)
(1.046915461 0.1 0)
(1.032735749 0.1 0)
(1.012809187 0.1 0)
(0.9871908126 0.1 0)
(0.9672642509 0.1 0)
(0.9530845388 0.1 0)
(0.9422257541 0.1 0)
(0.9282784173 0.1 0)
(0.9086784094 0.1 0)
(0.883270191 0.1 0)
(0.8629488699 0.1 0)
(0.8484958425 0.1 0)
(0.8376135072 0.1 0)
(0.8239300552 0.1 0)
(0.8047008803 0.1 0)
(0.7792215497 0.1 0)
(0.7585570429 0.1 0)
(0.7438527478 0.1 0)
(0.7329273795 0.1 0)
(0.7194777794 0.1 0)
(0.7005772344 0.1 0)
(0.6754322572 0.1 0)
(0.6542747401 0.1 0)
(0.6392875598 0.1 0)
(0.6282905949 0.1 0)
(0.6150949084 0.1 0)
(0.596551185 0.1 0)
(0.5713370511 0.1 0)
(0.5498978811 0.1 0)
(0.5346550222 0.1 0)
(0.5235732997 0.1 0)
(0.5105988072 0.1 0)
(0.4923659258 0.1 0)
(0.4674774942 0.1 0)
(0.4456430387 0.1 0)
(0.4301094508 0.1 0)
(0.4189095611 0.1 0)
(0.4061779729 0.1 0)
(0.3882864405 0.1 0)
(0.3636739573 0.1 0)
(0.3413574653 0.1 0)
(0.3255418838 0.1 0)
(0.314206302 0.1 0)
(0.3017015929 0.1 0)
(0.284128891 0.1 0)
(0.2596678619 0.1 0)
(0.2370373532 0.1 0)
(0.2209498221 0.1 0)
(0.2094648022 0.1 0)
(0.1971714776 0.1 0)
(0.179895832 0.1 0)
(0.1557394465 0.1 0)
(0.1327348495 0.1 0)
(0.1163702902 0.1 0)
(0.1047152228 0.1 0)
(0.09263012367 0.1 0)
(0.0756470948 0.1 0)
(0.05191470778 0.1 0)
(0.02853379304 0.1 0)
(0.01186294953 0.1 0)
(0 0.08847073649 0)
(0 0.07240025009 0)
(0 0.05 0)
(0 0.02759974991 0)
(0 0.01152926351 0)
(0.01186294953 0 0.001)
(0.02853379304 0 0.001)
(0.05191470778 0 0.001)
(0.0756470948 0 0.001)
(0.09263012367 0 0.001)
(0.1047152228 0 0.001)
(0.1163702902 0 0.001)
(0.1327348495 0 0.001)
(0.1557394465 0 0.001)
(0.179895832 0 0.001)
(0.1971714776 0 0.001)
(0.2094648022 0 0.001)
(0.2209498221 0 0.001)
(0.2370373532 0 0.001)
(0.2596678619 0 0.001)
(0.284128891 0 0.001)
(0.3017015929 0 0.001)
(0.314206302 0 0.001)
(0.3255418838 0 0.001)
(0.3413574653 0 0.001)
(0.3636739573 0 0.001)
(0.3882864405 0 0.001)
(0.4061779729 0 0.001)
(0.4189095611 0 0.001)
(0.4301094508 0 0.001)
(0.4456430387 0 0.001)
(0.4674774942 0 0.001)
(0.4923659258 0 0.001)
(0.5105988072 0 0.001)
(0.5235732997 0 0.001)
(0.5346550222 0 0.001)
(0.5498978811 0 0.001)
(0.5713370511 0 0.001)
(0.596551185 0 0.001)
(0.6150949084 0 0.001)
(0.6282905949 0 0.001)
(0.6392875598 0 0.001)
(0.6542747401 0 0.001)
(0.6754322572 0 0.001)
(0.7005772344 0 0.001)
(0.7194777794 0 0.001)
(0.7329273795 0 0.001)
(0.7438527478 0 0.001)
(0.7585570429 0 0.001)
(0.7792215497 0 0.001)
(0.8047008803 0 0.001)
(0.8239300552 0 0.001)
(0.8376135072 0 0.001)
(0.8484958425 0 0.001)
(0.8629488699 0 0.001)
(0.883270191 0 0.001)
(0.9086784094 0 0.001)
(0.9282784173 0 0.001)
(0.9422257541 0 0.001)
(0.9530845388 0 0.001)
(0.9672642509 0 0.001)
(0.9871908126 0 0.001)
(1.012809187 0 0.001)
(1.032735749 0 0.001)
(1.046915461 0 0.001)
(1.057774246 0 0.001)
(1.071721583 0 0.001)
(1.091321591 0 0.001)
(1.116729809 0 0.001)
(1.13705113 0 0.001)
(1.151504157 0 0.001)
(1.162386493 0 0.001)
(1.176069945 0 0.001)
(1.19529912 0 0.001)
(1.22077845 0 0.001)
(1.241442957 0 0.001)
(1.256147252 0 0.001)
(1.26707262 0 0.001)
(1.280522221 0 0.001)
(1.299422766 0 0.001)
(1.324567743 0 0.001)
(1.34572526 0 0.001)
(1.36071244 0 0.001)
(1.371709405 0 0.001)
(1.384905092 0 0.001)
(1.403448815 0 0.001)
(1.428662949 0 0.001)
(1.450102119 0 0.001)
(1.465344978 0 0.001)
(1.4764267 0 0.001)
(1.489401193 0 0.001)
(1.507634074 0 0.001)
(1.532522506 0 0.001)
(1.554356961 0 0.001)
(1.569890549 0 0.001)
(1.581090439 0 0.001)
(1.593822027 0 0.001)
(1.611713559 0 0.001)
(1.636326043 0 0.001)
(1.658642535 0 0.001)
(1.674458116 0 0.001)
(1.685793698 0 0.001)
(1.698298407 0 0.001)
(1.715871109 0 0.001)
(1.740332138 0 0.001)
(1.762962647 0 0.001)
(1.779050178 0 0.001)
(1.790535198 0 0.001)
(1.802828522 0 0.001)
(1.820104168 0 0.001)
(1.844260554 0 0.001)
(1.86726515 0 0.001)
(1.88362971 0 0.001)
(1.895284777 0 0.001)
(1.907369876 0 0.001)
(1.924352905 0 0.001)
(1.948085292 0 0.001)
(1.971466207 0 0.001)
(1.98813705 0 0.001)
(2 0.01152926351 0.001)
(2 0.02759974991 0.001)
(2 0.05 0.001)
(2 0.07240025009 0.001)
(2 0.08847073649 0.001)
(1.98813705 0.1 0.001)
(1.971466207 0.1 0.001)
(1.948085292 0.1 0.001)
(1.924352905 0.1 0.001)
(1.907369876 0.1 0.001)
(1.895284777 0.1 0.001)
(1.88362971 0.1 0.001)
(1.86726515 0.1 0.001)
(1.844260554 0.1 0.001)
(1.820104168 0.1 0.001)
(1.802828522 0.1 0.001)
(1.790535198 0.1 0.001)
(1.779050178 0.1 0.001)
(1.762962647 0.1 0.001)
(1.740332138 0.1 0.001)
(1.715871109 0.1 0.001)
(1.698298407 0.1 0.001)
(1.685793698 0.1 0.001)
(1.674458116 0.1 0.001)
(1.658642535 0.1 0.001)
(1.636326043 0.1 0.001)
(1.611713559 0.1 0.001)
(1.593822027 0.1 0.001)
(1.581090439 0.1 0.001)
(1.569890549 0.1 0.001)
(1.554356961 0.1 0.001)
(1.532522506 0.1 0.001)
(1.507634074 0.1 0.001)
(1.489401193 0.1 0.001)
(1.4764267 0.1 0.001)
(1.465344978 0.1 0.001)
(1.450102119 0.1 0.001)
(1.428662949 0.1 0.001)
(1.403448815 0.1 0.001)
(1.384905092 0.1 0.001)
(1.371709405 0.1 0.001)
(1.36071244 0.1 0.001)
(1.34572526 0.1 0.001)
(1.324567743 0.1 0.001)
(1.299422766 0.1 0.001)
(1.280522221 0.1 0.001)
(1.26707262 0.1 0.001)
(1.256147252 0.1 0.001)
(1.241442957 0.1 0.001)
(1.22077845 0.1 0.001)
(1.19529912 0.1 0.001)
(1.176069945 0.1 0.001)
(1.162386493 0.1 0.001)
(1.151504157 0.1 0.001)
(1.13705113 0.1 0.001)
(1.116729809 0.1 0.001)
(1.091321591 0.1 0.001)
(1.071721583 0.1 0.001)
(1.057774246 0.1 0.001)
(1.046915461 0.1 0.001)
(1.032735749 0.1 0.001)
(1.012809187 0.1 0.001)
(0.9871908126 0.1 0.001)
(0.9672642509 0.1 0.001)
(0.9530845388 0.1 0.001)
(0.9422257541 0.1 0.001)
(0.9282784173 0.1 0.001)
(0.9086784094 0.1 0.001)
(0.883270191 0.1 0.001)
(0.8629488699 0.1 0.001)
(0.8484958425 0.1 0.001)
(0.8376135072 0.1 0.001)
(0.8239300552 0.1 0.001)
(0.8047008803 0.1 0.001)
(0.7792215497 0.1 0.001)
(0.7585570429 0.1 0.001)
(0.7438527478 0.1 0.001)
(0.7329273795 0.1 0.001)
(0.7194777794 0.1 0.001)
(0.7005772344 0.1 0.001)
(0.6754322572 0.1 0.001)
(0.6542747401 0.1 0.001)
(0.6392875598 0.1 0.001)
(0.6282905949 0.1 0.001)
(0.6150949084 0.1 0.001)
(0.596551185 0.1 0.001)
(0.5713370511 0.1 0.001)
(0.5498978811 0.1 0.001)
(0.5346550222 0.1 0.001)
(0.5235732997 0.1 0.001)
(0.5105988072 0.1 0.001)
(0.4923659258 0.1 0.001)
(0.4674774942 0.1 0.001)
(0.4456430387 0.1 0.001)
(0.4301094508 0.1 0.001)
(0.4189095611 0.1 0.001)
(0.4061779729 0.1 0.001)
(0.3882864405 0.1 0.001)
(0.3636739573 0.1 0.001)
(0.3413574653 0.1 0.001)
(0.3255418838 0.1 0.001)
(0.314206302 0.1 0.001)
(0.3017015929 0.1 0.001)
(0.284128891 0.1 0.001)
(0.2596678619 0.1 0.001)
(0.2370373532 0.1 0.001)
(0.2209498221 0.1 0.001)
(0.2094648022 0.1 0.001)
(0.1971714776 0.1 0.001)
(0.179895832 0.1 0.001)
(0.1557394465 0.1 0.001)
(0.1327348495 0.1 0.001)
(0.1163702902 0.1 0.001)
(0.1047152228 0.1 0.001)
(0.09263012367 0.1 0.001)
(0.0756470948 0.1 0.001)
(0.05191470778 0.1 0.001)
(0.02853379304 0.1 0.001)
(0.01186294953 0.1 0.001)
(0 0.08847073649 0.001)
(0 0.07240025009 0.001)
(0 0.05 0.001)
(0 0.02759974991 0.001)
(0 0.01152926351 0.001)
(1.052344854 0.009403983397 0)
(0.9476551464 0.0905960166 0)
(1.157068362 0.008711371801 0)
(0.8429322132 0.09129363218 0)
(1.26260813 0.01047027721 0)
(0.7373918698 0.08952972279 0)
(0.6335666717 0.08880278216 0)
(1.366433328 0.01119721784 0)
(0.528659778 0.08965154076 0)
(1.471340222 0.01034845924 0)
(0.4239396909 0.09011065457 0)
(1.576060309 0.009889345434 0)
(0.320076044 0.01035907976 0)
(1.679923956 0.08964092024 0)
(0.2152073121 0.09005368105 0)
(1.784792688 0.009946318953 0)
(0.1101820341 0.01044680172 0)
(1.889817966 0.08955319828 0)
(0.9482041707 0.00870117482 0)
(1.051789623 0.09130566806 0)
(1.156945325 0.09057562116 0)
(0.8430546749 0.009424378838 0)
(1.26080669 0.08950071391 0)
(0.7391933104 0.01049928609 0)
(1.366210923 0.09047634901 0)
(0.6337890774 0.009523650994 0)
(0.528875374 0.01090013722 0)
(1.471124626 0.08909986278 0)
(1.576013081 0.08979813038 0)
(0.4239869185 0.01020186962 0)
(0.319765438 0.0894868794 0)
(1.680234562 0.0105131206 0)
(0.2151139188 0.01143341361 0)
(1.784886081 0.08856658639 0)
(0.09855478567 0.0897249169 0)
(1.901445214 0.0102750831 0)
(1.338229627 0.08560335791 0)
(0.6617703728 0.01439664209 0)
(1.230234063 0.08483783692 0)
(0.7697659369 0.01516216308 0)
(1.126227329 0.08617151551 0)
(0.8724853486 0.01359124177 0)
(0.9772275317 0.01476844978 0)
(1.022772468 0.08523155022 0)
(1.080182639 0.01614898016 0)
(0.9198108521 0.08387549506 0)
(1.18434782 0.0144125615 0)
(0.8156498932 0.08563196835 0)
(0.7100275069 0.08599197625 0)
(1.289972493 0.01400802375 0)
(1.390672192 0.01580668439 0)
(0.6093278081 0.08419331561 0)
(1.393219985 0.08771968148 0)
(0.6067800153 0.01228031852 0)
(1.438021489 0.01549603169 0)
(0.5619785115 0.08450396831 0)
(0.501925624 0.08400574277 0)
(1.498074376 0.01599425723 0)
(0.5014823665 0.01351318927 0)
(1.498517634 0.08648681073 0)
(0.4542711334 0.08454962265 0)
(1.545728867 0.01545037735 0)
(0.3966457143 0.0889619168 0)
(1.603354286 0.0110380832 0)
(0.3986050406 0.01210993069 0)
(1.601394959 0.08789006931 0)
(0.3522958581 0.08177537279 0)
(1.647704142 0.01822462721 0)
(1.706344101 0.08757269481 0)
(0.2936558989 0.01242730519 0)
(0.292915242 0.08697609899 0)
(1.707084758 0.01302390101 0)
(0.2461476909 0.08298846063 0)
(1.753852309 0.01701153937 0)
(1.812632388 0.01398901654 0)
(1.811466345 0.08719626031 0)
(0.1885336548 0.01280373969 0)
(0.1873676117 0.08601098346 0)
(0.1456748912 0.0824995908 0)
(1.854325109 0.0175004092 0)
(1.915861391 0.08741313137 0)
(0.08413860924 0.01258686863 0)
(0.7102905733 0.01383750519 0)
(1.289709427 0.08616249481 0)
(0.8163791625 0.01742953594 0)
(1.183603015 0.08262124641 0)
(0.9175594056 0.01408800607 0)
(1.082424697 0.0859261893 0)
(1.936219099 0.01747810028 0)
(0.06378090129 0.08252189972 0)
(1.022669414 0.01520997401 0)
(0.9772275317 0.08523155022 0)
(1.12689047 0.01505773459 0)
(0.8714861063 0.08544433765 0)
(1.230097515 0.01474156029 0)
(0.7699024849 0.08525843971 0)
(1.335853984 0.01583704025 0)
(0.6641460163 0.08416295975 0)
(1.440699595 0.08424794746 0)
(0.5593004051 0.01575205254 0)
(0.4573909406 0.01473529063 0)
(1.542609059 0.08526470937 0)
(1.647484289 0.08348832781 0)
(0.3525157113 0.01651167219 0)
(0.2494671677 0.01640436011 0)
(1.750532832 0.08359563989 0)
(1.98501696 0.06644119527 0)
(0.01498304005 0.03355880473 0)
(0.1433204924 0.01648102976 0)
(1.856679508 0.08351897024 0)
(1.988390449 0.01946477037 0)
(0.01160955106 0.08053522963 0)
(1.960934923 0.08609307813 0)
(0.03906507707 0.01390692187 0)
(1.005009117 0.08519376507 0)
(1.015800113 0.07039979369 0)
(1.031391628 0.0711621922 0)
(1.024605635 0.05638843675 0)
(1.039802062 0.05771475243 0)
(1.007272414 0.05407318384 0)
(1.033246639 0.0438136899 0)
(1.047978661 0.04537726444 0)
(1.054669566 0.05863127022 0)
(1.062933603 0.0461155042 0)
(1.041553986 0.03121949751 0)
(1.069732339 0.05871361428 0)
(1.078438268 0.04564339162 0)
(1.08518188 0.0595748446 0)
(1.09494534 0.04622709644 0)
(1.101970536 0.06041750873 0)
(1.111865993 0.04690396218 0)
(1.103951254 0.03018047422 0)
(1.061364237 0.07146398995 0)
(0.9957181476 0.01639279889 0)
(0.9850576323 0.03075071854 0)
(0.9687471557 0.02903642698 0)
(0.9758055482 0.04368689996 0)
(0.9602810887 0.04234740123 0)
(0.9669940489 0.05634053461 0)
(0.9520659664 0.05468078273 0)
(0.9453360549 0.04140716544 0)
(0.9370620742 0.05392623192 0)
(0.9584417822 0.06882145232 0)
(0.9302400382 0.04132639934 0)
(0.9215390669 0.05440462501 0)
(0.9147839519 0.04047306009 0)
(0.9050292522 0.05382890843 0)
(0.8979942976 0.03963294526 0)
(0.8881238903 0.05319437131 0)
(0.8960384402 0.06987690026 0)
(0.982224619 0.05778320409 0)
(0.9386148921 0.02855525785 0)
(0.7871428774 0.0161007943 0)
(0.7762898966 0.03091096946 0)
(0.7597897938 0.0281194153 0)
(0.7671203022 0.04462322227 0)
(0.7513193748 0.04425421338 0)
(0.7822138996 0.04533435806 0)
(0.7443083679 0.03136148964 0)
(0.7374740088 0.04377208889 0)
(0.7435382907 0.05607008251 0)
(0.7299613321 0.05512667744 0)
(0.7233027878 0.04257814754 0)
(0.7152282875 0.05721535437 0)
(0.7087957391 0.04156545705 0)
(0.6987511893 0.05506847367 0)
(0.6914709885 0.04095438506 0)
(0.6819426636 0.05479269237 0)
(0.7366188005 0.06720292571 0)
(0.6887860798 0.07070216467 0)
(0.7493632267 0.06888366384 0)
(0.6917665167 0.01378491049 0)
(1.21285669 0.08393319735 0)
(1.223708128 0.06911495346 0)
(1.240209924 0.07188428798 0)
(1.232879322 0.05538171542 0)
(1.248680625 0.05574578662 0)
(1.217783061 0.05470618083 0)
(1.255691615 0.06863873529 0)
(1.262525988 0.0562279486 0)
(1.256461709 0.04392992374 0)
(1.270038667 0.04487332985 0)
(1.276697212 0.05742185518 0)
(1.284771712 0.04278464706 0)
(1.291204261 0.05843454365 0)
(1.301248811 0.04493152633 0)
(1.308529012 0.05904561506 0)
(1.318057336 0.04520730763 0)
(1.263381199 0.0327970759 0)
(1.31121392 0.02929783533 0)
(1.250636773 0.03111633747 0)
(1.308233483 0.08621508951 0)
(1.211885054 0.01429358175 0)
(0.7880977439 0.08575495947 0)
(0.1249365374 0.08595709818 0)
(0.1308751231 0.06958388557 0)
(0.1483424093 0.06384424851 0)
(0.1348265669 0.05277452196 0)
(0.1184409252 0.05771407476 0)
(0.1218283633 0.04279192425 0)
(0.1068765716 0.04734991038 0)
(0.1031330755 0.06184132636 0)
(0.09201036447 0.05090082375 0)
(0.1527591194 0.04685246316 0)
(0.1659431597 0.05776023282 0)
(0.1700215757 0.04151480677 0)
(0.1830234426 0.05297534337 0)
(0.09655567819 0.03495664104 0)
(0.08053869754 0.04067966898 0)
(0.08827079631 0.06766638901 0)
(0.1863681287 0.03747330534 0)
(0.1983019293 0.04814228303 0)
(0.2008966829 0.03251735572 0)
(0.2136931565 0.03940290688 0)
(0.2101974614 0.0584791527 0)
(0.2253262674 0.05288576131 0)
(0.2229221514 0.06813540637 0)
(1.875063463 0.01404290182 0)
(1.869124877 0.03041611443 0)
(1.851657591 0.03615575149 0)
(1.865173433 0.04722547804 0)
(1.881559075 0.04228592524 0)
(1.878171637 0.05720807575 0)
(1.893123428 0.05265008962 0)
(1.896866925 0.03815867364 0)
(1.907989636 0.04909917625 0)
(1.847240881 0.05314753684 0)
(1.83405684 0.04223976718 0)
(1.829978424 0.05848519323 0)
(1.816976557 0.04702465663 0)
(1.903444322 0.06504335896 0)
(1.919461302 0.05932033102 0)
(1.911729204 0.03233361099 0)
(1.813631871 0.06252669466 0)
(1.801698071 0.05185771697 0)
(1.799103317 0.06748264428 0)
(1.786306843 0.06059709312 0)
(1.789802539 0.0415208473 0)
(1.774673733 0.04711423869 0)
(1.777077849 0.03186459363 0)
(0.229191698 0.03919232658 0)
(0.2435155908 0.04799285342 0)
(1.770808302 0.06080767342 0)
(1.756484409 0.05200714658 0)
(1.420020512 0.01729146752 0)
(1.430901628 0.03224163143 0)
(1.448233186 0.02898354999 0)
(1.415119232 0.03542355169 0)
(1.440738466 0.04599880778 0)
(1.456839172 0.04545249565 0)
(1.464446798 0.03030132814 0)
(1.470970739 0.04458279142 0)
(1.464652843 0.05736034697 0)
(1.478280213 0.05635741511 0)
(1.486399031 0.04179813849 0)
(1.493317037 0.05814027827 0)
(1.50201617 0.0430913212 0)
(1.509368516 0.0564835551 0)
(1.517626644 0.04271895696 0)
(1.526247511 0.05634476215 0)
(1.471242266 0.06807752078 0)
(1.517810428 0.07105513264 0)
(1.534625956 0.04175973626 0)
(1.543807103 0.05562247933 0)
(1.551867917 0.04165325816 0)
(1.560017303 0.05373680742 0)
(1.567413966 0.04126194875 0)
(1.574992537 0.05288037314 0)
(1.582072778 0.04080178225 0)
(1.589875853 0.05264321398 0)
(1.596941029 0.04032919616 0)
(1.605411163 0.05260250701 0)
(1.612924195 0.04002109044 0)
(1.621198444 0.05288487671 0)
(1.582065927 0.06478926163 0)
(1.629928788 0.03869168202 0)
(1.639036415 0.05325419235 0)
(1.458367045 0.06893379951 0)
(1.618491852 0.01384369304 0)
(1.574922708 0.02960353286 0)
(0.5799794877 0.08270853248 0)
(0.5690983719 0.06775836857 0)
(0.5517668141 0.07101645001 0)
(0.5848807678 0.06457644831 0)
(0.5592615335 0.05400119222 0)
(0.5431608276 0.05454750435 0)
(0.5355532021 0.06969867186 0)
(0.5290292613 0.05541720858 0)
(0.5353471572 0.04263965303 0)
(0.5217197867 0.04364258489 0)
(0.5136009686 0.05820186151 0)
(0.5066829634 0.04185972173 0)
(0.4979838297 0.0569086788 0)
(0.4906314842 0.0435164449 0)
(0.4823733557 0.05728104304 0)
(0.4737524888 0.04365523785 0)
(0.5287577337 0.03192247922 0)
(0.4821895717 0.02894486736 0)
(0.4653740444 0.05824026374 0)
(0.4561928966 0.04437752067 0)
(0.4481320829 0.05834674184 0)
(0.439982697 0.04626319258 0)
(0.4325860345 0.05873805125 0)
(0.4250074631 0.04711962686 0)
(0.4179272219 0.05919821775 0)
(0.4101241471 0.04735678602 0)
(0.4030589715 0.05967080384 0)
(0.3945888375 0.04739749299 0)
(0.3870758051 0.05997890956 0)
(0.378801556 0.04711512329 0)
(0.4179340733 0.03521073837 0)
(0.3700712119 0.06130831798 0)
(0.3609635853 0.04674580765 0)
(0.5416329553 0.03106620049 0)
(0.3815081485 0.08615630696 0)
(0.4250772921 0.07039646714 0)
(1.420504839 0.08269916593 0)
(0.5794951607 0.01730083407 0)
(0.673864221 0.04059979729 0)
(0.6650690186 0.0544751037 0)
(0.6570094146 0.04034022816 0)
(0.6491408322 0.05357333444 0)
(0.641775305 0.04000674036 0)
(0.6341101813 0.05229158401 0)
(0.6273341105 0.03940407873 0)
(0.6193454358 0.05187189617 0)
(0.6404005702 0.06483082928 0)
(0.6132496685 0.03901737718 0)
(1.326135779 0.05940020272 0)
(1.334930981 0.0455248963 0)
(1.342990585 0.05965977184 0)
(1.350859168 0.04642666556 0)
(1.358224695 0.05999325964 0)
(1.365889819 0.04770841599 0)
(1.37266589 0.06059592127 0)
(1.380654564 0.04812810383 0)
(1.35959943 0.03516917072 0)
(1.386750332 0.06098262282 0)
(1.790897299 0.02486838189 0)
(0.2091027009 0.07513161811 0)
(0.5421763496 0.08034643395 0)
(1.45782365 0.01965356605 0)
(1.430224834 0.06903575465 0)
(1.414564267 0.06603326239 0)
(0.5697751657 0.03096424535 0)
(0.5854357332 0.03396673761 0)
(0.3729417395 0.01828906703 0)
(1.62705826 0.08171093297 0)
(1.227422929 0.04155108299 0)
(0.7725748451 0.05845523762 0)
(0.6342562858 0.02852790344 0)
(1.365743714 0.07147209656 0)
(0.8802572842 0.03775532575 0)
(0.8713431724 0.05157615578 0)
(0.8634820056 0.03801703948 0)
(0.855573203 0.05034241381 0)
(0.8491977256 0.03734676477 0)
(0.8413587562 0.04908805926 0)
(0.8473087535 0.06195235699 0)
(0.8334876341 0.0606418614 0)
(0.8267153682 0.04756125386 0)
(0.8180958466 0.05955863184 0)
(0.8555852626 0.02719135777 0)
(0.8115221246 0.04573729427 0)
(0.8034624255 0.05883133872 0)
(0.8388682193 0.07272257432 0)
(0.8525532701 0.07458949635 0)
(1.119706971 0.06231203595 0)
(1.128634485 0.04850133076 0)
(1.136497118 0.06205848339 0)
(1.144407104 0.04973712822 0)
(1.150777719 0.06274234747 0)
(1.158623778 0.05100128959 0)
(1.152679676 0.03812838034 0)
(1.166503907 0.03944728899 0)
(1.173268051 0.05253535379 0)
(1.181895745 0.04053048644 0)
(1.144793054 0.07453382518 0)
(1.188465435 0.05436171308 0)
(1.196518521 0.04125051149 0)
(1.161127856 0.02733923748 0)
(1.147441056 0.02548402259 0)
(0.8429542564 0.02685051779 0)
(1.732290331 0.08226674441 0)
(0.2677096691 0.01773325559 0)
(1.732587832 0.02065902706 0)
(0.2674121681 0.07934097294 0)
(0.02186748289 0.01837555231 0)
(1.978132517 0.08162444769 0)
(0.4743729806 0.08125894116 0)
(1.525627019 0.01874105884 0)
(0.03927202343 0.08297503051 0)
(0.05167434506 0.06590477554 0)
(0.0328634276 0.06508386291 0)
(0.04428607102 0.04984072212 0)
(1.960727977 0.01702496949 0)
(1.948325655 0.03409522446 0)
(1.967136572 0.03491613709 0)
(1.955713929 0.05015927788 0)
(1.15713962 0.07393412163 0)
(0.8993014594 0.01331216282 0)
(1.10068174 0.08670176066 0)
(1.743826191 0.03499086444 0)
(1.725256921 0.03685151479 0)
(1.735415251 0.05088139442 0)
(1.71797618 0.05170101774 0)
(1.708328471 0.03927850688 0)
(1.701941929 0.05325191333 0)
(1.693225854 0.04179294611 0)
(1.687762948 0.05478940376 0)
(1.679091506 0.04346966799 0)
(1.673169882 0.05635739158 0)
(1.681689757 0.06761612804 0)
(1.664661726 0.04579699842 0)
(1.672424618 0.03102552951 0)
(1.667920326 0.0690623598 0)
(1.710148764 0.06542812288 0)
(0.2561738094 0.06500913556 0)
(0.2747430786 0.06314848521 0)
(0.264584749 0.04911860558 0)
(0.2820238198 0.04829898226 0)
(0.2916715291 0.06072149312 0)
(0.298058071 0.04674808667 0)
(0.306774146 0.05820705389 0)
(0.3122370518 0.04521059624 0)
(0.3209084941 0.05653033201 0)
(0.326830118 0.04364260842 0)
(0.3183102428 0.03238387196 0)
(0.3353382743 0.05420300158 0)
(0.3275753822 0.06897447049 0)
(0.332079674 0.0309376402 0)
(0.2898512358 0.03457187712 0)
(1.394393238 0.04917451946 0)
(0.6056067623 0.05082548054 0)
(1.389693835 0.03319134893 0)
(0.6103061655 0.06680865107 0)
(1.251504756 0.08129686014 0)
(0.7484952086 0.0187036075 0)
(1.003305847 0.03431726057 0)
(0.168336156 0.08488441013 0)
(1.831663844 0.01511558987 0)
(0.1723205723 0.01442606785 0)
(1.827679428 0.08557393215 0)
(1.931765415 0.08584151641 0)
(0.06823458508 0.01415848359 0)
(1.920181347 0.01855591279 0)
(0.07981865285 0.08144408721 0)
(0.820411108 0.03302512918 0)
(0.8057594758 0.03152921629 0)
(1.179565819 0.06707221592 0)
(1.19367348 0.06850356691 0)
(1.871194021 0.08171396169 0)
(0.128805979 0.01828603831 0)
(0.2341258788 0.01620865226 0)
(1.765874121 0.08379134774 0)
(1.559184012 0.08319820703 0)
(0.4405412954 0.08567191205 0)
(0.440815988 0.01680179297 0)
(1.559458705 0.01432808795 0)
(1.069684533 0.03085844446 0)
(0.9303055812 0.06916895116 0)
(1.885338202 0.0265495503 0)
(0.1146617979 0.0734504497 0)
(0.6509082776 0.08463383352 0)
(0.6548198521 0.06953830367 0)
(1.349091722 0.01536616648 0)
(1.345180148 0.03046169633 0)
(1.244953199 0.01766984574 0)
(0.7550468007 0.08233015448 0)
(0.05509015156 0.03418841342 0)
(1.944909848 0.06581158658 0)
(1.035912768 0.01735146283 0)
(0.9641347537 0.08277870172 0)
(0.6488293631 0.01508129571 0)
(1.351170637 0.08491870429 0)
(0.196324588 0.06346805415 0)
(1.803675412 0.03653194585 0)
(0.9321952457 0.01639523865 0)
(1.067784021 0.08361687975 0)
(1.037354827 0.08420262147 0)
(0.9626665653 0.01583603117 0)
(1.169664381 0.08733988858 0)
(0.8303277926 0.01267388512 0)
(1.274136084 0.08745350989 0)
(0.7258639156 0.01254649011 0)
(0.2272834601 0.08965593869 0)
(1.77271654 0.01034406131 0)
(1.06607486 0.01622901843 0)
(0.9339211327 0.08378049221 0)
(1.056454877 0.0251452504 0)
(0.3343576347 0.01119985904 0)
(1.665642365 0.08880014096 0)
(1.669430223 0.009989320181 0)
(0.330569777 0.09001067982 0)
(1.697908734 0.02731780176 0)
(0.302091266 0.07268219824 0)
(0.9435400931 0.07487047655 0)
(1.457723548 0.08920173019 0)
(0.5422764516 0.01079826981 0)
(1.612978805 0.06748167833 0)
(0.3870211951 0.03251832167 0)
(1.553947021 0.06869528661 0)
(0.4460529793 0.03130471339 0)
(1.167165348 0.01394854894 0)
(0.8328341544 0.08608556675 0)
(1.143506256 0.08816349237 0)
(0.8561221443 0.009929713383 0)
(0.8550822784 0.08790865071 0)
(1.144749337 0.01215927837 0)
(0.7247983957 0.0877071907 0)
(0.7176587303 0.07282644788 0)
(1.275201604 0.0122928093 0)
(1.28234127 0.02717355212 0)
(0.5743784421 0.04871042339 0)
(1.425621558 0.05128957661 0)
(1.377568294 0.01230262994 0)
(1.36964282 0.02382665665 0)
(0.6224317063 0.08769737006 0)
(0.6303571796 0.07617334335 0)
(1.379694806 0.08659316176 0)
(0.620305194 0.01340683824 0)
(1.265524303 0.07827650093 0)
(0.7344756966 0.02172349907 0)
(0.1376256981 0.03326136529 0)
(1.862374302 0.06673863471 0)
(0.721226568 0.02700615059 0)
(1.278773432 0.07299384959 0)
(0.01390657088 0.06462179926 0)
(1.986093429 0.03537820074 0)
(0.5162868927 0.08722896807 0)
(0.5250325292 0.07811775637 0)
(0.5138755765 0.07361871201 0)
(1.483713107 0.01277103193 0)
(1.474967471 0.02188224363 0)
(1.486124424 0.02638128799 0)
(0.5160912457 0.01195716445 0)
(1.483908754 0.08804283555 0)
(1.818665742 0.03076206816 0)
(0.1813342584 0.06923793184 0)
(1.490847584 0.07381674429 0)
(0.5091524163 0.02618325571 0)
(0.4110617916 0.01294243815 0)
(1.589201698 0.01335370173 0)
(0.410798302 0.08664629827 0)
(1.588938208 0.08705756185 0)
(0.8769737176 0.06829456924 0)
(1.122783471 0.03183363692 0)
(0.9532746038 0.02677558161 0)
(1.046709809 0.07322218863 0)
(1.646156714 0.03693243172 0)
(0.3538432855 0.06306756828 0)
(1.568636765 0.07243590948 0)
(0.4313632355 0.02756409052 0)
(1.69278493 0.08851857751 0)
(0.3072150701 0.01148142249 0)
(0.3068521829 0.08741554729 0)
(0.3155402377 0.07814352194 0)
(1.693147817 0.01258445271 0)
(1.684459762 0.02185647806 0)
(0.4897141403 0.0719646071 0)
(1.51028586 0.0280353929 0)
(1.596696089 0.07555274685 0)
(0.4033039108 0.02444725315 0)
(1.79786101 0.01236132841 0)
(1.796355048 0.08857126363 0)
(1.789904738 0.07714218342 0)
(0.2036449521 0.01142873637 0)
(0.2100952624 0.02285781658 0)
(0.2021389895 0.08763867159 0)
(0.2573903534 0.03303037664 0)
(1.742609647 0.06696962336 0)
(0.09876415677 0.01135318663 0)
(0.1055606013 0.02208653219 0)
(1.901235843 0.08864681337 0)
(1.894439399 0.07791346781 0)
(1.242164423 0.04305533024 0)
(0.7578351437 0.0569465474 0)
(0.1098898447 0.08750765813 0)
(1.890110155 0.01249234187 0)
(1.450602333 0.05824357495 0)
(0.5493976666 0.04175642505 0)
(0.2397317587 0.0652696573 0)
(1.760268241 0.0347303427 0)
(1.027774194 0.03020693403 0)
(0.6724296059 0.0689299144 0)
(1.327570394 0.0310700856 0)
(1.138216106 0.0366900048 0)
(0.8617675154 0.06337991373 0)
(1.694383833 0.06633736487 0)
(0.3056161669 0.03366263513 0)
(0.9729941638 0.07048643584 0)
(0.9873909244 0.07177588477 0)
(0.100100434 0.07591348399 0)
(1.899899566 0.02408651601 0)
(0.6210216913 0.02714012001 0)
(1.378978309 0.07285987999 0)
(0.9132720719 0.06854675333 0)
(1.086714131 0.03149631901 0)
(1.164748129 0.06363002397 0)
(0.8352393992 0.03657449986 0)
(1.935713625 0.05140192907 0)
(0.06428637542 0.04859807093 0)
(1.1040257 0.01336223637 0)
(0.4410915743 0.07273734863 0)
(1.558908426 0.02726265137 0)
(0.8959743002 0.08667341218 0)
(0.1584680588 0.02615724213 0)
(1.841531941 0.07384275787 0)
(0.4122960405 0.07153633016 0)
(1.587703959 0.02846366984 0)
(1.579787114 0.07861424054 0)
(0.4202128858 0.02138575946 0)
(1.257181939 0.02039793582 0)
(0.7428180605 0.0796020647 0)
(1.37449769 0.03550733782 0)
(0.6255023096 0.06449266218 0)
(0.9915838192 0.04677116529 0)
(0.07041986068 0.06619918389 0)
(1.929580139 0.03380081611 0)
(1.018348627 0.04262722453 0)
(0.3140513668 0.02116741384 0)
(1.685948633 0.07883258616 0)
(0.6496941392 0.02648581525 0)
(1.350305861 0.07351418475 0)
(0.924289877 0.02795684772 0)
(1.075664882 0.07207688864 0)
(0.273762298 0.03437013807 0)
(1.726237702 0.06562986193 0)
(1.311995254 0.01258372774 0)
(0.6880047458 0.08741627226 0)
(0.5353131911 0.02107132062 0)
(1.464686809 0.07892867938 0)
(0.824968478 0.0724918547 0)
(1.17502832 0.02757819235 0)
(1.534083235 0.07088222565 0)
(0.4659167645 0.02911777435 0)
(0.396196641 0.07428965968 0)
(1.603803359 0.02571034032 0)
(1.638559644 0.06918118742 0)
(1.654196823 0.06261877357 0)
(0.3614403559 0.03081881258 0)
(0.3458031767 0.03738122643 0)
(1.766512741 0.02219353462 0)
(0.2334872593 0.07780646538 0)
(1.714333094 0.02546654849 0)
(0.2856669064 0.07453345151 0)
(1.524035495 0.08463995748 0)
(0.475964505 0.01536004252 0)
(1.88861783 0.06696648858 0)
(0.1113821702 0.03303351142 0)
(0.7024347033 0.02718436758 0)
(1.297565297 0.07281563242 0)
(0.5398722465 0.09005595936 0)
(1.460127753 0.009944040638 0)
(1.661418449 0.02043639031 0)
(0.3385815512 0.07956360969 0)
(1.916068015 0.0735750199 0)
(0.08393198486 0.0264249801 0)
(1.236295151 0.02904012356 0)
(0.763704406 0.07096124307 0)
(1.190158972 0.02811940261 0)
(0.5237575392 0.06650595618 0)
(1.476242461 0.03349404382 0)
(0.8097676153 0.07194933911 0)
(0.8305934155 0.02441277782 0)
(1.295772096 0.03181802752 0)
(0.7042279038 0.06818197248 0)
(0.6839704773 0.02763018462 0)
(1.316029523 0.0723698154 0)
(1.169309036 0.07539078507 0)
(0.5548208825 0.03039873943 0)
(1.445179117 0.06960126057 0)
(1.80474637 0.02370254817 0)
(0.1952536297 0.07629745183 0)
(1.250206524 0.09185904622 0)
(0.7497934693 0.008141047306 0)
(1.876801125 0.07067917295 0)
(0.1231988752 0.02932082705 0)
(0.02113844687 0.08849562867 0)
(1.978861553 0.01150437133 0)
(1.408775034 0.05075417202 0)
(0.5912249662 0.04924582798 0)
(0.4204314253 0.080045915 0)
(1.579568575 0.019954085 0)
(0.06908992768 0.03002952256 0)
(1.930910072 0.06997047744 0)
(0.8889923502 0.02552745569 0)
(1.404602159 0.07857987206 0)
(0.595397841 0.02142012794 0)
(1.35813855 0.02157307518 0)
(0.6418614503 0.07842692482 0)
(1.111470811 0.07516180369 0)
(1.503235811 0.07110336637 0)
(0.4967641892 0.02889663363 0)
(1.673751493 0.0799635445 0)
(0.3262485072 0.0200364555 0)
(1.048002667 0.01794844512 0)
(0.9520037101 0.0820826951 0)
(0.5959372439 0.0772864959 0)
(1.404062756 0.0227135041 0)
(1.202960918 0.0544266845 0)
(0.7321574858 0.03328827514 0)
(1.26784251 0.06671177792 0)
(0.944603469 0.01860375874 0)
(0.7969352598 0.04563467761 0)
(0.9939954438 0.06033069319 0)
(1.055370786 0.08140501398 0)
(1.211829001 0.04111330016 0)
(1.009883266 0.01938795777 0)
(0.190348175 0.02669663165 0)
(1.809651825 0.07330336835 0)
(0.7881346104 0.05894576625 0)
(0.07862047496 0.05451426827 0)
(1.921379525 0.04548573173 0)
(1.778399423 0.01984337808 0)
(0.2216005768 0.08015662192 0)
(1.269229677 0.02299633969 0)
(0.7307703228 0.07700366067 0)
(1.685158381 0.03313296862 0)
(0.3148416191 0.06686703138 0)
(0.9080223758 0.02671634213 0)
(1.092000904 0.07339948161 0)
(1.380414966 0.02412693155 0)
(0.6195850338 0.07587306845 0)
(0.3258569689 0.0813039871 0)
(1.674143031 0.0186960129 0)
(0.1764071452 0.0273890027 0)
(1.823592855 0.0726109973 0)
(0.5225523868 0.0225893835 0)
(1.477447613 0.0774106165 0)
(0.01132327396 0.01131248324 0)
(1.988676726 0.08868751676 0)
(1.370388207 0.08068158494 0)
(0.6296117933 0.01931841506 0)
(0.2408792737 0.03017933941 0)
(1.759120726 0.06982066059 0)
(0.02375800397 0.0763423102 0)
(1.976241996 0.0236576898 0)
(0.6082396225 0.02632176869 0)
(1.391760377 0.07367823131 0)
(1.40028271 0.06288199255 0)
(0.5997172896 0.03711800745 0)
(1.883425132 0.07963618812 0)
(0.1165748678 0.02036381188 0)
(0.9908337598 0.08543887631 0)
(1.208259257 0.06875698848 0)
(0.7916294949 0.03128917865 0)
(0.794684441 0.07220452508 0)
(0.4596497221 0.07064444004 0)
(1.540350278 0.02935555996 0)
(0.8014355604 0.0182250562 0)
(0.6391013908 0.017953084 0)
(1.360898609 0.082046916 0)
(0.03729426663 0.0320582203 0)
(1.962705733 0.0679417797 0)
(1.198738312 0.08076299983 0)
(1.136016088 0.02424493545 0)
(0.8635725776 0.07592339354 0)
(0.2239887817 0.02402015735 0)
(1.776011218 0.07597984265 0)
(0.849228018 0.01802721884 0)
(1.205289045 0.02785966162 0)
(1.569674912 0.01839147153 0)
(0.4303250881 0.08160852847 0)
(0.4300341474 0.01690914495 0)
(1.569965853 0.08309085505 0)
(1.151659003 0.08250661493 0)
(1.220469783 0.02809988506 0)
(0.7795164219 0.07193002853 0)
(0.8702945938 0.02687692963 0)
(0.6669451406 0.02778409319 0)
(1.333054859 0.07221590682 0)
(1.131626801 0.07390395189 0)
(0.2988037066 0.02254694821 0)
(0.283241338 0.02135291783 0)
(1.701196293 0.07745305179 0)
(1.716758662 0.07864708217 0)
(0.02383021341 0.05016881745 0)
(1.976169787 0.04983118255 0)
(0.3394652658 0.02241231779 0)
(1.660534734 0.07758768221 0)
(0.3626748826 0.07286531686 0)
(1.637325117 0.02713468314 0)
(1.197396002 0.0169370415 0)
(0.8025801147 0.0831081584 0)
(0.3787124518 0.0721405341 0)
(1.621287548 0.0278594659 0)
(1.402408819 0.03825141924 0)
(0.5975911811 0.06174858076 0)
(0.3473810622 0.05074111112 0)
(1.652618938 0.04925888888 0)
(1.612041388 0.08167394231 0)
(0.3879586121 0.01832605769 0)
(0.6759769529 0.01671916608 0)
(1.324023047 0.08328083393 0)
(1.905856983 0.07807068949 0)
(0.09414301746 0.02192931051 0)
(1.879241841 0.09041214669 0)
(0.1207581592 0.009587853308 0)
(0.08789862957 0.09066182483 0)
(1.91210137 0.009338175169 0)
(1.155088345 0.01820387784 0)
(1.482226943 0.06676051499 0)
(0.5177730574 0.03323948501 0)
(0.8448954753 0.08183801128 0)
(1.565975291 0.09127182402 0)
(0.4340247088 0.008728175978 0)
(0.3408354631 0.06695693348 0)
(1.659164537 0.03304306652 0)
(1.597480443 0.06234558292 0)
(0.4025195571 0.03765441708 0)
(1.114962753 0.02088981852 0)
(0.8847485511 0.08205784387 0)
(0.225547216 0.009614502503 0)
(1.774452784 0.0903854975 0)
(0.4337917091 0.09140778785 0)
(1.566208291 0.00859221215 0)
(1.27466392 0.03484638777 0)
(0.7253360802 0.06515361223 0)
(1.722041786 0.01182989531 0)
(0.2779582139 0.08817010469 0)
(1.509734066 0.0811633374 0)
(0.4902659339 0.0188366626 0)
(0.009845109891 0.09020846263 0)
(1.99015489 0.009791537371 0)
(0.6985742854 0.07987228769 0)
(1.301425715 0.02012771231 0)
(1.043577857 0.09180371116 0)
(0.956422483 0.008196485263 0)
(1.001505443 0.07125002794 0)
(1.356791151 0.008820477864 0)
(0.6432088492 0.09117952214 0)
(0.8392316315 0.01827775568 0)
(1.161319015 0.08222328994 0)
(0.5497587126 0.08663907159 0)
(1.450241287 0.01336092841 0)
(1.055881316 0.03678940557 0)
(0.4742968486 0.06787785901 0)
(1.525703151 0.03212214099 0)
(1.438338286 0.05801700748 0)
(0.5616617143 0.04198299252 0)
(1.357233175 0.09164214486 0)
(0.6427668246 0.008357855138 0)
(0.9441072334 0.06322887844 0)
(0.7474325194 0.09071482716 0)
(1.252567481 0.009285172944 0)
(1.626775006 0.06517917837 0)
(0.3732249944 0.03482082163 0)
(0.9530342584 0.01562260632 0)
(1.242719645 0.08597560625 0)
(0.7572802903 0.01402524664 0)
(1.04696058 0.08438784066 0)
(0.09092865967 0.08108214039 0)
(1.90907134 0.01891785961 0)
(0.5466687771 0.02181731658 0)
(1.453331223 0.07818268342 0)
(0.5334395355 0.08218359605 0)
(1.466560465 0.01781640395 0)
(1.946257145 0.08006824891 0)
(0.05374285527 0.01993175109 0)
(1.01529965 0.03032476236 0)
(1.514828767 0.01255414179 0)
(0.485171233 0.08744585821 0)
(1.093082754 0.01991952719 0)
(1.043377194 0.008680795014 0)
(0.95682848 0.09109148268 0)
(0.9069092386 0.08012564003 0)
(0.8860123373 0.01310771507 0)
(1.113777422 0.08700876996 0)
(0.3667943866 0.08524289312 0)
(1.633205613 0.01475710688 0)
(1.839995104 0.02844204535 0)
(0.1600048963 0.07155795465 0)
(0.1997587486 0.02181203239 0)
(1.800241251 0.07818796761 0)
(0.8609653117 0.01917915734 0)
(0.9391616229 0.008514736384 0)
(1.060830851 0.09148922562 0)
(0.5028069354 0.0683053469 0)
(1.497193065 0.0316946531 0)
(1.32289881 0.01918988923 0)
(0.6771011904 0.08081011077 0)
(1.990365241 0.07952482926 0)
(0.009634759379 0.02047517074 0)
(1.060687848 0.00795149124 0)
(1.056713021 0.01533563772 0)
(0.9393121519 0.09204850876 0)
(0.9432864468 0.08467563784 0)
(1.56840944 0.06146046831 0)
(0.4315905601 0.03853953169 0)
(1.052344854 0.009403983397 0.001)
(0.9476551464 0.0905960166 0.001)
(1.157068362 0.008711371801 0.001)
(0.8429322132 0.09129363218 0.001)
(1.26260813 0.01047027721 0.001)
(0.7373918698 0.08952972279 0.001)
(0.6335666717 0.08880278216 0.001)
(1.366433328 0.01119721784 0.001)
(0.528659778 0.08965154076 0.001)
(1.471340222 0.01034845924 0.001)
(0.4239396909 0.09011065457 0.001)
(1.576060309 0.009889345434 0.001)
(0.320076044 0.01035907976 0.001)
(1.679923956 0.08964092024 0.001)
(0.2152073121 0.09005368105 0.001)
(1.784792688 0.009946318953 0.001)
(0.1101820341 0.01044680172 0.001)
(1.889817966 0.08955319828 0.001)
(0.9482041707 0.00870117482 0.001)
(1.051789623 0.09130566806 0.001)
(1.156945325 0.09057562116 0.001)
(0.8430546749 0.009424378838 0.001)
(1.26080669 0.08950071391 0.001)
(0.7391933104 0.01049928609 0.001)
(1.366210923 0.09047634901 0.001)
(0.6337890774 0.009523650994 0.001)
(0.528875374 0.01090013722 0.001)
(1.471124626 0.08909986278 0.001)
(1.576013081 0.08979813038 0.001)
(0.4239869185 0.01020186962 0.001)
(0.319765438 0.0894868794 0.001)
(1.680234562 0.0105131206 0.001)
(0.2151139188 0.01143341361 0.001)
(1.784886081 0.08856658639 0.001)
(0.09855478567 0.0897249169 0.001)
(1.901445214 0.0102750831 0.001)
(1.338229627 0.08560335791 0.001)
(0.6617703728 0.01439664209 0.001)
(1.230234063 0.08483783692 0.001)
(0.7697659369 0.01516216308 0.001)
(1.126227329 0.08617151551 0.001)
(0.8724853486 0.01359124177 0.001)
(0.9772275317 0.01476844978 0.001)
(1.022772468 0.08523155022 0.001)
(1.080182639 0.01614898016 0.001)
(0.9198108521 0.08387549506 0.001)
(1.18434782 0.0144125615 0.001)
(0.8156498932 0.08563196835 0.001)
(0.7100275069 0.08599197625 0.001)
(1.289972493 0.01400802375 0.001)
(1.390672192 0.01580668439 0.001)
(0.6093278081 0.08419331561 0.001)
(1.393219985 0.08771968148 0.001)
(0.6067800153 0.01228031852 0.001)
(1.438021489 0.01549603169 0.001)
(0.5619785115 0.08450396831 0.001)
(0.501925624 0.08400574277 0.001)
(1.498074376 0.01599425723 0.001)
(0.5014823665 0.01351318927 0.001)
(1.498517634 0.08648681073 0.001)
(0.4542711334 0.08454962265 0.001)
(1.545728867 0.01545037735 0.001)
(0.3966457143 0.0889619168 0.001)
(1.603354286 0.0110380832 0.001)
(0.3986050406 0.01210993069 0.001)
(1.601394959 0.08789006931 0.001)
(0.3522958581 0.08177537279 0.001)
(1.647704142 0.01822462721 0.001)
(1.706344101 0.08757269481 0.001)
(0.2936558989 0.01242730519 0.001)
(0.292915242 0.08697609899 0.001)
(1.707084758 0.01302390101 0.001)
(0.2461476909 0.08298846063 0.001)
(1.753852309 0.01701153937 0.001)
(1.812632388 0.01398901654 0.001)
(1.811466345 0.08719626031 0.001)
(0.1885336548 0.01280373969 0.001)
(0.1873676117 0.08601098346 0.001)
(0.1456748912 0.0824995908 0.001)
(1.854325109 0.0175004092 0.001)
(1.915861391 0.08741313137 0.001)
(0.08413860924 0.01258686863 0.001)
(0.7102905733 0.01383750519 0.001)
(1.289709427 0.08616249481 0.001)
(0.8163791625 0.01742953594 0.001)
(1.183603015 0.08262124641 0.001)
(0.9175594056 0.01408800607 0.001)
(1.082424697 0.0859261893 0.001)
(1.936219099 0.01747810028 0.001)
(0.06378090129 0.08252189972 0.001)
(1.022669414 0.01520997401 0.001)
(0.9772275317 0.08523155022 0.001)
(1.12689047 0.01505773459 0.001)
(0.8714861063 0.08544433765 0.001)
(1.230097515 0.01474156029 0.001)
(0.7699024849 0.08525843971 0.001)
(1.335853984 0.01583704025 0.001)
(0.6641460163 0.08416295975 0.001)
(1.440699595 0.08424794746 0.001)
(0.5593004051 0.01575205254 0.001)
(0.4573909406 0.01473529063 0.001)
(1.542609059 0.08526470937 0.001)
(1.647484289 0.08348832781 0.001)
(0.3525157113 0.01651167219 0.001)
(0.2494671677 0.01640436011 0.001)
(1.750532832 0.08359563989 0.001)
(1.98501696 0.06644119527 0.001)
(0.01498304005 0.03355880473 0.001)
(0.1433204924 0.01648102976 0.001)
(1.856679508 0.08351897024 0.001)
(1.988390449 0.01946477037 0.001)
(0.01160955106 0.08053522963 0.001)
(1.960934923 0.08609307813 0.001)
(0.03906507707 0.01390692187 0.001)
(1.005009117 0.08519376507 0.001)
(1.015800113 0.07039979369 0.001)
(1.031391628 0.0711621922 0.001)
(1.024605635 0.05638843675 0.001)
(1.039802062 0.05771475243 0.001)
(1.007272414 0.05407318384 0.001)
(1.033246639 0.0438136899 0.001)
(1.047978661 0.04537726444 0.001)
(1.054669566 0.05863127022 0.001)
(1.062933603 0.0461155042 0.001)
(1.041553986 0.03121949751 0.001)
(1.069732339 0.05871361428 0.001)
(1.078438268 0.04564339162 0.001)
(1.08518188 0.0595748446 0.001)
(1.09494534 0.04622709644 0.001)
(1.101970536 0.06041750873 0.001)
(1.111865993 0.04690396218 0.001)
(1.103951254 0.03018047422 0.001)
(1.061364237 0.07146398995 0.001)
(0.9957181476 0.01639279889 0.001)
(0.9850576323 0.03075071854 0.001)
(0.9687471557 0.02903642698 0.001)
(0.9758055482 0.04368689996 0.001)
(0.9602810887 0.04234740123 0.001)
(0.9669940489 0.05634053461 0.001)
(0.9520659664 0.05468078273 0.001)
(0.9453360549 0.04140716544 0.001)
(0.9370620742 0.05392623192 0.001)
(0.9584417822 0.06882145232 0.001)
(0.9302400382 0.04132639934 0.001)
(0.9215390669 0.05440462501 0.001)
(0.9147839519 0.04047306009 0.001)
(0.9050292522 0.05382890843 0.001)
(0.8979942976 0.03963294526 0.001)
(0.8881238903 0.05319437131 0.001)
(0.8960384402 0.06987690026 0.001)
(0.982224619 0.05778320409 0.001)
(0.9386148921 0.02855525785 0.001)
(0.7871428774 0.0161007943 0.001)
(0.7762898966 0.03091096946 0.001)
(0.7597897938 0.0281194153 0.001)
(0.7671203022 0.04462322227 0.001)
(0.7513193748 0.04425421338 0.001)
(0.7822138996 0.04533435806 0.001)
(0.7443083679 0.03136148964 0.001)
(0.7374740088 0.04377208889 0.001)
(0.7435382907 0.05607008251 0.001)
(0.7299613321 0.05512667744 0.001)
(0.7233027878 0.04257814754 0.001)
(0.7152282875 0.05721535437 0.001)
(0.7087957391 0.04156545705 0.001)
(0.6987511893 0.05506847367 0.001)
(0.6914709885 0.04095438506 0.001)
(0.6819426636 0.05479269237 0.001)
(0.7366188005 0.06720292571 0.001)
(0.6887860798 0.07070216467 0.001)
(0.7493632267 0.06888366384 0.001)
(0.6917665167 0.01378491049 0.001)
(1.21285669 0.08393319735 0.001)
(1.223708128 0.06911495346 0.001)
(1.240209924 0.07188428798 0.001)
(1.232879322 0.05538171542 0.001)
(1.248680625 0.05574578662 0.001)
(1.217783061 0.05470618083 0.001)
(1.255691615 0.06863873529 0.001)
(1.262525988 0.0562279486 0.001)
(1.256461709 0.04392992374 0.001)
(1.270038667 0.04487332985 0.001)
(1.276697212 0.05742185518 0.001)
(1.284771712 0.04278464706 0.001)
(1.291204261 0.05843454365 0.001)
(1.301248811 0.04493152633 0.001)
(1.308529012 0.05904561506 0.001)
(1.318057336 0.04520730763 0.001)
(1.263381199 0.0327970759 0.001)
(1.31121392 0.02929783533 0.001)
(1.250636773 0.03111633747 0.001)
(1.308233483 0.08621508951 0.001)
(1.211885054 0.01429358175 0.001)
(0.7880977439 0.08575495947 0.001)
(0.1249365374 0.08595709818 0.001)
(0.1308751231 0.06958388557 0.001)
(0.1483424093 0.06384424851 0.001)
(0.1348265669 0.05277452196 0.001)
(0.1184409252 0.05771407476 0.001)
(0.1218283633 0.04279192425 0.001)
(0.1068765716 0.04734991038 0.001)
(0.1031330755 0.06184132636 0.001)
(0.09201036447 0.05090082375 0.001)
(0.1527591194 0.04685246316 0.001)
(0.1659431597 0.05776023282 0.001)
(0.1700215757 0.04151480677 0.001)
(0.1830234426 0.05297534337 0.001)
(0.09655567819 0.03495664104 0.001)
(0.08053869754 0.04067966898 0.001)
(0.08827079631 0.06766638901 0.001)
(0.1863681287 0.03747330534 0.001)
(0.1983019293 0.04814228303 0.001)
(0.2008966829 0.03251735572 0.001)
(0.2136931565 0.03940290688 0.001)
(0.2101974614 0.0584791527 0.001)
(0.2253262674 0.05288576131 0.001)
(0.2229221514 0.06813540637 0.001)
(1.875063463 0.01404290182 0.001)
(1.869124877 0.03041611443 0.001)
(1.851657591 0.03615575149 0.001)
(1.865173433 0.04722547804 0.001)
(1.881559075 0.04228592524 0.001)
(1.878171637 0.05720807575 0.001)
(1.893123428 0.05265008962 0.001)
(1.896866925 0.03815867364 0.001)
(1.907989636 0.04909917625 0.001)
(1.847240881 0.05314753684 0.001)
(1.83405684 0.04223976718 0.001)
(1.829978424 0.05848519323 0.001)
(1.816976557 0.04702465663 0.001)
(1.903444322 0.06504335896 0.001)
(1.919461302 0.05932033102 0.001)
(1.911729204 0.03233361099 0.001)
(1.813631871 0.06252669466 0.001)
(1.801698071 0.05185771697 0.001)
(1.799103317 0.06748264428 0.001)
(1.786306843 0.06059709312 0.001)
(1.789802539 0.0415208473 0.001)
(1.774673733 0.04711423869 0.001)
(1.777077849 0.03186459363 0.001)
(0.229191698 0.03919232658 0.001)
(0.2435155908 0.04799285342 0.001)
(1.770808302 0.06080767342 0.001)
(1.756484409 0.05200714658 0.001)
(1.420020512 0.01729146752 0.001)
(1.430901628 0.03224163143 0.001)
(1.448233186 0.02898354999 0.001)
(1.415119232 0.03542355169 0.001)
(1.440738466 0.04599880778 0.001)
(1.456839172 0.04545249565 0.001)
(1.464446798 0.03030132814 0.001)
(1.470970739 0.04458279142 0.001)
(1.464652843 0.05736034697 0.001)
(1.478280213 0.05635741511 0.001)
(1.486399031 0.04179813849 0.001)
(1.493317037 0.05814027827 0.001)
(1.50201617 0.0430913212 0.001)
(1.509368516 0.0564835551 0.001)
(1.517626644 0.04271895696 0.001)
(1.526247511 0.05634476215 0.001)
(1.471242266 0.06807752078 0.001)
(1.517810428 0.07105513264 0.001)
(1.534625956 0.04175973626 0.001)
(1.543807103 0.05562247933 0.001)
(1.551867917 0.04165325816 0.001)
(1.560017303 0.05373680742 0.001)
(1.567413966 0.04126194875 0.001)
(1.574992537 0.05288037314 0.001)
(1.582072778 0.04080178225 0.001)
(1.589875853 0.05264321398 0.001)
(1.596941029 0.04032919616 0.001)
(1.605411163 0.05260250701 0.001)
(1.612924195 0.04002109044 0.001)
(1.621198444 0.05288487671 0.001)
(1.582065927 0.06478926163 0.001)
(1.629928788 0.03869168202 0.001)
(1.639036415 0.05325419235 0.001)
(1.458367045 0.06893379951 0.001)
(1.618491852 0.01384369304 0.001)
(1.574922708 0.02960353286 0.001)
(0.5799794877 0.08270853248 0.001)
(0.5690983719 0.06775836857 0.001)
(0.5517668141 0.07101645001 0.001)
(0.5848807678 0.06457644831 0.001)
(0.5592615335 0.05400119222 0.001)
(0.5431608276 0.05454750435 0.001)
(0.5355532021 0.06969867186 0.001)
(0.5290292613 0.05541720858 0.001)
(0.5353471572 0.04263965303 0.001)
(0.5217197867 0.04364258489 0.001)
(0.5136009686 0.05820186151 0.001)
(0.5066829634 0.04185972173 0.001)
(0.4979838297 0.0569086788 0.001)
(0.4906314842 0.0435164449 0.001)
(0.4823733557 0.05728104304 0.001)
(0.4737524888 0.04365523785 0.001)
(0.5287577337 0.03192247922 0.001)
(0.4821895717 0.02894486736 0.001)
(0.4653740444 0.05824026374 0.001)
(0.4561928966 0.04437752067 0.001)
(0.4481320829 0.05834674184 0.001)
(0.439982697 0.04626319258 0.001)
(0.4325860345 0.05873805125 0.001)
(0.4250074631 0.04711962686 0.001)
(0.4179272219 0.05919821775 0.001)
(0.4101241471 0.04735678602 0.001)
(0.4030589715 0.05967080384 0.001)
(0.3945888375 0.04739749299 0.001)
(0.3870758051 0.05997890956 0.001)
(0.378801556 0.04711512329 0.001)
(0.4179340733 0.03521073837 0.001)
(0.3700712119 0.06130831798 0.001)
(0.3609635853 0.04674580765 0.001)
(0.5416329553 0.03106620049 0.001)
(0.3815081485 0.08615630696 0.001)
(0.4250772921 0.07039646714 0.001)
(1.420504839 0.08269916593 0.001)
(0.5794951607 0.01730083407 0.001)
(0.673864221 0.04059979729 0.001)
(0.6650690186 0.0544751037 0.001)
(0.6570094146 0.04034022816 0.001)
(0.6491408322 0.05357333444 0.001)
(0.641775305 0.04000674036 0.001)
(0.6341101813 0.05229158401 0.001)
(0.6273341105 0.03940407873 0.001)
(0.6193454358 0.05187189617 0.001)
(0.6404005702 0.06483082928 0.001)
(0.6132496685 0.03901737718 0.001)
(1.326135779 0.05940020272 0.001)
(1.334930981 0.0455248963 0.001)
(1.342990585 0.05965977184 0.001)
(1.350859168 0.04642666556 0.001)
(1.358224695 0.05999325964 0.001)
(1.365889819 0.04770841599 0.001)
(1.37266589 0.06059592127 0.001)
(1.380654564 0.04812810383 0.001)
(1.35959943 0.03516917072 0.001)
(1.386750332 0.06098262282 0.001)
(1.790897299 0.02486838189 0.001)
(0.2091027009 0.07513161811 0.001)
(0.5421763496 0.08034643395 0.001)
(1.45782365 0.01965356605 0.001)
(1.430224834 0.06903575465 0.001)
(1.414564267 0.06603326239 0.001)
(0.5697751657 0.03096424535 0.001)
(0.5854357332 0.03396673761 0.001)
(0.3729417395 0.01828906703 0.001)
(1.62705826 0.08171093297 0.001)
(1.227422929 0.04155108299 0.001)
(0.7725748451 0.05845523762 0.001)
(0.6342562858 0.02852790344 0.001)
(1.365743714 0.07147209656 0.001)
(0.8802572842 0.03775532575 0.001)
(0.8713431724 0.05157615578 0.001)
(0.8634820056 0.03801703948 0.001)
(0.855573203 0.05034241381 0.001)
(0.8491977256 0.03734676477 0.001)
(0.8413587562 0.04908805926 0.001)
(0.8473087535 0.06195235699 0.001)
(0.8334876341 0.0606418614 0.001)
(0.8267153682 0.04756125386 0.001)
(0.8180958466 0.05955863184 0.001)
(0.8555852626 0.02719135777 0.001)
(0.8115221246 0.04573729427 0.001)
(0.8034624255 0.05883133872 0.001)
(0.8388682193 0.07272257432 0.001)
(0.8525532701 0.07458949635 0.001)
(1.119706971 0.06231203595 0.001)
(1.128634485 0.04850133076 0.001)
(1.136497118 0.06205848339 0.001)
(1.144407104 0.04973712822 0.001)
(1.150777719 0.06274234747 0.001)
(1.158623778 0.05100128959 0.001)
(1.152679676 0.03812838034 0.001)
(1.166503907 0.03944728899 0.001)
(1.173268051 0.05253535379 0.001)
(1.181895745 0.04053048644 0.001)
(1.144793054 0.07453382518 0.001)
(1.188465435 0.05436171308 0.001)
(1.196518521 0.04125051149 0.001)
(1.161127856 0.02733923748 0.001)
(1.147441056 0.02548402259 0.001)
(0.8429542564 0.02685051779 0.001)
(1.732290331 0.08226674441 0.001)
(0.2677096691 0.01773325559 0.001)
(1.732587832 0.02065902706 0.001)
(0.2674121681 0.07934097294 0.001)
(0.02186748289 0.01837555231 0.001)
(1.978132517 0.08162444769 0.001)
(0.4743729806 0.08125894116 0.001)
(1.525627019 0.01874105884 0.001)
(0.03927202343 0.08297503051 0.001)
(0.05167434506 0.06590477554 0.001)
(0.0328634276 0.06508386291 0.001)
(0.04428607102 0.04984072212 0.001)
(1.960727977 0.01702496949 0.001)
(1.948325655 0.03409522446 0.001)
(1.967136572 0.03491613709 0.001)
(1.955713929 0.05015927788 0.001)
(1.15713962 0.07393412163 0.001)
(0.8993014594 0.01331216282 0.001)
(1.10068174 0.08670176066 0.001)
(1.743826191 0.03499086444 0.001)
(1.725256921 0.03685151479 0.001)
(1.735415251 0.05088139442 0.001)
(1.71797618 0.05170101774 0.001)
(1.708328471 0.03927850688 0.001)
(1.701941929 0.05325191333 0.001)
(1.693225854 0.04179294611 0.001)
(1.687762948 0.05478940376 0.001)
(1.679091506 0.04346966799 0.001)
(1.673169882 0.05635739158 0.001)
(1.681689757 0.06761612804 0.001)
(1.664661726 0.04579699842 0.001)
(1.672424618 0.03102552951 0.001)
(1.667920326 0.0690623598 0.001)
(1.710148764 0.06542812288 0.001)
(0.2561738094 0.06500913556 0.001)
(0.2747430786 0.06314848521 0.001)
(0.264584749 0.04911860558 0.001)
(0.2820238198 0.04829898226 0.001)
(0.2916715291 0.06072149312 0.001)
(0.298058071 0.04674808667 0.001)
(0.306774146 0.05820705389 0.001)
(0.3122370518 0.04521059624 0.001)
(0.3209084941 0.05653033201 0.001)
(0.326830118 0.04364260842 0.001)
(0.3183102428 0.03238387196 0.001)
(0.3353382743 0.05420300158 0.001)
(0.3275753822 0.06897447049 0.001)
(0.332079674 0.0309376402 0.001)
(0.2898512358 0.03457187712 0.001)
(1.394393238 0.04917451946 0.001)
(0.6056067623 0.05082548054 0.001)
(1.389693835 0.03319134893 0.001)
(0.6103061655 0.06680865107 0.001)
(1.251504756 0.08129686014 0.001)
(0.7484952086 0.0187036075 0.001)
(1.003305847 0.03431726057 0.001)
(0.168336156 0.08488441013 0.001)
(1.831663844 0.01511558987 0.001)
(0.1723205723 0.01442606785 0.001)
(1.827679428 0.08557393215 0.001)
(1.931765415 0.08584151641 0.001)
(0.06823458508 0.01415848359 0.001)
(1.920181347 0.01855591279 0.001)
(0.07981865285 0.08144408721 0.001)
(0.820411108 0.03302512918 0.001)
(0.8057594758 0.03152921629 0.001)
(1.179565819 0.06707221592 0.001)
(1.19367348 0.06850356691 0.001)
(1.871194021 0.08171396169 0.001)
(0.128805979 0.01828603831 0.001)
(0.2341258788 0.01620865226 0.001)
(1.765874121 0.08379134774 0.001)
(1.559184012 0.08319820703 0.001)
(0.4405412954 0.08567191205 0.001)
(0.440815988 0.01680179297 0.001)
(1.559458705 0.01432808795 0.001)
(1.069684533 0.03085844446 0.001)
(0.9303055812 0.06916895116 0.001)
(1.885338202 0.0265495503 0.001)
(0.1146617979 0.0734504497 0.001)
(0.6509082776 0.08463383352 0.001)
(0.6548198521 0.06953830367 0.001)
(1.349091722 0.01536616648 0.001)
(1.345180148 0.03046169633 0.001)
(1.244953199 0.01766984574 0.001)
(0.7550468007 0.08233015448 0.001)
(0.05509015156 0.03418841342 0.001)
(1.944909848 0.06581158658 0.001)
(1.035912768 0.01735146283 0.001)
(0.9641347537 0.08277870172 0.001)
(0.6488293631 0.01508129571 0.001)
(1.351170637 0.08491870429 0.001)
(0.196324588 0.06346805415 0.001)
(1.803675412 0.03653194585 0.001)
(0.9321952457 0.01639523865 0.001)
(1.067784021 0.08361687975 0.001)
(1.037354827 0.08420262147 0.001)
(0.9626665653 0.01583603117 0.001)
(1.169664381 0.08733988858 0.001)
(0.8303277926 0.01267388512 0.001)
(1.274136084 0.08745350989 0.001)
(0.7258639156 0.01254649011 0.001)
(0.2272834601 0.08965593869 0.001)
(1.77271654 0.01034406131 0.001)
(1.06607486 0.01622901843 0.001)
(0.9339211327 0.08378049221 0.001)
(1.056454877 0.0251452504 0.001)
(0.3343576347 0.01119985904 0.001)
(1.665642365 0.08880014096 0.001)
(1.669430223 0.009989320181 0.001)
(0.330569777 0.09001067982 0.001)
(1.697908734 0.02731780176 0.001)
(0.302091266 0.07268219824 0.001)
(0.9435400931 0.07487047655 0.001)
(1.457723548 0.08920173019 0.001)
(0.5422764516 0.01079826981 0.001)
(1.612978805 0.06748167833 0.001)
(0.3870211951 0.03251832167 0.001)
(1.553947021 0.06869528661 0.001)
(0.4460529793 0.03130471339 0.001)
(1.167165348 0.01394854894 0.001)
(0.8328341544 0.08608556675 0.001)
(1.143506256 0.08816349237 0.001)
(0.8561221443 0.009929713383 0.001)
(0.8550822784 0.08790865071 0.001)
(1.144749337 0.01215927837 0.001)
(0.7247983957 0.0877071907 0.001)
(0.7176587303 0.07282644788 0.001)
(1.275201604 0.0122928093 0.001)
(1.28234127 0.02717355212 0.001)
(0.5743784421 0.04871042339 0.001)
(1.425621558 0.05128957661 0.001)
(1.377568294 0.01230262994 0.001)
(1.36964282 0.02382665665 0.001)
(0.6224317063 0.08769737006 0.001)
(0.6303571796 0.07617334335 0.001)
(1.379694806 0.08659316176 0.001)
(0.620305194 0.01340683824 0.001)
(1.265524303 0.07827650093 0.001)
(0.7344756966 0.02172349907 0.001)
(0.1376256981 0.03326136529 0.001)
(1.862374302 0.06673863471 0.001)
(0.721226568 0.02700615059 0.001)
(1.278773432 0.07299384959 0.001)
(0.01390657088 0.06462179926 0.001)
(1.986093429 0.03537820074 0.001)
(0.5162868927 0.08722896807 0.001)
(0.5250325292 0.07811775637 0.001)
(0.5138755765 0.07361871201 0.001)
(1.483713107 0.01277103193 0.001)
(1.474967471 0.02188224363 0.001)
(1.486124424 0.02638128799 0.001)
(0.5160912457 0.01195716445 0.001)
(1.483908754 0.08804283555 0.001)
(1.818665742 0.03076206816 0.001)
(0.1813342584 0.06923793184 0.001)
(1.490847584 0.07381674429 0.001)
(0.5091524163 0.02618325571 0.001)
(0.4110617916 0.01294243815 0.001)
(1.589201698 0.01335370173 0.001)
(0.410798302 0.08664629827 0.001)
(1.588938208 0.08705756185 0.001)
(0.8769737176 0.06829456924 0.001)
(1.122783471 0.03183363692 0.001)
(0.9532746038 0.02677558161 0.001)
(1.046709809 0.07322218863 0.001)
(1.646156714 0.03693243172 0.001)
(0.3538432855 0.06306756828 0.001)
(1.568636765 0.07243590948 0.001)
(0.4313632355 0.02756409052 0.001)
(1.69278493 0.08851857751 0.001)
(0.3072150701 0.01148142249 0.001)
(0.3068521829 0.08741554729 0.001)
(0.3155402377 0.07814352194 0.001)
(1.693147817 0.01258445271 0.001)
(1.684459762 0.02185647806 0.001)
(0.4897141403 0.0719646071 0.001)
(1.51028586 0.0280353929 0.001)
(1.596696089 0.07555274685 0.001)
(0.4033039108 0.02444725315 0.001)
(1.79786101 0.01236132841 0.001)
(1.796355048 0.08857126363 0.001)
(1.789904738 0.07714218342 0.001)
(0.2036449521 0.01142873637 0.001)
(0.2100952624 0.02285781658 0.001)
(0.2021389895 0.08763867159 0.001)
(0.2573903534 0.03303037664 0.001)
(1.742609647 0.06696962336 0.001)
(0.09876415677 0.01135318663 0.001)
(0.1055606013 0.02208653219 0.001)
(1.901235843 0.08864681337 0.001)
(1.894439399 0.07791346781 0.001)
(1.242164423 0.04305533024 0.001)
(0.7578351437 0.0569465474 0.001)
(0.1098898447 0.08750765813 0.001)
(1.890110155 0.01249234187 0.001)
(1.450602333 0.05824357495 0.001)
(0.5493976666 0.04175642505 0.001)
(0.2397317587 0.0652696573 0.001)
(1.760268241 0.0347303427 0.001)
(1.027774194 0.03020693403 0.001)
(0.6724296059 0.0689299144 0.001)
(1.327570394 0.0310700856 0.001)
(1.138216106 0.0366900048 0.001)
(0.8617675154 0.06337991373 0.001)
(1.694383833 0.06633736487 0.001)
(0.3056161669 0.03366263513 0.001)
(0.9729941638 0.07048643584 0.001)
(0.9873909244 0.07177588477 0.001)
(0.100100434 0.07591348399 0.001)
(1.899899566 0.02408651601 0.001)
(0.6210216913 0.02714012001 0.001)
(1.378978309 0.07285987999 0.001)
(0.9132720719 0.06854675333 0.001)
(1.086714131 0.03149631901 0.001)
(1.164748129 0.06363002397 0.001)
(0.8352393992 0.03657449986 0.001)
(1.935713625 0.05140192907 0.001)
(0.06428637542 0.04859807093 0.001)
(1.1040257 0.01336223637 0.001)
(0.4410915743 0.07273734863 0.001)
(1.558908426 0.02726265137 0.001)
(0.8959743002 0.08667341218 0.001)
(0.1584680588 0.02615724213 0.001)
(1.841531941 0.07384275787 0.001)
(0.4122960405 0.07153633016 0.001)
(1.587703959 0.02846366984 0.001)
(1.579787114 0.07861424054 0.001)
(0.4202128858 0.02138575946 0.001)
(1.257181939 0.02039793582 0.001)
(0.7428180605 0.0796020647 0.001)
(1.37449769 0.03550733782 0.001)
(0.6255023096 0.06449266218 0.001)
(0.9915838192 0.04677116529 0.001)
(0.07041986068 0.06619918389 0.001)
(1.929580139 0.03380081611 0.001)
(1.018348627 0.04262722453 0.001)
(0.3140513668 0.02116741384 0.001)
(1.685948633 0.07883258616 0.001)
(0.6496941392 0.02648581525 0.001)
(1.350305861 0.07351418475 0.001)
(0.924289877 0.02795684772 0.001)
(1.075664882 0.07207688864 0.001)
(0.273762298 0.03437013807 0.001)
(1.726237702 0.06562986193 0.001)
(1.311995254 0.01258372774 0.001)
(0.6880047458 0.08741627226 0.001)
(0.5353131911 0.02107132062 0.001)
(1.464686809 0.07892867938 0.001)
(0.824968478 0.0724918547 0.001)
(1.17502832 0.02757819235 0.001)
(1.534083235 0.07088222565 0.001)
(0.4659167645 0.02911777435 0.001)
(0.396196641 0.07428965968 0.001)
(1.603803359 0.02571034032 0.001)
(1.638559644 0.06918118742 0.001)
(1.654196823 0.06261877357 0.001)
(0.3614403559 0.03081881258 0.001)
(0.3458031767 0.03738122643 0.001)
(1.766512741 0.02219353462 0.001)
(0.2334872593 0.07780646538 0.001)
(1.714333094 0.02546654849 0.001)
(0.2856669064 0.07453345151 0.001)
(1.524035495 0.08463995748 0.001)
(0.475964505 0.01536004252 0.001)
(1.88861783 0.06696648858 0.001)
(0.1113821702 0.03303351142 0.001)
(0.7024347033 0.02718436758 0.001)
(1.297565297 0.07281563242 0.001)
(0.5398722465 0.09005595936 0.001)
(1.460127753 0.009944040638 0.001)
(1.661418449 0.02043639031 0.001)
(0.3385815512 0.07956360969 0.001)
(1.916068015 0.0735750199 0.001)
(0.08393198486 0.0264249801 0.001)
(1.236295151 0.02904012356 0.001)
(0.763704406 0.07096124307 0.001)
(1.190158972 0.02811940261 0.001)
(0.5237575392 0.06650595618 0.001)
(1.476242461 0.03349404382 0.001)
(0.8097676153 0.07194933911 0.001)
(0.8305934155 0.02441277782 0.001)
(1.295772096 0.03181802752 0.001)
(0.7042279038 0.06818197248 0.001)
(0.6839704773 0.02763018462 0.001)
(1.316029523 0.0723698154 0.001)
(1.169309036 0.07539078507 0.001)
(0.5548208825 0.03039873943 0.001)
(1.445179117 0.06960126057 0.001)
(1.80474637 0.02370254817 0.001)
(0.1952536297 0.07629745183 0.001)
(1.250206524 0.09185904622 0.001)
(0.7497934693 0.008141047306 0.001)
(1.876801125 0.07067917295 0.001)
(0.1231988752 0.02932082705 0.001)
(0.02113844687 0.08849562867 0.001)
(1.978861553 0.01150437133 0.001)
(1.408775034 0.05075417202 0.001)
(0.5912249662 0.04924582798 0.001)
(0.4204314253 0.080045915 0.001)
(1.579568575 0.019954085 0.001)
(0.06908992768 0.03002952256 0.001)
(1.930910072 0.06997047744 0.001)
(0.8889923502 0.02552745569 0.001)
(1.404602159 0.07857987206 0.001)
(0.595397841 0.02142012794 0.001)
(1.35813855 0.02157307518 0.001)
(0.6418614503 0.07842692482 0.001)
(1.111470811 0.07516180369 0.001)
(1.503235811 0.07110336637 0.001)
(0.4967641892 0.02889663363 0.001)
(1.673751493 0.0799635445 0.001)
(0.3262485072 0.0200364555 0.001)
(1.048002667 0.01794844512 0.001)
(0.9520037101 0.0820826951 0.001)
(0.5959372439 0.0772864959 0.001)
(1.404062756 0.0227135041 0.001)
(1.202960918 0.0544266845 0.001)
(0.7321574858 0.03328827514 0.001)
(1.26784251 0.06671177792 0.001)
(0.944603469 0.01860375874 0.001)
(0.7969352598 0.04563467761 0.001)
(0.9939954438 0.06033069319 0.001)
(1.055370786 0.08140501398 0.001)
(1.211829001 0.04111330016 0.001)
(1.009883266 0.01938795777 0.001)
(0.190348175 0.02669663165 0.001)
(1.809651825 0.07330336835 0.001)
(0.7881346104 0.05894576625 0.001)
(0.07862047496 0.05451426827 0.001)
(1.921379525 0.04548573173 0.001)
(1.778399423 0.01984337808 0.001)
(0.2216005768 0.08015662192 0.001)
(1.269229677 0.02299633969 0.001)
(0.7307703228 0.07700366067 0.001)
(1.685158381 0.03313296862 0.001)
(0.3148416191 0.06686703138 0.001)
(0.9080223758 0.02671634213 0.001)
(1.092000904 0.07339948161 0.001)
(1.380414966 0.02412693155 0.001)
(0.6195850338 0.07587306845 0.001)
(0.3258569689 0.0813039871 0.001)
(1.674143031 0.0186960129 0.001)
(0.1764071452 0.0273890027 0.001)
(1.823592855 0.0726109973 0.001)
(0.5225523868 0.0225893835 0.001)
(1.477447613 0.0774106165 0.001)
(0.01132327396 0.01131248324 0.001)
(1.988676726 0.08868751676 0.001)
(1.370388207 0.08068158494 0.001)
(0.6296117933 0.01931841506 0.001)
(0.2408792737 0.03017933941 0.001)
(1.759120726 0.06982066059 0.001)
(0.02375800397 0.0763423102 0.001)
(1.976241996 0.0236576898 0.001)
(0.6082396225 0.02632176869 0.001)
(1.391760377 0.07367823131 0.001)
(1.40028271 0.06288199255 0.001)
(0.5997172896 0.03711800745 0.001)
(1.883425132 0.07963618812 0.001)
(0.1165748678 0.02036381188 0.001)
(0.9908337598 0.08543887631 0.001)
(1.208259257 0.06875698848 0.001)
(0.7916294949 0.03128917865 0.001)
(0.794684441 0.07220452508 0.001)
(0.4596497221 0.07064444004 0.001)
(1.540350278 0.02935555996 0.001)
(0.8014355604 0.0182250562 0.001)
(0.6391013908 0.017953084 0.001)
(1.360898609 0.082046916 0.001)
(0.03729426663 0.0320582203 0.001)
(1.962705733 0.0679417797 0.001)
(1.198738312 0.08076299983 0.001)
(1.136016088 0.02424493545 0.001)
(0.8635725776 0.07592339354 0.001)
(0.2239887817 0.02402015735 0.001)
(1.776011218 0.07597984265 0.001)
(0.849228018 0.01802721884 0.001)
(1.205289045 0.02785966162 0.001)
(1.569674912 0.01839147153 0.001)
(0.4303250881 0.08160852847 0.001)
(0.4300341474 0.01690914495 0.001)
(1.569965853 0.08309085505 0.001)
(1.151659003 0.08250661493 0.001)
(1.220469783 0.02809988506 0.001)
(0.7795164219 0.07193002853 0.001)
(0.8702945938 0.02687692963 0.001)
(0.6669451406 0.02778409319 0.001)
(1.333054859 0.07221590682 0.001)
(1.131626801 0.07390395189 0.001)
(0.2988037066 0.02254694821 0.001)
(0.283241338 0.02135291783 0.001)
(1.701196293 0.07745305179 0.001)
(1.716758662 0.07864708217 0.001)
(0.02383021341 0.05016881745 0.001)
(1.976169787 0.04983118255 0.001)
(0.3394652658 0.02241231779 0.001)
(1.660534734 0.07758768221 0.001)
(0.3626748826 0.07286531686 0.001)
(1.637325117 0.02713468314 0.001)
(1.197396002 0.0169370415 0.001)
(0.8025801147 0.0831081584 0.001)
(0.3787124518 0.0721405341 0.001)
(1.621287548 0.0278594659 0.001)
(1.402408819 0.03825141924 0.001)
(0.5975911811 0.06174858076 0.001)
(0.3473810622 0.05074111112 0.001)
(1.652618938 0.04925888888 0.001)
(1.612041388 0.08167394231 0.001)
(0.3879586121 0.01832605769 0.001)
(0.6759769529 0.01671916608 0.001)
(1.324023047 0.08328083393 0.001)
(1.905856983 0.07807068949 0.001)
(0.09414301746 0.02192931051 0.001)
(1.879241841 0.09041214669 0.001)
(0.1207581592 0.009587853308 0.001)
(0.08789862957 0.09066182483 0.001)
(1.91210137 0.009338175169 0.001)
(1.155088345 0.01820387784 0.001)
(1.482226943 0.06676051499 0.001)
(0.5177730574 0.03323948501 0.001)
(0.8448954753 0.08183801128 0.001)
(1.565975291 0.09127182402 0.001)
(0.4340247088 0.008728175978 0.001)
(0.3408354631 0.06695693348 0.001)
(1.659164537 0.03304306652 0.001)
(1.597480443 0.06234558292 0.001)
(0.4025195571 0.03765441708 0.001)
(1.114962753 0.02088981852 0.001)
(0.8847485511 0.08205784387 0.001)
(0.225547216 0.009614502503 0.001)
(1.774452784 0.0903854975 0.001)
(0.4337917091 0.09140778785 0.001)
(1.566208291 0.00859221215 0.001)
(1.27466392 0.03484638777 0.001)
(0.7253360802 0.06515361223 0.001)
(1.722041786 0.01182989531 0.001)
(0.2779582139 0.08817010469 0.001)
(1.509734066 0.0811633374 0.001)
(0.4902659339 0.0188366626 0.001)
(0.009845109891 0.09020846263 0.001)
(1.99015489 0.009791537371 0.001)
(0.6985742854 0.07987228769 0.001)
(1.301425715 0.02012771231 0.001)
(1.043577857 0.09180371116 0.001)
(0.956422483 0.008196485263 0.001)
(1.001505443 0.07125002794 0.001)
(1.356791151 0.008820477864 0.001)
(0.6432088492 0.09117952214 0.001)
(0.8392316315 0.01827775568 0.001)
(1.161319015 0.08222328994 0.001)
(0.5497587126 0.08663907159 0.001)
(1.450241287 0.01336092841 0.001)
(1.055881316 0.03678940557 0.001)
(0.4742968486 0.06787785901 0.001)
(1.525703151 0.03212214099 0.001)
(1.438338286 0.05801700748 0.001)
(0.5616617143 0.04198299252 0.001)
(1.357233175 0.09164214486 0.001)
(0.6427668246 0.008357855138 0.001)
(0.9441072334 0.06322887844 0.001)
(0.7474325194 0.09071482716 0.001)
(1.252567481 0.009285172944 0.001)
(1.626775006 0.06517917837 0.001)
(0.3732249944 0.03482082163 0.001)
(0.9530342584 0.01562260632 0.001)
(1.242719645 0.08597560625 0.001)
(0.7572802903 0.01402524664 0.001)
(1.04696058 0.08438784066 0.001)
(0.09092865967 0.08108214039 0.001)
(1.90907134 0.01891785961 0.001)
(0.5466687771 0.02181731658 0.001)
(1.453331223 0.07818268342 0.001)
(0.5334395355 0.08218359605 0.001)
(1.466560465 0.01781640395 0.001)
(1.946257145 0.08006824891 0.001)
(0.05374285527 0.01993175109 0.001)
(1.01529965 0.03032476236 0.001)
(1.514828767 0.01255414179 0.001)
(0.485171233 0.08744585821 0.001)
(1.093082754 0.01991952719 0.001)
(1.043377194 0.008680795014 0.001)
(0.95682848 0.09109148268 0.001)
(0.9069092386 0.08012564003 0.001)
(0.8860123373 0.01310771507 0.001)
(1.113777422 0.08700876996 0.001)
(0.3667943866 0.08524289312 0.001)
(1.633205613 0.01475710688 0.001)
(1.839995104 0.02844204535 0.001)
(0.1600048963 0.07155795465 0.001)
(0.1997587486 0.02181203239 0.001)
(1.800241251 0.07818796761 0.001)
(0.8609653117 0.01917915734 0.001)
(0.9391616229 0.008514736384 0.001)
(1.060830851 0.09148922562 0.001)
(0.5028069354 0.0683053469 0.001)
(1.497193065 0.0316946531 0.001)
(1.32289881 0.01918988923 0.001)
(0.6771011904 0.08081011077 0.001)
(1.990365241 0.07952482926 0.001)
(0.009634759379 0.02047517074 0.001)
(1.060687848 0.00795149124 0.001)
(1.056713021 0.01533563772 0.001)
(0.9393121519 0.09204850876 0.001)
(0.9432864468 0.08467563784 0.001)
(1.56840944 0.06146046831 0.001)
(0.4315905601 0.03853953169 0.001)
)


// ************************************************************************* //
