/*--------------------------------*- C++ -*----------------------------------*\
| =========                 |                                                 |
| \\      /  F ield         | OpenFOAM: The Open Source CFD Toolbox           |
|  \\    /   O peration     | Version:  2412                                  |
|   \\  /    A nd           | Website:  www.openfoam.com                      |
|    \\/     M anipulation  |                                                 |
\*---------------------------------------------------------------------------*/
FoamFile
{
    version     2.0;
    format      ascii;
    arch        "LSB;label=32;scalar=64";
    class       vectorField;
    location    "constant/polyMesh";
    object      points;
}
// * * * * * * * * * * * * * * * * * * * * * * * * * * * * * * * * * * * * * //


3052
(
(0 0 0)
(5 0 0)
(5 0.1 0)
(0 0.1 0)
(0 0 0.001)
(5 0 0.001)
(5 0.1 0.001)
(0 0.1 0.001)
(0.01185139161 0 0)
(0.02850131312 0 0)
(0.05192412197 0 0)
(0.08478879261 0 0)
(0.1231309414 0 0)
(0.1629217667 0 0)
(0.1995109621 0 0)
(0.2263538149 0 0)
(0.2453967476 0 0)
(0.2589514792 0 0)
(0.2698423963 0 0)
(0.2844003786 0 0)
(0.304853408 0 0)
(0.3348508995 0 0)
(0.3705652362 0 0)
(0.4103684844 0 0)
(0.4471334826 0 0)
(0.4788043584 0 0)
(0.5009353274 0 0)
(0.5166858877 0 0)
(0.5279874147 0 0)
(0.5405156711 0 0)
(0.5581165168 0 0)
(0.5829177658 0 0)
(0.6171738218 0 0)
(0.656664579 0 0)
(0.6962641207 0 0)
(0.7307429661 0 0)
(0.7564180406 0 0)
(0.7743805378 0 0)
(0.7871662179 0 0)
(0.7983202491 0 0)
(0.8137535823 0 0)
(0.8354452496 0 0)
(0.8661567595 0 0)
(0.9030451115 0 0)
(0.9428483597 0 0)
(0.9808428405 0 0)
(1.01001588 0 0)
(1.030739638 0 0)
(1.045484779 0 0)
(1.056412968 0 0)
(1.069795488 0 0)
(1.088596481 0 0)
(1.116362747 0 0)
(1.149553057 0 0)
(1.188578218 0 0)
(1.226570655 0 0)
(1.260411251 0 0)
(1.284816096 0 0)
(1.302178515 0 0)
(1.314537059 0 0)
(1.325953582 0 0)
(1.34192036 0 0)
(1.364383971 0 0)
(1.395958713 0 0)
(1.434894996 0 0)
(1.474698244 0 0)
(1.511415705 0 0)
(1.539588759 0 0)
(1.559367792 0 0)
(1.573446479 0 0)
(1.584293261 0 0)
(1.598309242 0 0)
(1.618000177 0 0)
(1.646084267 0 0)
(1.681059627 0 0)
(1.720830645 0 0)
(1.759540449 0 0)
(1.790128595 0 0)
(1.814216541 0 0)
(1.830690029 0 0)
(1.842419163 0 0)
(1.85439771 0 0)
(1.871226272 0 0)
(1.894879281 0 0)
(1.928092825 0 0)
(1.967465301 0 0)
(2.006324241 0 0)
(2.042196195 0 0)
(2.068831029 0 0)
(2.087766639 0 0)
(2.101244978 0 0)
(2.112150857 0 0)
(2.126791028 0 0)
(2.147359885 0 0)
(2.17643445 0 0)
(2.213793603 0 0)
(2.253277669 0 0)
(2.291706198 0 0)
(2.322362354 0 0)
(2.344134876 0 0)
(2.359570021 0 0)
(2.37072484 0 0)
(2.383509114 0 0)
(2.401469635 0 0)
(2.427365159 0 0)
(2.460324126 0 0)
(2.5 0 0)
(2.539675874 0 0)
(2.572634841 0 0)
(2.598530365 0 0)
(2.616490886 0 0)
(2.62927516 0 0)
(2.640429979 0 0)
(2.655865124 0 0)
(2.677637646 0 0)
(2.708293802 0 0)
(2.746722331 0 0)
(2.786206397 0 0)
(2.82356555 0 0)
(2.852640115 0 0)
(2.873208972 0 0)
(2.887849143 0 0)
(2.898755022 0 0)
(2.912233361 0 0)
(2.931168971 0 0)
(2.957803805 0 0)
(2.993675759 0 0)
(3.032534699 0 0)
(3.071907175 0 0)
(3.105120719 0 0)
(3.128773728 0 0)
(3.14560229 0 0)
(3.157580837 0 0)
(3.169309971 0 0)
(3.185783459 0 0)
(3.209871405 0 0)
(3.240459551 0 0)
(3.279169355 0 0)
(3.318940373 0 0)
(3.353915733 0 0)
(3.381999823 0 0)
(3.401690758 0 0)
(3.415706739 0 0)
(3.426553521 0 0)
(3.440632208 0 0)
(3.460411241 0 0)
(3.488584295 0 0)
(3.525301756 0 0)
(3.565105004 0 0)
(3.604041287 0 0)
(3.635616029 0 0)
(3.65807964 0 0)
(3.674046418 0 0)
(3.685462941 0 0)
(3.697821485 0 0)
(3.715183904 0 0)
(3.739588749 0 0)
(3.773429345 0 0)
(3.811421782 0 0)
(3.850446943 0 0)
(3.883637253 0 0)
(3.911403519 0 0)
(3.930204512 0 0)
(3.943587032 0 0)
(3.954515221 0 0)
(3.969260362 0 0)
(3.98998412 0 0)
(4.01915716 0 0)
(4.05715164 0 0)
(4.096954888 0 0)
(4.133843241 0 0)
(4.16455475 0 0)
(4.186246418 0 0)
(4.201679751 0 0)
(4.212833782 0 0)
(4.225619462 0 0)
(4.243581959 0 0)
(4.269257034 0 0)
(4.303735879 0 0)
(4.343335421 0 0)
(4.382826178 0 0)
(4.417082234 0 0)
(4.441883483 0 0)
(4.459484329 0 0)
(4.472012585 0 0)
(4.483314112 0 0)
(4.499064673 0 0)
(4.521195642 0 0)
(4.552866517 0 0)
(4.589631516 0 0)
(4.629434764 0 0)
(4.665149101 0 0)
(4.695146592 0 0)
(4.715599621 0 0)
(4.730157604 0 0)
(4.741048521 0 0)
(4.754603252 0 0)
(4.773646185 0 0)
(4.800489038 0 0)
(4.837078233 0 0)
(4.876869059 0 0)
(4.915211207 0 0)
(4.948075878 0 0)
(4.971498687 0 0)
(4.988148608 0 0)
(5 0.01001791966 0)
(5 0.02002703804 0)
(5 0.03002720302 0)
(5 0.04001823881 0)
(5 0.05 0)
(5 0.05998176119 0)
(5 0.06997279698 0)
(5 0.07997296196 0)
(5 0.08998208034 0)
(4.988148608 0.1 0)
(4.971498687 0.1 0)
(4.948075878 0.1 0)
(4.915211207 0.1 0)
(4.876869059 0.1 0)
(4.837078233 0.1 0)
(4.800489038 0.1 0)
(4.773646185 0.1 0)
(4.754603252 0.1 0)
(4.741048521 0.1 0)
(4.730157604 0.1 0)
(4.715599621 0.1 0)
(4.695146592 0.1 0)
(4.665149101 0.1 0)
(4.629434764 0.1 0)
(4.589631516 0.1 0)
(4.552866517 0.1 0)
(4.521195642 0.1 0)
(4.499064673 0.1 0)
(4.483314112 0.1 0)
(4.472012585 0.1 0)
(4.459484329 0.1 0)
(4.441883483 0.1 0)
(4.417082234 0.1 0)
(4.382826178 0.1 0)
(4.343335421 0.1 0)
(4.303735879 0.1 0)
(4.269257034 0.1 0)
(4.243581959 0.1 0)
(4.225619462 0.1 0)
(4.212833782 0.1 0)
(4.201679751 0.1 0)
(4.186246418 0.1 0)
(4.16455475 0.1 0)
(4.133843241 0.1 0)
(4.096954888 0.1 0)
(4.05715164 0.1 0)
(4.01915716 0.1 0)
(3.98998412 0.1 0)
(3.969260362 0.1 0)
(3.954515221 0.1 0)
(3.943587032 0.1 0)
(3.930204512 0.1 0)
(3.911403519 0.1 0)
(3.883637253 0.1 0)
(3.850446943 0.1 0)
(3.811421782 0.1 0)
(3.773429345 0.1 0)
(3.739588749 0.1 0)
(3.715183904 0.1 0)
(3.697821485 0.1 0)
(3.685462941 0.1 0)
(3.674046418 0.1 0)
(3.65807964 0.1 0)
(3.635616029 0.1 0)
(3.604041287 0.1 0)
(3.565105004 0.1 0)
(3.525301756 0.1 0)
(3.488584295 0.1 0)
(3.460411241 0.1 0)
(3.440632208 0.1 0)
(3.426553521 0.1 0)
(3.415706739 0.1 0)
(3.401690758 0.1 0)
(3.381999823 0.1 0)
(3.353915733 0.1 0)
(3.318940373 0.1 0)
(3.279169355 0.1 0)
(3.240459551 0.1 0)
(3.209871405 0.1 0)
(3.185783459 0.1 0)
(3.169309971 0.1 0)
(3.157580837 0.1 0)
(3.14560229 0.1 0)
(3.128773728 0.1 0)
(3.105120719 0.1 0)
(3.071907175 0.1 0)
(3.032534699 0.1 0)
(2.993675759 0.1 0)
(2.957803805 0.1 0)
(2.931168971 0.1 0)
(2.912233361 0.1 0)
(2.898755022 0.1 0)
(2.887849143 0.1 0)
(2.873208972 0.1 0)
(2.852640115 0.1 0)
(2.82356555 0.1 0)
(2.786206397 0.1 0)
(2.746722331 0.1 0)
(2.708293802 0.1 0)
(2.677637646 0.1 0)
(2.655865124 0.1 0)
(2.640429979 0.1 0)
(2.62927516 0.1 0)
(2.616490886 0.1 0)
(2.598530365 0.1 0)
(2.572634841 0.1 0)
(2.539675874 0.1 0)
(2.5 0.1 0)
(2.460324126 0.1 0)
(2.427365159 0.1 0)
(2.401469635 0.1 0)
(2.383509114 0.1 0)
(2.37072484 0.1 0)
(2.359570021 0.1 0)
(2.344134876 0.1 0)
(2.322362354 0.1 0)
(2.291706198 0.1 0)
(2.253277669 0.1 0)
(2.213793603 0.1 0)
(2.17643445 0.1 0)
(2.147359885 0.1 0)
(2.126791028 0.1 0)
(2.112150857 0.1 0)
(2.101244978 0.1 0)
(2.087766639 0.1 0)
(2.068831029 0.1 0)
(2.042196195 0.1 0)
(2.006324241 0.1 0)
(1.967465301 0.1 0)
(1.928092825 0.1 0)
(1.894879281 0.1 0)
(1.871226272 0.1 0)
(1.85439771 0.1 0)
(1.842419163 0.1 0)
(1.830690029 0.1 0)
(1.814216541 0.1 0)
(1.790128595 0.1 0)
(1.759540449 0.1 0)
(1.720830645 0.1 0)
(1.681059627 0.1 0)
(1.646084267 0.1 0)
(1.618000177 0.1 0)
(1.598309242 0.1 0)
(1.584293261 0.1 0)
(1.573446479 0.1 0)
(1.559367792 0.1 0)
(1.539588759 0.1 0)
(1.511415705 0.1 0)
(1.474698244 0.1 0)
(1.434894996 0.1 0)
(1.395958713 0.1 0)
(1.364383971 0.1 0)
(1.34192036 0.1 0)
(1.325953582 0.1 0)
(1.314537059 0.1 0)
(1.302178515 0.1 0)
(1.284816096 0.1 0)
(1.260411251 0.1 0)
(1.226570655 0.1 0)
(1.188578218 0.1 0)
(1.149553057 0.1 0)
(1.116362747 0.1 0)
(1.088596481 0.1 0)
(1.069795488 0.1 0)
(1.056412968 0.1 0)
(1.045484779 0.1 0)
(1.030739638 0.1 0)
(1.01001588 0.1 0)
(0.9808428405 0.1 0)
(0.9428483597 0.1 0)
(0.9030451115 0.1 0)
(0.8661567595 0.1 0)
(0.8354452496 0.1 0)
(0.8137535823 0.1 0)
(0.7983202491 0.1 0)
(0.7871662179 0.1 0)
(0.7743805378 0.1 0)
(0.7564180406 0.1 0)
(0.7307429661 0.1 0)
(0.6962641207 0.1 0)
(0.656664579 0.1 0)
(0.6171738218 0.1 0)
(0.5829177658 0.1 0)
(0.5581165168 0.1 0)
(0.5405156711 0.1 0)
(0.5279874147 0.1 0)
(0.5166858877 0.1 0)
(0.5009353274 0.1 0)
(0.4788043584 0.1 0)
(0.4471334826 0.1 0)
(0.4103684844 0.1 0)
(0.3705652362 0.1 0)
(0.3348508995 0.1 0)
(0.304853408 0.1 0)
(0.2844003786 0.1 0)
(0.2698423963 0.1 0)
(0.2589514792 0.1 0)
(0.2453967476 0.1 0)
(0.2263538149 0.1 0)
(0.1995109621 0.1 0)
(0.1629217667 0.1 0)
(0.1231309414 0.1 0)
(0.08478879261 0.1 0)
(0.05192412197 0.1 0)
(0.02850131312 0.1 0)
(0.01185139161 0.1 0)
(0 0.08998208034 0)
(0 0.07997296196 0)
(0 0.06997279698 0)
(0 0.05998176119 0)
(0 0.05 0)
(0 0.04001823881 0)
(0 0.03002720302 0)
(0 0.02002703804 0)
(0 0.01001791966 0)
(0.01185139161 0 0.001)
(0.02850131312 0 0.001)
(0.05192412197 0 0.001)
(0.08478879261 0 0.001)
(0.1231309414 0 0.001)
(0.1629217667 0 0.001)
(0.1995109621 0 0.001)
(0.2263538149 0 0.001)
(0.2453967476 0 0.001)
(0.2589514792 0 0.001)
(0.2698423963 0 0.001)
(0.2844003786 0 0.001)
(0.304853408 0 0.001)
(0.3348508995 0 0.001)
(0.3705652362 0 0.001)
(0.4103684844 0 0.001)
(0.4471334826 0 0.001)
(0.4788043584 0 0.001)
(0.5009353274 0 0.001)
(0.5166858877 0 0.001)
(0.5279874147 0 0.001)
(0.5405156711 0 0.001)
(0.5581165168 0 0.001)
(0.5829177658 0 0.001)
(0.6171738218 0 0.001)
(0.656664579 0 0.001)
(0.6962641207 0 0.001)
(0.7307429661 0 0.001)
(0.7564180406 0 0.001)
(0.7743805378 0 0.001)
(0.7871662179 0 0.001)
(0.7983202491 0 0.001)
(0.8137535823 0 0.001)
(0.8354452496 0 0.001)
(0.8661567595 0 0.001)
(0.9030451115 0 0.001)
(0.9428483597 0 0.001)
(0.9808428405 0 0.001)
(1.01001588 0 0.001)
(1.030739638 0 0.001)
(1.045484779 0 0.001)
(1.056412968 0 0.001)
(1.069795488 0 0.001)
(1.088596481 0 0.001)
(1.116362747 0 0.001)
(1.149553057 0 0.001)
(1.188578218 0 0.001)
(1.226570655 0 0.001)
(1.260411251 0 0.001)
(1.284816096 0 0.001)
(1.302178515 0 0.001)
(1.314537059 0 0.001)
(1.325953582 0 0.001)
(1.34192036 0 0.001)
(1.364383971 0 0.001)
(1.395958713 0 0.001)
(1.434894996 0 0.001)
(1.474698244 0 0.001)
(1.511415705 0 0.001)
(1.539588759 0 0.001)
(1.559367792 0 0.001)
(1.573446479 0 0.001)
(1.584293261 0 0.001)
(1.598309242 0 0.001)
(1.618000177 0 0.001)
(1.646084267 0 0.001)
(1.681059627 0 0.001)
(1.720830645 0 0.001)
(1.759540449 0 0.001)
(1.790128595 0 0.001)
(1.814216541 0 0.001)
(1.830690029 0 0.001)
(1.842419163 0 0.001)
(1.85439771 0 0.001)
(1.871226272 0 0.001)
(1.894879281 0 0.001)
(1.928092825 0 0.001)
(1.967465301 0 0.001)
(2.006324241 0 0.001)
(2.042196195 0 0.001)
(2.068831029 0 0.001)
(2.087766639 0 0.001)
(2.101244978 0 0.001)
(2.112150857 0 0.001)
(2.126791028 0 0.001)
(2.147359885 0 0.001)
(2.17643445 0 0.001)
(2.213793603 0 0.001)
(2.253277669 0 0.001)
(2.291706198 0 0.001)
(2.322362354 0 0.001)
(2.344134876 0 0.001)
(2.359570021 0 0.001)
(2.37072484 0 0.001)
(2.383509114 0 0.001)
(2.401469635 0 0.001)
(2.427365159 0 0.001)
(2.460324126 0 0.001)
(2.5 0 0.001)
(2.539675874 0 0.001)
(2.572634841 0 0.001)
(2.598530365 0 0.001)
(2.616490886 0 0.001)
(2.62927516 0 0.001)
(2.640429979 0 0.001)
(2.655865124 0 0.001)
(2.677637646 0 0.001)
(2.708293802 0 0.001)
(2.746722331 0 0.001)
(2.786206397 0 0.001)
(2.82356555 0 0.001)
(2.852640115 0 0.001)
(2.873208972 0 0.001)
(2.887849143 0 0.001)
(2.898755022 0 0.001)
(2.912233361 0 0.001)
(2.931168971 0 0.001)
(2.957803805 0 0.001)
(2.993675759 0 0.001)
(3.032534699 0 0.001)
(3.071907175 0 0.001)
(3.105120719 0 0.001)
(3.128773728 0 0.001)
(3.14560229 0 0.001)
(3.157580837 0 0.001)
(3.169309971 0 0.001)
(3.185783459 0 0.001)
(3.209871405 0 0.001)
(3.240459551 0 0.001)
(3.279169355 0 0.001)
(3.318940373 0 0.001)
(3.353915733 0 0.001)
(3.381999823 0 0.001)
(3.401690758 0 0.001)
(3.415706739 0 0.001)
(3.426553521 0 0.001)
(3.440632208 0 0.001)
(3.460411241 0 0.001)
(3.488584295 0 0.001)
(3.525301756 0 0.001)
(3.565105004 0 0.001)
(3.604041287 0 0.001)
(3.635616029 0 0.001)
(3.65807964 0 0.001)
(3.674046418 0 0.001)
(3.685462941 0 0.001)
(3.697821485 0 0.001)
(3.715183904 0 0.001)
(3.739588749 0 0.001)
(3.773429345 0 0.001)
(3.811421782 0 0.001)
(3.850446943 0 0.001)
(3.883637253 0 0.001)
(3.911403519 0 0.001)
(3.930204512 0 0.001)
(3.943587032 0 0.001)
(3.954515221 0 0.001)
(3.969260362 0 0.001)
(3.98998412 0 0.001)
(4.01915716 0 0.001)
(4.05715164 0 0.001)
(4.096954888 0 0.001)
(4.133843241 0 0.001)
(4.16455475 0 0.001)
(4.186246418 0 0.001)
(4.201679751 0 0.001)
(4.212833782 0 0.001)
(4.225619462 0 0.001)
(4.243581959 0 0.001)
(4.269257034 0 0.001)
(4.303735879 0 0.001)
(4.343335421 0 0.001)
(4.382826178 0 0.001)
(4.417082234 0 0.001)
(4.441883483 0 0.001)
(4.459484329 0 0.001)
(4.472012585 0 0.001)
(4.483314112 0 0.001)
(4.499064673 0 0.001)
(4.521195642 0 0.001)
(4.552866517 0 0.001)
(4.589631516 0 0.001)
(4.629434764 0 0.001)
(4.665149101 0 0.001)
(4.695146592 0 0.001)
(4.715599621 0 0.001)
(4.730157604 0 0.001)
(4.741048521 0 0.001)
(4.754603252 0 0.001)
(4.773646185 0 0.001)
(4.800489038 0 0.001)
(4.837078233 0 0.001)
(4.876869059 0 0.001)
(4.915211207 0 0.001)
(4.948075878 0 0.001)
(4.971498687 0 0.001)
(4.988148608 0 0.001)
(5 0.01001791966 0.001)
(5 0.02002703804 0.001)
(5 0.03002720302 0.001)
(5 0.04001823881 0.001)
(5 0.05 0.001)
(5 0.05998176119 0.001)
(5 0.06997279698 0.001)
(5 0.07997296196 0.001)
(5 0.08998208034 0.001)
(4.988148608 0.1 0.001)
(4.971498687 0.1 0.001)
(4.948075878 0.1 0.001)
(4.915211207 0.1 0.001)
(4.876869059 0.1 0.001)
(4.837078233 0.1 0.001)
(4.800489038 0.1 0.001)
(4.773646185 0.1 0.001)
(4.754603252 0.1 0.001)
(4.741048521 0.1 0.001)
(4.730157604 0.1 0.001)
(4.715599621 0.1 0.001)
(4.695146592 0.1 0.001)
(4.665149101 0.1 0.001)
(4.629434764 0.1 0.001)
(4.589631516 0.1 0.001)
(4.552866517 0.1 0.001)
(4.521195642 0.1 0.001)
(4.499064673 0.1 0.001)
(4.483314112 0.1 0.001)
(4.472012585 0.1 0.001)
(4.459484329 0.1 0.001)
(4.441883483 0.1 0.001)
(4.417082234 0.1 0.001)
(4.382826178 0.1 0.001)
(4.343335421 0.1 0.001)
(4.303735879 0.1 0.001)
(4.269257034 0.1 0.001)
(4.243581959 0.1 0.001)
(4.225619462 0.1 0.001)
(4.212833782 0.1 0.001)
(4.201679751 0.1 0.001)
(4.186246418 0.1 0.001)
(4.16455475 0.1 0.001)
(4.133843241 0.1 0.001)
(4.096954888 0.1 0.001)
(4.05715164 0.1 0.001)
(4.01915716 0.1 0.001)
(3.98998412 0.1 0.001)
(3.969260362 0.1 0.001)
(3.954515221 0.1 0.001)
(3.943587032 0.1 0.001)
(3.930204512 0.1 0.001)
(3.911403519 0.1 0.001)
(3.883637253 0.1 0.001)
(3.850446943 0.1 0.001)
(3.811421782 0.1 0.001)
(3.773429345 0.1 0.001)
(3.739588749 0.1 0.001)
(3.715183904 0.1 0.001)
(3.697821485 0.1 0.001)
(3.685462941 0.1 0.001)
(3.674046418 0.1 0.001)
(3.65807964 0.1 0.001)
(3.635616029 0.1 0.001)
(3.604041287 0.1 0.001)
(3.565105004 0.1 0.001)
(3.525301756 0.1 0.001)
(3.488584295 0.1 0.001)
(3.460411241 0.1 0.001)
(3.440632208 0.1 0.001)
(3.426553521 0.1 0.001)
(3.415706739 0.1 0.001)
(3.401690758 0.1 0.001)
(3.381999823 0.1 0.001)
(3.353915733 0.1 0.001)
(3.318940373 0.1 0.001)
(3.279169355 0.1 0.001)
(3.240459551 0.1 0.001)
(3.209871405 0.1 0.001)
(3.185783459 0.1 0.001)
(3.169309971 0.1 0.001)
(3.157580837 0.1 0.001)
(3.14560229 0.1 0.001)
(3.128773728 0.1 0.001)
(3.105120719 0.1 0.001)
(3.071907175 0.1 0.001)
(3.032534699 0.1 0.001)
(2.993675759 0.1 0.001)
(2.957803805 0.1 0.001)
(2.931168971 0.1 0.001)
(2.912233361 0.1 0.001)
(2.898755022 0.1 0.001)
(2.887849143 0.1 0.001)
(2.873208972 0.1 0.001)
(2.852640115 0.1 0.001)
(2.82356555 0.1 0.001)
(2.786206397 0.1 0.001)
(2.746722331 0.1 0.001)
(2.708293802 0.1 0.001)
(2.677637646 0.1 0.001)
(2.655865124 0.1 0.001)
(2.640429979 0.1 0.001)
(2.62927516 0.1 0.001)
(2.616490886 0.1 0.001)
(2.598530365 0.1 0.001)
(2.572634841 0.1 0.001)
(2.539675874 0.1 0.001)
(2.5 0.1 0.001)
(2.460324126 0.1 0.001)
(2.427365159 0.1 0.001)
(2.401469635 0.1 0.001)
(2.383509114 0.1 0.001)
(2.37072484 0.1 0.001)
(2.359570021 0.1 0.001)
(2.344134876 0.1 0.001)
(2.322362354 0.1 0.001)
(2.291706198 0.1 0.001)
(2.253277669 0.1 0.001)
(2.213793603 0.1 0.001)
(2.17643445 0.1 0.001)
(2.147359885 0.1 0.001)
(2.126791028 0.1 0.001)
(2.112150857 0.1 0.001)
(2.101244978 0.1 0.001)
(2.087766639 0.1 0.001)
(2.068831029 0.1 0.001)
(2.042196195 0.1 0.001)
(2.006324241 0.1 0.001)
(1.967465301 0.1 0.001)
(1.928092825 0.1 0.001)
(1.894879281 0.1 0.001)
(1.871226272 0.1 0.001)
(1.85439771 0.1 0.001)
(1.842419163 0.1 0.001)
(1.830690029 0.1 0.001)
(1.814216541 0.1 0.001)
(1.790128595 0.1 0.001)
(1.759540449 0.1 0.001)
(1.720830645 0.1 0.001)
(1.681059627 0.1 0.001)
(1.646084267 0.1 0.001)
(1.618000177 0.1 0.001)
(1.598309242 0.1 0.001)
(1.584293261 0.1 0.001)
(1.573446479 0.1 0.001)
(1.559367792 0.1 0.001)
(1.539588759 0.1 0.001)
(1.511415705 0.1 0.001)
(1.474698244 0.1 0.001)
(1.434894996 0.1 0.001)
(1.395958713 0.1 0.001)
(1.364383971 0.1 0.001)
(1.34192036 0.1 0.001)
(1.325953582 0.1 0.001)
(1.314537059 0.1 0.001)
(1.302178515 0.1 0.001)
(1.284816096 0.1 0.001)
(1.260411251 0.1 0.001)
(1.226570655 0.1 0.001)
(1.188578218 0.1 0.001)
(1.149553057 0.1 0.001)
(1.116362747 0.1 0.001)
(1.088596481 0.1 0.001)
(1.069795488 0.1 0.001)
(1.056412968 0.1 0.001)
(1.045484779 0.1 0.001)
(1.030739638 0.1 0.001)
(1.01001588 0.1 0.001)
(0.9808428405 0.1 0.001)
(0.9428483597 0.1 0.001)
(0.9030451115 0.1 0.001)
(0.8661567595 0.1 0.001)
(0.8354452496 0.1 0.001)
(0.8137535823 0.1 0.001)
(0.7983202491 0.1 0.001)
(0.7871662179 0.1 0.001)
(0.7743805378 0.1 0.001)
(0.7564180406 0.1 0.001)
(0.7307429661 0.1 0.001)
(0.6962641207 0.1 0.001)
(0.656664579 0.1 0.001)
(0.6171738218 0.1 0.001)
(0.5829177658 0.1 0.001)
(0.5581165168 0.1 0.001)
(0.5405156711 0.1 0.001)
(0.5279874147 0.1 0.001)
(0.5166858877 0.1 0.001)
(0.5009353274 0.1 0.001)
(0.4788043584 0.1 0.001)
(0.4471334826 0.1 0.001)
(0.4103684844 0.1 0.001)
(0.3705652362 0.1 0.001)
(0.3348508995 0.1 0.001)
(0.304853408 0.1 0.001)
(0.2844003786 0.1 0.001)
(0.2698423963 0.1 0.001)
(0.2589514792 0.1 0.001)
(0.2453967476 0.1 0.001)
(0.2263538149 0.1 0.001)
(0.1995109621 0.1 0.001)
(0.1629217667 0.1 0.001)
(0.1231309414 0.1 0.001)
(0.08478879261 0.1 0.001)
(0.05192412197 0.1 0.001)
(0.02850131312 0.1 0.001)
(0.01185139161 0.1 0.001)
(0 0.08998208034 0.001)
(0 0.07997296196 0.001)
(0 0.06997279698 0.001)
(0 0.05998176119 0.001)
(0 0.05 0.001)
(0 0.04001823881 0.001)
(0 0.03002720302 0.001)
(0 0.02002703804 0.001)
(0 0.01001791966 0.001)
(1.57886987 0.09060641075 0)
(3.42113013 0.009393589249 0)
(4.735757639 0.009304689824 0)
(0.2636691806 0.09005301125 0)
(2.893850429 0.008889129745 0)
(2.106149571 0.09111087026 0)
(3.948487167 0.08927061295 0)
(1.051512833 0.01072938705 0)
(0.7925960474 0.09008323963 0)
(4.207403953 0.009916760375 0)
(2.36514743 0.009660355858 0)
(2.634594826 0.089861388 0)
(0.5213883534 0.01064082455 0)
(4.478611647 0.08935917545 0)
(3.67998871 0.09128312598 0)
(1.320245321 0.09011300109 0)
(3.162781909 0.09122071184 0)
(1.837218091 0.008779288155 0)
(1.579879935 0.009530504088 0)
(3.420120065 0.09046949591 0)
(4.735603062 0.09056818907 0)
(0.2636320416 0.007584088001 0)
(2.105338841 0.01045650223 0)
(2.894661159 0.08954349777 0)
(3.94901064 0.01189716101 0)
(1.05098936 0.08810283899 0)
(0.7937615161 0.01061911676 0)
(4.206238484 0.08938088324 0)
(2.365786801 0.0911843069 0)
(2.634198806 0.008820997322 0)
(0.5226113041 0.09122959839 0)
(4.477388696 0.00877040161 0)
(3.678755364 0.01070849145 0)
(1.319883373 0.01043643134 0)
(3.151916017 0.01189383122 0)
(1.848083983 0.08810616878 0)
(3.979622241 0.08464151658 0)
(1.020377759 0.01535848342 0)
(2.862600505 0.0854835745 0)
(2.137399495 0.0145164255 0)
(4.707933681 0.08665498979 0)
(0.2959789988 0.08209210944 0)
(4.991010921 0.05499156873 0)
(0.008989079359 0.04500843127 0)
(1.547737398 0.08518895454 0)
(3.452262602 0.01481104546 0)
(1.60815471 0.01459552283 0)
(3.39184529 0.08540447717 0)
(0.2341206912 0.01551722297 0)
(4.761924331 0.01182586527 0)
(2.078491547 0.08691305277 0)
(2.921508453 0.01308694723 0)
(1.079136904 0.01424806749 0)
(3.920863096 0.08575193251 0)
(3.920854341 0.01480712695 0)
(1.079145659 0.08519287305 0)
(0.8218847155 0.08628777603 0)
(4.178115284 0.01371222397 0)
(2.668246163 0.08364320949 0)
(2.331907924 0.01625769523 0)
(0.7652522061 0.08370586932 0)
(4.234747794 0.01629413068 0)
(4.233954969 0.08598783761 0)
(0.7660450314 0.01401216239 0)
(2.392489374 0.01331288702 0)
(2.607772402 0.08595119288 0)
(2.606882312 0.01425780894 0)
(2.393354856 0.08655191649 0)
(4.511187779 0.08337872594 0)
(0.4888122206 0.01662127406 0)
(4.450683906 0.08695371608 0)
(0.549316094 0.01304628392 0)
(0.5495690624 0.08735350092 0)
(4.450430938 0.01264649908 0)
(1.349998484 0.08615325065 0)
(3.645780406 0.01689460302 0)
(3.707073428 0.08659379037 0)
(1.293339274 0.08730652474 0)
(3.706502695 0.01286955459 0)
(1.293497305 0.01286955459 0)
(1.802348753 0.01667533145 0)
(3.197651247 0.08332466855 0)
(3.137188009 0.08752615568 0)
(1.862811991 0.01247384432 0)
(1.822453285 0.08778790664 0)
(3.177546715 0.01221209336 0)
(2.921929561 0.08630005463 0)
(2.078070439 0.01369994537 0)
(4.764355605 0.0832271605 0)
(0.2358752812 0.08588479731 0)
(1.608389845 0.08578596605 0)
(3.391610155 0.01421403395 0)
(1.549391764 0.01416490606 0)
(3.450608236 0.08583509394 0)
(1.883052777 0.08247096559 0)
(3.116947223 0.01752903441 0)
(0.008770005551 0.06582834934 0)
(4.991229994 0.03417165066 0)
(4.705350672 0.01591634798 0)
(0.2957801781 0.01750454244 0)
(2.1371429 0.08531089836 0)
(2.8628571 0.01468910164 0)
(3.980796394 0.01572763339 0)
(1.019203606 0.08427236661 0)
(0.824599416 0.01607559676 0)
(4.175400584 0.08392440324 0)
(2.667142834 0.01571232001 0)
(2.332857166 0.08428767999 0)
(4.50817601 0.01429333412 0)
(0.4918239898 0.08570666588 0)
(3.648729251 0.08566606908 0)
(1.354296157 0.01745198832 0)
(4.992781078 0.07544992128 0)
(0.00721892227 0.02455007872 0)
(4.930921746 0.02900796742 0)
(0.06907825378 0.07099203258 0)
(3.756722657 0.07560208501 0)
(1.240685313 0.0251020344 0)
(4.398212421 0.02451737695 0)
(0.6017875787 0.07548262305 0)
(1.775720624 0.07313092993 0)
(3.224279376 0.02686907007 0)
(2.443676004 0.07562646129 0)
(2.556155358 0.02548474191 0)
(4.287064809 0.0745825082 0)
(0.7129351909 0.0254174918 0)
(1.911486053 0.02462393978 0)
(3.088513947 0.07537606022 0)
(4.964027474 0.08293750115 0)
(0.03597252613 0.01706249885 0)
(2.976876822 0.07347504968 0)
(2.023123178 0.02652495032 0)
(1.130963606 0.07490620864 0)
(3.869036394 0.02509379136 0)
(0.1802915778 0.02532278846 0)
(4.819708422 0.07467721154 0)
(3.335727819 0.02596953879 0)
(1.664272181 0.07403046121 0)
(3.507773582 0.07369092602 0)
(1.491098545 0.02663999543 0)
(2.804885973 0.02876664384 0)
(2.195114027 0.07123335616 0)
(4.039966959 0.07169304951 0)
(0.9600330407 0.02830695049 0)
(0.3542640785 0.06917293006 0)
(4.647291932 0.02845405626 0)
(4.115399065 0.02927159885 0)
(0.8846009355 0.07072840115 0)
(2.729129171 0.07098209695 0)
(2.270870829 0.02901790305 0)
(4.573955711 0.0715899773 0)
(0.4260442885 0.0284100227 0)
(3.581061086 0.02636613121 0)
(1.410424206 0.06633289564 0)
(4.980575034 0.01179662218 0)
(0.01942496562 0.08820337782 0)
(3.261227561 0.0721452021 0)
(1.738772439 0.0278547979 0)
(0.1077298284 0.02697284956 0)
(4.892270172 0.07302715044 0)
(3.05318164 0.03153191792 0)
(1.94681836 0.06846808208 0)
(3.792341741 0.03020376874 0)
(1.206530477 0.07303859291 0)
(2.478679806 0.03539282781 0)
(4.369860693 0.06696211098 0)
(0.6301393069 0.03303788902 0)
(2.559270634 0.0720049263 0)
(3.830934363 0.06917696632 0)
(1.169065637 0.03082303368 0)
(4.281987013 0.02733073067 0)
(0.7180129875 0.07266926933 0)
(4.850399942 0.03355248303 0)
(0.1496000581 0.06644751697 0)
(2.975823796 0.0260040815 0)
(2.024176204 0.0739959185 0)
(1.665488836 0.02647021385 0)
(3.334511164 0.07352978615 0)
(4.981716933 0.09004251828 0)
(0.01828306698 0.009957481723 0)
(1.492226418 0.07369092602 0)
(3.50886649 0.02666040757 0)
(0.02872951504 0.03183704422 0)
(0.04535166684 0.03562956963 0)
(0.0300434079 0.04834552536 0)
(4.971270485 0.06816295578 0)
(4.954648333 0.06437043037 0)
(4.969956592 0.05165447464 0)
(0.6028138882 0.03043789094 0)
(0.5792123842 0.03000688822 0)
(4.397186112 0.06956210906 0)
(4.420787616 0.06999311178 0)
(4.820433483 0.03252910485 0)
(4.794175399 0.03264191371 0)
(0.1795665169 0.06747089515 0)
(0.2054734344 0.06733504392 0)
(4.93876742 0.07959435049 0)
(0.06123257965 0.02040564951 0)
(1.242484271 0.06892823698 0)
(1.268626093 0.07379829466 0)
(3.75871244 0.02982800578 0)
(3.731663262 0.03149257422 0)
(0.3538461975 0.03176643913 0)
(4.646548129 0.06799680269 0)
(0.04464379744 0.07519258028 0)
(4.955356203 0.02480741972 0)
(4.794460351 0.07155203093 0)
(2.95049435 0.07267614514 0)
(2.04950565 0.02732385486 0)
(2.445434972 0.03083467981 0)
(2.420263003 0.0295009702 0)
(3.865651577 0.0731134354 0)
(3.892910755 0.07112851458 0)
(1.134348423 0.0268865646 0)
(1.107089245 0.02887148542 0)
(2.804113817 0.07348204642 0)
(2.195886183 0.02651795358 0)
(3.480091462 0.07296625364 0)
(1.519720559 0.02708889993 0)
(0.205787606 0.02849108245 0)
(0.3207331005 0.0215074053 0)
(0.3050758081 0.03613187184 0)
(0.2854625821 0.0319967133 0)
(0.2911144587 0.04868380316 0)
(0.274382135 0.04479519333 0)
(0.3100040262 0.05454426012 0)
(0.2795110629 0.06006385442 0)
(0.2634492395 0.05713400397 0)
(0.2583290269 0.04146902201 0)
(0.2476044762 0.05410888255 0)
(0.2426415436 0.03897607482 0)
(0.2533196103 0.02795819221 0)
(0.2528316292 0.07020284379 0)
(0.2313484081 0.05098773063 0)
(4.684675352 0.01733515291 0)
(4.697361742 0.03302362347 0)
(4.714876826 0.03025927149 0)
(4.708561329 0.04687343589 0)
(4.72514969 0.04390242209 0)
(4.690019962 0.05551854227 0)
(4.719289341 0.05934596397 0)
(4.735479121 0.05733653403 0)
(4.7413779 0.04159579272 0)
(4.751686175 0.05515020303 0)
(4.745561041 0.06825847211 0)
(4.757460182 0.04016966494 0)
(4.747617957 0.02867182165 0)
(4.768096496 0.05295593355 0)
(3.113479839 0.0737096333 0)
(3.099799103 0.05494353547 0)
(3.124134691 0.0529610759 0)
(1.886520161 0.0262903667 0)
(1.900200897 0.04505646453 0)
(1.875865309 0.0470389241 0)
(2.8327108 0.02800857872 0)
(2.1672892 0.07199142128 0)
(4.422267856 0.02587824139 0)
(0.5777321442 0.07412175861 0)
(2.947011446 0.02984426421 0)
(2.052988554 0.07015573579 0)
(1.267346868 0.02924521747 0)
(3.733312112 0.07452266585 0)
(0.7387436151 0.07704029762 0)
(0.7380310582 0.02715444325 0)
(4.261968942 0.07284555675 0)
(4.261256385 0.02295970238 0)
(4.932988007 0.05727826805 0)
(0.06701199339 0.04272173195 0)
(4.532499607 0.08144234561 0)
(4.51903995 0.06478717811 0)
(4.499589802 0.06917949823 0)
(4.505918658 0.05036038735 0)
(4.488824537 0.05202027414 0)
(4.529932569 0.04440581845 0)
(4.482045288 0.06700436385 0)
(4.473620708 0.05391793395 0)
(4.479103479 0.04008964219 0)
(4.464683472 0.04100704675 0)
(4.459188438 0.05622299323 0)
(4.470025714 0.02840096945 0)
(4.484586978 0.02673390615 0)
(4.449485825 0.04167376466 0)
(4.52974679 0.01997355411 0)
(4.55853437 0.02607647782 0)
(4.589674585 0.03978488577 0)
(4.486865143 0.08027969867 0)
(0.4675003933 0.01855765439 0)
(0.4809600497 0.03521282189 0)
(0.5004101982 0.03082050177 0)
(0.4940813418 0.04963961265 0)
(0.5111754629 0.04797972586 0)
(0.4700674308 0.05559418155 0)
(0.5179547121 0.03299563615 0)
(0.5263792917 0.04608206605 0)
(0.5208965215 0.05991035781 0)
(0.5353165281 0.05899295325 0)
(0.540811562 0.04377700677 0)
(0.5299742859 0.07159903055 0)
(0.515413022 0.07326609385 0)
(0.5505141747 0.05832623534 0)
(0.47025321 0.08002644589 0)
(0.4414656304 0.07392352218 0)
(0.4103254149 0.06021511423 0)
(0.5131348572 0.01972030133 0)
(1.522380692 0.06863617136 0)
(3.477775437 0.03141401916 0)
(2.698390137 0.06820897906 0)
(2.711720898 0.04551616413 0)
(2.686963812 0.04797392731 0)
(2.685280965 0.01651118608 0)
(2.30160089 0.03179582554 0)
(2.288278339 0.05448424443 0)
(2.313011719 0.05202224185 0)
(2.314719035 0.08348881392 0)
(0.9914693967 0.03107474808 0)
(0.9771963922 0.05434365749 0)
(1.002833851 0.05464068662 0)
(0.9466724784 0.05630484229 0)
(4.008530603 0.06892525192 0)
(4.022803608 0.04565634251 0)
(3.997166149 0.04535931338 0)
(4.053327522 0.04369515771 0)
(3.362198217 0.02774801204 0)
(1.637801783 0.07225198796 0)
(4.149198995 0.07794331197 0)
(4.164948565 0.06248574256 0)
(4.18583175 0.06599703357 0)
(4.180070389 0.04901361557 0)
(4.197130442 0.05253278234 0)
(4.159620247 0.04168105571 0)
(4.202662609 0.06655470615 0)
(4.211989642 0.05460451538 0)
(4.207435315 0.04046136808 0)
(4.221970796 0.04336348604 0)
(4.225212258 0.05878319768 0)
(4.217140993 0.02936289365 0)
(4.203295954 0.02767623364 0)
(4.23923155 0.04684591348 0)
(4.159450894 0.02035849329 0)
(4.194096169 0.08045967056 0)
(0.8508010045 0.02205668803 0)
(0.8350514349 0.03751425744 0)
(0.8141682501 0.03400296643 0)
(0.8199296106 0.05098638443 0)
(0.8028695584 0.04746721766 0)
(0.8403797532 0.05831894429 0)
(0.7973373909 0.03344529385 0)
(0.7880103578 0.04539548462 0)
(0.7925646855 0.05953863192 0)
(0.7780292039 0.05663651396 0)
(0.7747877421 0.04121680232 0)
(0.7828590071 0.07063710635 0)
(0.7967040456 0.07232376636 0)
(0.7607684495 0.05315408652 0)
(0.8405491063 0.07964150671 0)
(0.8059038305 0.01954032944 0)
(2.16414052 0.03060811244 0)
(2.83585948 0.06939188756 0)
(4.676747474 0.07584265373 0)
(0.3135567182 0.08309975194 0)
(1.380171342 0.02276664794 0)
(1.36414076 0.03891065601 0)
(1.342590323 0.03223099671 0)
(1.348333931 0.0516148559 0)
(1.330721189 0.0490906853 0)
(1.324780735 0.03175439755 0)
(1.315455316 0.04610499465 0)
(1.320428598 0.0605202103 0)
(1.305795264 0.05759925087 0)
(1.300982745 0.04315800213 0)
(1.369152994 0.05884863627 0)
(1.310667003 0.07125962221 0)
(1.290033314 0.05569419452 0)
(1.333128794 0.02101190928 0)
(1.324708517 0.07580711771 0)
(3.624245583 0.0188664112 0)
(3.637844598 0.03576676613 0)
(3.657556777 0.03131541805 0)
(3.650844291 0.05077167781 0)
(3.668442938 0.04842600992 0)
(3.62668116 0.05607979893 0)
(3.675318879 0.03350098904 0)
(3.683797315 0.04663291493 0)
(3.678328401 0.0605702168 0)
(3.692660111 0.05834290208 0)
(3.698429773 0.04412175864 0)
(3.68749519 0.07231466701 0)
(3.672877194 0.07365540848 0)
(3.708416134 0.05712701484 0)
(3.626852173 0.08012020956 0)
(3.599056081 0.07230652073 0)
(3.670431386 0.01998434429 0)
(0.9954293605 0.07898428423 0)
(4.00457064 0.02101571577 0)
(1.097993042 0.08401521591 0)
(1.086598664 0.06931025619 0)
(1.070028257 0.07188699955 0)
(1.075536213 0.05620322475 0)
(1.059491805 0.05917470482 0)
(1.06456818 0.0435808641 0)
(1.048607451 0.04600113549 0)
(1.043633469 0.06231280407 0)
(1.053613494 0.03229060739 0)
(1.038025821 0.03516064351 0)
(1.094221413 0.04888018643 0)
(3.902006958 0.01598478409 0)
(3.913401336 0.03068974381 0)
(3.929971743 0.02811300045 0)
(3.924463787 0.04379677525 0)
(3.940508195 0.04082529518 0)
(3.93543182 0.0564191359 0)
(3.951392549 0.05399886451 0)
(3.956366531 0.03768719593 0)
(3.946386506 0.06770939261 0)
(3.961974179 0.06483935649 0)
(3.905778587 0.05111981357 0)
(1.905684438 0.07993577711 0)
(3.094315562 0.02006422289 0)
(2.418712344 0.07457676577 0)
(2.579266275 0.02700435194 0)
(2.581222992 0.07783317359 0)
(2.567246976 0.04569847738 0)
(2.597732163 0.05132301039 0)
(1.769568257 0.02999039496 0)
(3.230431743 0.07000960504 0)
(1.637942541 0.03011701703 0)
(3.362057459 0.06988298297 0)
(1.799879546 0.07692337189 0)
(3.200120454 0.02307662811 0)
(1.415276248 0.0307590561 0)
(0.8842731137 0.02696249744 0)
(4.115726886 0.07303750256 0)
(2.256906461 0.05802338156 0)
(2.743093539 0.04197661844 0)
(1.699984162 0.0328669074 0)
(3.300015838 0.0671330926 0)
(1.45296862 0.03257850569 0)
(3.179922149 0.08120676151 0)
(3.1883869 0.06720711944 0)
(3.170840105 0.0670705524 0)
(3.178660167 0.0523490365 0)
(3.161151571 0.05364014853 0)
(3.168016953 0.03864568589 0)
(3.151447496 0.03970994357 0)
(3.196212467 0.05150354947 0)
(3.152873766 0.07014818384 0)
(1.820077851 0.01879323849 0)
(1.8116131 0.03279288056 0)
(1.829159895 0.0329294476 0)
(1.821339833 0.0476509635 0)
(1.838848429 0.04635985147 0)
(1.831983047 0.06135431411 0)
(1.848552504 0.06029005643 0)
(1.803787533 0.04849645053 0)
(1.847126234 0.02985181616 0)
(0.7260601418 0.04633960051 0)
(4.273939858 0.05366039949 0)
(0.6354980368 0.06673661649 0)
(0.6684467472 0.06422181278 0)
(4.364501963 0.03326338351 0)
(4.331553253 0.03577818722 0)
(1.693886326 0.06863742461 0)
(3.306113674 0.03136257539 0)
(1.947786189 0.03269239471 0)
(3.052213811 0.06730760529 0)
(3.544518831 0.03253124466 0)
(3.011496317 0.06654364195 0)
(1.988503683 0.03345635805 0)
(2.519125666 0.03374779147 0)
(2.525231129 0.07258890604 0)
(3.131690371 0.0173914895 0)
(1.868309629 0.0826085105 0)
(2.349708249 0.08256832064 0)
(2.341915942 0.06966463199 0)
(2.358236316 0.06937696269 0)
(2.350936185 0.05591715165 0)
(2.367276409 0.05682765551 0)
(2.359979569 0.04231295062 0)
(2.376292898 0.04274633634 0)
(2.383440116 0.05786276112 0)
(2.344106667 0.04115609835 0)
(2.353050715 0.02864492662 0)
(2.393197864 0.04279285328 0)
(2.650274959 0.01743786762 0)
(2.658070817 0.03027548306 0)
(2.641759996 0.03046940443 0)
(2.649022053 0.04403881741 0)
(2.632951512 0.04328031405 0)
(2.640461437 0.05776237816 0)
(2.655985911 0.05827283662 0)
(2.647540452 0.0701063342 0)
(2.633446109 0.06973982738 0)
(2.62569552 0.02785226841 0)
(2.614568008 0.04273282793 0)
(1.746432911 0.07571607116 0)
(3.253567089 0.02428392884 0)
(0.0971316488 0.07513590915 0)
(4.902868351 0.02486409085 0)
(0.2784386404 0.01768595559 0)
(3.967358138 0.01573546488 0)
(1.032641862 0.08426453512 0)
(2.121361769 0.08343076216 0)
(2.128931186 0.07106669253 0)
(2.113293015 0.07070749557 0)
(2.11997325 0.05737734266 0)
(2.104381797 0.0585149817 0)
(2.110730514 0.04432956161 0)
(2.095047657 0.04492990848 0)
(2.136453069 0.05618348675 0)
(2.086584944 0.061936121 0)
(2.101871349 0.03148498455 0)
(2.07791065 0.04477187233 0)
(2.116651574 0.03047340776 0)
(2.878638231 0.01656923784 0)
(2.871068814 0.02893330747 0)
(2.886706985 0.02929250443 0)
(2.88002675 0.04262265734 0)
(2.895618203 0.0414850183 0)
(2.889269486 0.05567043839 0)
(2.904952343 0.05507009152 0)
(2.863546931 0.04381651325 0)
(2.913415056 0.038063879 0)
(2.898128651 0.06851501545 0)
(2.92208935 0.05522812767 0)
(2.883348426 0.06952659224 0)
(2.367724399 0.02958103341 0)
(4.720626007 0.01624311946 0)
(1.369152192 0.07975231354 0)
(3.126495828 0.0331997948 0)
(1.873504172 0.0668002052 0)
(3.790193058 0.07440233988 0)
(1.206975747 0.02551667194 0)
(4.318426586 0.07154834435 0)
(0.6815734135 0.02845165565 0)
(2.474768871 0.07258890604 0)
(3.004961141 0.03133026042 0)
(1.995038859 0.06866973958 0)
(1.563711916 0.01557351878 0)
(1.557068712 0.02796434142 0)
(1.571333495 0.02718921847 0)
(1.565545041 0.04112219321 0)
(1.581155485 0.03941491315 0)
(1.57459575 0.05418872843 0)
(1.590598383 0.05303812458 0)
(1.558914956 0.05520035942 0)
(1.567601292 0.06863707386 0)
(1.598279623 0.03827310729 0)
(1.608211176 0.05405512464 0)
(1.586451829 0.02223652207 0)
(1.584041584 0.06759379881 0)
(3.436288084 0.08442648122 0)
(3.442931288 0.07203565858 0)
(3.428666505 0.07281078153 0)
(3.434454959 0.05887780679 0)
(3.418844515 0.06058508685 0)
(3.42540425 0.04581127157 0)
(3.409401617 0.04696187542 0)
(3.441085044 0.04479964058 0)
(3.432398708 0.03136292614 0)
(3.401720377 0.06172689271 0)
(3.391788824 0.04594487536 0)
(3.413548171 0.07776347793 0)
(3.415958416 0.03240620119 0)
(1.596187157 0.08553401973 0)
(1.598698123 0.07070439052 0)
(3.403812843 0.01446598027 0)
(3.401301877 0.02929560948 0)
(1.033327509 0.01442685297 0)
(3.966672491 0.08557314703 0)
(4.73095603 0.02619194319 0)
(2.877327948 0.08280099693 0)
(2.122672052 0.01719900307 0)
(0.2815621756 0.08582235774 0)
(4.720773278 0.08453375256 0)
(1.169206056 0.06826639834 0)
(3.831996292 0.03096103815 0)
(0.2508139367 0.08625910383 0)
(4.748960304 0.08741363917 0)
(2.092811749 0.01215800012 0)
(2.087749909 0.02809175412 0)
(2.907188251 0.08784199988 0)
(2.912250091 0.07190824588 0)
(1.841367505 0.07502335877 0)
(3.158632495 0.02497664123 0)
(1.335414996 0.06370939693 0)
(3.437755508 0.01788443526 0)
(1.562244492 0.08211556474 0)
(3.66784322 0.08676778865 0)
(1.3326439 0.08917382055 0)
(2.624831394 0.05724931914 0)
(2.618245956 0.07286607827 0)
(4.611971703 0.07005031948 0)
(0.3916240024 0.02973808003 0)
(4.489504337 0.01333200272 0)
(0.5104956632 0.08666799728 0)
(2.354585272 0.009618201205 0)
(2.645602188 0.0904125215 0)
(4.193971439 0.01052939744 0)
(0.8060285611 0.08947060256 0)
(0.04851252992 0.05490772482 0)
(4.95148747 0.04509227518 0)
(0.2686760537 0.03064297794 0)
(1.461547318 0.06843165647 0)
(1.120144608 0.04985487388 0)
(3.879855392 0.05014512612 0)
(2.094965381 0.08659589411 0)
(2.905034619 0.01340410589 0)
(3.539484261 0.0688466919 0)
(4.72935787 0.07236191865 0)
(0.5057277329 0.06237583126 0)
(4.494272267 0.03762416874 0)
(3.935215488 0.08648131979 0)
(1.064784512 0.01351868021 0)
(3.935545388 0.01342239998 0)
(3.944835635 0.02624829405 0)
(1.064454612 0.08657760002 0)
(1.055164365 0.07375170595 0)
(3.662806104 0.06283954689 0)
(1.592357894 0.01143169096 0)
(3.407642106 0.08856830904 0)
(4.19288038 0.03720649783 0)
(0.8071196201 0.06279350217 0)
(4.854992859 0.06896015925 0)
(0.145007141 0.03103984075 0)
(2.962286752 0.05075364041 0)
(2.037713248 0.04924635959 0)
(0.2548892402 0.009158275715 0)
(4.748095725 0.009704856761 0)
(0.7792715562 0.08701439997 0)
(4.220728444 0.01298560003 0)
(4.219884252 0.08745650405 0)
(0.7801157483 0.01254349595 0)
(2.621381679 0.08701561757 0)
(2.377914969 0.01110303085 0)
(2.382739568 0.02623586379 0)
(2.621381679 0.01298438243 0)
(2.378618321 0.08701561757 0)
(2.767289794 0.06652483646 0)
(2.232710206 0.03347516354 0)
(3.713822465 0.04055408678 0)
(1.06912021 0.02768762171 0)
(3.93087979 0.07231237829 0)
(4.077857139 0.06683855357 0)
(0.9221428614 0.03316144643 0)
(0.5356636126 0.01276429754 0)
(0.5426747889 0.02704845256 0)
(4.464336387 0.08723570246 0)
(4.457325211 0.07295154744 0)
(0.5338324377 0.08659261728 0)
(4.466167562 0.01340738272 0)
(3.348070969 0.04904365398 0)
(1.651929031 0.05095634602 0)
(3.692990024 0.01262183124 0)
(3.699770787 0.02655666233 0)
(3.684355332 0.02266218659 0)
(1.307515277 0.08839100553 0)
(3.691943212 0.08618578531 0)
(1.307199409 0.01241180829 0)
(1.299628214 0.02710541772 0)
(1.31484176 0.02222350418 0)
(0.5269759052 0.02258166109 0)
(4.473024095 0.07741833891 0)
(2.373615556 0.07041834648 0)
(3.143819569 0.05536582659 0)
(3.136137101 0.07110035572 0)
(1.856180431 0.04463417341 0)
(1.863862899 0.02889964428 0)
(2.404005874 0.05962076928 0)
(0.5551106484 0.04197784763 0)
(4.444889352 0.05802215237 0)
(3.151865613 0.08649628226 0)
(1.848134387 0.01350371774 0)
(1.83547208 0.08770996838 0)
(3.16452792 0.01229003162 0)
(4.135294372 0.05268150917 0)
(0.8647056282 0.04731849083 0)
(3.450501708 0.05783775067 0)
(3.45837029 0.04249445142 0)
(1.549498292 0.04216224933 0)
(1.541749755 0.05768348328 0)
(1.391787363 0.04741224497 0)
(0.3320105766 0.04399806604 0)
(3.971256559 0.02916097727 0)
(1.028743441 0.07083902273 0)
(1.284152337 0.03975233873 0)
(2.873425154 0.05712095063 0)
(2.855488849 0.0596804355 0)
(2.126574846 0.04287904937 0)
(2.144511151 0.0403195645 0)
(1.27167302 0.05408194986 0)
(3.492282547 0.05051504276 0)
(1.507714555 0.04951912699 0)
(3.968222757 0.05093622043 0)
(3.98105731 0.06466620778 0)
(1.031777243 0.04906377957 0)
(1.01894269 0.03533379222 0)
(1.338536774 0.07680385317 0)
(0.7896299861 0.02255469435 0)
(0.7755905611 0.02620582591 0)
(0.7598747422 0.03117672388 0)
(4.210370014 0.07744530565 0)
(4.224409439 0.07379417409 0)
(4.240125258 0.06882327612 0)
(3.745484707 0.05342984577 0)
(4.677419535 0.03560629045 0)
(4.6691937 0.05671764034 0)
(3.617312796 0.03753457504 0)
(0.2683529262 0.07043108784 0)
(4.539529371 0.06263135439 0)
(0.4604706293 0.03736864561 0)
(2.070026613 0.05934597876 0)
(2.929973387 0.04065402124 0)
(2.666691415 0.04604575353 0)
(3.186313389 0.03677621022 0)
(1.813686611 0.06322378978 0)
(3.425002818 0.02023242194 0)
(1.574997182 0.07976757806 0)
(1.087446754 0.02939849728 0)
(3.912553246 0.07060150272 0)
(4.176473445 0.03072735041 0)
(0.8235265548 0.06927264959 0)
(2.428069855 0.05247179311 0)
(2.098594728 0.07217412972 0)
(2.901405272 0.02782587028 0)
(4.190393405 0.02270811978 0)
(0.8096065954 0.07729188022 0)
(1.61478195 0.03279055935 0)
(3.38521805 0.06720944065 0)
(0.5670268463 0.0569708444 0)
(4.432973154 0.0430291556 0)
(4.761170705 0.06780491102 0)
(2.542929792 0.0493548565 0)
(2.940370459 0.05433103891 0)
(2.059629541 0.04566896109 0)
(2.820104923 0.04975195856 0)
(2.179895077 0.05024804144 0)
(4.300606203 0.04770254992 0)
(0.6993937969 0.05229745008 0)
(3.075248672 0.05057325341 0)
(1.924751328 0.04942674659 0)
(4.51099253 0.0316946107 0)
(0.4890074699 0.0683053893 0)
(2.598388301 0.07016649228 0)
(4.991414217 0.01531189235 0)
(4.983338861 0.0249956877 0)
(0.008585783274 0.08468810765 0)
(0.01666113909 0.0750043123 0)
(1.79315096 0.03323175014 0)
(1.783318949 0.05126091658 0)
(3.20684904 0.06676824986 0)
(3.216681051 0.04873908342 0)
(2.325753145 0.0343987196 0)
(0.008662983619 0.01502247885 0)
(4.991337016 0.08497752115 0)
(3.89359804 0.0332824405 0)
(1.10640196 0.0667175595 0)
(0.295204604 0.06447558157 0)
(4.991253051 0.06531839883 0)
(0.008746948692 0.03468160117 0)
(0.008752661049 0.0550278927 0)
(0.02034869662 0.06128733033 0)
(4.991247339 0.0449721073 0)
(4.979651303 0.03871266967 0)
(4.703809737 0.06243930749 0)
(4.082720944 0.02941555868 0)
(0.9172790555 0.07058444132 0)
(2.674545082 0.06558236981 0)
(0.2363099391 0.06859329012 0)
(3.659759877 0.07520217398 0)
(2.388871478 0.07232496326 0)
(3.458209754 0.07167902338 0)
(1.541790246 0.02832097662 0)
(0.3265042229 0.06530481727 0)
(1.627891629 0.0519083251 0)
(3.372108371 0.0480916749 0)
(2.227322539 0.0707669066 0)
(2.772677461 0.0292330934 0)
(2.411515307 0.04382895904 0)
(1.757732108 0.0505222468 0)
(3.242267892 0.0494777532 0)
(2.14488935 0.07065222576 0)
(2.85511065 0.02934777424 0)
(3.988650141 0.03026675145 0)
(1.011349859 0.06973324855 0)
(3.688620292 0.03457639578 0)
(3.645945476 0.06844657938 0)
(4.440052148 0.07232300684 0)
(0.5599478518 0.02767699316 0)
(1.286076683 0.07203915539 0)
(3.382501184 0.02999334181 0)
(1.617498816 0.07000665819 0)
(0.01919096346 0.04001874731 0)
(4.980809037 0.05998125269 0)
(0.5426125638 0.07372346632 0)
(4.457387436 0.02627653368 0)
(4.254368049 0.05634498632 0)
(0.7456319507 0.04365501368 0)
(2.93067778 0.07105740866 0)
(2.06932222 0.02894259134 0)
(3.469538533 0.0544844235 0)
(1.530475683 0.04556848459 0)
(3.700950711 0.07110233964 0)
(2.109362206 0.02067157008 0)
(2.890637794 0.07932842992 0)
(1.331295898 0.01046601969 0)
(4.497506424 0.02473560449 0)
(0.5024935756 0.07526439551 0)
(4.806968276 0.05240547454 0)
(0.9671943682 0.07800719595 0)
(4.032805632 0.02199280405 0)
(0.1917433065 0.04725011599 0)
(4.468116993 0.06607257113 0)
(0.5318830066 0.03392742887 0)
(2.610753164 0.0588675456 0)
(2.598196096 0.03099662021 0)
(3.447351343 0.02999674351 0)
(1.552668665 0.07003291228 0)
(1.857295593 0.07441430108 0)
(3.142704407 0.02558569892 0)
(4.713565502 0.07307655201 0)
(1.310586692 0.03395153275 0)
(1.351147484 0.06896131412 0)
(4.775045706 0.03691213031 0)
(3.714906243 0.0257706147 0)
(2.333551294 0.0537517883 0)
(0.7689765588 0.06805038513 0)
(4.231023441 0.03194961487 0)
(2.5 0.05695800682 0)
(2.401197109 0.02817869836 0)
(3.108576695 0.03642569686 0)
(1.891423305 0.06357430314 0)
(2.843803605 0.04666619131 0)
(2.156196395 0.05333380869 0)
(3.772829188 0.05295189733 0)
(1.28575489 0.02540809222 0)
(3.66783053 0.008716448502 0)
(4.965330246 0.03701325021 0)
(0.034669754 0.06298674979 0)
(4.441500204 0.02710943959 0)
(0.5584997962 0.07289056041 0)
(0.8051822744 0.008428568889 0)
(4.194817726 0.09157143111 0)
(1.249447147 0.04566053757 0)
(0.5105684139 0.00858598876 0)
(4.489431586 0.09141401124 0)
(1.827818515 0.07534237612 0)
(3.172181485 0.02465762388 0)
(3.569965539 0.05736971111 0)
(0.2268740319 0.03177518282 0)
(2.086331195 0.07636328023 0)
(2.913668805 0.02363671977 0)
(4.74011969 0.08037060012 0)
(0.2605425531 0.07990821471 0)
(2.131129516 0.02859093292 0)
(2.868870484 0.07140906708 0)
(0.2169221844 0.08101809761 0)
(2.67671072 0.03167473536 0)
(2.323323447 0.06828090231 0)
(4.621332226 0.04406286107 0)
(0.3794600661 0.05553408574 0)
(2.721189009 0.02420450495 0)
(2.278810838 0.07579557676 0)
(3.46640992 0.08528764919 0)
(1.532381407 0.01391495652 0)
(2.640995737 0.08051769483 0)
(2.986288966 0.04962133479 0)
(2.013711034 0.05037866521 0)
(2.846396534 0.01530346672 0)
(2.153603466 0.08469653328 0)
(3.920314207 0.0580424084 0)
(1.079685793 0.0419575916 0)
(4.781317612 0.01660028511 0)
(3.324887893 0.04940772938 0)
(1.675112107 0.05059227062 0)
(3.374445022 0.01439107756 0)
(1.625554978 0.08560892244 0)
(3.724967048 0.05554538668 0)
(0.8592784365 0.07120146859 0)
(4.140721563 0.02879853141 0)
(2.938414893 0.08600672168 0)
(2.061585107 0.01399327832 0)
(1.223005225 0.04741263138 0)
(3.904573043 0.085253969 0)
(1.095426957 0.014746031 0)
(4.212087229 0.01982039935 0)
(0.7879127708 0.08017960065 0)
(1.599594326 0.02492335603 0)
(3.400405674 0.07507664397 0)
(0.2825542148 0.07384579862 0)
(2.360381372 0.01947450732 0)
(1.274493408 0.08605230289 0)
(3.715602912 0.07293746329 0)
(3.943587165 0.07913244645 0)
(1.056412835 0.02086755355 0)
(2.660212736 0.07189335627 0)
(4.74109402 0.0182542921 0)
(2.454125902 0.05338293361 0)
(4.760673024 0.02697494356 0)
(1.862782469 0.05732704051 0)
(3.137217531 0.04267295949 0)
(0.569909845 0.01465162819 0)
(4.430090155 0.08534837181 0)
(4.993196614 0.02490669435 0)
(0.006803385584 0.07509330565 0)
(0.5653670571 0.08687316399 0)
(4.434632943 0.01312683601 0)
(1.278365282 0.01350457286 0)
(2.412709366 0.01472071402 0)
(3.7256923 0.01449381682 0)
(2.611958672 0.02667961551 0)
(1.042217739 0.07850448414 0)
(3.957782261 0.02149551586 0)
(3.854541145 0.0489651257 0)
(1.145630619 0.05092450808 0)
(2.629821979 0.0803212485 0)
(4.781350296 0.08454935912 0)
(3.808091605 0.05377028555 0)
(1.194956628 0.04901146565 0)
(3.164676468 0.08014265606 0)
(1.835323532 0.01985734394 0)
(1.81421675 0.07762064453 0)
(3.18578325 0.02237935547 0)
(1.47926563 0.05008777659 0)
(0.2628285164 0.01703896519 0)
(3.520579387 0.05022901152 0)
(0.03419232379 0.0871825734 0)
(4.965807676 0.0128174266 0)
(0.6123673972 0.05163329687 0)
(0.5872617021 0.05136078324 0)
(4.387632603 0.04836670313 0)
(4.412738298 0.04863921676 0)
(2.340066618 0.02770974059 0)
(4.786118999 0.05114984401 0)
(0.1187692569 0.05421929118 0)
(4.881230743 0.04578070882 0)
(0.7850712076 0.03376362021 0)
(4.214928792 0.06623637979 0)
(0.2185294212 0.01515669765 0)
(1.298829436 0.06694373086 0)
(4.476827561 0.01905319858 0)
(0.523172439 0.08094680142 0)
(0.7502223677 0.01446866591 0)
(4.249777632 0.08553133409 0)
(4.249634194 0.01376890305 0)
(0.750365806 0.08623109695 0)
(1.876971994 0.012950665 0)
(3.123028006 0.087049335 0)
(3.277612144 0.04285901367 0)
(1.722387856 0.05714098633 0)
(3.467541717 0.01497294869 0)
(1.532474214 0.08503217279 0)
(2.062659577 0.08562592411 0)
(2.937340423 0.01437407589 0)
(1.31529805 0.0806614575 0)
(2.685422566 0.08348691167 0)
(2.314666102 0.01649044807 0)
(1.004329713 0.01635340474 0)
(3.995670287 0.08364659526 0)
(0.2727627242 0.00849806435 0)
(0.213740051 0.04812829676 0)
(2.153779541 0.01542224167 0)
(2.846220459 0.08457775833 0)
(2.364755491 0.0801891543 0)
(0.2408127842 0.02638682036 0)
(2.408700961 0.08688502376 0)
(2.591101978 0.01445175622 0)
(2.592206439 0.08659802609 0)
(2.790809077 0.0498366311 0)
(2.209190923 0.0501633689 0)
(4.730717117 0.08361155572 0)
(1.624992729 0.01550061984 0)
(3.375007271 0.08449938016 0)
(3.956607166 0.07901855368 0)
(1.043392834 0.02098144632 0)
(2.635136513 0.01972077026 0)
(2.654311617 0.0820963489 0)
(4.100777679 0.0500859623 0)
(0.8992223208 0.0499140377 0)
(4.982548082 0.05 0)
(0.01745191782 0.05 0)
(3.173224955 0.09073999055 0)
(1.826775045 0.009260009446 0)
(2.34599356 0.01779440297 0)
(1.387295094 0.07046921808 0)
(1.019737492 0.05724921592 0)
(3.980262508 0.04275078408 0)
(3.722152221 0.0868107839 0)
(1.969983587 0.05456616095 0)
(3.030016413 0.04543383905 0)
(0.2438095286 0.0774941994 0)
(3.680888561 0.08089520284 0)
(4.245936743 0.02988229892 0)
(0.7540632573 0.07011770108 0)
(1.436597876 0.05570011866 0)
(3.60502447 0.02377633596 0)
(0.1666657757 0.04703223431 0)
(4.833267147 0.05294983516 0)
(4.910109001 0.04953177802 0)
(0.08989099936 0.05046822198 0)
(2.356791088 0.09078835637 0)
(2.644092406 0.008554740622 0)
(4.775925409 0.06853987319 0)
(3.140820014 0.0101322588 0)
(1.859179986 0.0898677412 0)
(4.551362207 0.07626999485 0)
(0.4486377927 0.02373000515 0)
(1.586674358 0.08103924042 0)
(3.413325642 0.01896075958 0)
(0.2710726867 0.08203445566 0)
(0.2207588034 0.06321249181 0)
(2.107405149 0.08135914302 0)
(2.892594851 0.01864085698 0)
(4.3106657 0.02331512958 0)
(0.6893343003 0.07668487042 0)
(4.970584109 0.02485783389 0)
(0.02941589101 0.07514216611 0)
(4.615473004 0.02246036062 0)
(0.384996656 0.07698442601 0)
(4.668305702 0.01999560819 0)
(4.497820528 0.08558775689 0)
(0.5021794721 0.01441224311 0)
(4.917653623 0.0729799034 0)
(0.08234637695 0.0270200966 0)
(1.030813323 0.02425224369 0)
(3.969186677 0.07574775631 0)
(3.217052597 0.08402050469 0)
(1.782947403 0.01597949531 0)
(3.659336918 0.01466994677 0)
(2.09851467 0.02194751048 0)
(2.90148533 0.07805248952 0)
(2.402729103 0.07599188771 0)
(2.115272892 0.09163801573 0)
(2.884727108 0.00836198427 0)
(4.559227151 0.05137928374 0)
(0.4407728492 0.04862071626 0)
(2.370781547 0.01921095825 0)
(2.584714418 0.04286195794 0)
(3.192503508 0.0115591622 0)
(1.807496492 0.0884408378 0)
(4.726781197 0.00825323068 0)
(4.730765719 0.01601323607 0)
(1.923739192 0.07144253234 0)
(3.076260808 0.02855746766 0)
(4.410051543 0.08282039614 0)
(0.5899484573 0.01717960386 0)
(0.8123597758 0.01101112377 0)
(4.187640224 0.08898887623 0)
(4.225110404 0.02235969907 0)
(0.7748895959 0.07764030093 0)
(1.041256763 0.09094904576 0)
(3.958743237 0.009050954235 0)
(0.007972428101 0.09257471316 0)
(4.992027572 0.007425286839 0)
(4.992240512 0.09300042395 0)
(0.007759488442 0.006999576047 0)
(1.253691052 0.08316984256 0)
(3.746308948 0.01683015744 0)
(4.259325931 0.04076077008 0)
(0.7406740689 0.05923922992 0)
(4.726900324 0.09183153456 0)
(0.2741093636 0.09158196493 0)
(3.958753505 0.0910534728 0)
(1.041246495 0.008946527201 0)
(2.884645764 0.09105191973 0)
(2.115354236 0.008948080268 0)
(1.11329481 0.08172516731 0)
(3.88670519 0.01827483269 0)
(0.1928047416 0.08173297628 0)
(1.341462919 0.01466860129 0)
(4.807195258 0.01826702372 0)
(1.301574915 0.07812643129 0)
(4.201552529 0.01765263209 0)
(0.798447471 0.08234736791 0)
(1.795278653 0.06260709174 0)
(3.204721347 0.03739290826 0)
(4.753951995 0.0768095283 0)
(3.461110457 0.02727787609 0)
(1.538934131 0.07275968141 0)
(1.57019434 0.008174723561 0)
(1.573336363 0.01664588045 0)
(3.42980566 0.09182527644 0)
(3.426663637 0.08335411955 0)
(2.073019376 0.07419720358 0)
(2.926980624 0.02580279642 0)
(4.342786166 0.06035085938 0)
(0.6572138341 0.03964914062 0)
(2.146192045 0.02589145541 0)
(2.853807955 0.07410854459 0)
(4.430288113 0.05840132867 0)
(0.5697118866 0.04159867133 0)
(0.01844290888 0.02371314386 0)
(4.981557091 0.07628685614 0)
(3.598925072 0.04671199639 0)
(3.430024762 0.009070682087 0)
(1.569975238 0.09092931791 0)
(3.411594521 0.008394548536 0)
(1.588405479 0.09160545146 0)
(0.3099663543 0.06844691039 0)
(4.69688674 0.07536989219 0)
(3.144060713 0.07893810577 0)
(1.855939287 0.02106189423 0)
(0.2471080442 0.01770742896 0)
(1.324575722 0.01830790698 0)
(2.698359868 0.02764675297 0)
(2.301641596 0.07234529654 0)
(2.433406165 0.01672769488 0)
(3.090840168 0.03811283526 0)
(1.909159832 0.06188716474 0)
(2.581343914 0.05978305111 0)
(4.752950327 0.01891169301 0)
(1.57886987 0.09060641075 0.001)
(3.42113013 0.009393589249 0.001)
(4.735757639 0.009304689824 0.001)
(0.2636691806 0.09005301125 0.001)
(2.893850429 0.008889129745 0.001)
(2.106149571 0.09111087026 0.001)
(3.948487167 0.08927061295 0.001)
(1.051512833 0.01072938705 0.001)
(0.7925960474 0.09008323963 0.001)
(4.207403953 0.009916760375 0.001)
(2.36514743 0.009660355858 0.001)
(2.634594826 0.089861388 0.001)
(0.5213883534 0.01064082455 0.001)
(4.478611647 0.08935917545 0.001)
(3.67998871 0.09128312598 0.001)
(1.320245321 0.09011300109 0.001)
(3.162781909 0.09122071184 0.001)
(1.837218091 0.008779288155 0.001)
(1.579879935 0.009530504088 0.001)
(3.420120065 0.09046949591 0.001)
(4.735603062 0.09056818907 0.001)
(0.2636320416 0.007584088001 0.001)
(2.105338841 0.01045650223 0.001)
(2.894661159 0.08954349777 0.001)
(3.94901064 0.01189716101 0.001)
(1.05098936 0.08810283899 0.001)
(0.7937615161 0.01061911676 0.001)
(4.206238484 0.08938088324 0.001)
(2.365786801 0.0911843069 0.001)
(2.634198806 0.008820997322 0.001)
(0.5226113041 0.09122959839 0.001)
(4.477388696 0.00877040161 0.001)
(3.678755364 0.01070849145 0.001)
(1.319883373 0.01043643134 0.001)
(3.151916017 0.01189383122 0.001)
(1.848083983 0.08810616878 0.001)
(3.979622241 0.08464151658 0.001)
(1.020377759 0.01535848342 0.001)
(2.862600505 0.0854835745 0.001)
(2.137399495 0.0145164255 0.001)
(4.707933681 0.08665498979 0.001)
(0.2959789988 0.08209210944 0.001)
(4.991010921 0.05499156873 0.001)
(0.008989079359 0.04500843127 0.001)
(1.547737398 0.08518895454 0.001)
(3.452262602 0.01481104546 0.001)
(1.60815471 0.01459552283 0.001)
(3.39184529 0.08540447717 0.001)
(0.2341206912 0.01551722297 0.001)
(4.761924331 0.01182586527 0.001)
(2.078491547 0.08691305277 0.001)
(2.921508453 0.01308694723 0.001)
(1.079136904 0.01424806749 0.001)
(3.920863096 0.08575193251 0.001)
(3.920854341 0.01480712695 0.001)
(1.079145659 0.08519287305 0.001)
(0.8218847155 0.08628777603 0.001)
(4.178115284 0.01371222397 0.001)
(2.668246163 0.08364320949 0.001)
(2.331907924 0.01625769523 0.001)
(0.7652522061 0.08370586932 0.001)
(4.234747794 0.01629413068 0.001)
(4.233954969 0.08598783761 0.001)
(0.7660450314 0.01401216239 0.001)
(2.392489374 0.01331288702 0.001)
(2.607772402 0.08595119288 0.001)
(2.606882312 0.01425780894 0.001)
(2.393354856 0.08655191649 0.001)
(4.511187779 0.08337872594 0.001)
(0.4888122206 0.01662127406 0.001)
(4.450683906 0.08695371608 0.001)
(0.549316094 0.01304628392 0.001)
(0.5495690624 0.08735350092 0.001)
(4.450430938 0.01264649908 0.001)
(1.349998484 0.08615325065 0.001)
(3.645780406 0.01689460302 0.001)
(3.707073428 0.08659379037 0.001)
(1.293339274 0.08730652474 0.001)
(3.706502695 0.01286955459 0.001)
(1.293497305 0.01286955459 0.001)
(1.802348753 0.01667533145 0.001)
(3.197651247 0.08332466855 0.001)
(3.137188009 0.08752615568 0.001)
(1.862811991 0.01247384432 0.001)
(1.822453285 0.08778790664 0.001)
(3.177546715 0.01221209336 0.001)
(2.921929561 0.08630005463 0.001)
(2.078070439 0.01369994537 0.001)
(4.764355605 0.0832271605 0.001)
(0.2358752812 0.08588479731 0.001)
(1.608389845 0.08578596605 0.001)
(3.391610155 0.01421403395 0.001)
(1.549391764 0.01416490606 0.001)
(3.450608236 0.08583509394 0.001)
(1.883052777 0.08247096559 0.001)
(3.116947223 0.01752903441 0.001)
(0.008770005551 0.06582834934 0.001)
(4.991229994 0.03417165066 0.001)
(4.705350672 0.01591634798 0.001)
(0.2957801781 0.01750454244 0.001)
(2.1371429 0.08531089836 0.001)
(2.8628571 0.01468910164 0.001)
(3.980796394 0.01572763339 0.001)
(1.019203606 0.08427236661 0.001)
(0.824599416 0.01607559676 0.001)
(4.175400584 0.08392440324 0.001)
(2.667142834 0.01571232001 0.001)
(2.332857166 0.08428767999 0.001)
(4.50817601 0.01429333412 0.001)
(0.4918239898 0.08570666588 0.001)
(3.648729251 0.08566606908 0.001)
(1.354296157 0.01745198832 0.001)
(4.992781078 0.07544992128 0.001)
(0.00721892227 0.02455007872 0.001)
(4.930921746 0.02900796742 0.001)
(0.06907825378 0.07099203258 0.001)
(3.756722657 0.07560208501 0.001)
(1.240685313 0.0251020344 0.001)
(4.398212421 0.02451737695 0.001)
(0.6017875787 0.07548262305 0.001)
(1.775720624 0.07313092993 0.001)
(3.224279376 0.02686907007 0.001)
(2.443676004 0.07562646129 0.001)
(2.556155358 0.02548474191 0.001)
(4.287064809 0.0745825082 0.001)
(0.7129351909 0.0254174918 0.001)
(1.911486053 0.02462393978 0.001)
(3.088513947 0.07537606022 0.001)
(4.964027474 0.08293750115 0.001)
(0.03597252613 0.01706249885 0.001)
(2.976876822 0.07347504968 0.001)
(2.023123178 0.02652495032 0.001)
(1.130963606 0.07490620864 0.001)
(3.869036394 0.02509379136 0.001)
(0.1802915778 0.02532278846 0.001)
(4.819708422 0.07467721154 0.001)
(3.335727819 0.02596953879 0.001)
(1.664272181 0.07403046121 0.001)
(3.507773582 0.07369092602 0.001)
(1.491098545 0.02663999543 0.001)
(2.804885973 0.02876664384 0.001)
(2.195114027 0.07123335616 0.001)
(4.039966959 0.07169304951 0.001)
(0.9600330407 0.02830695049 0.001)
(0.3542640785 0.06917293006 0.001)
(4.647291932 0.02845405626 0.001)
(4.115399065 0.02927159885 0.001)
(0.8846009355 0.07072840115 0.001)
(2.729129171 0.07098209695 0.001)
(2.270870829 0.02901790305 0.001)
(4.573955711 0.0715899773 0.001)
(0.4260442885 0.0284100227 0.001)
(3.581061086 0.02636613121 0.001)
(1.410424206 0.06633289564 0.001)
(4.980575034 0.01179662218 0.001)
(0.01942496562 0.08820337782 0.001)
(3.261227561 0.0721452021 0.001)
(1.738772439 0.0278547979 0.001)
(0.1077298284 0.02697284956 0.001)
(4.892270172 0.07302715044 0.001)
(3.05318164 0.03153191792 0.001)
(1.94681836 0.06846808208 0.001)
(3.792341741 0.03020376874 0.001)
(1.206530477 0.07303859291 0.001)
(2.478679806 0.03539282781 0.001)
(4.369860693 0.06696211098 0.001)
(0.6301393069 0.03303788902 0.001)
(2.559270634 0.0720049263 0.001)
(3.830934363 0.06917696632 0.001)
(1.169065637 0.03082303368 0.001)
(4.281987013 0.02733073067 0.001)
(0.7180129875 0.07266926933 0.001)
(4.850399942 0.03355248303 0.001)
(0.1496000581 0.06644751697 0.001)
(2.975823796 0.0260040815 0.001)
(2.024176204 0.0739959185 0.001)
(1.665488836 0.02647021385 0.001)
(3.334511164 0.07352978615 0.001)
(4.981716933 0.09004251828 0.001)
(0.01828306698 0.009957481723 0.001)
(1.492226418 0.07369092602 0.001)
(3.50886649 0.02666040757 0.001)
(0.02872951504 0.03183704422 0.001)
(0.04535166684 0.03562956963 0.001)
(0.0300434079 0.04834552536 0.001)
(4.971270485 0.06816295578 0.001)
(4.954648333 0.06437043037 0.001)
(4.969956592 0.05165447464 0.001)
(0.6028138882 0.03043789094 0.001)
(0.5792123842 0.03000688822 0.001)
(4.397186112 0.06956210906 0.001)
(4.420787616 0.06999311178 0.001)
(4.820433483 0.03252910485 0.001)
(4.794175399 0.03264191371 0.001)
(0.1795665169 0.06747089515 0.001)
(0.2054734344 0.06733504392 0.001)
(4.93876742 0.07959435049 0.001)
(0.06123257965 0.02040564951 0.001)
(1.242484271 0.06892823698 0.001)
(1.268626093 0.07379829466 0.001)
(3.75871244 0.02982800578 0.001)
(3.731663262 0.03149257422 0.001)
(0.3538461975 0.03176643913 0.001)
(4.646548129 0.06799680269 0.001)
(0.04464379744 0.07519258028 0.001)
(4.955356203 0.02480741972 0.001)
(4.794460351 0.07155203093 0.001)
(2.95049435 0.07267614514 0.001)
(2.04950565 0.02732385486 0.001)
(2.445434972 0.03083467981 0.001)
(2.420263003 0.0295009702 0.001)
(3.865651577 0.0731134354 0.001)
(3.892910755 0.07112851458 0.001)
(1.134348423 0.0268865646 0.001)
(1.107089245 0.02887148542 0.001)
(2.804113817 0.07348204642 0.001)
(2.195886183 0.02651795358 0.001)
(3.480091462 0.07296625364 0.001)
(1.519720559 0.02708889993 0.001)
(0.205787606 0.02849108245 0.001)
(0.3207331005 0.0215074053 0.001)
(0.3050758081 0.03613187184 0.001)
(0.2854625821 0.0319967133 0.001)
(0.2911144587 0.04868380316 0.001)
(0.274382135 0.04479519333 0.001)
(0.3100040262 0.05454426012 0.001)
(0.2795110629 0.06006385442 0.001)
(0.2634492395 0.05713400397 0.001)
(0.2583290269 0.04146902201 0.001)
(0.2476044762 0.05410888255 0.001)
(0.2426415436 0.03897607482 0.001)
(0.2533196103 0.02795819221 0.001)
(0.2528316292 0.07020284379 0.001)
(0.2313484081 0.05098773063 0.001)
(4.684675352 0.01733515291 0.001)
(4.697361742 0.03302362347 0.001)
(4.714876826 0.03025927149 0.001)
(4.708561329 0.04687343589 0.001)
(4.72514969 0.04390242209 0.001)
(4.690019962 0.05551854227 0.001)
(4.719289341 0.05934596397 0.001)
(4.735479121 0.05733653403 0.001)
(4.7413779 0.04159579272 0.001)
(4.751686175 0.05515020303 0.001)
(4.745561041 0.06825847211 0.001)
(4.757460182 0.04016966494 0.001)
(4.747617957 0.02867182165 0.001)
(4.768096496 0.05295593355 0.001)
(3.113479839 0.0737096333 0.001)
(3.099799103 0.05494353547 0.001)
(3.124134691 0.0529610759 0.001)
(1.886520161 0.0262903667 0.001)
(1.900200897 0.04505646453 0.001)
(1.875865309 0.0470389241 0.001)
(2.8327108 0.02800857872 0.001)
(2.1672892 0.07199142128 0.001)
(4.422267856 0.02587824139 0.001)
(0.5777321442 0.07412175861 0.001)
(2.947011446 0.02984426421 0.001)
(2.052988554 0.07015573579 0.001)
(1.267346868 0.02924521747 0.001)
(3.733312112 0.07452266585 0.001)
(0.7387436151 0.07704029762 0.001)
(0.7380310582 0.02715444325 0.001)
(4.261968942 0.07284555675 0.001)
(4.261256385 0.02295970238 0.001)
(4.932988007 0.05727826805 0.001)
(0.06701199339 0.04272173195 0.001)
(4.532499607 0.08144234561 0.001)
(4.51903995 0.06478717811 0.001)
(4.499589802 0.06917949823 0.001)
(4.505918658 0.05036038735 0.001)
(4.488824537 0.05202027414 0.001)
(4.529932569 0.04440581845 0.001)
(4.482045288 0.06700436385 0.001)
(4.473620708 0.05391793395 0.001)
(4.479103479 0.04008964219 0.001)
(4.464683472 0.04100704675 0.001)
(4.459188438 0.05622299323 0.001)
(4.470025714 0.02840096945 0.001)
(4.484586978 0.02673390615 0.001)
(4.449485825 0.04167376466 0.001)
(4.52974679 0.01997355411 0.001)
(4.55853437 0.02607647782 0.001)
(4.589674585 0.03978488577 0.001)
(4.486865143 0.08027969867 0.001)
(0.4675003933 0.01855765439 0.001)
(0.4809600497 0.03521282189 0.001)
(0.5004101982 0.03082050177 0.001)
(0.4940813418 0.04963961265 0.001)
(0.5111754629 0.04797972586 0.001)
(0.4700674308 0.05559418155 0.001)
(0.5179547121 0.03299563615 0.001)
(0.5263792917 0.04608206605 0.001)
(0.5208965215 0.05991035781 0.001)
(0.5353165281 0.05899295325 0.001)
(0.540811562 0.04377700677 0.001)
(0.5299742859 0.07159903055 0.001)
(0.515413022 0.07326609385 0.001)
(0.5505141747 0.05832623534 0.001)
(0.47025321 0.08002644589 0.001)
(0.4414656304 0.07392352218 0.001)
(0.4103254149 0.06021511423 0.001)
(0.5131348572 0.01972030133 0.001)
(1.522380692 0.06863617136 0.001)
(3.477775437 0.03141401916 0.001)
(2.698390137 0.06820897906 0.001)
(2.711720898 0.04551616413 0.001)
(2.686963812 0.04797392731 0.001)
(2.685280965 0.01651118608 0.001)
(2.30160089 0.03179582554 0.001)
(2.288278339 0.05448424443 0.001)
(2.313011719 0.05202224185 0.001)
(2.314719035 0.08348881392 0.001)
(0.9914693967 0.03107474808 0.001)
(0.9771963922 0.05434365749 0.001)
(1.002833851 0.05464068662 0.001)
(0.9466724784 0.05630484229 0.001)
(4.008530603 0.06892525192 0.001)
(4.022803608 0.04565634251 0.001)
(3.997166149 0.04535931338 0.001)
(4.053327522 0.04369515771 0.001)
(3.362198217 0.02774801204 0.001)
(1.637801783 0.07225198796 0.001)
(4.149198995 0.07794331197 0.001)
(4.164948565 0.06248574256 0.001)
(4.18583175 0.06599703357 0.001)
(4.180070389 0.04901361557 0.001)
(4.197130442 0.05253278234 0.001)
(4.159620247 0.04168105571 0.001)
(4.202662609 0.06655470615 0.001)
(4.211989642 0.05460451538 0.001)
(4.207435315 0.04046136808 0.001)
(4.221970796 0.04336348604 0.001)
(4.225212258 0.05878319768 0.001)
(4.217140993 0.02936289365 0.001)
(4.203295954 0.02767623364 0.001)
(4.23923155 0.04684591348 0.001)
(4.159450894 0.02035849329 0.001)
(4.194096169 0.08045967056 0.001)
(0.8508010045 0.02205668803 0.001)
(0.8350514349 0.03751425744 0.001)
(0.8141682501 0.03400296643 0.001)
(0.8199296106 0.05098638443 0.001)
(0.8028695584 0.04746721766 0.001)
(0.8403797532 0.05831894429 0.001)
(0.7973373909 0.03344529385 0.001)
(0.7880103578 0.04539548462 0.001)
(0.7925646855 0.05953863192 0.001)
(0.7780292039 0.05663651396 0.001)
(0.7747877421 0.04121680232 0.001)
(0.7828590071 0.07063710635 0.001)
(0.7967040456 0.07232376636 0.001)
(0.7607684495 0.05315408652 0.001)
(0.8405491063 0.07964150671 0.001)
(0.8059038305 0.01954032944 0.001)
(2.16414052 0.03060811244 0.001)
(2.83585948 0.06939188756 0.001)
(4.676747474 0.07584265373 0.001)
(0.3135567182 0.08309975194 0.001)
(1.380171342 0.02276664794 0.001)
(1.36414076 0.03891065601 0.001)
(1.342590323 0.03223099671 0.001)
(1.348333931 0.0516148559 0.001)
(1.330721189 0.0490906853 0.001)
(1.324780735 0.03175439755 0.001)
(1.315455316 0.04610499465 0.001)
(1.320428598 0.0605202103 0.001)
(1.305795264 0.05759925087 0.001)
(1.300982745 0.04315800213 0.001)
(1.369152994 0.05884863627 0.001)
(1.310667003 0.07125962221 0.001)
(1.290033314 0.05569419452 0.001)
(1.333128794 0.02101190928 0.001)
(1.324708517 0.07580711771 0.001)
(3.624245583 0.0188664112 0.001)
(3.637844598 0.03576676613 0.001)
(3.657556777 0.03131541805 0.001)
(3.650844291 0.05077167781 0.001)
(3.668442938 0.04842600992 0.001)
(3.62668116 0.05607979893 0.001)
(3.675318879 0.03350098904 0.001)
(3.683797315 0.04663291493 0.001)
(3.678328401 0.0605702168 0.001)
(3.692660111 0.05834290208 0.001)
(3.698429773 0.04412175864 0.001)
(3.68749519 0.07231466701 0.001)
(3.672877194 0.07365540848 0.001)
(3.708416134 0.05712701484 0.001)
(3.626852173 0.08012020956 0.001)
(3.599056081 0.07230652073 0.001)
(3.670431386 0.01998434429 0.001)
(0.9954293605 0.07898428423 0.001)
(4.00457064 0.02101571577 0.001)
(1.097993042 0.08401521591 0.001)
(1.086598664 0.06931025619 0.001)
(1.070028257 0.07188699955 0.001)
(1.075536213 0.05620322475 0.001)
(1.059491805 0.05917470482 0.001)
(1.06456818 0.0435808641 0.001)
(1.048607451 0.04600113549 0.001)
(1.043633469 0.06231280407 0.001)
(1.053613494 0.03229060739 0.001)
(1.038025821 0.03516064351 0.001)
(1.094221413 0.04888018643 0.001)
(3.902006958 0.01598478409 0.001)
(3.913401336 0.03068974381 0.001)
(3.929971743 0.02811300045 0.001)
(3.924463787 0.04379677525 0.001)
(3.940508195 0.04082529518 0.001)
(3.93543182 0.0564191359 0.001)
(3.951392549 0.05399886451 0.001)
(3.956366531 0.03768719593 0.001)
(3.946386506 0.06770939261 0.001)
(3.961974179 0.06483935649 0.001)
(3.905778587 0.05111981357 0.001)
(1.905684438 0.07993577711 0.001)
(3.094315562 0.02006422289 0.001)
(2.418712344 0.07457676577 0.001)
(2.579266275 0.02700435194 0.001)
(2.581222992 0.07783317359 0.001)
(2.567246976 0.04569847738 0.001)
(2.597732163 0.05132301039 0.001)
(1.769568257 0.02999039496 0.001)
(3.230431743 0.07000960504 0.001)
(1.637942541 0.03011701703 0.001)
(3.362057459 0.06988298297 0.001)
(1.799879546 0.07692337189 0.001)
(3.200120454 0.02307662811 0.001)
(1.415276248 0.0307590561 0.001)
(0.8842731137 0.02696249744 0.001)
(4.115726886 0.07303750256 0.001)
(2.256906461 0.05802338156 0.001)
(2.743093539 0.04197661844 0.001)
(1.699984162 0.0328669074 0.001)
(3.300015838 0.0671330926 0.001)
(1.45296862 0.03257850569 0.001)
(3.179922149 0.08120676151 0.001)
(3.1883869 0.06720711944 0.001)
(3.170840105 0.0670705524 0.001)
(3.178660167 0.0523490365 0.001)
(3.161151571 0.05364014853 0.001)
(3.168016953 0.03864568589 0.001)
(3.151447496 0.03970994357 0.001)
(3.196212467 0.05150354947 0.001)
(3.152873766 0.07014818384 0.001)
(1.820077851 0.01879323849 0.001)
(1.8116131 0.03279288056 0.001)
(1.829159895 0.0329294476 0.001)
(1.821339833 0.0476509635 0.001)
(1.838848429 0.04635985147 0.001)
(1.831983047 0.06135431411 0.001)
(1.848552504 0.06029005643 0.001)
(1.803787533 0.04849645053 0.001)
(1.847126234 0.02985181616 0.001)
(0.7260601418 0.04633960051 0.001)
(4.273939858 0.05366039949 0.001)
(0.6354980368 0.06673661649 0.001)
(0.6684467472 0.06422181278 0.001)
(4.364501963 0.03326338351 0.001)
(4.331553253 0.03577818722 0.001)
(1.693886326 0.06863742461 0.001)
(3.306113674 0.03136257539 0.001)
(1.947786189 0.03269239471 0.001)
(3.052213811 0.06730760529 0.001)
(3.544518831 0.03253124466 0.001)
(3.011496317 0.06654364195 0.001)
(1.988503683 0.03345635805 0.001)
(2.519125666 0.03374779147 0.001)
(2.525231129 0.07258890604 0.001)
(3.131690371 0.0173914895 0.001)
(1.868309629 0.0826085105 0.001)
(2.349708249 0.08256832064 0.001)
(2.341915942 0.06966463199 0.001)
(2.358236316 0.06937696269 0.001)
(2.350936185 0.05591715165 0.001)
(2.367276409 0.05682765551 0.001)
(2.359979569 0.04231295062 0.001)
(2.376292898 0.04274633634 0.001)
(2.383440116 0.05786276112 0.001)
(2.344106667 0.04115609835 0.001)
(2.353050715 0.02864492662 0.001)
(2.393197864 0.04279285328 0.001)
(2.650274959 0.01743786762 0.001)
(2.658070817 0.03027548306 0.001)
(2.641759996 0.03046940443 0.001)
(2.649022053 0.04403881741 0.001)
(2.632951512 0.04328031405 0.001)
(2.640461437 0.05776237816 0.001)
(2.655985911 0.05827283662 0.001)
(2.647540452 0.0701063342 0.001)
(2.633446109 0.06973982738 0.001)
(2.62569552 0.02785226841 0.001)
(2.614568008 0.04273282793 0.001)
(1.746432911 0.07571607116 0.001)
(3.253567089 0.02428392884 0.001)
(0.0971316488 0.07513590915 0.001)
(4.902868351 0.02486409085 0.001)
(0.2784386404 0.01768595559 0.001)
(3.967358138 0.01573546488 0.001)
(1.032641862 0.08426453512 0.001)
(2.121361769 0.08343076216 0.001)
(2.128931186 0.07106669253 0.001)
(2.113293015 0.07070749557 0.001)
(2.11997325 0.05737734266 0.001)
(2.104381797 0.0585149817 0.001)
(2.110730514 0.04432956161 0.001)
(2.095047657 0.04492990848 0.001)
(2.136453069 0.05618348675 0.001)
(2.086584944 0.061936121 0.001)
(2.101871349 0.03148498455 0.001)
(2.07791065 0.04477187233 0.001)
(2.116651574 0.03047340776 0.001)
(2.878638231 0.01656923784 0.001)
(2.871068814 0.02893330747 0.001)
(2.886706985 0.02929250443 0.001)
(2.88002675 0.04262265734 0.001)
(2.895618203 0.0414850183 0.001)
(2.889269486 0.05567043839 0.001)
(2.904952343 0.05507009152 0.001)
(2.863546931 0.04381651325 0.001)
(2.913415056 0.038063879 0.001)
(2.898128651 0.06851501545 0.001)
(2.92208935 0.05522812767 0.001)
(2.883348426 0.06952659224 0.001)
(2.367724399 0.02958103341 0.001)
(4.720626007 0.01624311946 0.001)
(1.369152192 0.07975231354 0.001)
(3.126495828 0.0331997948 0.001)
(1.873504172 0.0668002052 0.001)
(3.790193058 0.07440233988 0.001)
(1.206975747 0.02551667194 0.001)
(4.318426586 0.07154834435 0.001)
(0.6815734135 0.02845165565 0.001)
(2.474768871 0.07258890604 0.001)
(3.004961141 0.03133026042 0.001)
(1.995038859 0.06866973958 0.001)
(1.563711916 0.01557351878 0.001)
(1.557068712 0.02796434142 0.001)
(1.571333495 0.02718921847 0.001)
(1.565545041 0.04112219321 0.001)
(1.581155485 0.03941491315 0.001)
(1.57459575 0.05418872843 0.001)
(1.590598383 0.05303812458 0.001)
(1.558914956 0.05520035942 0.001)
(1.567601292 0.06863707386 0.001)
(1.598279623 0.03827310729 0.001)
(1.608211176 0.05405512464 0.001)
(1.586451829 0.02223652207 0.001)
(1.584041584 0.06759379881 0.001)
(3.436288084 0.08442648122 0.001)
(3.442931288 0.07203565858 0.001)
(3.428666505 0.07281078153 0.001)
(3.434454959 0.05887780679 0.001)
(3.418844515 0.06058508685 0.001)
(3.42540425 0.04581127157 0.001)
(3.409401617 0.04696187542 0.001)
(3.441085044 0.04479964058 0.001)
(3.432398708 0.03136292614 0.001)
(3.401720377 0.06172689271 0.001)
(3.391788824 0.04594487536 0.001)
(3.413548171 0.07776347793 0.001)
(3.415958416 0.03240620119 0.001)
(1.596187157 0.08553401973 0.001)
(1.598698123 0.07070439052 0.001)
(3.403812843 0.01446598027 0.001)
(3.401301877 0.02929560948 0.001)
(1.033327509 0.01442685297 0.001)
(3.966672491 0.08557314703 0.001)
(4.73095603 0.02619194319 0.001)
(2.877327948 0.08280099693 0.001)
(2.122672052 0.01719900307 0.001)
(0.2815621756 0.08582235774 0.001)
(4.720773278 0.08453375256 0.001)
(1.169206056 0.06826639834 0.001)
(3.831996292 0.03096103815 0.001)
(0.2508139367 0.08625910383 0.001)
(4.748960304 0.08741363917 0.001)
(2.092811749 0.01215800012 0.001)
(2.087749909 0.02809175412 0.001)
(2.907188251 0.08784199988 0.001)
(2.912250091 0.07190824588 0.001)
(1.841367505 0.07502335877 0.001)
(3.158632495 0.02497664123 0.001)
(1.335414996 0.06370939693 0.001)
(3.437755508 0.01788443526 0.001)
(1.562244492 0.08211556474 0.001)
(3.66784322 0.08676778865 0.001)
(1.3326439 0.08917382055 0.001)
(2.624831394 0.05724931914 0.001)
(2.618245956 0.07286607827 0.001)
(4.611971703 0.07005031948 0.001)
(0.3916240024 0.02973808003 0.001)
(4.489504337 0.01333200272 0.001)
(0.5104956632 0.08666799728 0.001)
(2.354585272 0.009618201205 0.001)
(2.645602188 0.0904125215 0.001)
(4.193971439 0.01052939744 0.001)
(0.8060285611 0.08947060256 0.001)
(0.04851252992 0.05490772482 0.001)
(4.95148747 0.04509227518 0.001)
(0.2686760537 0.03064297794 0.001)
(1.461547318 0.06843165647 0.001)
(1.120144608 0.04985487388 0.001)
(3.879855392 0.05014512612 0.001)
(2.094965381 0.08659589411 0.001)
(2.905034619 0.01340410589 0.001)
(3.539484261 0.0688466919 0.001)
(4.72935787 0.07236191865 0.001)
(0.5057277329 0.06237583126 0.001)
(4.494272267 0.03762416874 0.001)
(3.935215488 0.08648131979 0.001)
(1.064784512 0.01351868021 0.001)
(3.935545388 0.01342239998 0.001)
(3.944835635 0.02624829405 0.001)
(1.064454612 0.08657760002 0.001)
(1.055164365 0.07375170595 0.001)
(3.662806104 0.06283954689 0.001)
(1.592357894 0.01143169096 0.001)
(3.407642106 0.08856830904 0.001)
(4.19288038 0.03720649783 0.001)
(0.8071196201 0.06279350217 0.001)
(4.854992859 0.06896015925 0.001)
(0.145007141 0.03103984075 0.001)
(2.962286752 0.05075364041 0.001)
(2.037713248 0.04924635959 0.001)
(0.2548892402 0.009158275715 0.001)
(4.748095725 0.009704856761 0.001)
(0.7792715562 0.08701439997 0.001)
(4.220728444 0.01298560003 0.001)
(4.219884252 0.08745650405 0.001)
(0.7801157483 0.01254349595 0.001)
(2.621381679 0.08701561757 0.001)
(2.377914969 0.01110303085 0.001)
(2.382739568 0.02623586379 0.001)
(2.621381679 0.01298438243 0.001)
(2.378618321 0.08701561757 0.001)
(2.767289794 0.06652483646 0.001)
(2.232710206 0.03347516354 0.001)
(3.713822465 0.04055408678 0.001)
(1.06912021 0.02768762171 0.001)
(3.93087979 0.07231237829 0.001)
(4.077857139 0.06683855357 0.001)
(0.9221428614 0.03316144643 0.001)
(0.5356636126 0.01276429754 0.001)
(0.5426747889 0.02704845256 0.001)
(4.464336387 0.08723570246 0.001)
(4.457325211 0.07295154744 0.001)
(0.5338324377 0.08659261728 0.001)
(4.466167562 0.01340738272 0.001)
(3.348070969 0.04904365398 0.001)
(1.651929031 0.05095634602 0.001)
(3.692990024 0.01262183124 0.001)
(3.699770787 0.02655666233 0.001)
(3.684355332 0.02266218659 0.001)
(1.307515277 0.08839100553 0.001)
(3.691943212 0.08618578531 0.001)
(1.307199409 0.01241180829 0.001)
(1.299628214 0.02710541772 0.001)
(1.31484176 0.02222350418 0.001)
(0.5269759052 0.02258166109 0.001)
(4.473024095 0.07741833891 0.001)
(2.373615556 0.07041834648 0.001)
(3.143819569 0.05536582659 0.001)
(3.136137101 0.07110035572 0.001)
(1.856180431 0.04463417341 0.001)
(1.863862899 0.02889964428 0.001)
(2.404005874 0.05962076928 0.001)
(0.5551106484 0.04197784763 0.001)
(4.444889352 0.05802215237 0.001)
(3.151865613 0.08649628226 0.001)
(1.848134387 0.01350371774 0.001)
(1.83547208 0.08770996838 0.001)
(3.16452792 0.01229003162 0.001)
(4.135294372 0.05268150917 0.001)
(0.8647056282 0.04731849083 0.001)
(3.450501708 0.05783775067 0.001)
(3.45837029 0.04249445142 0.001)
(1.549498292 0.04216224933 0.001)
(1.541749755 0.05768348328 0.001)
(1.391787363 0.04741224497 0.001)
(0.3320105766 0.04399806604 0.001)
(3.971256559 0.02916097727 0.001)
(1.028743441 0.07083902273 0.001)
(1.284152337 0.03975233873 0.001)
(2.873425154 0.05712095063 0.001)
(2.855488849 0.0596804355 0.001)
(2.126574846 0.04287904937 0.001)
(2.144511151 0.0403195645 0.001)
(1.27167302 0.05408194986 0.001)
(3.492282547 0.05051504276 0.001)
(1.507714555 0.04951912699 0.001)
(3.968222757 0.05093622043 0.001)
(3.98105731 0.06466620778 0.001)
(1.031777243 0.04906377957 0.001)
(1.01894269 0.03533379222 0.001)
(1.338536774 0.07680385317 0.001)
(0.7896299861 0.02255469435 0.001)
(0.7755905611 0.02620582591 0.001)
(0.7598747422 0.03117672388 0.001)
(4.210370014 0.07744530565 0.001)
(4.224409439 0.07379417409 0.001)
(4.240125258 0.06882327612 0.001)
(3.745484707 0.05342984577 0.001)
(4.677419535 0.03560629045 0.001)
(4.6691937 0.05671764034 0.001)
(3.617312796 0.03753457504 0.001)
(0.2683529262 0.07043108784 0.001)
(4.539529371 0.06263135439 0.001)
(0.4604706293 0.03736864561 0.001)
(2.070026613 0.05934597876 0.001)
(2.929973387 0.04065402124 0.001)
(2.666691415 0.04604575353 0.001)
(3.186313389 0.03677621022 0.001)
(1.813686611 0.06322378978 0.001)
(3.425002818 0.02023242194 0.001)
(1.574997182 0.07976757806 0.001)
(1.087446754 0.02939849728 0.001)
(3.912553246 0.07060150272 0.001)
(4.176473445 0.03072735041 0.001)
(0.8235265548 0.06927264959 0.001)
(2.428069855 0.05247179311 0.001)
(2.098594728 0.07217412972 0.001)
(2.901405272 0.02782587028 0.001)
(4.190393405 0.02270811978 0.001)
(0.8096065954 0.07729188022 0.001)
(1.61478195 0.03279055935 0.001)
(3.38521805 0.06720944065 0.001)
(0.5670268463 0.0569708444 0.001)
(4.432973154 0.0430291556 0.001)
(4.761170705 0.06780491102 0.001)
(2.542929792 0.0493548565 0.001)
(2.940370459 0.05433103891 0.001)
(2.059629541 0.04566896109 0.001)
(2.820104923 0.04975195856 0.001)
(2.179895077 0.05024804144 0.001)
(4.300606203 0.04770254992 0.001)
(0.6993937969 0.05229745008 0.001)
(3.075248672 0.05057325341 0.001)
(1.924751328 0.04942674659 0.001)
(4.51099253 0.0316946107 0.001)
(0.4890074699 0.0683053893 0.001)
(2.598388301 0.07016649228 0.001)
(4.991414217 0.01531189235 0.001)
(4.983338861 0.0249956877 0.001)
(0.008585783274 0.08468810765 0.001)
(0.01666113909 0.0750043123 0.001)
(1.79315096 0.03323175014 0.001)
(1.783318949 0.05126091658 0.001)
(3.20684904 0.06676824986 0.001)
(3.216681051 0.04873908342 0.001)
(2.325753145 0.0343987196 0.001)
(0.008662983619 0.01502247885 0.001)
(4.991337016 0.08497752115 0.001)
(3.89359804 0.0332824405 0.001)
(1.10640196 0.0667175595 0.001)
(0.295204604 0.06447558157 0.001)
(4.991253051 0.06531839883 0.001)
(0.008746948692 0.03468160117 0.001)
(0.008752661049 0.0550278927 0.001)
(0.02034869662 0.06128733033 0.001)
(4.991247339 0.0449721073 0.001)
(4.979651303 0.03871266967 0.001)
(4.703809737 0.06243930749 0.001)
(4.082720944 0.02941555868 0.001)
(0.9172790555 0.07058444132 0.001)
(2.674545082 0.06558236981 0.001)
(0.2363099391 0.06859329012 0.001)
(3.659759877 0.07520217398 0.001)
(2.388871478 0.07232496326 0.001)
(3.458209754 0.07167902338 0.001)
(1.541790246 0.02832097662 0.001)
(0.3265042229 0.06530481727 0.001)
(1.627891629 0.0519083251 0.001)
(3.372108371 0.0480916749 0.001)
(2.227322539 0.0707669066 0.001)
(2.772677461 0.0292330934 0.001)
(2.411515307 0.04382895904 0.001)
(1.757732108 0.0505222468 0.001)
(3.242267892 0.0494777532 0.001)
(2.14488935 0.07065222576 0.001)
(2.85511065 0.02934777424 0.001)
(3.988650141 0.03026675145 0.001)
(1.011349859 0.06973324855 0.001)
(3.688620292 0.03457639578 0.001)
(3.645945476 0.06844657938 0.001)
(4.440052148 0.07232300684 0.001)
(0.5599478518 0.02767699316 0.001)
(1.286076683 0.07203915539 0.001)
(3.382501184 0.02999334181 0.001)
(1.617498816 0.07000665819 0.001)
(0.01919096346 0.04001874731 0.001)
(4.980809037 0.05998125269 0.001)
(0.5426125638 0.07372346632 0.001)
(4.457387436 0.02627653368 0.001)
(4.254368049 0.05634498632 0.001)
(0.7456319507 0.04365501368 0.001)
(2.93067778 0.07105740866 0.001)
(2.06932222 0.02894259134 0.001)
(3.469538533 0.0544844235 0.001)
(1.530475683 0.04556848459 0.001)
(3.700950711 0.07110233964 0.001)
(2.109362206 0.02067157008 0.001)
(2.890637794 0.07932842992 0.001)
(1.331295898 0.01046601969 0.001)
(4.497506424 0.02473560449 0.001)
(0.5024935756 0.07526439551 0.001)
(4.806968276 0.05240547454 0.001)
(0.9671943682 0.07800719595 0.001)
(4.032805632 0.02199280405 0.001)
(0.1917433065 0.04725011599 0.001)
(4.468116993 0.06607257113 0.001)
(0.5318830066 0.03392742887 0.001)
(2.610753164 0.0588675456 0.001)
(2.598196096 0.03099662021 0.001)
(3.447351343 0.02999674351 0.001)
(1.552668665 0.07003291228 0.001)
(1.857295593 0.07441430108 0.001)
(3.142704407 0.02558569892 0.001)
(4.713565502 0.07307655201 0.001)
(1.310586692 0.03395153275 0.001)
(1.351147484 0.06896131412 0.001)
(4.775045706 0.03691213031 0.001)
(3.714906243 0.0257706147 0.001)
(2.333551294 0.0537517883 0.001)
(0.7689765588 0.06805038513 0.001)
(4.231023441 0.03194961487 0.001)
(2.5 0.05695800682 0.001)
(2.401197109 0.02817869836 0.001)
(3.108576695 0.03642569686 0.001)
(1.891423305 0.06357430314 0.001)
(2.843803605 0.04666619131 0.001)
(2.156196395 0.05333380869 0.001)
(3.772829188 0.05295189733 0.001)
(1.28575489 0.02540809222 0.001)
(3.66783053 0.008716448502 0.001)
(4.965330246 0.03701325021 0.001)
(0.034669754 0.06298674979 0.001)
(4.441500204 0.02710943959 0.001)
(0.5584997962 0.07289056041 0.001)
(0.8051822744 0.008428568889 0.001)
(4.194817726 0.09157143111 0.001)
(1.249447147 0.04566053757 0.001)
(0.5105684139 0.00858598876 0.001)
(4.489431586 0.09141401124 0.001)
(1.827818515 0.07534237612 0.001)
(3.172181485 0.02465762388 0.001)
(3.569965539 0.05736971111 0.001)
(0.2268740319 0.03177518282 0.001)
(2.086331195 0.07636328023 0.001)
(2.913668805 0.02363671977 0.001)
(4.74011969 0.08037060012 0.001)
(0.2605425531 0.07990821471 0.001)
(2.131129516 0.02859093292 0.001)
(2.868870484 0.07140906708 0.001)
(0.2169221844 0.08101809761 0.001)
(2.67671072 0.03167473536 0.001)
(2.323323447 0.06828090231 0.001)
(4.621332226 0.04406286107 0.001)
(0.3794600661 0.05553408574 0.001)
(2.721189009 0.02420450495 0.001)
(2.278810838 0.07579557676 0.001)
(3.46640992 0.08528764919 0.001)
(1.532381407 0.01391495652 0.001)
(2.640995737 0.08051769483 0.001)
(2.986288966 0.04962133479 0.001)
(2.013711034 0.05037866521 0.001)
(2.846396534 0.01530346672 0.001)
(2.153603466 0.08469653328 0.001)
(3.920314207 0.0580424084 0.001)
(1.079685793 0.0419575916 0.001)
(4.781317612 0.01660028511 0.001)
(3.324887893 0.04940772938 0.001)
(1.675112107 0.05059227062 0.001)
(3.374445022 0.01439107756 0.001)
(1.625554978 0.08560892244 0.001)
(3.724967048 0.05554538668 0.001)
(0.8592784365 0.07120146859 0.001)
(4.140721563 0.02879853141 0.001)
(2.938414893 0.08600672168 0.001)
(2.061585107 0.01399327832 0.001)
(1.223005225 0.04741263138 0.001)
(3.904573043 0.085253969 0.001)
(1.095426957 0.014746031 0.001)
(4.212087229 0.01982039935 0.001)
(0.7879127708 0.08017960065 0.001)
(1.599594326 0.02492335603 0.001)
(3.400405674 0.07507664397 0.001)
(0.2825542148 0.07384579862 0.001)
(2.360381372 0.01947450732 0.001)
(1.274493408 0.08605230289 0.001)
(3.715602912 0.07293746329 0.001)
(3.943587165 0.07913244645 0.001)
(1.056412835 0.02086755355 0.001)
(2.660212736 0.07189335627 0.001)
(4.74109402 0.0182542921 0.001)
(2.454125902 0.05338293361 0.001)
(4.760673024 0.02697494356 0.001)
(1.862782469 0.05732704051 0.001)
(3.137217531 0.04267295949 0.001)
(0.569909845 0.01465162819 0.001)
(4.430090155 0.08534837181 0.001)
(4.993196614 0.02490669435 0.001)
(0.006803385584 0.07509330565 0.001)
(0.5653670571 0.08687316399 0.001)
(4.434632943 0.01312683601 0.001)
(1.278365282 0.01350457286 0.001)
(2.412709366 0.01472071402 0.001)
(3.7256923 0.01449381682 0.001)
(2.611958672 0.02667961551 0.001)
(1.042217739 0.07850448414 0.001)
(3.957782261 0.02149551586 0.001)
(3.854541145 0.0489651257 0.001)
(1.145630619 0.05092450808 0.001)
(2.629821979 0.0803212485 0.001)
(4.781350296 0.08454935912 0.001)
(3.808091605 0.05377028555 0.001)
(1.194956628 0.04901146565 0.001)
(3.164676468 0.08014265606 0.001)
(1.835323532 0.01985734394 0.001)
(1.81421675 0.07762064453 0.001)
(3.18578325 0.02237935547 0.001)
(1.47926563 0.05008777659 0.001)
(0.2628285164 0.01703896519 0.001)
(3.520579387 0.05022901152 0.001)
(0.03419232379 0.0871825734 0.001)
(4.965807676 0.0128174266 0.001)
(0.6123673972 0.05163329687 0.001)
(0.5872617021 0.05136078324 0.001)
(4.387632603 0.04836670313 0.001)
(4.412738298 0.04863921676 0.001)
(2.340066618 0.02770974059 0.001)
(4.786118999 0.05114984401 0.001)
(0.1187692569 0.05421929118 0.001)
(4.881230743 0.04578070882 0.001)
(0.7850712076 0.03376362021 0.001)
(4.214928792 0.06623637979 0.001)
(0.2185294212 0.01515669765 0.001)
(1.298829436 0.06694373086 0.001)
(4.476827561 0.01905319858 0.001)
(0.523172439 0.08094680142 0.001)
(0.7502223677 0.01446866591 0.001)
(4.249777632 0.08553133409 0.001)
(4.249634194 0.01376890305 0.001)
(0.750365806 0.08623109695 0.001)
(1.876971994 0.012950665 0.001)
(3.123028006 0.087049335 0.001)
(3.277612144 0.04285901367 0.001)
(1.722387856 0.05714098633 0.001)
(3.467541717 0.01497294869 0.001)
(1.532474214 0.08503217279 0.001)
(2.062659577 0.08562592411 0.001)
(2.937340423 0.01437407589 0.001)
(1.31529805 0.0806614575 0.001)
(2.685422566 0.08348691167 0.001)
(2.314666102 0.01649044807 0.001)
(1.004329713 0.01635340474 0.001)
(3.995670287 0.08364659526 0.001)
(0.2727627242 0.00849806435 0.001)
(0.213740051 0.04812829676 0.001)
(2.153779541 0.01542224167 0.001)
(2.846220459 0.08457775833 0.001)
(2.364755491 0.0801891543 0.001)
(0.2408127842 0.02638682036 0.001)
(2.408700961 0.08688502376 0.001)
(2.591101978 0.01445175622 0.001)
(2.592206439 0.08659802609 0.001)
(2.790809077 0.0498366311 0.001)
(2.209190923 0.0501633689 0.001)
(4.730717117 0.08361155572 0.001)
(1.624992729 0.01550061984 0.001)
(3.375007271 0.08449938016 0.001)
(3.956607166 0.07901855368 0.001)
(1.043392834 0.02098144632 0.001)
(2.635136513 0.01972077026 0.001)
(2.654311617 0.0820963489 0.001)
(4.100777679 0.0500859623 0.001)
(0.8992223208 0.0499140377 0.001)
(4.982548082 0.05 0.001)
(0.01745191782 0.05 0.001)
(3.173224955 0.09073999055 0.001)
(1.826775045 0.009260009446 0.001)
(2.34599356 0.01779440297 0.001)
(1.387295094 0.07046921808 0.001)
(1.019737492 0.05724921592 0.001)
(3.980262508 0.04275078408 0.001)
(3.722152221 0.0868107839 0.001)
(1.969983587 0.05456616095 0.001)
(3.030016413 0.04543383905 0.001)
(0.2438095286 0.0774941994 0.001)
(3.680888561 0.08089520284 0.001)
(4.245936743 0.02988229892 0.001)
(0.7540632573 0.07011770108 0.001)
(1.436597876 0.05570011866 0.001)
(3.60502447 0.02377633596 0.001)
(0.1666657757 0.04703223431 0.001)
(4.833267147 0.05294983516 0.001)
(4.910109001 0.04953177802 0.001)
(0.08989099936 0.05046822198 0.001)
(2.356791088 0.09078835637 0.001)
(2.644092406 0.008554740622 0.001)
(4.775925409 0.06853987319 0.001)
(3.140820014 0.0101322588 0.001)
(1.859179986 0.0898677412 0.001)
(4.551362207 0.07626999485 0.001)
(0.4486377927 0.02373000515 0.001)
(1.586674358 0.08103924042 0.001)
(3.413325642 0.01896075958 0.001)
(0.2710726867 0.08203445566 0.001)
(0.2207588034 0.06321249181 0.001)
(2.107405149 0.08135914302 0.001)
(2.892594851 0.01864085698 0.001)
(4.3106657 0.02331512958 0.001)
(0.6893343003 0.07668487042 0.001)
(4.970584109 0.02485783389 0.001)
(0.02941589101 0.07514216611 0.001)
(4.615473004 0.02246036062 0.001)
(0.384996656 0.07698442601 0.001)
(4.668305702 0.01999560819 0.001)
(4.497820528 0.08558775689 0.001)
(0.5021794721 0.01441224311 0.001)
(4.917653623 0.0729799034 0.001)
(0.08234637695 0.0270200966 0.001)
(1.030813323 0.02425224369 0.001)
(3.969186677 0.07574775631 0.001)
(3.217052597 0.08402050469 0.001)
(1.782947403 0.01597949531 0.001)
(3.659336918 0.01466994677 0.001)
(2.09851467 0.02194751048 0.001)
(2.90148533 0.07805248952 0.001)
(2.402729103 0.07599188771 0.001)
(2.115272892 0.09163801573 0.001)
(2.884727108 0.00836198427 0.001)
(4.559227151 0.05137928374 0.001)
(0.4407728492 0.04862071626 0.001)
(2.370781547 0.01921095825 0.001)
(2.584714418 0.04286195794 0.001)
(3.192503508 0.0115591622 0.001)
(1.807496492 0.0884408378 0.001)
(4.726781197 0.00825323068 0.001)
(4.730765719 0.01601323607 0.001)
(1.923739192 0.07144253234 0.001)
(3.076260808 0.02855746766 0.001)
(4.410051543 0.08282039614 0.001)
(0.5899484573 0.01717960386 0.001)
(0.8123597758 0.01101112377 0.001)
(4.187640224 0.08898887623 0.001)
(4.225110404 0.02235969907 0.001)
(0.7748895959 0.07764030093 0.001)
(1.041256763 0.09094904576 0.001)
(3.958743237 0.009050954235 0.001)
(0.007972428101 0.09257471316 0.001)
(4.992027572 0.007425286839 0.001)
(4.992240512 0.09300042395 0.001)
(0.007759488442 0.006999576047 0.001)
(1.253691052 0.08316984256 0.001)
(3.746308948 0.01683015744 0.001)
(4.259325931 0.04076077008 0.001)
(0.7406740689 0.05923922992 0.001)
(4.726900324 0.09183153456 0.001)
(0.2741093636 0.09158196493 0.001)
(3.958753505 0.0910534728 0.001)
(1.041246495 0.008946527201 0.001)
(2.884645764 0.09105191973 0.001)
(2.115354236 0.008948080268 0.001)
(1.11329481 0.08172516731 0.001)
(3.88670519 0.01827483269 0.001)
(0.1928047416 0.08173297628 0.001)
(1.341462919 0.01466860129 0.001)
(4.807195258 0.01826702372 0.001)
(1.301574915 0.07812643129 0.001)
(4.201552529 0.01765263209 0.001)
(0.798447471 0.08234736791 0.001)
(1.795278653 0.06260709174 0.001)
(3.204721347 0.03739290826 0.001)
(4.753951995 0.0768095283 0.001)
(3.461110457 0.02727787609 0.001)
(1.538934131 0.07275968141 0.001)
(1.57019434 0.008174723561 0.001)
(1.573336363 0.01664588045 0.001)
(3.42980566 0.09182527644 0.001)
(3.426663637 0.08335411955 0.001)
(2.073019376 0.07419720358 0.001)
(2.926980624 0.02580279642 0.001)
(4.342786166 0.06035085938 0.001)
(0.6572138341 0.03964914062 0.001)
(2.146192045 0.02589145541 0.001)
(2.853807955 0.07410854459 0.001)
(4.430288113 0.05840132867 0.001)
(0.5697118866 0.04159867133 0.001)
(0.01844290888 0.02371314386 0.001)
(4.981557091 0.07628685614 0.001)
(3.598925072 0.04671199639 0.001)
(3.430024762 0.009070682087 0.001)
(1.569975238 0.09092931791 0.001)
(3.411594521 0.008394548536 0.001)
(1.588405479 0.09160545146 0.001)
(0.3099663543 0.06844691039 0.001)
(4.69688674 0.07536989219 0.001)
(3.144060713 0.07893810577 0.001)
(1.855939287 0.02106189423 0.001)
(0.2471080442 0.01770742896 0.001)
(1.324575722 0.01830790698 0.001)
(2.698359868 0.02764675297 0.001)
(2.301641596 0.07234529654 0.001)
(2.433406165 0.01672769488 0.001)
(3.090840168 0.03811283526 0.001)
(1.909159832 0.06188716474 0.001)
(2.581343914 0.05978305111 0.001)
(4.752950327 0.01891169301 0.001)
)


// ************************************************************************* //
