/*--------------------------------*- C++ -*----------------------------------*\
| =========                 |                                                 |
| \\      /  F ield         | OpenFOAM: The Open Source CFD Toolbox           |
|  \\    /   O peration     | Version:  2412                                  |
|   \\  /    A nd           | Website:  www.openfoam.com                      |
|    \\/     M anipulation  |                                                 |
\*---------------------------------------------------------------------------*/
FoamFile
{
    version     2.0;
    format      ascii;
    arch        "LSB;label=32;scalar=64";
    note        "nPoints:384  nCells:332  nFaces:1187  nInternalFaces:473";
    class       labelList;
    location    "constant/polyMesh";
    object      neighbour;
}
// * * * * * * * * * * * * * * * * * * * * * * * * * * * * * * * * * * * * * //


473
(
2
87
121
6
65
187
163
281
11
161
280
14
32
199
12
99
218
153
231
23
57
69
21
52
127
10
37
137
78
282
110
279
133
247
25
158
263
121
275
58
244
22
31
114
26
30
182
48
97
101
33
35
60
27
105
185
32
242
84
161
40
204
38
43
199
245
253
83
163
77
145
61
76
101
37
71
223
57
55
79
214
229
72
213
237
63
197
45
181
248
194
69
81
59
96
109
81
105
51
55
89
74
88
95
67
79
75
88
154
96
295
85
117
294
73
313
144
205
62
159
185
70
318
68
198
64
103
134
313
138
318
70
66
67
116
73
159
255
75
95
136
216
74
144
196
325
113
188
66
79
246
287
115
80
71
231
182
327
157
85
133
317
190
126
108
151
112
159
99
276
81
100
129
172
251
316
315
142
90
91
141
182
199
131
114
157
104
123
111
115
104
162
203
102
113
228
118
120
143
160
304
252
292
100
116
151
260
152
107
122
192
166
291
166
152
124
126
149
145
219
145
152
125
272
114
243
116
132
219
284
215
166
236
288
146
283
135
156
193
123
162
268
188
212
164
156
191
126
186
209
309
136
187
250
203
296
135
142
147
132
141
190
183
264
274
207
188
157
243
265
302
143
150
184
141
154
164
183
165
160
150
158
186
236
194
230
282
154
155
195
190
198
314
165
189
186
167
304
321
269
322
165
197
229
226
252
214
258
172
208
176
294
178
209
256
202
247
180
245
177
288
181
180
181
227
297
206
189
200
204
212
191
217
220
223
217
232
220
197
215
244
274
327
215
238
202
249
218
291
317
226
312
207
260
230
235
296
235
214
241
220
228
232
221
247
258
289
238
301
292
223
231
284
285
249
267
268
286
273
273
295
238
253
232
267
280
268
281
272
294
280
320
281
319
253
306
256
275
298
290
306
250
293
272
288
311
289
269
297
305
293
299
284
308
299
300
310
300
324
282
270
316
271
315
283
297
278
277
293
303
279
283
319
320
331
286
298
301
324
331
307
292
305
308
299
323
303
331
309
312
309
307
326
311
324
330
310
312
311
325
323
328
321
322
325
329
322
321
326
330
329
329
330
)


// ************************************************************************* //
