/*--------------------------------*- C++ -*----------------------------------*\
| =========                 |                                                 |
| \\      /  F ield         | OpenFOAM: The Open Source CFD Toolbox           |
|  \\    /   O peration     | Version:  2412                                  |
|   \\  /    A nd           | Website:  www.openfoam.com                      |
|    \\/     M anipulation  |                                                 |
\*---------------------------------------------------------------------------*/
FoamFile
{
    version     2.0;
    format      ascii;
    arch        "LSB;label=32;scalar=64";
    note        "nPoints:10100  nCells:9548  nFaces:33693  nInternalFaces:14047";
    class       labelList;
    location    "constant/polyMesh";
    object      neighbour;
}
// * * * * * * * * * * * * * * * * * * * * * * * * * * * * * * * * * * * * * //


14047
(
179
444
5217
168
1543
2098
562
761
8753
345
920
8169
79
477
2986
111
323
4137
72
2089
7094
531
645
1369
19
3250
9068
166
835
7104
143
1381
9022
87
7483
8684
54
1260
6178
169
212
4715
94
572
5837
588
729
1143
122
8367
9534
276
3128
9407
510
701
5883
939
8034
238
1926
4231
49
1650
3012
202
583
7308
327
695
2070
66
183
5050
32
1671
2331
358
553
3461
141
7468
9288
138
558
6428
38
2597
2876
155
174
2245
1847
3586
9546
345
4168
282
453
1361
755
787
6034
1057
8545
9535
181
453
1536
331
522
6898
5994
9191
205
1557
4994
217
1117
5220
160
1191
3420
257
450
8329
88
1100
498
567
1886
103
106
3546
193
614
3262
112
4586
7514
436
650
883
105
7822
232
276
6390
231
3008
5023
499
4495
9530
704
766
5534
801
2464
97
757
2815
296
1166
1619
6688
7048
9543
175
1653
8837
201
6089
8138
411
519
8241
292
570
1349
492
507
493
504
5140
496
1095
8899
172
359
6690
354
3265
103
118
3604
180
1004
6045
156
351
4833
221
1120
4798
279
1546
7784
754
3493
123
6860
8183
319
367
9494
529
721
7639
121
990
5550
126
1675
6597
110
282
340
3659
6660
1691
9531
177
4473
8843
102
126
6599
399
697
3879
1215
1482
3979
396
406
8104
182
595
9450
2247
4538
239
8702
130
245
6630
209
421
8713
239
2743
4361
473
5759
248
863
3180
6190
8937
189
5237
7847
359
843
1014
1824
2739
326
1362
4484
534
1050
9436
357
913
951
376
1015
3718
4393
4646
5995
299
620
2156
653
3859
1779
5594
349
1199
4006
272
724
2173
578
1368
1963
192
2176
1099
3235
6890
7673
214
975
2875
640
1344
9216
178
181
1899
154
2810
8951
152
1269
3314
151
5064
170
1811
8458
186
3522
5682
1226
3669
1042
1308
2443
548
958
732
1216
5727
1235
263
1149
3157
268
1424
2037
135
1641
7260
2769
7425
555
1513
6536
149
6892
8360
1756
1943
7397
268
362
1577
1932
387
5289
6356
281
499
791
1924
2073
281
506
7460
156
412
261
627
485
1343
5801
7904
9535
495
527
7455
219
4405
5428
474
2202
9402
371
397
4416
374
1699
9218
694
2544
260
674
8667
277
2340
1540
5934
409
762
3500
403
4480
1841
6790
9545
262
1209
7634
236
1148
4036
226
2265
6222
812
1048
207
6215
8018
185
3957
8810
230
246
3688
639
900
1862
206
5309
9170
1286
9229
197
1426
4432
8058
8071
3167
882
6708
289
6221
9070
687
2703
311
3618
6333
333
506
1416
210
1774
2198
797
5391
3905
6373
321
1197
4645
5493
6255
7321
517
4037
500
560
9310
683
898
1278
1328
222
839
857
634
5369
7891
1648
5685
194
710
4754
688
803
2413
814
1816
1334
3345
691
2947
697
804
372
7859
8005
2354
4921
405
2402
4431
1134
2344
5053
483
3337
7488
463
6409
1427
1713
377
1070
1278
902
1006
3327
4744
6481
3557
3618
2891
4382
1005
6388
9536
2592
3822
866
2742
380
712
3058
823
2670
862
1035
9542
8678
9387
599
1825
4016
624
2483
4459
1519
9273
466
3642
674
4144
536
783
7261
852
6321
3324
7350
776
1890
7209
229
592
7884
452
1873
9417
440
7710
515
1398
4966
324
377
3068
1071
3590
977
1574
1118
786
8705
480
6661
7596
256
1659
2500
315
1677
3082
7370
8007
247
7137
8714
2558
6852
325
1122
5605
308
524
9470
660
1110
1518
711
2976
9515
283
1404
7145
1443
7351
663
1017
626
2734
315
8159
448
570
2085
323
2358
3904
256
722
1993
266
447
7933
316
1938
3560
705
1678
2157
298
519
3312
6419
1085
7850
501
4806
6172
320
1959
2367
715
7734
7013
8385
1522
7114
580
4491
301
1370
2577
714
1864
2962
4119
7089
533
767
8851
1023
443
812
5841
706
1455
2202
375
8423
8472
2134
6247
589
1875
7486
659
1128
6292
4879
9541
1217
309
5959
971
2010
3848
2014
8342
373
1244
8863
8604
540
8522
8967
586
1773
1786
693
794
3057
417
2010
3362
1038
1082
393
7851
8196
746
7664
410
3740
525
554
5766
980
2497
1407
5447
300
699
3102
7339
9538
507
1053
322
2062
4093
1630
2661
1006
8576
3943
9112
7056
9547
303
6078
8624
1394
7227
550
1160
4907
597
5267
8905
631
1387
1553
606
1060
1663
1288
9401
2140
2170
438
4155
9302
491
2061
472
1345
5234
571
1394
8523
617
8380
8761
8872
604
964
1018
2019
3716
756
1486
5429
820
6984
8620
5221
6767
2025
2133
4588
7045
7052
1829
8506
1669
7800
1484
7951
718
753
3426
450
1108
5486
403
4718
5581
1575
4049
1787
2532
6097
9293
462
3562
4406
708
3754
5356
471
2854
2979
537
1179
9044
420
669
3675
1323
3045
1336
4105
1555
3081
7790
1539
2063
2769
730
745
1046
2906
7324
9541
7580
819
1327
2679
369
1960
4417
579
608
6994
399
6403
355
4962
7985
2257
3177
385
8031
8915
580
652
2111
621
4084
5781
8759
391
6981
7207
1348
7975
520
8316
2625
482
995
7797
1055
1167
1724
1806
1877
651
742
1237
731
1481
1545
579
3705
9539
967
1009
4723
1802
4887
437
2183
8147
1685
1733
1091
1732
2625
610
9284
1095
5848
543
3421
5018
7979
6707
7748
7049
576
929
8641
547
2283
9384
3165
7735
1663
5984
9303
481
603
1600
427
1434
3834
488
2260
3960
2763
6056
1934
2052
2327
2052
7991
461
2164
2685
1000
1632
3212
1116
1234
4830
8535
432
719
1341
3230
8045
454
556
7606
2145
2830
9237
1813
7482
1014
8171
665
1765
5209
4101
1288
1435
7921
408
563
5380
644
6879
8217
8394
1254
2681
5247
1929
7289
8578
426
1761
3580
1677
2972
942
1439
646
1561
1859
3506
1372
2237
602
1326
4289
1016
9543
518
1262
4458
596
2891
7011
1841
3251
689
1830
5669
511
1642
5313
955
3205
983
3031
1093
3632
4145
469
3890
8351
779
3421
5239
2778
2917
7307
775
5453
832
1228
514
3254
6506
475
863
5069
2177
2789
9079
1378
1772
4317
1463
8515
500
1150
1425
2115
2982
834
4146
5161
7321
494
8411
755
2042
513
756
3163
897
8048
904
1275
1664
595
8644
9326
2448
2845
750
2641
666
859
1257
551
650
1363
609
4851
6456
6739
621
1224
3111
6933
854
1487
4296
1500
5846
3476
1271
1880
540
4105
563
581
5567
538
4063
8822
520
7213
8254
950
3349
4732
1028
1330
5632
1174
1967
618
516
4899
678
970
5850
1199
4334
9530
7543
9420
822
1728
4575
480
1123
9100
3070
8825
626
3119
4633
4205
8062
1092
8095
1234
8266
4021
8357
1008
3552
643
8327
9134
748
7061
575
1240
6777
508
8497
8869
7569
4050
946
2835
3468
4531
717
2291
7841
2192
9009
541
875
1281
594
1670
8417
6718
8939
750
3518
7732
2846
4001
6562
928
3707
4535
8477
1009
2724
658
3997
885
2062
2448
6055
575
8687
2126
7075
3052
1857
4571
6563
764
1106
8760
694
2004
3385
3440
6647
561
2136
9445
969
4658
831
1992
1719
1985
3226
521
6861
591
1813
1750
1755
1881
8349
6242
9481
2264
6776
3553
8437
633
1749
2723
6845
7943
878
623
3639
2918
4244
8618
8871
990
3692
994
5884
566
1413
7304
1078
4133
1629
7749
8934
8734
9443
1075
2663
7753
1452
6750
844
934
4918
1184
7170
6952
8372
648
1855
3596
4014
6982
6894
8564
1317
5660
2879
7894
3886
1662
3998
585
843
2068
1564
7511
552
4022
6576
702
845
1538
912
7542
7645
7671
8327
4932
8368
639
840
4725
5458
886
6134
2424
2997
884
3918
7734
8667
7448
7655
6298
611
7536
8636
3544
3758
833
1298
8329
3008
5919
7527
7807
5412
9420
2303
851
7043
7211
872
6432
7869
1791
3798
5679
7564
774
1315
3252
781
1891
1927
6651
5609
6194
787
2042
1197
1599
7650
905
1247
1471
9481
3873
7817
1114
1690
3304
5788
8060
8628
1851
2049
9115
969
984
1416
8427
9409
805
2128
2288
937
8344
1206
4252
1151
3356
4124
1614
5342
1159
7251
865
4227
5779
765
7482
688
8701
838
7544
7602
5519
7829
714
4379
9341
4145
8664
831
9491
3977
7581
677
1865
3795
915
3659
8724
8961
8969
892
3356
618
1212
1874
2332
616
2584
1440
8125
891
7066
1802
6567
890
1582
4817
8108
739
1912
3824
631
1109
2021
3797
8252
661
942
2090
1946
4761
2647
7452
1457
946
1220
2994
656
6140
5790
1115
3865
7041
4774
8794
5304
5495
716
3341
9296
7092
680
8204
698
3715
6453
751
6684
7797
634
1452
2673
678
1549
3776
6903
3205
7437
9429
840
2097
3868
1410
1981
6389
758
1916
2199
911
1601
1914
988
1247
2386
1145
1314
5173
740
930
8216
1400
5965
5063
6080
1135
1698
1822
7991
801
2083
2506
5761
8528
703
7594
7963
7374
810
5100
1566
2356
6469
8922
898
1634
2104
808
931
1552
1243
2215
1097
1497
2420
7667
8558
3415
8510
8161
1635
1656
1910
8161
2511
836
1063
4275
2988
3053
5929
6366
743
1174
1829
916
2219
5052
4230
7437
1168
2640
5227
723
1189
7052
856
6855
7973
2283
2405
8908
4398
1666
1764
6951
792
1731
7039
6672
9148
4023
949
3831
1250
8743
861
1142
2510
1992
8493
2253
5767
919
935
1692
728
795
8282
772
1179
7865
978
1556
7171
1246
5580
1019
1125
2931
1327
2187
2814
8048
1227
3038
5894
5942
977
1017
1325
4470
8026
8756
6285
7398
936
1359
4997
1191
6717
807
7407
4653
7841
6785
7306
1918
7711
1373
4030
1096
6742
7047
2164
5940
1431
4879
7895
1457
3562
1627
7398
6088
7484
893
1648
5324
728
6577
769
8428
2702
4872
806
959
1057
1240
1251
8287
921
1758
3562
4754
2596
8307
2213
4647
1673
5018
782
1322
1414
1412
1474
2706
4144
1285
8340
1522
3980
3602
7450
6174
7549
1532
2185
2666
1441
2000
6396
773
833
7833
1470
1693
3500
1033
4896
5604
1032
6570
7148
1329
8505
5988
8511
932
988
1658
5759
942
1895
1333
1939
1755
1702
6088
1041
1541
2914
1069
4302
888
6197
7058
3100
2312
3819
1989
7757
3203
5872
1606
5105
4501
7385
1896
2693
5668
6474
1144
2239
2939
813
7784
9501
1039
9059
1895
6269
3326
3505
1864
7411
6872
9533
5623
6954
2901
7055
886
1987
2178
4316
6772
1193
1266
3197
818
1928
4169
986
6077
1031
1630
1915
8704
4053
5002
3461
7146
997
3794
8778
867
1496
1587
2468
6895
5938
6341
1161
1670
4169
5687
3336
9248
866
896
1676
4879
6656
1453
2545
7867
857
1613
8744
948
2543
3306
4476
5531
9275
6236
7835
1644
3683
7839
962
1825
6394
7206
7608
8332
995
5016
1303
2783
6380
1321
2926
4999
1130
2588
4099
4881
954
4414
7237
5641
8877
1230
4250
1376
6041
1966
3914
2124
5487
3035
3855
899
907
4860
1598
4031
980
1863
4365
4189
6341
1604
2315
989
1745
2314
999
1896
3534
2437
8104
4227
8642
1279
2658
1035
9524
1185
3372
6887
6716
7937
925
3792
1281
9104
9492
1152
1479
3725
906
6864
7196
908
1713
1985
943
1465
5242
1232
1615
4654
1597
2359
7642
9110
2063
7850
7102
8119
1362
6711
2165
8502
1409
3195
4746
6459
1153
3701
2161
1480
6363
9196
1989
3150
1213
986
2575
7363
1264
1780
2708
1205
2964
3999
1733
6878
5623
6584
9538
923
6440
6747
2290
7267
1084
9198
6097
6838
3520
5250
1911
6915
4628
6814
6263
1315
2801
7123
5617
5823
6482
3357
4695
1123
7320
9243
1068
1730
4454
1437
2694
2895
1118
967
1108
2724
6359
8612
1252
3560
7107
1206
1583
2772
1713
1719
1262
7756
8228
1119
1640
2313
8310
1398
7894
983
6794
8212
3039
3918
1516
3152
4062
1820
2392
6999
1127
1210
2085
1786
2409
1241
6134
7146
1611
1901
1019
5559
9160
4623
8651
1173
5178
5384
6482
4750
9272
1931
2071
1690
3517
945
1295
2963
1229
6029
8852
1266
3194
1768
6014
5772
993
5083
3868
8346
1064
6501
7568
5514
7140
1472
3086
3358
8751
8493
2532
924
4818
7308
1459
4509
4721
1221
4476
5447
996
9460
1862
5922
1059
1745
3077
2211
2482
1334
3390
1242
1367
6491
1760
7145
7996
2697
1684
9371
8947
3683
4639
8900
8566
8888
2195
4751
3794
5882
1063
1853
2719
1081
1865
3120
1396
2148
1803
8033
1773
2663
7653
1862
3355
1139
1180
1743
1518
2015
3409
4965
3196
6368
1014
9148
1561
8920
8135
8240
1070
1328
3442
4248
5099
7001
3391
4503
2229
3102
3937
1956
3348
3665
5603
6915
4587
5872
1289
7486
1290
5316
1559
6110
5617
6107
2154
4443
7558
2922
1346
3923
1194
3216
7439
2237
8751
5914
7026
1729
2954
1908
2422
2645
1058
1207
6277
1218
4340
1600
8959
7107
1079
1164
9259
1697
7493
9508
4172
1510
1881
2788
1329
1172
3410
5446
6598
1083
6161
8307
1406
4556
5109
1347
1616
4534
1696
1588
2200
2561
1804
6656
1298
1422
6920
5684
1419
5395
8371
1049
1909
8528
8081
1602
1912
1002
1116
7834
7323
1612
2115
9236
1321
8738
1435
1625
2458
8836
1526
2091
2912
2958
5971
6177
6713
8689
2400
2451
2023
6995
1104
1223
1717
1968
3022
1882
5196
1295
1448
8413
4521
7857
1346
1509
2864
1384
8032
1085
1121
3404
3705
6976
1214
1377
4760
1133
6726
7322
7363
7543
1575
4245
6280
1830
2000
5471
1287
8220
2281
9542
6944
8432
1319
1651
2726
2775
1667
2668
5445
1520
2027
5396
1201
1311
1450
3601
8101
1982
2676
6368
1551
2386
2648
1647
6103
7033
1207
6834
1804
6077
9502
1382
1622
3599
7295
1086
8384
1527
8906
5621
7805
1042
2033
1493
4550
7741
1823
2530
1708
8581
1126
6073
6856
2593
2663
1094
1788
2605
6479
5371
7470
1304
1421
9480
8041
1345
6868
8129
1282
6717
2518
8750
1932
7001
1393
2413
4351
1591
2726
6432
1231
8477
2673
5369
1077
5735
1061
3498
8230
9283
1368
3099
1350
1936
1870
2536
5547
8250
2477
3831
3016
2946
8304
7146
7977
1380
3399
4021
1127
6456
8360
7805
1852
4796
2378
2056
2413
7466
7925
1794
2618
8824
1495
1684
4168
5988
7083
1475
1726
5669
1141
4194
1305
5771
2318
7941
3633
6363
6435
6976
1238
3152
2957
3561
1469
8186
6685
1092
8083
1306
1642
3435
1360
5923
8305
2161
9194
1352
2478
2761
2414
3464
5855
5831
7511
1933
8484
8856
3652
7205
1507
2842
1527
5878
8512
1355
2692
1920
3502
7324
7598
1627
1759
1182
7582
9473
2929
4966
1175
1578
1965
8191
9321
1418
1915
6443
7017
1391
2168
1568
4918
1999
2794
6775
1691
6872
7770
1259
6504
7763
2454
2823
3434
8009
1910
2546
5022
5919
6805
3626
8466
7295
1895
6622
9524
1827
4298
5046
1987
5727
7878
9063
2534
7168
9260
2245
8749
2263
3004
1674
1837
2375
1284
3164
7814
2880
6500
4454
5579
1534
3069
1222
1395
9260
1189
2006
2547
2977
3802
6053
7598
1375
1712
2003
1396
4904
1610
2656
2143
4052
1578
3799
6878
1902
3904
8185
2395
3088
6387
4071
5999
4727
9153
1526
2111
6797
8175
7466
6955
8927
1366
1604
1636
7339
7666
1821
3342
3399
1253
1849
7111
1515
1637
3127
1289
1969
2338
7502
2211
2426
1466
1510
2923
2040
2956
3433
1310
7589
1444
4302
9074
3682
4874
1875
1897
1265
4728
1405
1488
5131
7995
8041
1864
9321
8488
9441
2622
4615
2090
7470
2194
2961
5887
2180
2785
4182
2467
7240
6164
1644
6993
1308
2478
3325
6813
9446
1504
2367
2869
1302
6171
7019
8918
1458
2312
3214
1746
3386
7480
1525
6046
6524
3068
2360
4136
3639
1460
2026
6218
2465
2573
7583
8613
1688
1935
9350
1722
1988
4957
4249
1882
3093
5649
5870
2023
3456
6167
4432
5837
1418
2013
4363
1535
1592
5993
1567
3229
3467
1808
1892
3402
1963
1358
1404
7903
8808
9105
1832
3871
1932
8959
1649
5796
1351
6690
1271
9039
3355
8674
7669
8556
3139
4866
6465
7974
1341
2637
8514
2043
2333
7246
8232
1379
6165
1398
2058
3040
1723
1727
5450
1704
5480
2744
3134
4413
7699
8109
3879
4686
3425
4926
7666
2077
2376
6940
7405
1731
4392
5939
7854
1929
2358
4137
1258
4846
7950
8916
3176
5447
2310
5113
1489
5224
1277
7664
9070
7271
7525
4951
1353
7854
2365
2559
4436
7065
8010
2057
9523
1603
9441
1337
5137
1585
6941
2150
4898
7661
1594
6028
6747
1654
5741
8658
3578
4486
5520
8614
1857
1913
6853
8596
1542
2051
3619
6683
8068
3970
2582
1628
7373
8500
1570
3718
5187
1682
2274
1491
1687
7228
9234
1748
2350
8606
1450
2005
4193
4146
8920
1842
9517
1584
6435
8686
3289
6135
7080
2286
2800
1754
2339
5967
2448
8856
1917
3992
4003
1951
3175
4518
9104
3836
8183
1423
3647
8264
1682
5963
2171
6074
6249
2722
3405
5864
1386
7499
9204
2017
3558
3716
5193
1749
6047
7388
1499
2144
4872
8376
1357
2650
6444
7217
7308
1560
3045
4001
8162
7090
7132
1338
8676
3395
5478
2374
2851
1638
5197
6701
6839
1492
1900
3927
2080
2622
1426
1806
3861
5777
7721
3254
3567
9370
2031
9509
8029
1861
2611
3224
1544
8207
1390
7911
9546
1363
2116
1683
2051
2760
4352
1869
2372
1720
5009
5342
8340
2960
9502
2771
5366
5006
2520
9275
2015
2575
1340
2228
7561
3583
3621
4468
6882
4611
1560
4687
7028
7344
9087
1986
2688
3016
8502
1535
3307
4537
3593
8966
1866
3138
4045
6907
8009
2120
9493
8436
4010
6329
7574
3355
8674
2075
2841
1944
4255
2272
2665
1744
4268
2233
3412
3283
9041
2289
4542
1388
3641
6893
5258
9079
1944
3077
2753
3350
6925
8541
1502
2176
2796
4597
1547
4103
8256
1807
2656
4695
1767
2803
4716
6207
6874
2360
2370
8749
1633
1880
6298
3055
4833
7299
1742
3484
6890
7815
2077
4675
2059
4339
4482
7220
7757
1817
6421
8077
1401
2240
1982
2335
2780
1598
8014
1978
2346
6407
6980
7377
2168
8366
5862
6595
1701
7355
9252
3467
6991
4148
7456
1504
1617
1959
3059
4213
4864
6292
2242
5623
7299
2079
3623
3844
2238
7233
2024
2275
1800
4922
7909
1952
2307
7519
7153
2521
6176
3628
3636
6207
7925
1580
1643
1946
2198
4667
4499
9137
1502
1517
2638
2626
8294
5157
8275
1928
2844
2202
3830
4030
4992
3049
3742
3876
3267
3257
6182
1469
2064
2407
1939
6559
2142
3525
2234
7957
1645
4583
2356
9266
3765
1776
7787
2303
6359
8448
2262
2916
3649
1550
8117
3520
5250
2879
8092
8884
1447
2827
4132
8197
8881
2280
1905
2325
4659
1928
2029
1468
6534
6981
1470
1635
1911
6407
6635
7935
3161
3401
3718
4742
6963
7061
7415
1483
6574
7029
1585
4766
7305
7270
7600
1863
2497
1725
1770
2966
8237
4032
4422
6866
3069
4559
9317
1729
2261
3331
8807
8912
2123
2394
5731
1938
2489
5216
6587
7888
7608
1883
2105
4058
1489
1903
8655
6802
8539
1507
1661
2294
2319
3135
2475
2509
1524
9010
9214
3339
4311
4080
5614
2120
2438
3380
1548
1942
5945
2459
3204
8088
1935
2231
5865
2382
2539
6039
2222
2421
8420
3484
2550
6940
2944
7298
1658
2293
6923
7708
9020
5095
9160
2193
6452
3613
4619
8263
9547
4601
2414
9233
2859
3472
6488
7519
2121
7283
1582
2481
6837
8077
2356
9266
2934
7759
1995
2105
3123
2408
2564
3211
6593
1997
2174
3909
1536
1632
2008
4719
2388
1520
1643
1741
1722
2206
8253
2514
3189
3243
4234
2393
2868
2030
1805
2940
6810
1704
7030
7668
6888
7640
1998
2036
2824
2363
2554
1787
1530
3255
5667
4510
5661
1903
6582
8442
7372
1769
6197
8644
6976
7576
6571
6587
1857
4812
1687
3386
3715
3257
8107
9173
1636
4878
1603
2034
7791
2518
2991
1730
6295
7243
2269
3953
6693
4089
1728
2298
4637
2922
9529
4626
7853
1773
3402
2435
2607
3012
3859
6284
8754
1818
7672
2368
8814
5116
8801
6838
6360
8543
4301
5567
2174
6591
2271
5850
7167
2290
3502
8702
9149
9448
2625
3108
8007
1714
1738
2409
1812
3806
7135
8313
2032
2831
4287
2096
2339
4117
2468
5831
2365
3247
4801
2209
4491
2030
3042
9092
1863
3085
3305
3473
7810
1581
2016
5231
1751
4285
5862
1848
2236
7164
2087
6531
1800
2712
3341
4654
2827
4583
7021
1705
5746
7345
2584
9194
3083
3654
3992
4019
5455
1968
2028
2488
2209
2136
2165
2305
3118
3198
1814
2652
7289
1671
7580
3159
7980
1846
3011
3960
8308
9080
1815
2604
7740
3621
5069
9243
3106
7925
6262
1933
8291
7585
2434
2001
5222
3410
3255
1646
3367
3578
1855
6075
1780
3363
6829
1975
2747
2957
1868
8538
2308
2671
4758
6406
8283
2905
3015
5798
8339
2210
3341
9233
2425
2713
1686
4165
4253
2086
3041
1735
3628
3653
1737
4414
8006
1634
4931
2270
4492
5014
1698
2269
2621
6873
8710
2897
7652
6594
5798
9029
6855
7570
1698
2370
2821
4622
5842
9433
5408
4127
2288
1715
8335
7305
8211
1814
3215
3266
2177
2277
7001
7265
2687
1885
2389
2614
5045
5604
9490
7105
1872
5842
2227
5109
1671
1898
2576
3190
4491
2101
5473
3047
5671
1832
2244
2955
1922
2162
1818
1931
2944
1766
2093
1922
2090
2117
2470
2748
1694
9508
7186
4009
7065
8104
8141
3237
9003
1999
7313
1887
3575
9248
2151
6980
7876
6752
8178
9117
2814
8324
1789
3234
4426
9013
2112
2198
7590
5966
8463
2282
8310
1785
1808
1897
2007
2763
5165
6090
7229
9139
2501
1775
7394
2560
2735
3321
2344
5744
2924
3210
4591
3986
9532
2145
7129
9325
9028
9492
2649
3622
3717
2660
4869
3998
7682
8341
8919
6298
8075
6777
9385
2528
3058
2629
2836
6856
8383
2066
6987
1747
1844
7702
2272
2992
3531
2491
8681
1888
1923
5588
2055
2212
2947
2669
2924
5036
1848
2146
2537
2762
6139
9026
2373
3803
6968
3970
2134
6238
9198
8948
4865
5814
3497
4256
4844
7367
8382
9394
1808
2565
1777
2411
2283
2525
2153
2716
5678
4976
6243
2334
5846
8871
2366
3167
2819
4621
1789
1790
7122
8916
2579
6708
1860
2096
7199
2816
2876
4933
2777
8780
6186
7419
3683
2082
3325
7806
5765
8935
2048
3066
4229
8415
8582
8763
8961
4876
8752
1796
3322
3925
2638
3208
4089
3700
8074
6418
5187
7934
1971
3043
4633
1940
2224
5011
6272
7574
2279
6757
1771
8627
9424
2004
2009
2352
7381
8931
7693
9061
3064
2275
2315
1845
7366
9051
9106
3598
8720
5668
6251
6912
8426
2602
6613
7601
8842
7869
9226
1961
2626
1941
2287
5184
1840
3878
4936
1889
3117
5459
1955
3114
3841
1920
2677
4737
1950
1963
2015
2964
7761
8216
5586
3070
4788
6270
1837
3638
3622
4485
1836
5018
9525
3303
4134
5677
7258
8486
3722
5528
5908
2273
5952
1983
2615
2949
2624
2669
6052
1972
2466
3259
4233
2645
3156
3726
7273
2092
3427
7865
4970
8482
3708
7592
9338
2581
2653
7174
2241
2254
3643
6250
9121
1878
4636
2652
5655
8930
9341
2221
7344
1821
7473
3856
2149
3208
3590
1901
2062
2046
6756
6877
2487
8381
8550
6142
2003
2330
2542
1988
3656
3245
7411
7795
2685
8088
2637
9041
3470
3143
3401
3806
2613
7653
9167
1998
6544
8187
7048
2047
4698
5012
7777
2289
3270
4419
2147
8249
5446
9228
2703
3520
6656
3403
6799
2265
2682
1945
2452
2036
5383
4960
1990
6697
2913
8117
2140
2340
4735
6093
3094
3384
2060
3093
5196
3308
2162
2213
4501
4565
5133
8257
3876
8985
2139
6293
3678
7553
2834
9430
3444
3525
3742
2391
2798
3062
5343
1979
5642
3741
5978
8775
2059
5218
4972
8876
4419
9484
4194
2212
2429
4147
1984
2255
3143
5687
2375
3103
3389
2059
6602
7278
2350
3013
1973
2675
3869
3076
5532
3117
3730
5002
9002
8939
9139
2961
5129
8315
9159
2132
3096
1908
1954
2971
6577
7734
2352
2737
3385
6498
3207
2619
3906
2149
4089
1974
2307
6030
2530
4546
9085
2500
2918
3064
4478
4684
3131
3182
4394
7449
7846
8700
6348
2035
3596
9456
3632
5708
2039
2091
9253
9274
8070
2462
5003
2354
6011
4430
7388
1996
2072
2973
2619
2775
5664
4041
2107
2760
8610
2790
6166
6610
8771
9165
2230
2793
4031
2109
2142
3444
4124
8367
6256
8898
6953
2314
3899
2135
2138
3404
2187
2248
3145
8003
2119
5303
2984
7810
8231
5840
2088
2260
8780
5846
9417
3804
8082
8697
8340
9104
5667
8060
5742
8404
6123
8064
3815
5280
5688
2565
6592
2549
3151
2497
2841
3637
5053
5950
2024
2221
2315
4395
5211
6624
2399
2459
2820
2904
2871
4279
4595
2939
6811
7282
2117
2585
3366
3532
2251
3405
3623
2300
2852
2041
3351
4153
4291
2711
4704
2369
2492
3172
3175
3724
3056
3074
3434
2045
7670
2419
5969
2419
4341
8559
4359
6722
6147
3698
7515
4214
4791
2785
4012
8556
8424
6168
5309
6259
4221
5135
7016
9289
2093
4406
2111
2340
2912
3278
3463
3627
4166
3247
6317
7827
5768
8028
4496
4992
2022
3170
5015
7844
4283
3689
5420
2114
3411
2438
2519
2502
6317
3024
5690
6040
2548
3342
5856
8028
8088
3091
5097
6341
8422
3630
3158
6043
2304
3801
8393
7149
8399
2121
3058
6278
3275
3712
2371
2416
8185
8891
8577
2755
9528
6064
7924
2494
3509
3735
4126
6991
9267
6370
6497
2545
9486
3394
3406
2568
2591
8623
3076
5837
2116
2931
4068
4749
6285
3544
5158
3566
4120
3076
2103
2835
2331
3593
9094
3516
4961
2548
7281
2226
7218
3787
4282
8117
9483
2325
3392
4212
3660
8334
2587
3629
3847
2191
2465
2667
4754
6419
3059
6528
9315
3631
3785
3597
6873
3557
3568
6630
2127
4787
2580
3894
4134
2266
6114
2292
9149
9497
2665
6302
2453
3870
5174
8444
9111
3856
7585
2108
6573
6652
2163
2427
2515
2085
3470
2322
3802
5151
7712
3153
4213
6545
8034
8240
2431
3060
2208
2813
3438
2919
5451
3563
4131
2921
4477
7377
2182
3425
6894
7865
2608
2646
8481
9179
2828
2179
2902
2220
2903
3121
2396
2611
2774
6439
6313
9065
3063
3228
4045
8001
9398
2192
3313
6073
7460
2437
7436
3231
3291
2621
2821
3827
3443
4765
4949
2721
4614
2756
3149
2523
4264
2184
3787
4641
2655
6833
3251
6375
7625
2256
2596
8846
8269
8849
3834
4742
8941
3432
4794
6527
7766
2885
4341
4892
2164
2585
2922
7178
2131
3713
7984
3799
7679
2173
8186
4878
8589
2189
3044
3158
2223
3902
4352
8610
2589
2787
7455
8186
3327
4242
5441
2495
2773
4181
2412
4355
2196
5706
3157
4596
5085
5481
6308
3210
8339
5024
6600
9455
2542
6005
3576
4508
3568
5658
7884
7297
9025
3519
7377
3747
5775
5826
2529
2804
8152
8229
2541
3219
4353
2450
7561
3710
3895
2506
3374
3825
2454
2892
3107
4070
8027
8127
7792
6034
2385
4265
7527
2416
4776
6239
2263
2764
4822
2301
5027
8283
3545
6490
2935
7552
2403
3676
3767
5092
4801
2684
3441
6149
3255
6350
6694
9301
2205
3874
7531
8617
2612
2677
6479
3097
3209
2267
7200
2440
4678
7517
8750
3222
3424
7137
9141
2199
2813
2898
3716
7572
2953
3336
7380
2207
3784
7023
3810
4106
8695
9252
2453
5117
2691
4061
3441
3845
5206
6251
2874
4323
2496
3272
8311
2583
2800
3706
3095
7565
7793
2865
3287
2741
8424
2573
2965
2297
4132
3202
9296
7829
7193
4041
2603
2991
5378
2450
4938
3815
4442
6673
2390
3623
5864
2439
5450
6153
2316
3924
3737
4482
3916
2328
8105
2926
5640
6847
2228
2450
3961
3640
4689
2433
3636
8757
6847
8276
2423
2787
3497
3850
2335
2586
3691
2243
7620
7748
2597
2816
4804
7815
8431
7280
5151
7172
7679
8657
3099
6874
2616
2916
5182
8475
6705
8419
3615
3750
8727
2293
4515
8231
4284
8052
8572
2636
2753
3825
4182
6729
8533
7854
8668
2345
4342
5144
7915
8397
2262
2353
3225
5653
2627
2701
6525
9343
2390
4457
5106
5671
9117
5588
2894
3989
3614
5236
2406
4195
8050
3293
6016
3773
4173
2517
3043
3384
8208
6780
7268
6663
8345
7818
3168
4678
2776
4894
6720
3295
7149
7406
6727
8975
2311
2643
7113
3282
6612
4780
6081
2846
7002
5939
8555
3191
3720
4517
2866
7826
9416
2429
2893
3849
4631
4706
8503
8593
6039
8953
3992
7662
2420
3959
3771
4256
5310
2649
3374
6650
2496
4106
2691
2770
2469
3941
6153
2517
2535
4573
8292
2461
5702
6586
8051
9092
4628
5219
2385
2578
2969
3455
2698
3271
2624
2809
4228
4344
4592
5537
8331
5526
6350
8295
3113
5098
5973
4448
5776
5916
2431
2446
2899
4856
3445
3680
3721
2495
2881
3655
2725
3492
2348
2851
4700
2444
2583
4756
5635
2826
3293
4015
7637
9362
2662
3446
2549
3174
3319
7787
8427
3906
3270
6112
3078
3423
3211
6767
3431
3664
7143
8190
3026
3965
5316
2977
3855
4759
3703
4671
5485
5340
5719
5776
2633
3283
6727
7208
9315
7868
8125
2359
3044
4777
3477
4631
2361
8645
9459
8259
2623
6547
6964
4329
3854
5857
4199
2480
3422
5122
5095
5366
2530
7572
4451
2541
7763
3639
4222
7182
2707
3475
2632
2639
2923
6778
5924
6033
6010
8480
9281
2701
3561
4159
3869
5164
2598
5525
3811
5826
3186
3215
4689
5329
5610
3418
3445
4118
2674
3068
2620
2824
8187
2600
3187
8160
2634
2639
4460
2678
3535
2627
2634
2987
2901
4400
7881
2848
8270
2664
3193
8410
2740
2818
7969
8164
8034
4422
4093
5281
3014
3732
2623
3693
3993
7824
2809
5525
6844
9212
2472
2886
3310
2715
2747
7611
3091
3919
5276
8032
8451
2885
3860
2694
3311
4126
5669
7271
5185
7176
2749
2862
2702
3556
4252
2580
3728
4219
2714
2715
2900
4592
9488
2749
2811
4080
3936
2707
3096
3127
2545
8705
4315
8355
5404
9032
3999
8210
2714
2966
2642
5698
2740
2925
2793
2920
5135
5902
2733
6520
9180
2679
3533
5211
6049
2457
2745
2765
3011
3104
3585
6844
9176
2720
3554
2884
3016
3408
8578
2765
2716
3523
5149
6138
3220
3817
8249
2869
2909
4287
2746
3836
3192
3616
2818
2831
2869
4395
7232
7990
8125
2771
5095
7820
9501
2745
2761
6060
3517
5266
8326
9537
2561
3043
3301
3020
3329
2687
3690
2989
2905
3881
4135
4291
5459
2898
3148
2599
2600
3366
3563
3846
3194
3368
4158
3532
8116
7234
2680
3523
2767
3514
2535
3214
3253
4720
7200
2793
2966
4281
2842
3000
7759
2788
3756
3489
4075
7261
7246
8732
5460
2701
2985
2987
4243
5581
2567
2920
2986
4440
7371
2995
5628
6056
2747
2980
2989
2720
3596
3619
4546
4715
2599
2680
3291
3819
3848
4973
5564
8549
9265
2980
2985
4304
4925
8084
3022
3025
5630
4930
2763
2995
3029
2695
2696
3357
3913
9371
3909
6442
2970
3061
4253
2862
3178
5455
2856
3722
8378
5070
2822
3223
3239
2822
2872
2968
2632
3496
2696
2737
8069
9544
2536
5897
5969
6663
9162
2767
3124
4221
4407
6635
6805
3945
3105
3011
3029
2678
3508
5258
8573
2705
2838
8625
2616
3933
4012
7531
8631
9384
2623
3709
8425
3326
6334
4272
6183
2695
2730
5713
9020
8020
2811
2853
2932
2544
2659
5526
9093
2968
2998
2853
2996
4200
2702
3549
2633
5742
9041
4486
4959
3203
3744
4283
2594
8299
2674
3479
5013
7155
5610
6412
2872
2909
2998
2664
3169
4323
3027
3872
2662
3457
2566
3378
7430
3065
3313
6907
2656
2698
3447
6288
8683
5128
8317
3000
3072
4275
3103
4174
6209
2887
3698
4744
2736
3582
7420
2780
3330
4728
8188
2720
3537
2820
8816
2889
3023
4028
3142
5205
6367
2788
3163
3780
3323
3860
3870
4402
6164
3202
3395
8263
2837
3671
2968
3223
4259
2730
3371
2655
8218
5847
7186
4841
3932
3972
2756
2802
3282
6606
2707
3494
2739
6502
6888
3105
3625
4529
4698
4058
8259
4094
7872
3486
3948
6643
3561
6869
2774
2844
3941
4846
2842
3072
3124
2850
4440
3105
4989
3454
4926
6166
8453
2860
3031
3800
2760
3595
3080
3512
2895
2938
3194
2978
3724
5141
4228
8453
5942
3751
4486
3273
3296
5241
2774
3224
4650
8869
9110
8478
3087
3148
7551
2751
6273
8720
4254
2705
2776
3314
2825
3646
2684
3071
4672
5769
7730
8012
2829
3164
5990
2925
3816
4151
3378
3793
5742
6815
4273
8188
8253
3464
5983
3236
3584
3377
3391
6934
7363
7407
6116
2761
3430
6074
6429
4951
8353
5070
6350
8894
2767
3521
4493
7265
2825
3624
5260
7933
8490
3343
3468
3956
3090
3687
2757
3871
2795
7943
8335
4179
7076
2829
4273
2938
2996
2794
5569
4546
5701
2737
3396
3235
4542
5154
5127
4286
3606
5459
7960
9280
7949
2947
2806
7586
7853
2857
6303
2768
5489
7074
6585
7376
3296
5193
7515
8375
3280
5748
3436
3685
5205
2946
3926
8574
4223
4062
5586
2779
3022
5392
4138
5804
2982
6640
2718
2752
3517
8529
2729
3001
3402
4619
2838
2981
3036
5501
2812
4607
2728
4980
2837
3088
5648
3036
3173
4615
3334
3616
4910
8002
3020
3738
4299
6015
2808
3239
6086
8858
3320
3677
2884
3400
3080
3875
7318
8555
2782
5568
4433
6053
6367
8693
3147
3199
7914
2847
5213
2772
5292
8382
2864
2894
3594
6664
8577
6647
7142
3382
4595
3061
3994
4366
6600
4271
4467
5229
2858
2812
5227
8262
2850
3608
7540
9069
3748
4332
5460
3284
3325
2859
3460
8080
3360
3424
7697
3173
3529
3107
3755
3299
2796
3284
3536
9408
3140
3297
3352
3419
4688
6854
4051
4298
5659
3083
3772
3360
3884
4257
3178
4740
4766
3122
3125
8660
4043
4843
5752
3347
3928
3940
6795
3723
2958
6064
5967
8721
3428
3481
4328
5418
5840
7903
7429
8286
2784
6177
2952
3968
7362
4104
6019
6408
3453
8130
8110
8276
5100
6262
6710
4707
5835
6468
3489
3131
5058
3836
3398
7762
8429
4032
7070
2861
3379
4280
4620
3393
4517
3703
4260
4706
6398
3357
3495
3490
3491
3523
3490
3509
2908
2941
3470
3491
3495
4204
3361
4975
4319
4151
5040
6014
3428
3485
3610
7186
9303
4607
3407
3636
6603
3957
4540
2948
3482
4143
7878
4780
6478
4791
3572
4553
4769
8223
8768
7368
7441
7895
3663
4139
7983
3183
9354
3819
3065
3788
3511
6644
2883
2931
6365
3268
3379
3456
2941
2881
3030
8841
3735
2880
6055
9543
3188
3478
4986
5902
2878
2882
3812
4459
4730
3119
3253
5492
3447
7592
3188
3864
4980
3006
3474
5916
8195
3485
3501
3959
2878
3822
2883
5560
5930
3499
3564
7897
2943
3067
3365
5520
8450
7710
8048
3019
3923
3038
3155
4332
3253
3373
6069
3366
3534
8526
3301
3820
7966
8016
3617
4129
6028
2936
6107
4593
4065
2959
3752
5415
4424
4421
3570
3971
2949
3863
6527
9142
3976
5225
3200
3634
5975
6216
2948
4539
3706
5815
4010
4465
3455
3832
5286
6882
7327
6530
3677
4877
3701
4077
7727
3067
3573
3089
3550
3417
6271
7350
7441
9439
2932
3626
4200
2955
5387
6010
4303
5732
7922
3501
3577
6888
5064
7521
9483
3001
3278
4218
4924
7534
3309
7984
8074
7163
3284
3714
3126
3377
3574
3042
7971
4663
4242
3197
3317
3323
3354
3981
5327
7938
8262
3302
5183
6228
4798
3144
3316
3323
3746
9120
4605
8982
2967
3555
3122
7335
8476
3073
7003
5106
5315
3978
2951
3607
3648
3014
5283
4823
3866
4054
4826
7535
3185
3285
4884
9534
4528
6574
2974
3915
3184
3658
3711
4171
3367
3466
7999
6015
5794
3146
4894
8893
3730
7411
9378
3276
3296
7942
3144
3764
3006
3800
3238
3338
4853
7535
3109
3737
6781
9115
3140
4845
3006
3018
3147
3675
3989
6285
6853
9454
3246
6552
3135
4503
6229
5197
5359
8945
3067
3098
7093
7004
7934
4807
4796
3258
3050
3838
4827
2994
3078
3814
4769
4619
6690
3079
3098
3665
3079
4914
4574
3021
7384
4581
3935
9321
8144
4035
3543
3913
7163
4044
4104
6551
3360
6958
3073
4465
6965
3353
4670
5093
9399
3171
3759
3974
5155
7521
3585
3346
7393
3653
3217
7874
4525
5532
8045
3154
3722
3206
4206
4395
3584
5543
4187
4343
3297
3694
3481
4554
6487
7429
3744
8639
3125
3162
3736
6300
3141
5747
5424
3478
8182
8609
3516
8895
9217
3995
5292
5714
8345
9454
5896
3171
3233
3986
4340
8260
3116
4084
3317
6909
4460
4684
5572
3218
3354
3921
6366
7760
3089
3101
3827
3506
8024
3958
4038
6594
9206
8604
3437
6573
3439
3668
6440
8585
9224
3065
3887
3184
3977
8136
3529
4096
6126
3132
5687
3084
4763
3805
4641
6463
7916
4123
3867
4820
4906
4200
3783
7728
4149
4467
5923
6916
3292
4991
5588
8983
9489
6781
6788
4252
3982
8560
3612
8782
5165
9024
4538
5003
5810
3949
3394
4708
6443
3141
4164
6869
5314
3945
3950
8507
8715
7876
3316
3317
3885
6720
5084
7263
3123
8212
5011
5417
3407
3587
3413
6207
4026
3698
4036
3121
5766
3427
3573
8746
3814
4991
5565
5644
7155
3609
4352
3451
3611
3126
4796
7926
3264
3991
5702
3263
5521
4595
8675
9214
3465
3213
3429
3279
4175
4281
8599
6271
8882
3185
3319
3739
3580
4694
5337
4636
4985
3340
3425
3454
3184
3620
3286
4921
6011
6549
3546
3604
4055
8928
9076
8705
4882
8820
3492
4042
7615
5542
4642
3723
3762
4230
5130
3437
4260
7749
8747
4676
5822
7618
9354
3189
3968
3221
4175
5955
6995
4781
4474
3551
9091
3298
5048
5470
3473
7975
3221
3274
6452
8975
7766
9146
3241
3975
7503
3792
5149
6026
3820
3996
3439
4102
4262
6018
7814
5419
4217
4676
7811
7562
9253
8524
8996
6494
3268
4588
6167
6788
6870
3436
4734
5783
7909
6545
7183
3260
4700
6025
3941
4156
3964
5908
5771
9153
3261
4059
3919
4409
5441
8530
6833
8976
7930
9280
4251
6826
6855
4903
8465
5186
7769
3240
3265
3923
7282
3891
4151
3265
3240
3264
7251
8462
8039
3340
3900
7610
5221
6317
8418
3736
8648
4098
7265
3878
8412
4999
8738
3513
3576
3591
3755
4508
5251
3974
3382
5875
8621
4582
3708
6751
8234
4005
6045
6516
3364
3585
3258
4807
6529
9421
3423
4054
3419
4734
4745
3304
5400
3389
6558
6604
4211
5497
3548
3896
4690
4986
8626
4084
3670
7625
3375
7120
7291
4066
4067
4761
5794
8063
8722
9319
4696
8087
7905
7187
8538
3507
4116
6222
5106
8482
6790
3267
4517
6928
3569
3897
8111
8866
4460
3581
5811
3450
7319
3790
4792
3390
5717
4184
8338
3600
6025
6342
4059
5773
3953
5300
7054
7936
4087
4226
4214
5220
3930
3942
3759
3907
4148
3930
3987
3416
3731
4571
4058
3358
4493
5348
7362
4103
4156
4239
6958
7638
3942
4755
3447
3677
3452
3588
4187
6194
9327
7587
9284
3480
3972
4784
5181
3843
3967
5195
4140
4146
8500
4218
9503
4283
4442
6386
5065
5290
3863
7893
8076
6458
4897
5085
6165
9373
3530
7242
8413
5978
7135
3717
7245
3619
4901
4346
5591
3743
3892
3964
4033
7833
9258
6856
6589
3768
9203
9517
4444
3480
3932
4418
5565
4087
4481
3959
5765
3351
3581
5200
9189
4771
5640
7793
8092
9000
4096
4649
3431
5007
3594
4171
4859
8488
9441
3343
4198
6411
4409
5273
3571
4048
4738
3575
4064
9089
3511
3832
5061
7487
4415
7331
5298
3650
3719
4320
4995
5950
3550
3827
3995
4183
3978
3987
3555
3812
3378
4328
5055
4000
4108
3697
4097
5066
8192
4906
3921
3981
4557
3681
3901
3813
8182
4779
4980
3587
4425
3885
3889
3951
3773
4306
3988
4317
3534
5914
8508
4138
4447
6993
7598
4098
5235
3793
4803
5056
4321
7298
8933
7499
4141
3448
4493
4419
7196
8020
3462
3689
3757
5434
4275
5804
8756
5089
5427
6669
4971
9417
5466
5787
4326
4831
5871
3667
3954
4107
4226
4329
3729
3914
5407
3553
5725
7718
3950
5107
6707
8428
8805
6140
5939
4232
5034
4527
4996
8676
9255
9455
4232
4254
4566
8513
8668
4716
4777
3617
3668
6747
4362
5502
4519
8105
4984
3969
4463
5620
4222
5479
8712
4511
4718
4466
4834
4976
9292
7703
5277
4040
6794
4268
4336
3888
4201
7020
3635
8040
6907
3839
4420
5620
3958
6251
7600
3936
5696
6520
4333
4286
4612
6434
6875
6540
5578
4519
4533
4257
4439
3745
3974
4332
3482
4039
5822
6519
6951
7860
4299
4558
6760
3539
5382
4533
4552
4596
4961
8957
4179
5768
8890
4307
4331
5619
4279
5553
4035
4040
6767
3949
7090
4163
7880
7609
5715
3471
4723
4898
3499
4760
4307
8038
8674
3555
8833
4551
4552
3886
4954
5791
6447
4572
4566
5941
4526
6037
3530
7721
7802
7274
8745
6322
7203
4124
4236
4823
6776
7894
8884
6301
5349
5803
4167
5762
4551
4558
6692
4625
4736
7579
4288
8992
5295
4335
8542
7257
4499
5210
7993
3752
3762
4529
3679
7408
9258
9228
4612
4629
5354
4653
4656
7870
3539
4336
4685
4055
5358
4331
4453
4056
4263
5236
7868
5418
8085
3734
5432
4439
4453
7949
9138
4575
4637
5029
8024
5924
7035
9291
5996
6427
6544
3669
3695
4154
8907
4356
3613
4721
7251
6769
6921
4629
4644
4455
4484
4590
4608
3542
7439
8121
4704
3917
3969
5284
4044
4077
6955
3657
8613
5652
7110
7978
4713
4781
3576
3704
6073
7023
3808
4644
4655
6819
9176
9519
6870
7160
5628
4590
4635
4655
4669
7690
7179
8399
5131
5746
8438
8878
6072
4149
8305
5619
7099
7209
4158
8396
6946
9385
8227
3873
4170
4680
3763
4203
4749
5409
5391
4326
5282
4053
5256
7448
5387
4325
4400
9125
4911
7198
4669
5433
7402
7498
6565
6602
8349
4505
3889
4037
3667
3962
7123
7249
4026
4889
5533
7360
7584
8832
4224
4614
4635
4835
5320
4281
7131
5772
8891
4081
4290
9010
9214
3655
4181
3736
3907
8650
5959
4065
5630
6154
5129
5164
5376
6276
4465
4813
6331
7024
4831
5483
4873
5381
4365
6360
4403
4046
7668
3951
5035
3927
5393
6290
4121
4246
4712
4537
4447
4562
4608
4912
6965
4456
4600
5283
4314
4882
7126
8168
3814
3843
8011
6412
7018
5827
7819
6842
8517
8409
8486
8789
9108
5001
5132
4285
5410
5938
8830
3933
4969
6771
7762
9122
3697
4207
5114
4500
4562
5945
6572
4524
5463
5953
6653
4929
5360
3963
4325
5663
4236
6897
4354
4183
4634
7457
5659
7300
3774
5214
4053
4121
6629
4901
6314
3777
4076
7581
3778
4073
6142
3779
4072
3782
4074
5016
3991
4081
4309
3837
5082
3692
3920
5124
4265
5810
4063
4876
6633
4338
4488
5223
5420
5599
6524
4010
4892
8078
7493
7685
5380
7590
3760
5544
3733
4209
4952
6909
4175
4340
5489
4042
5229
4929
5048
7050
4599
4620
6006
8069
6020
5452
6993
6147
6948
5548
4841
4855
4108
5252
5480
8146
3732
4354
5090
4979
3711
4113
4783
4117
7357
6263
3952
4115
4561
6307
4524
4528
9064
6433
7633
9077
4943
4785
4855
7802
3914
4023
7307
4455
5511
5430
6042
5925
6679
3954
3985
6326
6969
6325
6645
7328
8432
4280
5377
4858
5013
9097
3990
5778
4113
4160
4079
4656
5682
4206
4123
4788
4477
5611
4650
6912
4649
4663
4217
4539
6256
7995
6290
6333
8330
3877
4027
4262
4438
7471
8777
5509
6655
4246
4438
4128
6276
8521
3871
4000
4353
5334
3822
3892
4190
7445
5731
9102
8645
4736
4983
4193
5403
9127
9415
3882
4129
6343
3966
4176
5077
5539
3858
4713
4589
4627
4943
5442
4910
7201
8666
4318
4795
4009
9005
4100
4774
7182
4905
4994
4221
6641
4581
4634
5811
3786
4545
4755
4945
8467
8605
8782
4014
4016
4017
4983
5030
4002
4091
4768
4018
4365
4598
4574
4627
3991
4270
4497
4530
4536
4500
4681
4449
4600
6330
3985
4197
3828
3985
4038
8954
7147
5701
8004
4994
6924
5448
5950
6061
6509
8903
3915
8893
7233
6184
9213
7596
8654
4244
7975
4007
4427
5198
3938
7381
4097
4207
5680
4930
5068
5509
5724
5963
6040
7326
7571
4849
4981
4579
5275
3828
3852
3954
5439
4230
4430
5966
4474
4831
4933
5212
5775
4131
4630
4782
7399
3838
5030
5068
6452
8363
8086
3982
4873
4886
4897
6630
3988
4011
3852
3893
6402
5313
5536
4752
5398
6582
4630
6616
3962
4049
7508
4778
8165
8668
4289
7141
5176
5527
4809
6307
6051
5791
6865
6796
8414
6168
6715
6814
4962
4606
5104
5898
4046
4269
7879
8372
4602
5074
6462
4441
5017
7266
5546
7914
8463
4023
8488
5437
4033
5086
7728
8543
4069
4466
4784
6513
7288
4776
4421
4839
7462
3983
6951
8033
4685
5889
7518
4190
4747
5352
6119
4013
6038
8601
4840
6640
3986
5324
5032
5599
6046
4834
5956
5629
4598
4681
3932
4805
5050
4737
6479
4827
4981
3997
4741
5781
6144
8570
4020
4057
4896
4884
6422
7024
7337
4444
4568
4125
4261
6331
6681
4344
4576
5506
6167
4917
6786
8966
5237
6255
6373
6846
4259
5729
6144
3947
4238
4435
4142
4905
7830
6380
7386
7816
4364
6496
6105
4572
6375
4508
4569
5843
5925
3993
5787
4652
7490
4853
6409
5847
5238
6461
6786
6911
6109
6422
8803
6308
4025
4441
8874
6631
8527
7616
4497
5214
4020
4173
4278
4306
4083
5637
5507
5214
8121
4540
5000
8626
6476
3996
4179
8764
6514
8445
4990
6905
6744
5643
5355
4176
4511
7862
4188
6235
6723
4064
7739
8239
4942
6300
6489
7330
4741
6990
7238
4674
4589
5542
4115
4313
4090
4466
6713
5749
7938
4027
4208
4820
4498
4545
8613
5779
7620
4310
5639
7380
6191
7810
8231
6418
8808
7888
4690
4057
8819
9135
5474
7220
4903
4463
5367
7342
4906
9024
5722
4694
7200
7680
9465
5513
6688
4210
5253
6121
6420
4914
5228
8531
5333
6079
5602
8047
4216
4824
4815
6145
6753
8010
4180
8823
7111
4850
5583
4075
4130
5075
4076
4073
8855
4072
8703
6420
7018
7711
8912
7293
8443
5043
5153
8129
4727
4857
5067
4890
4895
6087
4308
4314
4622
8032
5897
5390
5369
6966
6108
7627
6047
4560
4263
5957
5438
6446
6615
4061
4895
4576
8072
6274
4099
5179
5236
4703
5456
4233
5559
8192
4541
4958
4591
8089
5177
4429
4822
5852
8641
4651
4782
4956
6294
6220
4137
6279
8608
4739
4295
8206
4294
4724
5415
7595
4513
4974
8175
8192
7242
7643
4142
4344
4318
5025
8078
7075
8695
4798
5912
5228
5243
8568
4305
6455
5627
6004
6023
7210
7343
8579
7939
4216
4360
4753
4513
4764
4296
4403
5243
5262
8365
8456
5653
5795
4114
4368
5389
6098
4958
5839
5414
7396
7677
5602
6208
5082
7836
8160
6240
6938
5040
4599
5088
6022
5105
5262
8481
4111
4617
6813
4502
4725
5617
8167
8395
5263
4504
5139
4157
7710
7284
5367
6326
5688
6567
6048
7349
5453
4848
5854
8134
4975
4157
4480
5651
6034
7361
6574
8473
5557
5633
6800
5065
8311
4857
6406
4547
6728
7874
4159
5573
5301
6465
8855
9029
5142
5415
6978
5130
5383
5089
6915
5815
6686
4839
5582
4570
5536
8663
5155
6824
4688
4745
4202
5867
5532
8554
6816
4437
4816
8239
4573
7434
5319
6825
5384
5501
6644
4743
5626
4804
6128
5797
8144
4915
5505
6075
6231
9094
7615
4192
4720
5405
4269
5385
4720
4600
4915
5457
6338
6936
4225
7083
4229
5740
6198
6244
4868
5510
7181
8223
6134
6694
8916
6704
4601
5224
5479
6510
5038
4705
6250
4278
4795
6009
8475
4891
7481
4786
5297
7142
4560
4939
4337
6538
5442
6121
4963
5028
5159
7375
4504
4828
5071
6038
7722
8811
4290
5465
4357
4487
4530
4549
4471
4800
5661
7426
4474
4684
8799
5022
5774
6583
5529
5338
8399
4547
5972
4867
5732
6906
7604
5678
6293
4556
5283
4247
8606
6561
9364
7685
4247
6531
7641
7548
4748
5156
6713
5116
5475
6797
5096
8473
4276
4919
5901
8592
4871
8561
5203
6460
7422
6922
4733
5499
4245
6682
7814
8975
5221
7554
5080
6909
8218
8859
5563
7337
7340
7607
5893
6385
7054
7451
5367
4729
4549
4563
5047
4356
5370
7403
6470
4856
5042
5242
5120
5467
8158
5917
4404
4710
4778
6615
7871
7664
7964
5308
4418
4805
6067
5026
6730
7144
7487
9183
4350
5997
5382
6480
6799
5003
6474
4825
5110
6069
7021
7470
5335
5443
5608
4543
4617
8566
4985
5293
5343
4348
5156
4349
4762
4471
4851
7933
6569
5584
4350
4472
4830
9078
5000
5485
7015
4582
7553
4794
5184
4472
5851
5670
5970
4710
5114
4343
4967
4512
7207
5239
7769
7819
4664
4797
4719
4892
6289
8254
8805
4507
4350
4618
6941
4569
5472
4823
6897
4770
4856
5807
5441
4664
4701
5049
5244
5834
6176
8130
6368
6169
4347
4358
4426
6471
4672
7127
6403
4565
7626
6521
4815
4946
5288
6817
7160
7539
6623
7392
9054
4396
4402
5174
5524
5953
8774
4371
4372
4370
4373
7618
8877
5416
5601
6263
6922
5179
4402
4680
4374
5210
8267
4902
5014
7966
5057
5365
4651
5059
4463
5932
5607
6089
4369
6236
7204
4828
5076
4391
4401
4376
5522
4375
4398
4377
4920
4604
8122
4401
7532
5884
8667
4379
4772
4378
4399
4380
4381
4382
4383
4384
4679
8586
4955
4385
4405
4392
7039
4393
8498
4387
6215
4391
8870
4389
4609
4390
7011
6216
4393
4922
9210
4487
5004
4450
4516
8597
4399
4405
8769
4509
4723
7661
5310
6470
4564
5112
5631
5830
5169
5215
5994
7705
9142
4953
5597
8067
5260
8197
4458
8596
8004
6049
6878
5051
4730
5375
5259
6132
5496
5540
8255
4812
5692
4763
5654
6243
4520
6162
6597
6599
5307
6678
8582
7611
8492
4692
5486
5361
6629
4479
4838
8270
9216
4563
4664
5488
6560
8242
4738
6703
7619
9311
6099
7821
7943
6609
6669
5998
6303
7359
4733
5754
4750
5152
6750
6413
8234
5926
5744
5980
4845
5754
6324
7417
4568
4722
4648
4916
5074
5293
5397
5413
4806
4893
5695
6559
7807
4745
5608
6065
6403
5535
4816
5037
5107
5907
7087
8107
8775
5817
4777
6884
8407
8523
4561
4877
6076
6819
5157
5993
9360
5432
4881
5070
5311
6462
7101
5335
6418
8961
6824
8981
4683
5253
4811
5041
5312
5531
5870
6385
8995
5625
4563
4701
7656
5900
6768
4543
4907
7113
4585
5344
5482
4616
7206
4616
5800
5497
8299
5008
4717
5502
5363
6310
7990
7397
5073
5150
8089
9492
6125
4564
5199
8885
9506
4526
5051
5576
5159
6522
6925
9063
7969
9421
7068
5287
5482
7708
7882
4821
6963
9014
5741
6353
6735
7566
4609
6138
8350
7304
6427
5067
5792
5680
5829
7936
4640
4657
4751
4765
4549
8643
5284
5476
5802
7747
8796
6706
6106
5064
5995
5354
5575
4702
5987
8731
5405
5251
7413
6094
7022
7103
5172
4718
6505
4757
6269
6141
4854
5388
8337
5568
6296
6148
6721
7870
4674
7946
5931
4944
5180
6660
7301
5641
7858
5049
8817
4913
5404
6620
5171
7270
5860
6539
6906
4713
4819
7844
9245
8019
6604
5861
7194
8054
6140
5763
5841
4806
4913
7681
6459
6748
5684
5681
7654
5223
5508
5079
5121
8759
4772
8228
6517
9035
5538
8044
7072
6281
7840
6292
6675
5101
5345
6157
4840
7350
8221
6267
6644
8426
8839
5492
7586
6268
5287
5601
7278
4746
9368
5019
5041
5362
4769
4811
5247
6701
6425
8570
6762
7155
5590
5359
6151
8211
6458
5992
6628
6316
5406
4802
5348
6023
7705
4699
8470
7855
6186
7067
4663
4849
6511
6155
6516
7645
6609
7629
6768
6917
4880
5362
6568
5347
5125
7198
7663
8953
8435
6754
9138
4799
5117
4874
4909
5411
4874
4875
4875
7433
5356
7444
7250
7371
5123
5605
6613
7134
7454
6156
4978
6719
4729
5285
6468
4751
4860
4949
5392
5329
7139
5665
4893
5145
7490
4920
5143
5546
6328
5516
6732
4800
4902
5881
6437
6950
5832
5978
4776
4861
5233
4767
5254
5737
5140
8886
4838
7227
8289
4852
6692
5238
5612
5540
6057
8314
4900
5699
5705
7202
7583
5176
6658
4944
6975
5648
4711
8458
4947
7329
7348
5006
7791
5194
5734
7167
4979
6908
8440
6697
7513
7599
7116
5057
7138
4809
6571
4813
8783
4762
4920
8434
5145
5555
5017
4942
5590
5558
6904
7851
7429
8833
5723
6667
6497
7926
5312
7257
8965
5261
5747
6151
6426
4748
9014
4860
5704
8076
5960
5561
5600
8940
9112
8723
7014
7057
5094
5962
5437
6105
6433
5198
5649
5191
8929
5281
5974
7152
5642
5402
5233
4778
4847
6311
8211
5576
5738
5373
5800
4998
5368
7590
8872
8850
5423
6857
9145
6702
6880
5086
6668
6016
5017
6542
5405
6738
7272
6321
8844
6515
7541
5930
6783
4821
5153
6204
7253
5824
5964
6986
8311
5125
5192
4799
5718
6311
5716
5546
5202
5299
5188
8244
8270
5748
7646
4956
7399
5903
5339
5915
5600
5624
7306
6442
5539
5793
7882
5378
4996
7383
5589
5845
7189
6115
8535
5877
7993
5971
6060
6415
6490
6948
4837
6264
5094
5320
5454
6633
5645
6376
6070
5456
5005
5033
5456
5025
6508
7303
7936
5087
6355
6339
6887
4871
5801
5625
6166
4935
8945
7852
4864
5029
6078
5406
5609
6641
6796
6486
8526
4979
5093
6346
7528
5913
5071
5293
4887
5439
5646
6741
6424
7108
7987
8955
8073
8445
7107
5350
5417
5782
5883
8680
6136
9162
5406
5572
7252
9135
4923
7365
6013
7582
8495
9366
5361
5519
9009
9037
6616
4952
7523
5807
6815
6152
6160
6061
5670
5123
5593
7920
5044
6431
8806
5183
5399
5423
5519
5208
5416
5311
5561
4966
5449
6563
5963
6704
6103
6859
7897
5433
5725
5438
8713
5105
6063
4976
5658
7745
6481
5705
5322
5844
7479
5271
6884
8911
5646
8174
4989
6579
8420
6223
5991
5508
5662
7884
8701
5693
4935
5054
8492
9230
6358
6438
7512
8225
6808
8986
9270
6639
6763
9070
5102
5362
7293
6032
6199
6874
8946
5895
6043
5321
8177
8395
5072
5892
5918
5469
8787
8825
6362
6489
5192
5710
6266
6536
5026
5054
7500
5172
7764
5005
5507
5685
5745
8455
6041
8748
7775
9117
5626
6058
7584
9528
8446
8952
5549
5899
6255
5522
6876
6900
7300
7686
4978
7287
7290
6803
7180
7154
6402
6071
6340
5763
6410
6500
6640
6728
5401
6677
6071
6400
7210
5857
6017
5833
6024
6764
8876
7920
8993
5885
6040
6376
6416
8879
5483
5871
6806
6312
6224
5031
5770
6008
6357
6758
8882
6291
6743
5005
5029
5613
6192
7695
8421
6160
6287
7051
5629
8647
5044
6371
8944
5101
6237
5604
5290
6902
5042
5189
8744
6093
5121
5350
5337
5103
6637
9141
5339
6391
5112
5199
5080
5773
6543
6604
7398
7882
8793
6021
7125
5021
7314
7093
5378
6160
5524
5739
5863
5164
6896
5653
9206
8852
8973
8179
5351
6374
7452
5303
5375
5616
5234
8436
5091
5595
5076
5552
5088
5207
5513
6129
6899
8054
5643
8689
5534
8587
5306
5666
6782
5429
7496
6383
6092
6473
5240
5355
5890
7463
7481
5400
5414
7040
5299
5790
5737
5294
5345
5448
8742
5952
6048
5204
6621
5431
6377
9210
5325
5726
5147
5758
6914
5502
8328
5838
6481
8076
5888
7902
6003
5357
5358
5566
6666
9039
5876
7066
7538
5491
5556
5102
5683
5891
5163
5202
6111
5555
5866
5132
8779
6950
5904
6029
5656
5704
6064
5217
7197
8184
5933
9036
9161
6472
6394
5443
5444
5357
5730
6783
6917
5363
6339
5302
8521
5325
5421
5294
5325
8800
9436
8369
5162
6576
5188
5909
5344
5346
5692
5331
8803
6738
5762
5941
5866
5904
5122
5506
6362
5853
5965
8345
9240
5302
5909
5245
5587
5785
5353
7329
8519
5265
6850
7660
5336
8506
5392
5779
5697
5356
5593
6750
5500
9264
7264
6974
5784
8309
7454
9398
6041
6059
7139
6979
5404
5516
7338
8170
5163
5326
5491
5622
6415
5305
6018
7412
5773
7247
5402
7226
8008
8838
9067
5163
5230
5389
5192
5374
7405
8834
9193
7520
5326
5403
7400
5403
6466
6232
6508
6543
6564
5884
7285
6428
7880
5570
5951
5975
6354
7886
8500
5322
5986
8031
5856
5982
6021
5425
8819
5270
5734
6469
6714
8699
5251
5275
7683
5347
6332
5691
6049
8343
5909
5799
5977
7036
6523
5181
6036
7589
9186
5400
5468
6240
5976
8735
9077
7184
6734
5587
6822
5951
7741
8220
6137
5341
7649
5722
7659
8802
5490
6716
9027
5422
5657
5564
5633
8710
8625
5314
5457
6517
8927
5823
6901
9472
5666
5498
6441
5827
6871
7965
6448
9105
5422
8698
5566
5750
5505
5686
6619
8551
6655
7558
6227
8609
8770
9075
5839
5976
7650
7539
7644
5638
6144
6199
7451
7624
7008
5911
6044
6434
5296
6650
7147
7938
6304
5783
5434
5484
7285
9414
6919
7370
5440
6012
5997
6533
5324
5740
8145
6054
6306
5370
5591
5834
6961
6173
7727
6203
7176
5895
6275
7305
6921
7681
9426
5801
6550
5535
5820
6145
5946
5411
5635
5350
5686
9061
7658
7720
5409
6118
7952
5784
6060
6623
7089
5935
8439
6314
7822
8922
5304
6964
8425
5465
5836
6388
7684
5831
8499
5780
7306
7962
6029
6230
5657
7266
5712
6967
7100
7679
8008
5648
6387
7038
7533
5306
5421
5830
6279
7523
6002
7016
7982
5728
9078
6260
7714
8847
5817
5828
5530
5691
7015
6123
8560
6378
6518
7224
6756
9136
6945
6143
6241
6942
6108
5949
5582
8950
6322
6905
5582
5695
6286
6473
5306
7916
9382
5804
5894
5590
8783
5696
5721
5615
6415
5990
7517
9251
6492
6241
6219
7997
5320
6324
7162
5504
5498
6297
6624
5782
8856
8863
6205
6305
7695
9238
6414
6230
6336
5434
6587
8106
5724
6023
6184
9088
6491
7051
7562
9393
5338
5665
5921
6004
8205
5751
5890
6448
5499
7334
8764
5566
7203
5577
6851
5843
6605
8274
5876
5654
6632
5388
5736
5651
8853
6133
7423
5533
7031
5594
6118
5461
7820
6691
6150
8106
5615
6580
6646
7040
8724
5981
5851
6062
6893
5972
7168
6555
5464
5843
6084
8992
9537
5605
7440
5946
7556
5697
6282
5636
5901
6095
5560
7077
5785
6246
6926
8051
6460
6859
6995
6449
7121
5857
7017
5664
6352
6801
6191
5538
5954
5651
6031
7093
5656
5819
5774
7415
8772
9224
6652
5583
6131
5883
6625
6451
6542
5982
6120
5522
6811
7946
7551
8065
6100
6062
6104
6483
6934
7543
5948
6291
5488
5906
5991
7623
6493
7958
8213
5973
6634
8417
6380
8081
9392
6336
6501
5428
7629
8498
6530
5756
7228
5879
7124
5545
6089
6266
6275
5510
8308
8831
8546
6457
6618
5868
6743
7771
6258
5709
6687
7652
8727
8469
7463
8262
7842
5917
6185
6873
6887
6612
6104
6124
8080
5825
7879
9167
5893
5752
5835
6124
8207
8822
6095
9006
6188
6296
5910
6209
6283
5785
5806
5845
6445
5647
5873
6673
7432
5570
5580
6032
7236
7053
6382
6504
5985
8256
6026
7275
5856
6253
6537
7455
7276
7297
6228
7154
5736
5903
5595
6020
7254
6685
7347
7669
6606
6465
6030
7937
5552
5931
7542
8451
5657
5743
6212
7250
7848
6379
6556
6798
8551
5874
9305
9466
6325
5541
7864
8052
5861
6090
6573
5845
6467
7837
6962
5805
6185
6384
5848
5905
5911
6364
6210
6352
5721
5757
8230
9026
5696
5757
5937
6825
6880
5527
5638
5805
5809
6404
7012
5676
5876
6476
8731
6845
7756
6162
7125
5707
6827
9163
7873
5600
7368
5636
6284
6392
5618
6649
7000
6474
6937
6099
6818
6832
5809
5859
5980
6233
5757
5886
5867
8580
5858
7694
6081
8383
7460
8604
5613
6354
7927
5641
7038
6195
5880
8821
5809
5819
6529
6970
8027
7044
6942
6935
8363
5990
6158
6114
7319
8448
6487
6127
7536
6396
6597
8653
7028
7277
6501
6662
5989
6252
8401
6495
7424
5749
5859
7805
8409
6522
6581
8098
6015
6161
7139
8200
8271
8503
6546
6362
6698
6179
6648
8565
8885
5940
6100
5954
7809
9212
5770
6012
5747
6869
7907
6020
5709
6773
5823
8664
6389
6523
6590
8999
9090
7665
6704
9297
6214
6233
6696
7239
5880
7361
7717
5730
6351
6532
6001
7356
7953
7726
7258
9491
5730
5954
6812
6942
8276
6611
6079
6749
8531
5790
5637
6122
7334
8120
9184
5885
5886
5937
7828
6096
6340
5716
6320
6120
6477
6210
8559
6684
7291
7399
6036
7507
6257
8394
8951
6122
6662
7078
6309
7494
5868
6249
6429
6985
7932
6312
5989
7478
9334
6152
6949
6248
6535
6347
7069
7268
7550
7955
6486
6752
6105
6443
7506
6563
7594
9067
6903
7219
5720
5760
6173
5927
6179
6814
8570
7758
5702
6117
5836
6488
6636
6125
5739
6299
6651
6000
5991
8671
6141
6231
6337
6145
6169
5710
9012
9092
9129
5911
6405
6723
6393
5726
7426
8443
5869
7923
6136
9384
8185
6772
8260
7418
6265
6830
6842
5952
6026
7558
7624
6245
5758
5922
6110
7062
6007
6483
6475
7570
7777
8802
6286
6345
7446
6202
6943
5786
6120
6050
7359
6971
7082
7684
6654
6581
7992
6749
6156
5949
6365
8612
6320
6326
6547
6820
5787
6202
7824
8366
7420
7745
6424
6695
6096
6863
6318
7765
5985
8058
8740
7243
6753
7435
7704
7338
5802
5858
5921
5899
5906
7141
5977
7667
8411
5874
6550
7041
7720
8461
7510
8369
6171
8851
6075
6337
6157
6996
5886
6117
8281
8355
8640
5772
7816
8410
6988
8619
5818
8955
8858
9066
8132
8465
9103
5879
5932
8776
8807
9496
6717
6393
7345
6137
6226
8946
9057
6356
6945
7354
7119
6069
6370
6381
8388
8780
6751
7752
7644
7768
7112
9246
8827
7730
8590
7788
6670
7400
7567
7825
5836
6203
6188
6977
7060
7696
8147
6001
6192
7565
6297
6570
9171
6950
8143
8021
5913
6224
6399
6526
5899
6091
7157
6115
6204
6536
7073
7617
6626
8861
6111
6162
8251
6261
6130
7489
6203
6569
5968
6290
7591
6084
6179
6130
7127
6978
9477
6736
7732
6423
9484
6464
6499
6268
8868
6772
9296
7548
6779
5957
7120
5910
5912
6297
6441
6012
7169
5906
6759
7365
8430
6761
7658
5891
7188
7417
8155
9152
7968
6396
5898
7353
8046
8133
6096
8970
6206
8066
6417
6354
6355
6619
7315
8746
9012
5972
6078
6507
6737
6858
9479
8795
7264
7355
7095
7428
6267
6405
6091
6478
6024
6810
6839
5998
7492
6493
6580
6793
7998
6739
6807
6989
8226
6659
8773
6507
7961
7409
7723
8206
6601
6258
8544
8557
6229
7609
7801
6849
6318
6683
9266
6344
8981
7729
8346
7871
8954
7333
6804
6860
6024
6318
5977
6323
7956
8167
9431
7161
6836
8023
6031
7128
6090
6755
7343
9071
7129
7717
7790
8960
9344
7376
6231
8781
6625
6932
7057
6202
6492
6503
7688
6780
6977
7216
5987
6770
6454
7747
7188
8210
8778
6261
6264
7336
6032
6180
7296
6678
6748
8901
6903
7166
6063
7177
7657
8102
9511
7914
8847
6387
7342
7648
7006
7010
6163
7342
6439
6999
6627
7453
6057
6092
6286
6765
6416
6719
6226
8085
9488
9093
9412
6499
6632
6131
6936
6037
6787
6984
7304
7259
6100
7483
7901
7443
6892
6919
9018
6789
9109
7391
6979
8459
6072
6840
7646
6803
7195
6531
6852
6578
6643
6617
7526
6466
9010
6620
9497
7223
9111
8035
7921
6886
7701
8800
8392
8416
6677
6204
6364
8318
6920
6933
8329
7497
6596
6332
7240
6192
7793
9238
7484
6279
6273
9157
6068
6650
7241
6087
6575
8487
8106
7860
6827
6495
7883
7704
8501
6899
7685
7502
6541
7442
9073
8437
6588
7473
9244
8057
8120
6178
6066
7632
6667
8379
6885
7104
6578
6695
6905
7096
6229
6614
7772
6523
7130
7175
7467
9434
8290
6512
9130
6327
7073
8026
7792
8633
8958
9086
6238
6247
7852
6583
9451
6220
7507
6617
6868
6370
6161
7034
8176
8485
6992
7901
6487
7041
7166
7060
7364
7222
7045
7049
7248
6457
6382
6467
6316
7150
7303
7768
6124
6349
7025
7704
6232
7077
7477
6956
7439
6198
6208
8103
7010
9482
7080
6741
7495
6273
8114
7205
7750
6150
7382
6383
6674
7341
6301
8268
6901
7803
7671
6791
7064
6732
9419
6158
7974
6821
7042
6808
7318
8936
7719
7387
8013
7191
9105
6617
7947
6579
6816
7446
8439
7084
7109
7098
7094
7804
6445
6676
7095
6623
8063
9184
6715
7973
7032
6349
6980
7800
6562
8105
8420
6248
7347
8649
6450
6485
7593
6196
8640
8148
7294
8902
6201
6233
6972
7752
7872
6278
8042
8853
6189
6201
6306
7628
7175
6450
6997
8492
8632
6504
6898
7163
7494
8407
7963
8792
8263
8923
6437
6930
6309
8029
8704
6541
7915
8810
7133
7211
8533
6330
6681
7310
7467
8706
6634
8288
6252
6372
7478
6526
6541
7501
7501
6310
9267
7031
7584
6357
6918
6830
8460
8630
9095
6300
6718
6614
6935
9408
6253
8068
9461
7988
8109
6538
7421
7480
7352
7786
7532
6414
8486
7987
6854
7279
6676
6637
8687
9159
7532
6654
6787
6378
7715
6546
8715
6446
6254
6342
7504
7071
7042
6971
7707
7991
7092
8714
6725
7599
7690
6567
8236
6627
9346
6871
7212
7502
7640
7091
6488
9052
7043
8593
9058
6329
8737
7030
7661
9178
8592
6834
8198
7944
7909
6740
7302
6454
6809
7133
8364
7478
7096
7192
8113
9150
7648
8709
6642
7438
6451
6689
7775
7214
6683
6800
6691
7190
8237
8157
6718
7244
7277
6395
6867
6886
6823
7678
6477
7269
7792
8974
7229
7364
7471
6642
7421
7471
7309
8978
6391
6959
8666
7647
6649
6478
7316
6651
6739
8471
7992
7231
8084
7631
7459
7498
6413
9371
8765
7798
7504
8511
7019
6721
7311
6969
7497
9355
6588
6963
7472
7555
6939
7514
7477
7940
7738
6357
8988
7427
7026
7950
6627
6902
6591
8353
6657
7728
6410
7055
7881
9250
7577
7044
8273
7212
6879
7007
8173
6395
6410
6392
7722
7414
8761
8182
9154
8495
8779
6424
8547
9174
7121
9186
8352
8056
6765
6883
9382
6957
7050
7831
6658
8246
9058
7430
8062
6515
8358
8131
7721
8019
6720
8198
7911
8913
6721
6998
7341
9303
7693
6759
7832
6507
8874
8011
6447
6700
8201
7739
8455
7746
8169
8824
8736
6486
7006
7830
7537
8357
9244
8993
6510
7158
6761
6836
6904
6927
8187
8479
8616
6731
7394
8468
7389
7442
9124
7931
6477
8788
6554
7431
7776
8617
6820
7744
7438
7733
6913
6931
7345
7401
7902
8849
7202
8808
7385
8349
6883
7165
7655
8461
6632
6461
7476
8880
7777
6618
8269
6519
7239
7636
6959
7201
7136
7713
8209
6789
6513
7559
6503
6779
6804
6634
6636
6538
8934
6684
7953
8350
7803
6695
6557
7444
7967
9168
7563
6678
7312
7796
8684
6904
7161
7885
6638
6827
8306
8381
8508
6809
8131
8550
8656
7696
6807
6892
6709
8315
6835
8958
8974
8280
6568
7827
7189
8962
7118
8348
8407
6667
8189
7037
6932
7424
6913
8960
6737
6849
6848
8079
8583
9545
7358
9427
7249
7588
8181
6974
6666
9140
6736
9146
6774
8646
6881
8987
6821
7331
7225
9351
7403
8135
6616
7613
6992
8214
8219
7691
6769
7422
8551
7866
9448
8009
7458
8392
6696
7524
7023
7560
9009
7064
7099
8969
7425
8862
7908
8301
7043
7133
8126
6839
6860
7032
7674
7082
7557
8149
6798
7087
7031
7500
7608
6992
7892
8134
7818
6838
9084
6875
7547
7636
8730
7203
6740
7981
8285
8680
7906
6954
9377
6948
7085
6956
7665
7351
6701
8625
6722
6840
6846
7940
8489
6841
7554
9527
6671
7720
6999
7464
7056
8501
7896
7699
6725
6850
6991
9058
9221
7333
8347
6682
6714
7259
7534
7280
8585
8743
7896
8453
6875
7999
6682
7509
7785
7567
7092
7986
6984
6900
7819
7440
9052
8408
6861
7047
7774
7091
7352
7447
9355
8822
8028
8441
6791
7349
8023
6862
7587
6983
6733
7215
7524
7687
6679
8082
7152
7834
9082
7121
8479
7286
7668
8377
8229
8153
6674
6745
7205
7447
7778
8654
8304
9511
7009
8721
7005
7525
7545
6930
7162
7505
7959
6712
6759
7228
8038
8344
8675
7714
9137
7187
8510
6700
8053
6881
7409
7468
8204
7575
7831
6823
7110
6725
7221
9202
8145
8712
7071
7423
7603
9091
8006
8977
8170
7563
8962
8569
8830
9017
7119
6938
9087
6784
7970
7821
7034
7045
8091
8247
6928
9249
7079
8452
7025
7800
6929
7275
7512
7757
6975
7724
7354
7091
7060
8061
8635
9073
9168
8553
8910
7362
9428
7873
8445
7148
9171
7612
6770
7062
6865
7476
7049
7080
7735
7689
7822
7529
8915
8861
9030
7890
7132
8212
6806
9030
7078
7216
7374
7325
8333
7760
7032
7084
7098
6761
8567
8180
6792
8174
9392
7390
8596
7094
7109
8460
8942
9393
6972
7472
7694
8067
9302
8474
8450
8365
8568
6968
7994
7081
8325
7261
9021
6822
8287
8375
8836
6885
6782
9001
7683
8447
6957
7488
7299
8807
7414
9276
8238
8638
9369
7042
6958
7697
7081
7546
8713
6939
8297
8400
7047
9114
7185
8391
7140
8478
9254
9283
8137
8813
8696
6863
8880
8265
6914
6829
7972
6821
7962
9290
8115
6989
7731
8099
6843
8719
7861
7254
8963
7899
9123
9223
7106
8338
7369
8386
8762
7162
7547
7480
8248
6910
7087
7378
8057
8059
8711
8602
7859
8857
6945
7920
9534
7199
7101
7384
9519
8378
7744
8110
7525
8541
6997
7395
8097
8243
8921
9403
7353
7612
9083
8778
9201
8370
7530
7686
7779
8142
8075
7156
9093
9412
6931
7254
8314
8887
7120
7997
7226
8968
8025
8313
7843
9256
7238
7737
7116
9229
6920
7614
7649
8347
9312
7441
7632
9306
8038
7641
7346
7769
7264
7475
7750
7508
8989
8145
7964
8334
7622
7906
9043
7409
7929
7151
8786
8730
7528
7136
7153
9231
7230
7496
7743
7262
8343
8744
8561
7700
8007
7736
7379
8158
6970
7864
7910
7767
7832
9273
7744
7885
7701
8389
8193
8537
6970
7955
9245
9242
8080
7796
8252
7328
7572
7355
7475
7210
7369
8562
7529
7621
7585
8959
7208
7579
8587
7458
7828
9089
7755
7533
8072
7229
7244
7325
8118
7848
7383
7292
8949
7215
7312
7917
7309
7569
7845
7982
8177
9390
7385
8965
9246
8190
8037
8179
7380
7581
7016
8403
7782
8049
7348
7474
7401
7921
7339
7716
7842
8347
9125
7538
8356
7055
7158
7928
7369
7387
7351
7425
7082
7320
7392
7397
7400
8312
7334
7524
9278
7224
7849
7307
7278
7740
7157
8496
8010
8594
7849
8442
7510
7701
8691
7177
7446
7772
8552
8246
9298
8708
7222
8827
9029
7516
8473
7297
8572
9132
7761
9222
8012
8666
7552
8964
8896
8586
8697
7549
7322
7628
8131
9512
7296
7215
9132
7292
7856
8298
8670
7224
8901
9380
7578
7634
7960
7301
7826
7485
7665
8379
7410
8809
8289
7406
9279
7272
8302
7555
7617
7144
7546
8504
8294
8768
7655
7335
7983
7100
8079
8213
7117
9268
8152
9311
7648
8537
9122
7191
7719
7593
8194
8622
7097
8774
8598
8640
7491
7245
8653
7762
8350
8798
7731
7315
8025
7195
8000
7222
8529
9109
7570
8826
7715
8100
9179
7193
9251
7216
9332
8062
7578
7637
7315
7886
8108
7312
7549
8791
7348
7657
7491
7813
9404
8202
8017
8023
7150
7809
7141
7505
7651
9489
7452
8629
7783
7926
8081
7945
8257
7875
8637
7709
8017
8576
8950
7335
8703
8538
9389
7430
8547
8124
7268
7171
8701
8950
8398
8362
7491
8540
7782
7170
7373
7610
7886
8336
8433
7197
7317
7184
9218
8543
8698
8643
8067
8384
7781
7858
8312
8908
8224
8767
9199
8990
9282
7799
7892
9306
7237
8361
7241
7534
7197
7913
7255
7996
8812
8983
9049
8919
7213
8316
9183
7316
7902
8101
8344
7634
7562
7780
7830
7302
7352
7287
9386
7465
7284
7702
8416
7698
8870
8688
7709
8469
7776
8787
7923
8805
7236
7799
8816
9409
8865
9108
7262
8605
8043
7395
7715
7951
8338
7479
7713
7898
8523
8196
8707
7673
8454
8620
8659
9240
8320
8499
7544
7595
8269
7294
9072
7333
7900
9291
8016
9166
9330
9318
7603
7595
7613
8395
8520
8300
8301
8090
8374
7577
7751
7566
7318
7417
7461
7267
8409
8016
8553
7317
7340
8058
8351
7724
8203
8164
8312
7657
8236
9192
8124
8432
7520
8128
8278
8548
7616
8046
8809
7360
9097
8639
7944
8320
8040
8168
7316
8383
9298
7404
9215
8616
8427
9011
7336
7496
8729
7850
8956
7457
8203
8652
7469
9367
7825
7435
9098
7552
8233
8410
8991
7836
8030
7676
7336
7569
8669
7967
9129
9434
8918
8591
8609
9461
7807
9422
7642
8127
7904
8545
7838
7675
8478
8966
7676
9208
7732
9412
8770
8661
7741
8320
7812
8406
7726
9136
7630
8337
7978
9127
7442
7489
7789
7473
7867
9120
8258
8157
8319
7912
9004
8244
7700
8682
7706
8041
8339
8669
7736
8146
8506
7433
8490
8303
8483
9314
7526
7577
9331
7636
8397
8661
9285
7808
7614
7823
8228
8930
8044
8421
8657
7861
8415
8408
8150
8319
8926
8264
8159
9243
9068
9065
9416
7834
7419
7812
8153
7520
7767
7877
8087
7556
7788
8652
7511
8341
8359
7880
7924
8124
8323
8935
8370
9338
8099
8979
7514
7575
8540
8611
7725
7767
8697
8726
8976
7559
8922
7674
8380
8536
8582
7464
7945
7927
8015
9102
8558
9225
8461
8834
9395
7765
8845
8892
7484
7735
8001
7462
7946
8841
8864
8159
8872
7647
8265
7972
8424
7758
8147
8163
7642
7939
8741
7786
8672
8925
7774
8127
8030
8094
9324
8272
7892
8141
7958
7828
9304
7635
8646
8755
7823
7855
8563
9147
8989
7863
8031
9024
8166
8331
9023
7957
9358
7647
7931
8070
8630
8202
8242
7875
8734
8222
8342
7627
7591
8090
7804
8165
8402
8441
9199
7776
8151
8315
8745
7887
8126
7617
8672
7885
8794
8374
8279
9031
7971
8387
8588
8742
8997
7813
8702
8379
9180
9361
8059
7567
8322
8646
8517
8698
8161
9188
8692
7682
8367
7729
7683
8191
9123
8292
7708
8561
7675
8112
8281
8903
7630
7574
8765
9464
7970
8840
7597
7998
8044
7673
8209
9064
9232
7976
9458
8831
8817
8602
8005
8261
8972
9322
9170
8811
7928
7870
7707
8037
8924
8293
8235
8468
8897
8711
9368
7780
8278
8423
7940
8199
8296
8440
7796
7976
7785
8449
9361
8059
9144
8091
7733
9363
7624
8700
9364
7837
8055
7713
7922
8737
9405
9345
9076
9325
7643
7845
8498
8483
7633
8775
8244
8232
8086
8475
7706
8553
8003
8225
8656
9200
9027
7919
8390
9119
8056
7913
8084
8265
8739
7879
7786
9085
8098
8525
8542
9300
9462
7985
9061
8686
9107
7755
7956
8619
8590
8361
8359
8362
9134
8717
8845
7939
8576
8431
7789
8157
9217
9352
8904
9038
8474
8986
8886
7912
7811
8173
7934
8220
7928
7961
8725
7908
9102
8266
8369
8452
7985
7729
9390
7824
8637
7835
8968
8999
8002
7817
8512
9164
8898
8987
8758
9314
8589
9518
8139
8373
8728
9042
7838
8776
7960
8504
8784
8866
8518
7754
8151
7965
8851
8728
8534
8464
8491
7845
7967
8207
9204
8873
7840
7913
8137
8291
8443
8988
8277
8683
8771
7927
9207
7973
8820
7887
8129
7989
8259
8606
7832
8496
7855
8122
7937
8061
8155
8462
8352
8333
8509
8087
8796
8994
8013
8663
8509
8634
8579
8142
8245
9030
8175
9269
7948
9100
8203
8942
9197
8162
8280
9263
8306
9333
8607
7911
9158
7888
9145
7866
8878
8170
8342
8480
8835
9056
8689
7804
9277
8706
8385
8594
8463
9284
8354
9231
8931
9314
8998
9349
8215
8593
9312
8891
8111
8079
8785
8241
8056
8166
9215
8544
8724
8886
9227
7898
8049
7849
7962
8317
9264
9270
8883
8176
8539
9130
9158
8452
9311
8467
8650
7908
8433
8849
8567
8837
9467
9348
9456
8786
9004
8931
8043
8565
8797
8029
8202
7947
8632
8937
9118
8693
8322
9173
9097
9081
7922
8603
8845
9316
8990
8944
8794
9145
8436
8717
9316
9436
7998
8226
8949
9101
7954
9477
9541
9175
8586
8021
8156
8094
9048
8907
9389
8757
8418
8836
9071
9191
9050
9263
8005
9223
9429
8047
8251
8109
8457
8999
8651
8923
7965
8479
8719
8741
8334
9362
8021
8662
8681
8580
8696
8377
8659
9201
9222
8943
7981
8139
8236
9157
8557
8826
8121
9112
8316
8516
8546
8181
8163
9084
8907
8358
8194
9067
9219
9336
8123
8792
9521
8860
8449
8639
8855
8600
8687
9159
8040
8324
8926
9353
9360
8677
9307
8703
9046
8025
8180
8978
8828
8919
8371
8615
9118
8364
9329
8533
9213
8898
8967
8663
8517
8137
9181
8428
9279
8171
9072
8657
8359
8911
8405
8487
9195
8796
9146
8406
8870
8968
9103
8503
8247
8458
9043
8376
8679
8519
9370
9003
8319
8324
8398
8522
9455
8226
8115
8300
8905
9219
8823
8554
8470
8133
9050
8195
9203
8153
8677
8073
9054
8867
8442
9286
8748
9261
9120
8559
8288
8740
8946
9271
8285
8364
8391
8583
8156
8560
9482
9430
8348
9156
9433
9040
8709
8987
8255
8547
9405
8735
9028
8631
8642
8520
8272
8869
9351
8540
8255
8314
8884
8963
9000
8132
9288
9137
8243
8150
8303
8675
8245
8302
8387
8634
9114
8449
8906
8545
9320
8588
9453
8601
8636
9410
8462
9291
8229
9374
8313
8920
8200
8206
8773
8973
8502
8280
9347
8573
8385
8909
8925
8330
8261
8829
8574
9090
8726
8380
8578
8616
9533
8401
8374
8617
8635
9025
8571
8974
8760
9199
8158
9249
9126
8173
8539
8790
8414
8704
8658
9449
8411
8235
8284
8308
9190
9151
9128
9148
8258
8446
9289
8584
9394
9190
9152
9269
8325
8267
9424
8813
8370
8474
8857
8205
8814
9471
8527
9131
9474
8868
9005
8447
8598
8748
8753
9059
9044
8437
8915
8784
9281
8565
8692
8723
9465
8237
9047
9107
8389
8694
9121
8611
9278
8952
8507
8963
9189
9526
8422
9323
9209
8722
9001
9503
8662
8725
8326
9411
8318
8494
9396
8627
9056
9319
8548
8402
9335
8682
8665
8861
9221
8621
8679
8756
8412
8281
8552
9062
8600
9133
8260
8658
9052
8353
9015
8894
8834
9136
8504
8733
8564
9088
8824
8414
8766
8827
8958
9414
8581
8681
8718
9340
9363
8426
8730
9359
8513
8985
8394
8378
8833
9442
8441
9438
8487
8591
9406
8366
9033
9323
9333
9295
9401
8694
9324
8693
9226
8797
8980
9007
9397
8401
8337
8804
8491
8768
9132
8495
8865
8904
8375
8416
8417
8603
9083
8541
8489
8581
8709
8992
8908
8510
9183
8402
8754
9023
9540
8615
9032
9051
9096
8828
9375
9215
9327
8787
8638
8910
9081
8777
9425
9540
9131
8688
8880
8595
8828
9402
9247
8508
9147
9372
8717
9377
9538
9227
9300
9147
9282
8925
9285
9443
9400
8793
9462
8753
8607
8814
8795
8494
9129
9241
8406
8758
9342
9255
8403
8766
9307
8514
9349
9469
9531
9171
8817
9027
8823
8710
8513
9335
8924
9344
8812
9055
8531
8568
8497
9289
8708
8447
8914
9290
8619
8911
8501
9547
8579
9234
8575
8781
8493
9381
8731
9361
8708
9312
9098
8577
8690
8765
9457
8924
9390
9177
8470
8566
9292
8844
9331
8532
9174
8600
9339
9405
8718
9525
8516
9471
9270
9208
9247
9086
8715
9406
9486
8875
9084
9059
8952
9175
8964
9205
9351
8943
8984
9275
9000
9172
9121
8906
8515
8790
8648
8736
8942
8785
9238
8801
9237
9036
9383
8601
9329
8557
9287
9277
9299
8991
9445
8546
8815
8665
8719
8758
8761
8752
8623
8810
8662
9017
8563
8903
8707
9328
8595
9257
8699
8770
9178
9200
8602
9323
9344
8614
9065
9480
9079
9464
9290
9473
9470
8921
8637
8714
9313
9225
8691
9410
9257
9182
8801
9005
9301
8821
9272
8671
8603
9419
9018
9460
8902
8956
9415
9048
9381
9416
9308
9418
9529
9276
9451
9099
9168
8913
8821
9438
9074
9521
8723
9064
8982
9359
9154
9016
9042
9194
9414
8685
9246
9329
9459
9003
9207
9373
9380
9299
8837
9444
8815
8694
8791
8815
8994
9013
8726
8680
8863
9178
9276
8862
9505
9019
9472
9060
9211
8727
8749
8840
9286
8686
8788
9047
9490
8684
8789
9336
8691
9337
9383
8721
8847
9053
8818
9295
8762
8892
8729
9302
9367
9218
8972
9196
9242
9487
9333
8760
9033
9437
9169
8735
9411
8811
9338
8762
9177
9389
9081
8991
9422
9482
9060
9425
9376
8752
8843
8934
9277
8809
9204
8860
9014
8832
9356
8969
9002
9431
9115
9483
8806
8944
9297
8866
9313
8852
9013
8912
8935
9008
8914
9166
8971
9376
9160
9155
9404
9349
9324
8883
8802
9461
9082
8818
8838
8829
9047
9316
9522
9031
9268
9144
8926
9229
8938
9294
9520
8933
8879
9020
9155
9265
9432
9022
9378
9452
9391
8888
9446
8881
8933
8871
9418
9012
9055
8945
9526
9008
9230
9356
8930
9341
9428
8910
9231
9255
9133
9074
9031
9332
8941
9045
8927
8964
9366
9028
9423
8899
8902
9169
8929
9293
9358
9476
8896
9141
8951
8941
9475
9037
9053
9056
9096
9080
8938
9221
9298
9002
9021
8980
9388
9401
8957
9478
9363
9045
9498
9099
9164
9264
9211
9328
8943
9062
9163
9546
9167
9142
9305
9427
9439
9150
8997
8983
9447
8965
9158
9226
9245
9038
9328
9042
9011
9318
9230
9496
9500
9531
9124
9396
9467
9113
9479
9153
9089
9426
9304
9220
9209
9103
9292
9055
9331
9397
9037
9048
9278
9198
8988
9140
9395
9507
9143
9066
9163
9335
9038
9423
9034
9476
9262
9101
9444
9337
9510
9051
9151
9353
9319
9133
9034
9187
9114
9173
9210
9409
9196
9250
9170
9251
9033
9166
9087
9256
9248
9040
9425
9175
9032
9063
9189
9513
9468
9234
9094
9451
9184
9174
9156
9415
9107
9149
9370
9271
9327
9348
9506
9288
9066
9086
9336
9404
9075
9301
9099
9191
9398
9411
9381
9432
9193
9419
9286
9239
9457
9365
9203
9485
9452
9169
9192
9185
9326
9452
9387
9235
9491
9473
9138
9157
9122
9179
9247
9217
9208
9281
9287
9458
9144
9346
9374
9156
9396
9458
9254
9402
9379
9407
9318
9334
9236
9513
9343
9360
9350
9177
9250
9224
9372
9379
9305
9200
9239
9308
9383
9274
9304
9317
9406
9195
9374
9382
9429
9357
9282
9394
9261
9456
9463
9494
9395
9346
9253
9365
9465
9449
9499
9249
9263
9504
9364
9237
9450
9413
9428
9466
9472
9254
9320
9479
9342
9309
9258
9485
9280
9362
9339
9299
9459
9359
9297
9454
9388
9434
9518
9474
9442
9342
9437
9300
9322
9373
9348
9367
9368
9420
9435
9332
9330
9506
9438
9334
9365
9503
9320
9469
9507
9369
9442
9523
9470
9439
9463
9468
9377
9437
9399
9403
9376
9391
9486
9357
9447
9378
9350
9400
9488
9354
9430
9510
9358
9369
9449
9487
9435
9478
9413
9507
9496
9462
9387
9468
9440
9509
9511
9450
9481
9433
9484
9502
9523
9520
9522
9495
9504
9453
9515
9475
9516
9495
9519
9498
9514
9445
9508
9514
9440
9493
9463
9446
9509
9478
9500
9467
9489
9497
9510
9464
9501
9493
9500
9477
9516
9520
9522
9490
9517
9499
9524
9518
9505
9512
9527
9529
9525
9526
9521
9527
9528
9533
9537
9540
9545
)


// ************************************************************************* //
