/*--------------------------------*- C++ -*----------------------------------*\
| =========                 |                                                 |
| \\      /  F ield         | OpenFOAM: The Open Source CFD Toolbox           |
|  \\    /   O peration     | Version:  2412                                  |
|   \\  /    A nd           | Website:  www.openfoam.com                      |
|    \\/     M anipulation  |                                                 |
\*---------------------------------------------------------------------------*/
FoamFile
{
    version     2.0;
    format      ascii;
    arch        "LSB;label=32;scalar=64";
    note        "nPoints:196  nCells:162  nFaces:583  nInternalFaces:227";
    class       labelList;
    location    "constant/polyMesh";
    object      neighbour;
}
// * * * * * * * * * * * * * * * * * * * * * * * * * * * * * * * * * * * * * //


227
(
3
13
108
4
18
48
5
19
53
23
113
98
110
102
112
8
24
109
12
25
37
105
114
10
20
105
83
102
16
17
95
17
24
56
154
15
23
130
98
128
20
87
51
124
125
126
127
24
22
127
153
152
160
61
104
109
28
59
78
52
80
86
82
110
69
94
126
63
135
72
137
50
56
76
34
70
64
145
37
54
90
42
54
73
84
44
78
128
48
62
70
71
50
73
74
75
84
44
57
77
130
46
59
81
82
147
61
62
88
114
138
75
84
92
69
79
69
83
66
136
66
67
76
79
85
95
86
61
108
98
88
124
107
111
115
74
75
92
77
78
85
148
91
144
91
152
113
93
87
81
94
143
125
87
86
106
112
104
93
95
146
97
155
159
124
161
108
131
107
132
106
133
111
104
139
115
127
159
158
128
129
129
130
134
134
119
131
123
132
120
138
136
139
122
133
137
135
161
160
154
155
153
155
154
153
158
158
146
151
160
142
143
146
144
148
149
151
150
157
149
156
150
150
152
157
161
159
)


// ************************************************************************* //
