/*--------------------------------*- C++ -*----------------------------------*\
| =========                 |                                                 |
| \\      /  F ield         | OpenFOAM: The Open Source CFD Toolbox           |
|  \\    /   O peration     | Version:  2412                                  |
|   \\  /    A nd           | Website:  www.openfoam.com                      |
|    \\/     M anipulation  |                                                 |
\*---------------------------------------------------------------------------*/
FoamFile
{
    version     2.0;
    format      ascii;
    arch        "LSB;label=32;scalar=64";
    class       faceList;
    location    "constant/polyMesh";
    object      faces;
}
// * * * * * * * * * * * * * * * * * * * * * * * * * * * * * * * * * * * * * //


3107
(
4(458 379 769 848)
4(458 848 931 541)
4(379 541 931 769)
4(454 542 932 844)
4(306 696 932 542)
4(306 454 844 696)
4(441 831 850 460)
4(441 443 833 831)
4(443 460 850 833)
4(395 542 932 785)
4(454 395 785 844)
4(441 831 938 548)
4(460 548 938 850)
4(210 345 735 600)
4(210 600 863 473)
4(345 473 863 735)
4(408 448 838 798)
4(234 408 798 624)
4(234 624 838 448)
4(228 453 843 618)
4(453 524 914 843)
4(228 618 914 524)
4(453 541 931 843)
4(212 453 843 602)
4(212 602 931 541)
4(228 577 967 618)
4(453 843 967 577)
4(270 660 918 528)
4(270 387 777 660)
4(387 528 918 777)
4(197 587 753 363)
4(31 363 753 123)
4(197 31 123 587)
4(489 528 918 879)
4(366 489 879 756)
4(366 756 918 528)
4(210 537 927 600)
4(345 735 927 537)
4(441 221 611 831)
4(221 443 833 611)
4(227 617 901 511)
4(227 468 858 617)
4(468 511 901 858)
4(440 221 611 830)
4(440 830 831 441)
4(376 766 936 546)
4(376 346 736 766)
4(346 546 936 736)
4(404 296 686 794)
4(404 794 920 530)
4(296 530 920 686)
4(457 492 882 847)
4(334 457 847 724)
4(334 724 882 492)
4(351 194 584 741)
4(351 741 810 420)
4(194 420 810 584)
4(471 861 865 475)
4(302 475 865 692)
4(471 302 692 861)
4(232 233 623 622)
4(226 232 622 616)
4(226 616 623 233)
4(192 376 766 582)
4(192 582 936 546)
4(510 514 904 900)
4(348 738 904 514)
4(348 510 900 738)
4(408 389 779 798)
4(389 448 838 779)
4(490 880 918 528)
4(490 270 660 880)
4(422 812 820 430)
4(424 430 820 814)
4(422 424 814 812)
4(362 366 756 752)
4(363 362 752 753)
4(363 753 756 366)
4(429 541 931 819)
4(453 429 819 843)
4(406 324 714 796)
4(406 796 926 536)
4(324 536 926 714)
4(363 364 754 753)
4(197 587 754 364)
4(360 409 799 750)
4(340 730 799 409)
4(340 360 750 730)
4(489 490 880 879)
4(231 350 740 621)
4(231 621 905 515)
4(350 515 905 740)
4(447 837 865 475)
4(447 471 861 837)
4(296 686 877 487)
4(404 487 877 794)
4(458 525 915 848)
4(379 769 915 525)
4(406 520 910 796)
4(324 714 910 520)
4(234 461 851 624)
4(408 798 851 461)
4(233 623 624 234)
4(232 234 624 622)
4(326 427 817 716)
4(427 495 885 817)
4(326 716 885 495)
4(96 227 617 188)
4(96 188 901 511)
4(366 756 902 512)
4(362 512 902 752)
4(442 308 698 832)
4(442 832 888 498)
4(308 498 888 698)
4(40 132 772 382)
4(41 382 772 133)
4(434 242 632 824)
4(242 519 909 632)
4(434 824 909 519)
4(433 823 868 478)
4(435 478 868 825)
4(433 435 825 823)
4(369 427 817 759)
4(426 369 759 816)
4(426 816 817 427)
4(63 435 825 155)
4(62 154 825 435)
4(455 457 847 845)
4(206 455 845 596)
4(206 596 847 457)
4(17 440 830 109)
4(16 108 830 440)
4(429 458 848 819)
4(228 509 899 618)
4(509 577 967 899)
4(89 181 584 194)
4(90 194 584 182)
4(44 195 585 136)
4(43 135 585 195)
4(350 740 913 523)
4(231 523 913 621)
4(427 817 940 550)
4(326 550 940 716)
4(215 377 767 605)
4(215 605 770 380)
4(377 380 770 767)
4(78 170 757 367)
4(79 367 757 171)
4(367 426 816 757)
4(78 170 816 426)
4(32 124 752 362)
4(33 362 752 125)
4(70 202 592 162)
4(69 161 592 202)
4(24 203 593 116)
4(23 115 593 203)
4(58 150 746 356)
4(59 356 746 151)
4(12 104 749 359)
4(13 359 749 105)
4(209 599 820 430)
4(209 422 812 599)
4(369 495 885 759)
4(430 820 965 575)
4(424 575 965 814)
4(394 784 932 542)
4(394 310 700 784)
4(310 542 932 700)
4(367 369 759 757)
4(34 126 766 376)
4(35 376 766 127)
4(80 172 765 375)
4(81 375 765 173)
4(489 879 902 512)
4(340 730 849 459)
4(329 459 849 719)
4(340 329 719 730)
4(401 425 815 791)
4(404 401 791 794)
4(404 794 815 425)
4(40 132 783 393)
4(382 393 783 772)
4(457 847 892 502)
4(455 502 892 845)
4(215 42 134 605)
4(42 377 767 134)
4(214 88 180 604)
4(214 604 774 384)
4(88 384 774 180)
4(220 435 825 610)
4(63 220 610 155)
4(331 407 797 721)
4(332 722 797 407)
4(332 331 721 722)
4(434 549 939 824)
4(242 632 939 549)
4(17 221 611 109)
4(401 400 790 791)
4(400 425 815 790)
4(492 882 892 502)
4(97 227 617 189)
4(51 226 616 143)
4(50 142 616 226)
4(68 218 608 160)
4(67 159 608 218)
4(22 219 609 114)
4(21 113 609 219)
4(274 451 841 664)
4(449 839 841 451)
4(449 274 664 839)
4(433 823 934 544)
4(478 544 934 868)
4(240 383 773 630)
4(240 630 915 525)
4(383 525 915 773)
4(209 599 862 472)
4(430 472 862 820)
4(351 513 903 741)
4(194 584 903 513)
4(51 143 956 566)
4(52 566 956 144)
4(308 698 951 561)
4(442 561 951 832)
4(422 414 804 812)
4(414 423 813 804)
4(422 812 813 423)
4(410 800 876 486)
4(410 268 658 800)
4(268 486 876 658)
4(227 514 904 617)
4(510 227 617 900)
4(223 613 943 553)
4(223 370 760 613)
4(370 553 943 760)
4(198 588 787 397)
4(198 66 158 588)
4(66 397 787 158)
4(199 589 790 400)
4(199 20 112 589)
4(20 400 790 112)
4(73 421 811 165)
4(209 599 811 421)
4(209 73 165 599)
4(403 404 794 793)
4(403 793 920 530)
4(233 623 625 235)
4(234 235 625 624)
4(396 446 836 786)
4(445 396 786 835)
4(445 835 836 446)
4(87 179 604 214)
4(41 133 605 215)
4(514 97 189 904)
4(97 515 905 189)
4(514 904 905 515)
4(206 596 894 504)
4(28 504 894 120)
4(206 28 120 596)
4(368 342 732 758)
4(342 505 895 732)
4(368 758 895 505)
4(343 465 855 733)
4(335 343 733 725)
4(335 725 855 465)
4(396 454 844 786)
4(446 836 844 454)
4(215 605 771 381)
4(380 381 771 770)
4(60 152 821 431)
4(61 431 821 153)
4(455 845 894 504)
4(32 363 753 124)
4(14 106 827 437)
4(15 437 827 107)
4(56 148 782 392)
4(57 392 782 149)
4(10 102 781 391)
4(11 391 781 103)
4(384 385 775 774)
4(214 604 775 385)
4(72 164 862 472)
4(72 209 599 164)
4(419 447 837 809)
4(419 809 865 475)
4(421 811 812 422)
4(421 414 804 811)
4(77 196 586 169)
4(76 168 586 196)
4(30 122 587 197)
4(222 612 802 412)
4(222 75 167 612)
4(75 412 802 167)
4(419 474 864 809)
4(447 837 864 474)
4(423 813 924 534)
4(423 415 805 813)
4(415 534 924 805)
4(71 163 862 472)
4(395 394 784 785)
4(411 430 820 801)
4(411 801 965 575)
4(457 847 917 527)
4(334 527 917 724)
4(397 398 788 787)
4(198 588 788 398)
4(25 117 613 223)
4(26 223 613 118)
4(240 552 942 630)
4(383 773 942 552)
4(425 406 796 815)
4(425 815 926 536)
4(199 589 791 401)
4(445 835 884 494)
4(445 86 178 835)
4(86 494 884 178)
4(53 230 620 145)
4(52 144 620 230)
4(98 190 621 231)
4(99 231 621 191)
4(342 732 957 567)
4(368 567 957 758)
4(312 547 937 702)
4(444 312 702 834)
4(444 834 937 547)
4(312 702 799 409)
4(313 409 799 703)
4(312 313 703 702)
4(39 393 783 131)
4(207 597 783 393)
4(207 39 131 597)
4(200 438 828 590)
4(437 200 590 827)
4(437 827 828 438)
4(201 432 822 591)
4(431 201 591 821)
4(431 821 822 432)
4(276 423 813 666)
4(276 666 924 534)
4(465 855 955 565)
4(343 565 955 733)
4(192 512 902 582)
4(362 192 582 752)
4(413 470 860 803)
4(416 413 803 806)
4(416 806 860 470)
4(215 382 772 605)
4(351 741 922 532)
4(420 532 922 810)
4(203 436 826 593)
4(373 203 593 763)
4(373 763 826 436)
4(74 421 811 166)
4(204 356 746 594)
4(204 594 778 388)
4(356 388 778 746)
4(51 232 622 143)
4(232 461 851 622)
4(65 157 588 198)
4(19 111 589 199)
4(382 772 963 573)
4(381 573 963 771)
4(382 381 771 772)
4(38 130 842 452)
4(38 207 597 130)
4(207 452 842 597)
4(340 730 921 531)
4(459 531 921 849)
4(409 547 937 799)
4(238 390 780 628)
4(238 628 946 556)
4(390 556 946 780)
4(82 174 807 417)
4(83 417 807 175)
4(438 828 829 439)
4(200 439 829 590)
4(414 415 805 804)
4(201 433 823 591)
4(432 822 823 433)
4(385 513 903 775)
4(513 551 941 903)
4(385 775 941 551)
4(393 407 797 783)
4(207 597 797 407)
4(462 399 789 852)
4(462 852 853 463)
4(399 463 853 789)
4(539 382 772 929)
4(539 929 963 573)
4(412 413 803 802)
4(222 612 803 413)
4(37 129 842 452)
4(360 547 937 750)
4(201 591 825 435)
4(201 62 154 591)
4(347 489 879 737)
4(347 737 902 512)
4(412 470 860 802)
4(396 786 884 494)
4(98 515 905 190)
4(91 183 603 213)
4(92 213 603 184)
4(45 137 602 212)
4(46 212 602 138)
4(237 627 848 458)
4(240 458 848 630)
4(237 240 630 627)
4(192 34 126 582)
4(193 80 172 583)
4(193 583 765 375)
4(200 590 830 440)
4(200 16 108 590)
4(232 622 956 566)
4(204 58 150 594)
4(205 12 104 595)
4(205 595 749 359)
4(219 371 761 609)
4(219 609 796 406)
4(371 406 796 761)
4(398 788 906 516)
4(397 516 906 787)
4(384 513 903 774)
4(50 142 899 509)
4(226 509 899 616)
4(202 592 743 353)
4(70 353 743 162)
4(220 478 868 610)
4(451 841 947 557)
4(274 557 947 664)
4(35 210 600 127)
4(210 376 766 600)
4(211 375 765 601)
4(81 211 601 173)
4(316 409 799 706)
4(313 316 706 703)
4(270 529 919 660)
4(387 777 919 529)
4(24 436 826 116)
4(436 223 613 826)
4(436 826 943 553)
4(203 371 761 593)
4(23 115 761 371)
4(202 374 764 592)
4(69 161 764 374)
4(331 497 887 721)
4(407 797 887 497)
4(91 183 810 420)
4(213 420 810 603)
4(202 592 744 354)
4(353 354 744 743)
4(202 592 855 465)
4(354 465 855 744)
4(374 764 855 465)
4(443 405 795 833)
4(405 460 850 795)
4(238 526 916 628)
4(390 780 916 526)
4(223 527 917 613)
4(370 760 917 527)
4(217 356 746 607)
4(59 217 607 151)
4(216 359 749 606)
4(13 216 606 105)
4(203 372 762 593)
4(371 761 762 372)
4(329 349 739 719)
4(349 459 849 739)
4(376 522 912 766)
4(346 736 912 522)
4(199 589 854 464)
4(199 402 792 589)
4(402 464 854 792)
4(236 237 627 626)
4(236 626 848 458)
4(225 615 782 392)
4(225 56 148 615)
4(224 10 102 614)
4(224 614 781 391)
4(310 700 898 508)
4(394 508 898 784)
4(512 902 936 546)
4(407 539 929 797)
4(332 722 929 539)
4(206 456 846 596)
4(27 119 846 456)
4(27 206 596 119)
4(22 371 761 114)
4(68 374 764 160)
4(218 608 764 374)
4(316 706 730 340)
4(316 329 719 706)
4(198 588 852 462)
4(198 399 789 588)
4(406 372 762 796)
4(372 520 910 762)
4(236 235 625 626)
4(235 237 627 625)
4(233 623 626 236)
4(196 586 816 426)
4(77 426 816 169)
4(195 585 891 501)
4(44 501 891 136)
4(392 782 798 408)
4(392 389 779 782)
4(446 471 861 836)
4(447 446 836 837)
4(360 750 921 531)
4(356 746 747 357)
4(217 357 747 607)
4(217 431 821 607)
4(358 748 821 431)
4(358 217 607 748)
4(221 578 968 611)
4(443 833 968 578)
4(396 395 785 786)
4(337 314 704 727)
4(337 727 898 508)
4(314 508 898 704)
4(364 754 756 366)
4(196 586 817 427)
4(43 377 767 135)
4(216 437 827 606)
4(361 751 827 437)
4(361 216 606 751)
4(225 615 798 408)
4(89 384 774 181)
4(237 627 628 238)
4(235 238 628 625)
4(217 60 152 607)
4(468 858 900 510)
4(456 846 847 457)
4(211 601 807 417)
4(211 82 174 601)
4(219 609 815 425)
4(216 14 106 606)
4(216 360 750 606)
4(359 749 750 360)
4(210 600 912 522)
4(473 522 912 863)
4(61 201 591 153)
4(29 504 894 121)
4(25 117 826 436)
4(475 865 961 571)
4(302 571 961 692)
4(318 708 727 337)
4(318 314 704 708)
4(410 800 923 533)
4(486 533 923 876)
4(19 111 854 464)
4(506 896 963 573)
4(506 476 866 896)
4(476 573 963 866)
4(65 157 852 462)
4(15 200 590 107)
4(67 397 787 159)
4(21 400 790 113)
4(246 636 867 477)
4(469 477 867 859)
4(246 469 859 636)
4(85 177 835 445)
4(74 166 612 222)
4(237 627 629 239)
4(238 239 629 628)
4(417 807 864 474)
4(83 474 864 175)
4(235 625 838 448)
4(429 236 626 819)
4(419 417 807 809)
4(410 538 928 800)
4(268 658 928 538)
4(221 464 854 611)
4(464 578 968 854)
4(364 365 755 754)
4(197 587 755 365)
4(211 601 808 418)
4(417 418 808 807)
4(233 428 818 623)
4(226 616 818 428)
4(221 18 110 611)
4(18 464 854 110)
4(220 64 156 610)
4(220 610 852 462)
4(64 462 852 156)
4(76 412 802 168)
4(211 499 889 601)
4(375 765 889 499)
4(400 219 609 790)
4(204 594 779 389)
4(388 389 779 778)
4(195 377 767 585)
4(361 751 828 438)
4(194 384 774 584)
4(381 506 896 771)
4(418 499 889 808)
4(50 572 962 142)
4(49 141 962 572)
4(358 748 822 432)
4(423 424 814 813)
4(208 598 836 446)
4(208 445 835 598)
4(499 342 732 889)
4(499 889 957 567)
4(87 494 884 179)
4(239 240 630 629)
4(338 342 732 728)
4(338 728 889 499)
4(220 610 853 463)
4(473 483 873 863)
4(339 729 873 483)
4(339 473 863 729)
4(312 702 925 535)
4(444 535 925 834)
4(238 628 838 448)
4(90 182 810 420)
4(318 708 741 351)
4(337 351 741 727)
4(355 472 862 745)
4(430 355 745 820)
4(470 427 817 860)
4(470 860 940 550)
4(439 498 888 829)
4(438 828 888 498)
4(47 139 618 228)
4(48 228 618 140)
4(93 185 619 229)
4(94 229 619 186)
4(26 118 846 456)
4(218 397 787 608)
4(401 402 792 791)
4(196 412 802 586)
4(439 829 830 440)
4(385 386 776 775)
4(214 604 776 386)
4(208 447 837 598)
4(208 598 864 474)
4(239 241 631 629)
4(240 630 631 241)
4(398 399 789 788)
4(222 421 811 612)
4(473 336 726 863)
4(336 483 873 726)
4(454 471 861 844)
4(331 249 639 721)
4(331 721 875 485)
4(249 485 875 639)
4(29 121 890 500)
4(30 500 890 122)
4(413 414 804 803)
4(222 612 804 414)
4(95 187 901 511)
4(244 476 866 634)
4(244 634 896 506)
4(250 251 641 640)
4(249 250 640 639)
4(249 639 641 251)
4(204 594 782 392)
4(352 467 857 742)
4(467 570 960 857)
4(352 742 960 570)
4(244 245 635 634)
4(245 476 866 635)
4(241 242 632 631)
4(241 631 633 243)
4(242 243 633 632)
4(251 641 642 252)
4(250 252 642 640)
4(208 85 177 598)
4(249 247 637 639)
4(247 250 640 637)
4(239 242 632 629)
4(355 353 743 745)
4(353 472 862 743)
4(283 479 869 673)
4(328 718 869 479)
4(328 283 673 718)
4(84 474 864 176)
4(439 442 832 829)
4(244 243 633 634)
4(243 245 635 633)
4(241 631 634 244)
4(196 470 860 586)
4(372 762 763 373)
4(328 481 871 718)
4(370 328 718 760)
4(370 760 871 481)
4(352 532 922 742)
4(467 857 922 532)
4(251 641 643 253)
4(252 253 643 642)
4(84 208 598 176)
4(432 822 859 469)
4(433 469 859 823)
4(345 336 726 735)
4(419 809 893 503)
4(475 503 893 865)
4(245 246 636 635)
4(246 247 637 636)
4(245 635 637 247)
4(248 638 639 249)
4(248 247 637 638)
4(343 344 734 733)
4(343 733 906 516)
4(344 516 906 734)
4(423 813 935 545)
4(276 545 935 666)
4(9 517 907 101)
4(8 100 907 517)
4(55 518 908 147)
4(54 146 908 518)
4(250 477 867 640)
4(327 250 640 717)
4(327 717 867 477)
4(428 429 819 818)
4(428 818 843 453)
4(243 246 636 633)
4(254 644 645 255)
4(254 253 643 644)
4(253 255 645 643)
4(256 255 645 646)
4(255 257 647 645)
4(256 646 647 257)
4(279 669 670 280)
4(279 277 667 669)
4(277 280 670 667)
4(260 650 873 483)
4(260 339 729 650)
4(279 669 671 281)
4(280 281 671 670)
4(257 647 649 259)
4(257 258 648 647)
4(258 259 649 648)
4(254 644 646 256)
4(354 744 745 355)
4(258 255 645 648)
4(255 480 870 645)
4(258 648 870 480)
4(248 331 721 638)
4(248 638 722 332)
4(257 647 650 260)
4(259 260 650 649)
4(247 637 867 477)
4(463 478 868 853)
4(365 755 777 387)
4(364 387 777 754)
4(251 641 644 254)
4(253 643 715 325)
4(252 325 715 642)
4(428 236 626 818)
4(257 647 873 483)
4(303 304 694 693)
4(301 303 693 691)
4(301 691 694 304)
4(307 309 699 697)
4(308 307 697 698)
4(308 698 699 309)
4(338 333 723 728)
4(333 342 732 723)
4(386 776 784 394)
4(385 394 784 775)
4(305 695 697 307)
4(305 306 696 695)
4(306 307 697 696)
4(37 129 927 537)
4(452 537 927 842)
4(500 504 894 890)
4(256 483 873 646)
4(336 256 646 726)
4(374 764 955 565)
4(303 305 695 693)
4(304 694 695 305)
4(283 285 675 673)
4(285 479 869 675)
4(287 677 874 484)
4(287 317 707 677)
4(317 484 874 707)
4(401 403 793 791)
4(402 792 793 403)
4(330 349 739 720)
4(329 330 720 719)
4(479 481 871 869)
4(253 480 870 643)
4(248 638 866 476)
4(332 476 866 722)
4(325 480 870 715)
4(439 829 831 441)
4(323 346 736 713)
4(339 323 713 729)
4(339 729 736 346)
4(252 642 717 327)
4(379 195 585 769)
4(379 769 891 501)
4(214 494 884 604)
4(309 699 700 310)
4(307 310 700 697)
4(285 284 674 675)
4(285 675 676 286)
4(284 286 676 674)
4(289 679 874 484)
4(289 287 677 679)
4(287 286 676 677)
4(286 317 707 676)
4(305 695 698 308)
4(294 684 723 333)
4(292 333 723 682)
4(294 292 682 684)
4(223 613 846 456)
4(488 878 881 491)
4(488 258 648 878)
4(258 491 881 648)
4(438 444 834 828)
4(361 751 834 444)
4(283 281 671 673)
4(283 673 674 284)
4(281 284 674 671)
4(288 678 710 320)
4(288 290 680 678)
4(290 320 710 680)
4(278 277 667 668)
4(278 668 669 279)
4(282 281 671 672)
4(282 672 673 283)
4(386 776 785 395)
4(260 261 651 650)
4(260 650 713 323)
4(261 323 713 651)
4(413 415 805 803)
4(259 261 651 649)
4(415 805 806 416)
4(275 665 666 276)
4(275 273 663 665)
4(273 276 666 663)
4(303 306 696 693)
4(294 684 728 338)
4(275 665 667 277)
4(276 277 667 666)
4(279 282 672 669)
4(282 492 882 672)
4(279 669 882 492)
4(323 347 737 713)
4(346 736 737 347)
4(285 675 677 287)
4(344 488 878 734)
4(344 734 881 491)
4(285 675 678 288)
4(287 288 678 677)
4(357 388 778 747)
4(441 442 832 831)
4(301 302 692 691)
4(302 303 693 692)
4(398 788 959 569)
4(516 569 959 906)
4(264 321 711 654)
4(321 335 725 711)
4(264 654 725 335)
4(292 682 874 484)
4(292 289 679 682)
4(262 264 654 652)
4(263 262 652 653)
4(263 653 654 264)
4(263 653 872 482)
4(263 266 656 653)
4(266 482 872 656)
4(513 337 727 903)
4(337 551 941 727)
4(282 672 718 328)
4(261 651 652 262)
4(259 262 652 649)
4(322 256 646 712)
4(322 712 726 336)
4(418 419 809 808)
4(418 808 893 503)
4(341 336 726 731)
4(341 731 735 345)
4(259 649 878 488)
4(245 635 638 248)
4(262 321 711 652)
4(197 587 890 500)
4(365 500 890 755)
4(36 210 600 128)
4(333 723 874 484)
4(288 678 869 479)
4(320 479 869 710)
4(293 292 682 683)
4(293 683 684 294)
4(284 326 716 674)
4(286 676 716 326)
4(261 263 653 651)
4(261 651 872 482)
4(469 544 934 859)
4(477 867 934 544)
4(375 765 957 567)
4(286 495 885 676)
4(317 707 885 495)
4(33 125 582 192)
4(79 171 583 193)
4(288 678 679 289)
4(11 103 595 205)
4(57 149 594 204)
4(321 343 733 711)
4(485 497 887 875)
4(402 792 795 405)
4(403 405 795 793)
4(357 747 748 358)
4(289 290 680 679)
4(330 514 904 720)
4(350 330 720 740)
4(350 740 904 514)
4(480 491 881 870)
4(251 485 875 641)
4(323 713 872 482)
4(262 488 878 652)
4(321 711 878 488)
4(300 299 689 690)
4(299 301 691 689)
4(300 690 691 301)
4(574 405 795 964)
4(574 964 971 581)
4(405 581 971 795)
4(297 299 689 687)
4(297 687 690 300)
4(290 291 681 680)
4(291 324 714 681)
4(290 680 714 324)
4(291 292 682 681)
4(291 681 683 293)
4(291 289 679 681)
4(282 334 724 672)
4(71 353 743 163)
4(92 184 856 466)
4(93 466 856 185)
4(274 273 663 664)
4(274 664 665 275)
4(489 266 656 879)
4(266 490 880 656)
4(386 494 884 776)
4(264 654 876 486)
4(335 486 876 725)
4(319 329 719 709)
4(316 319 709 706)
4(267 657 660 270)
4(267 269 659 657)
4(269 270 660 659)
4(334 328 718 724)
4(334 724 760 370)
4(263 653 655 265)
4(264 265 655 654)
4(320 481 871 710)
4(347 737 872 482)
4(434 432 822 824)
4(434 824 859 469)
4(265 266 656 655)
4(254 644 712 322)
4(281 671 886 496)
4(280 496 886 670)
4(275 665 668 278)
4(482 489 879 872)
4(344 321 711 734)
4(193 367 757 583)
4(455 451 841 845)
4(451 502 892 841)
4(355 410 800 745)
4(354 744 800 410)
4(291 487 877 681)
4(324 714 877 487)
4(36 537 927 128)
4(299 302 692 689)
4(267 657 880 490)
4(358 748 824 434)
4(278 668 882 492)
4(266 267 657 656)
4(293 487 877 683)
4(271 272 662 661)
4(271 661 663 273)
4(272 273 663 662)
4(267 268 658 657)
4(268 269 659 658)
4(268 265 655 658)
4(265 486 876 655)
4(212 524 914 602)
4(267 265 655 657)
4(294 684 883 493)
4(338 493 883 728)
4(269 271 661 659)
4(270 660 661 271)
4(293 683 685 295)
4(294 295 685 684)
4(293 296 686 683)
4(360 750 751 361)
4(269 272 662 659)
4(333 505 895 723)
4(271 661 664 274)
4(295 296 686 685)
4(295 297 687 685)
4(296 686 687 297)
4(386 776 786 396)
4(367 757 758 368)
4(193 368 758 583)
4(322 712 731 341)
4(45 137 891 501)
4(212 501 891 602)
4(365 755 839 449)
4(387 449 839 777)
4(297 298 688 687)
4(298 299 689 688)
4(254 485 875 644)
4(295 298 688 685)
4(368 369 759 758)
4(359 749 921 531)
4(377 767 768 378)
4(195 378 768 585)
4(322 712 887 497)
4(341 497 887 731)
4(284 496 886 674)
4(326 716 886 496)
4(411 355 745 801)
4(410 800 801 411)
4(450 840 841 451)
4(450 449 839 840)
4(345 452 842 735)
4(341 731 842 452)
4(485 322 712 875)
4(399 580 970 789)
4(463 853 970 580)
4(484 874 895 505)
4(317 505 895 707)
4(295 685 883 493)
4(450 840 845 455)
4(545 935 965 575)
4(545 272 662 935)
4(272 575 965 662)
4(365 755 840 450)
4(298 688 883 493)
4(380 506 896 770)
4(450 500 890 840)
4(405 795 968 578)
4(330 348 738 720)
4(53 563 953 145)
4(230 620 953 563)
4(99 562 952 191)
4(231 621 952 562)
4(444 834 888 498)
4(378 380 770 768)
4(393 539 929 783)
4(481 871 950 560)
4(320 560 950 710)
4(373 481 871 763)
4(373 763 950 560)
4(213 603 856 466)
4(516 565 955 906)
4(315 316 706 705)
4(313 315 705 703)
4(460 850 964 574)
4(290 520 910 680)
4(320 710 910 520)
4(380 383 773 770)
4(383 506 896 773)
4(357 390 780 747)
4(388 778 780 390)
4(315 705 708 318)
4(315 314 704 705)
4(378 383 773 768)
4(456 846 917 527)
4(311 314 704 701)
4(313 703 704 314)
4(313 311 701 703)
4(278 668 892 502)
4(193 567 957 583)
4(478 543 933 868)
4(327 478 868 717)
4(327 717 933 543)
4(205 391 781 595)
4(309 311 701 699)
4(309 699 702 312)
4(311 312 702 701)
4(298 688 893 503)
4(493 503 893 883)
4(463 543 933 853)
4(450 840 894 504)
4(352 351 741 742)
4(469 859 939 549)
4(246 549 939 636)
4(521 911 970 580)
4(521 325 715 911)
4(325 580 970 715)
4(239 629 946 556)
4(318 708 742 352)
4(310 311 701 700)
4(519 909 946 556)
4(242 556 946 632)
4(411 538 928 801)
4(378 768 769 379)
4(229 466 856 619)
4(354 744 923 533)
4(448 838 916 526)
4(389 526 916 779)
4(452 842 930 540)
4(207 540 930 597)
4(404 794 926 536)
4(508 551 941 898)
4(349 350 740 739)
4(349 739 913 523)
4(399 521 911 789)
4(487 877 926 536)
4(205 595 921 531)
4(480 870 911 521)
4(319 330 720 709)
4(315 319 709 705)
4(496 886 966 576)
4(280 576 966 670)
4(339 522 912 729)
4(274 664 919 529)
4(449 529 919 839)
4(304 694 964 574)
4(304 460 850 694)
4(243 633 939 549)
4(46 524 914 138)
4(277 534 924 667)
4(280 670 924 534)
4(349 739 958 568)
4(523 568 958 913)
4(357 747 909 519)
4(358 519 909 748)
4(465 855 923 533)
4(297 687 920 530)
4(300 530 920 690)
4(1 5 948 558)
4(49 558 948 141)
4(3 7 949 559)
4(95 559 949 187)
4(48 140 948 558)
4(94 186 949 559)
4(424 545 935 814)
4(442 832 938 548)
4(416 496 886 806)
4(416 806 966 576)
4(318 507 897 708)
4(315 705 897 507)
4(241 552 942 631)
4(2 563 953 6)
4(0 562 952 4)
4(54 563 953 146)
4(8 562 952 100)
4(325 715 933 543)
4(252 543 933 642)
4(55 147 615 225)
4(9 101 614 224)
4(491 881 911 521)
4(466 467 857 856)
4(213 603 857 467)
4(307 697 932 542)
4(311 508 898 701)
4(205 459 849 595)
4(391 781 849 459)
4(302 692 944 554)
4(471 554 944 861)
4(272 662 928 538)
4(269 538 928 659)
4(47 139 914 524)
4(218 516 906 608)
4(308 535 925 698)
4(498 888 925 535)
4(309 699 925 535)
4(502 892 947 557)
4(352 507 897 742)
4(327 544 934 717)
4(273 663 935 545)
4(301 691 964 574)
4(390 780 909 519)
4(303 693 944 554)
4(228 572 962 618)
4(509 899 962 572)
4(418 808 954 564)
4(503 564 954 893)
4(495 555 945 885)
4(317 707 945 555)
4(398 521 911 788)
4(275 557 947 665)
4(213 532 922 603)
4(225 518 908 615)
4(224 517 907 614)
4(402 792 968 578)
4(461 851 956 566)
4(271 529 919 661)
4(300 690 971 581)
4(300 574 964 690)
4(369 555 945 759)
4(521 569 959 911)
4(491 881 959 569)
4(499 889 954 564)
4(503 893 961 571)
4(299 571 961 689)
4(408 798 969 579)
4(461 579 969 851)
4(373 763 943 553)
4(228 558 948 618)
4(558 572 962 948)
4(467 857 858 468)
4(466 468 858 856)
4(305 695 951 561)
4(319 348 738 709)
4(501 891 931 541)
4(467 857 900 510)
4(319 709 897 507)
4(391 568 958 781)
4(224 614 958 568)
4(388 526 916 778)
4(218 608 955 565)
4(361 547 937 751)
4(341 731 930 540)
4(481 553 943 871)
4(278 668 947 557)
4(468 229 619 858)
4(229 511 901 619)
4(378 525 915 768)
4(538 575 965 928)
4(298 688 961 571)
4(454 844 944 554)
4(306 554 944 696)
4(493 564 954 883)
4(364 528 918 754)
4(416 806 940 550)
4(225 615 969 579)
4(506 896 942 552)
4(335 725 923 533)
4(459 849 958 568)
4(407 797 930 540)
4(497 540 930 887)
4(496 550 940 886)
4(224 523 913 614)
4(517 907 913 523)
4(348 738 897 507)
4(510 570 960 900)
4(230 461 851 620)
4(230 620 956 566)
4(244 634 942 552)
4(543 580 970 933)
4(338 728 954 564)
4(304 548 938 694)
4(428 577 967 818)
4(226 616 967 577)
4(534 576 966 924)
4(347 546 936 737)
4(505 895 945 555)
4(348 570 960 738)
4(230 579 969 620)
4(511 559 949 901)
4(520 560 950 910)
4(394 784 941 551)
4(304 694 951 561)
4(332 573 963 722)
4(368 758 945 555)
4(372 762 950 560)
4(530 920 971 581)
4(344 734 959 569)
4(231 517 907 621)
4(403 581 971 793)
4(415 805 966 576)
4(229 559 949 619)
4(517 562 952 907)
4(518 563 953 908)
4(507 897 960 570)
4(230 518 908 620)
4(518 579 969 908)
4(548 938 951 561)
3(458 541 379)
3(848 769 931)
3(306 542 454)
3(696 844 932)
3(441 460 443)
3(831 833 850)
3(454 542 395)
3(844 785 932)
3(441 548 460)
3(831 850 938)
3(210 473 345)
3(600 735 863)
3(234 448 408)
3(624 798 838)
3(228 524 453)
3(618 843 914)
3(212 541 453)
3(602 843 931)
3(453 577 228)
3(843 618 967)
3(270 528 387)
3(660 777 918)
3(197 363 31)
3(587 123 753)
3(366 528 489)
3(756 879 918)
3(345 537 210)
3(735 600 927)
3(441 443 221)
3(831 611 833)
3(227 511 468)
3(617 858 901)
3(440 441 221)
3(830 611 831)
3(376 546 346)
3(766 736 936)
3(404 530 296)
3(794 686 920)
3(334 492 457)
3(724 847 882)
3(351 420 194)
3(741 584 810)
3(471 475 302)
3(861 692 865)
3(226 233 232)
3(616 622 623)
3(192 546 376)
3(582 766 936)
3(348 514 510)
3(738 900 904)
3(408 448 389)
3(798 779 838)
3(490 528 270)
3(880 660 918)
3(422 430 424)
3(812 814 820)
3(363 366 362)
3(753 752 756)
3(453 541 429)
3(843 819 931)
3(406 536 324)
3(796 714 926)
3(197 364 363)
3(587 753 754)
3(340 409 360)
3(730 750 799)
3(489 528 490)
3(879 880 918)
3(231 515 350)
3(621 740 905)
3(447 475 471)
3(837 861 865)
3(296 487 404)
3(686 794 877)
3(379 525 458)
3(769 848 915)
3(324 520 406)
3(714 796 910)
3(408 461 234)
3(798 624 851)
3(233 234 232)
3(623 622 624)
3(326 495 427)
3(716 817 885)
3(96 511 227)
3(188 617 901)
3(366 512 362)
3(756 752 902)
3(442 498 308)
3(832 698 888)
3(40 382 41)
3(132 133 772)
3(434 519 242)
3(824 632 909)
3(433 478 435)
3(823 825 868)
3(426 427 369)
3(816 759 817)
3(62 435 63)
3(154 155 825)
3(206 457 455)
3(596 845 847)
3(16 440 17)
3(108 109 830)
3(429 541 458)
3(819 848 931)
3(228 577 509)
3(618 899 967)
3(89 194 90)
3(181 182 584)
3(43 195 44)
3(135 136 585)
3(350 523 231)
3(740 621 913)
3(427 550 326)
3(817 716 940)
3(215 380 377)
3(605 767 770)
3(78 367 79)
3(170 171 757)
3(78 426 367)
3(170 757 816)
3(32 362 33)
3(124 125 752)
3(69 202 70)
3(161 162 592)
3(23 203 24)
3(115 116 593)
3(58 356 59)
3(150 151 746)
3(12 359 13)
3(104 105 749)
3(209 430 422)
3(599 812 820)
3(427 495 369)
3(817 759 885)
3(430 575 424)
3(820 814 965)
3(394 542 310)
3(784 700 932)
3(367 426 369)
3(757 759 816)
3(34 376 35)
3(126 127 766)
3(80 375 81)
3(172 173 765)
3(489 512 366)
3(879 756 902)
3(340 459 329)
3(730 719 849)
3(404 425 401)
3(794 791 815)
3(40 393 382)
3(132 772 783)
3(457 502 455)
3(847 845 892)
3(215 377 42)
3(605 134 767)
3(214 384 88)
3(604 180 774)
3(63 435 220)
3(155 610 825)
3(332 407 331)
3(722 721 797)
3(242 549 434)
3(632 824 939)
3(17 440 221)
3(109 611 830)
3(401 425 400)
3(791 790 815)
3(492 502 457)
3(882 847 892)
3(96 227 97)
3(188 189 617)
3(50 226 51)
3(142 143 616)
3(67 218 68)
3(159 160 608)
3(21 219 22)
3(113 114 609)
3(449 451 274)
3(839 664 841)
3(433 544 478)
3(823 868 934)
3(240 525 383)
3(630 773 915)
3(209 472 430)
3(599 820 862)
3(194 513 351)
3(584 741 903)
3(51 566 52)
3(143 144 956)
3(308 561 442)
3(698 832 951)
3(422 423 414)
3(812 804 813)
3(410 486 268)
3(800 658 876)
3(510 514 227)
3(900 617 904)
3(223 553 370)
3(613 760 943)
3(198 397 66)
3(588 158 787)
3(199 400 20)
3(589 112 790)
3(209 421 73)
3(599 165 811)
3(403 530 404)
3(793 794 920)
3(233 235 234)
3(623 624 625)
3(445 446 396)
3(835 786 836)
3(87 214 88)
3(179 180 604)
3(41 215 42)
3(133 134 605)
3(514 515 97)
3(904 189 905)
3(206 504 28)
3(596 120 894)
3(368 505 342)
3(758 732 895)
3(335 465 343)
3(725 733 855)
3(446 454 396)
3(836 786 844)
3(215 381 380)
3(605 770 771)
3(60 431 61)
3(152 153 821)
3(455 504 206)
3(845 596 894)
3(31 363 32)
3(123 124 753)
3(14 437 15)
3(106 107 827)
3(56 392 57)
3(148 149 782)
3(10 391 11)
3(102 103 781)
3(214 385 384)
3(604 774 775)
3(72 472 209)
3(164 599 862)
3(419 475 447)
3(809 837 865)
3(421 422 414)
3(811 804 812)
3(76 196 77)
3(168 169 586)
3(30 197 31)
3(122 123 587)
3(222 412 75)
3(612 167 802)
3(447 474 419)
3(837 809 864)
3(423 534 415)
3(813 805 924)
3(71 472 72)
3(163 164 862)
3(395 542 394)
3(785 784 932)
3(411 575 430)
3(801 820 965)
3(457 527 334)
3(847 724 917)
3(198 398 397)
3(588 787 788)
3(25 223 26)
3(117 118 613)
3(383 552 240)
3(773 630 942)
3(425 536 406)
3(815 796 926)
3(199 401 400)
3(589 790 791)
3(445 494 86)
3(835 178 884)
3(52 230 53)
3(144 145 620)
3(98 231 99)
3(190 191 621)
3(342 567 368)
3(732 758 957)
3(444 547 312)
3(834 702 937)
3(312 409 313)
3(702 703 799)
3(207 393 39)
3(597 131 783)
3(437 438 200)
3(827 590 828)
3(431 432 201)
3(821 591 822)
3(39 393 40)
3(131 132 783)
3(276 534 423)
3(666 813 924)
3(465 565 343)
3(855 733 955)
3(362 512 192)
3(752 582 902)
3(416 470 413)
3(806 803 860)
3(41 382 215)
3(133 605 772)
3(351 532 420)
3(741 810 922)
3(227 514 97)
3(617 189 904)
3(373 436 203)
3(763 593 826)
3(73 421 74)
3(165 166 811)
3(204 388 356)
3(594 746 778)
3(226 232 51)
3(616 143 622)
3(234 461 232)
3(624 622 851)
3(65 198 66)
3(157 158 588)
3(19 199 20)
3(111 112 589)
3(382 573 381)
3(772 771 963)
3(209 422 421)
3(599 811 812)
3(38 452 207)
3(130 597 842)
3(340 531 459)
3(730 849 921)
3(312 547 409)
3(702 799 937)
3(238 556 390)
3(628 780 946)
3(82 417 83)
3(174 175 807)
3(438 439 200)
3(828 590 829)
3(414 423 415)
3(804 805 813)
3(432 433 201)
3(822 591 823)
3(385 551 513)
3(775 903 941)
3(207 407 393)
3(597 783 797)
3(462 463 399)
3(852 789 853)
3(539 573 382)
3(929 772 963)
3(222 413 412)
3(612 802 803)
3(37 452 38)
3(129 130 842)
3(409 547 360)
3(799 750 937)
3(201 435 62)
3(591 154 825)
3(347 512 489)
3(737 879 902)
3(413 470 412)
3(803 802 860)
3(396 494 445)
3(786 835 884)
3(97 515 98)
3(189 190 905)
3(91 213 92)
3(183 184 603)
3(45 212 46)
3(137 138 602)
3(237 458 240)
3(627 630 848)
3(192 376 34)
3(582 126 766)
3(193 375 80)
3(583 172 765)
3(200 440 16)
3(590 108 830)
3(32 363 362)
3(124 752 753)
3(232 566 51)
3(622 143 956)
3(204 356 58)
3(594 150 746)
3(205 359 12)
3(595 104 749)
3(219 406 371)
3(609 761 796)
3(398 516 397)
3(788 787 906)
3(385 513 384)
3(775 774 903)
3(50 509 226)
3(142 616 899)
3(202 353 70)
3(592 162 743)
3(435 478 220)
3(825 610 868)
3(451 557 274)
3(841 664 947)
3(35 376 210)
3(127 600 766)
3(81 375 211)
3(173 601 765)
3(313 409 316)
3(703 706 799)
3(387 529 270)
3(777 660 919)
3(203 436 24)
3(593 116 826)
3(436 553 223)
3(826 613 943)
3(23 371 203)
3(115 593 761)
3(69 374 202)
3(161 592 764)
3(407 497 331)
3(797 721 887)
3(91 420 213)
3(183 603 810)
3(202 354 353)
3(592 743 744)
3(202 465 354)
3(592 744 855)
3(374 465 202)
3(764 592 855)
3(443 460 405)
3(833 795 850)
3(390 526 238)
3(780 628 916)
3(370 527 223)
3(760 613 917)
3(59 356 217)
3(151 607 746)
3(13 359 216)
3(105 606 749)
3(371 372 203)
3(761 593 762)
3(329 459 349)
3(719 739 849)
3(346 522 376)
3(736 766 912)
3(199 464 402)
3(589 792 854)
3(236 458 237)
3(626 627 848)
3(225 392 56)
3(615 148 782)
3(224 391 10)
3(614 102 781)
3(310 508 394)
3(700 784 898)
3(512 546 192)
3(902 582 936)
3(332 539 407)
3(722 797 929)
3(27 456 206)
3(119 596 846)
3(219 371 22)
3(609 114 761)
3(218 374 68)
3(608 160 764)
3(316 340 329)
3(706 719 730)
3(198 462 399)
3(588 789 852)
3(98 515 231)
3(190 621 905)
3(406 520 372)
3(796 762 910)
3(316 409 340)
3(706 730 799)
3(236 237 235)
3(626 625 627)
3(233 236 235)
3(623 625 626)
3(196 426 77)
3(586 169 816)
3(195 501 44)
3(585 136 891)
3(392 408 389)
3(782 779 798)
3(447 471 446)
3(837 836 861)
3(360 531 340)
3(750 730 921)
3(356 357 217)
3(746 607 747)
3(358 431 217)
3(748 607 821)
3(443 578 221)
3(833 611 968)
3(396 454 395)
3(786 785 844)
3(337 508 314)
3(727 704 898)
3(364 366 363)
3(754 753 756)
3(196 427 426)
3(586 816 817)
3(42 377 43)
3(134 135 767)
3(361 437 216)
3(751 606 827)
3(225 408 392)
3(615 782 798)
3(88 384 89)
3(180 181 774)
3(237 238 235)
3(627 625 628)
3(217 431 60)
3(607 152 821)
3(468 510 227)
3(858 617 900)
3(456 457 206)
3(846 596 847)
3(211 417 82)
3(601 174 807)
3(219 425 406)
3(609 796 815)
3(216 437 14)
3(606 106 827)
3(359 360 216)
3(749 606 750)
3(210 522 473)
3(600 863 912)
3(61 431 201)
3(153 591 821)
3(28 504 29)
3(120 121 894)
3(25 436 223)
3(117 613 826)
3(475 571 302)
3(865 692 961)
3(318 337 314)
3(708 704 727)
3(410 533 486)
3(800 876 923)
3(19 464 199)
3(111 589 854)
3(506 573 476)
3(896 866 963)
3(65 462 198)
3(157 588 852)
3(15 437 200)
3(107 590 827)
3(66 397 67)
3(158 159 787)
3(20 400 21)
3(112 113 790)
3(246 477 469)
3(636 859 867)
3(85 445 86)
3(177 178 835)
3(74 222 75)
3(166 167 612)
3(237 239 238)
3(627 628 629)
3(417 474 83)
3(807 175 864)
3(235 448 234)
3(625 624 838)
3(429 458 236)
3(819 626 848)
3(419 474 417)
3(809 807 864)
3(268 538 410)
3(658 800 928)
3(221 578 464)
3(611 854 968)
3(197 365 364)
3(587 754 755)
3(211 418 417)
3(601 807 808)
3(226 428 233)
3(616 623 818)
3(221 464 18)
3(611 110 854)
3(458 525 240)
3(848 630 915)
3(220 462 64)
3(610 156 852)
3(75 412 76)
3(167 168 802)
3(375 499 211)
3(765 601 889)
3(400 425 219)
3(790 609 815)
3(204 389 388)
3(594 778 779)
3(43 377 195)
3(135 585 767)
3(361 438 437)
3(751 827 828)
3(89 384 194)
3(181 584 774)
3(381 573 506)
3(771 896 963)
3(211 499 418)
3(601 808 889)
3(49 572 50)
3(141 142 962)
3(358 432 431)
3(748 821 822)
3(422 424 423)
3(812 813 814)
3(208 446 445)
3(598 835 836)
3(63 220 64)
3(155 156 610)
3(17 221 18)
3(109 110 611)
3(499 567 342)
3(889 732 957)
3(86 494 87)
3(178 179 884)
3(237 240 239)
3(627 629 630)
3(338 499 342)
3(728 732 889)
3(220 463 462)
3(610 852 853)
3(339 483 473)
3(729 863 873)
3(312 535 444)
3(702 834 925)
3(238 448 235)
3(628 625 838)
3(90 420 91)
3(182 183 810)
3(318 351 337)
3(708 727 741)
3(215 382 381)
3(605 771 772)
3(430 472 355)
3(820 745 862)
3(470 550 427)
3(860 817 940)
3(433 435 201)
3(823 591 825)
3(438 498 439)
3(828 829 888)
3(47 228 48)
3(139 140 618)
3(93 229 94)
3(185 186 619)
3(26 456 27)
3(118 119 846)
3(67 397 218)
3(159 608 787)
3(21 400 219)
3(113 609 790)
3(199 402 401)
3(589 791 792)
3(76 412 196)
3(168 586 802)
3(439 440 200)
3(829 590 830)
3(214 386 385)
3(604 775 776)
3(208 474 447)
3(598 837 864)
3(240 241 239)
3(630 629 631)
3(198 399 398)
3(588 788 789)
3(74 421 222)
3(166 612 811)
3(473 483 336)
3(863 726 873)
3(446 471 454)
3(836 844 861)
3(27 206 28)
3(119 120 596)
3(331 485 249)
3(721 639 875)
3(29 500 30)
3(121 122 890)
3(222 414 413)
3(612 803 804)
3(95 511 96)
3(187 188 901)
3(244 506 476)
3(634 866 896)
3(208 447 446)
3(598 836 837)
3(249 251 250)
3(639 640 641)
3(204 392 389)
3(594 779 782)
3(352 570 467)
3(742 857 960)
3(244 476 245)
3(634 635 866)
3(241 243 242)
3(631 632 633)
3(251 252 250)
3(641 640 642)
3(208 445 85)
3(598 177 835)
3(249 250 247)
3(639 637 640)
3(241 242 239)
3(631 629 632)
3(355 472 353)
3(745 743 862)
3(328 479 283)
3(718 673 869)
3(83 474 84)
3(175 176 864)
3(439 498 442)
3(829 832 888)
3(244 245 243)
3(634 633 635)
3(241 244 243)
3(631 633 634)
3(412 470 196)
3(802 586 860)
3(372 373 203)
3(762 593 763)
3(370 481 328)
3(760 718 871)
3(467 532 352)
3(857 742 922)
3(251 253 252)
3(641 642 643)
3(84 474 208)
3(176 598 864)
3(432 469 433)
3(822 823 859)
3(371 406 372)
3(761 762 796)
3(38 207 39)
3(130 131 597)
3(84 208 85)
3(176 177 598)
3(345 473 336)
3(735 726 863)
3(419 503 475)
3(809 865 893)
3(245 247 246)
3(635 636 637)
3(248 249 247)
3(638 637 639)
3(194 420 90)
3(584 182 810)
3(343 516 344)
3(733 734 906)
3(423 545 276)
3(813 666 935)
3(8 517 9)
3(100 101 907)
3(54 518 55)
3(146 147 908)
3(327 477 250)
3(717 640 867)
3(428 453 429)
3(818 819 843)
3(245 246 243)
3(635 633 636)
3(254 255 253)
3(644 643 645)
3(256 257 255)
3(646 645 647)
3(279 280 277)
3(669 667 670)
3(18 464 19)
3(110 111 854)
3(260 483 339)
3(650 729 873)
3(279 281 280)
3(669 670 671)
3(257 259 258)
3(647 648 649)
3(196 470 427)
3(586 817 860)
3(254 256 255)
3(644 645 646)
3(354 355 353)
3(744 743 745)
3(64 462 65)
3(156 157 852)
3(258 480 255)
3(648 645 870)
3(248 332 331)
3(638 721 722)
3(257 260 259)
3(647 649 650)
3(247 477 246)
3(637 636 867)
3(220 478 463)
3(610 853 868)
3(365 387 364)
3(755 754 777)
3(251 254 253)
3(641 643 644)
3(253 325 252)
3(643 642 715)
3(428 429 236)
3(818 626 819)
3(257 483 260)
3(647 650 873)
3(301 304 303)
3(691 693 694)
3(308 309 307)
3(698 697 699)
3(338 342 333)
3(728 723 732)
3(248 331 249)
3(638 639 721)
3(386 394 385)
3(776 775 784)
3(305 307 306)
3(695 696 697)
3(37 537 452)
3(129 842 927)
3(29 504 500)
3(121 890 894)
3(336 483 256)
3(726 646 873)
3(374 565 465)
3(764 855 955)
3(304 305 303)
3(694 693 695)
3(283 479 285)
3(673 675 869)
3(287 484 317)
3(677 707 874)
3(402 403 401)
3(792 791 793)
3(329 349 330)
3(719 720 739)
3(328 481 479)
3(718 869 871)
3(250 477 247)
3(640 637 867)
3(257 258 255)
3(647 645 648)
3(255 480 253)
3(645 643 870)
3(248 476 332)
3(638 722 866)
3(253 480 325)
3(643 715 870)
3(439 441 440)
3(829 830 831)
3(339 346 323)
3(729 713 736)
3(252 327 250)
3(642 640 717)
3(379 501 195)
3(769 585 891)
3(87 494 214)
3(179 604 884)
3(309 310 307)
3(699 697 700)
3(285 286 284)
3(675 674 676)
3(289 484 287)
3(679 677 874)
3(287 317 286)
3(677 676 707)
3(305 308 307)
3(695 697 698)
3(294 333 292)
3(684 682 723)
3(223 456 26)
3(613 118 846)
3(488 491 258)
3(878 648 881)
3(361 444 438)
3(751 828 834)
3(283 284 281)
3(673 671 674)
3(288 320 290)
3(678 680 710)
3(278 279 277)
3(668 667 669)
3(282 283 281)
3(672 671 673)
3(386 395 394)
3(776 784 785)
3(260 323 261)
3(650 651 713)
3(414 415 413)
3(804 803 805)
3(260 261 259)
3(650 649 651)
3(415 416 413)
3(805 803 806)
3(275 276 273)
3(665 663 666)
3(305 306 303)
3(695 693 696)
3(283 285 284)
3(673 674 675)
3(294 338 333)
3(684 723 728)
3(275 277 276)
3(665 666 667)
3(279 492 282)
3(669 672 882)
3(279 282 281)
3(669 671 672)
3(403 404 401)
3(793 791 794)
3(346 347 323)
3(736 713 737)
3(285 287 286)
3(675 676 677)
3(260 339 323)
3(650 713 729)
3(344 491 488)
3(734 878 881)
3(285 288 287)
3(675 677 678)
3(356 388 357)
3(746 747 778)
3(439 442 441)
3(829 831 832)
3(301 303 302)
3(691 692 693)
3(398 569 516)
3(788 906 959)
3(264 335 321)
3(654 711 725)
3(222 421 414)
3(612 804 811)
3(292 484 289)
3(682 679 874)
3(263 264 262)
3(653 652 654)
3(256 483 257)
3(646 647 873)
3(263 482 266)
3(653 656 872)
3(513 551 337)
3(903 727 941)
3(282 328 283)
3(672 673 718)
3(261 262 259)
3(651 649 652)
3(322 336 256)
3(712 646 726)
3(418 503 419)
3(808 809 893)
3(341 345 336)
3(731 726 735)
3(259 488 258)
3(649 648 878)
3(245 248 247)
3(635 637 638)
3(72 209 73)
3(164 165 599)
3(264 321 262)
3(654 652 711)
3(197 500 365)
3(587 755 890)
3(35 210 36)
3(127 128 600)
3(81 211 82)
3(173 174 601)
3(333 484 292)
3(723 682 874)
3(288 479 320)
3(678 710 869)
3(293 294 292)
3(683 682 684)
3(286 326 284)
3(676 674 716)
3(261 482 263)
3(651 653 872)
3(477 544 469)
3(867 859 934)
3(285 479 288)
3(675 678 869)
3(261 263 262)
3(651 652 653)
3(375 567 499)
3(765 889 957)
3(317 495 286)
3(707 676 885)
3(33 192 34)
3(125 126 582)
3(79 193 80)
3(171 172 583)
3(61 201 62)
3(153 154 591)
3(15 200 16)
3(107 108 590)
3(288 289 287)
3(678 677 679)
3(11 205 12)
3(103 104 595)
3(57 204 58)
3(149 150 594)
3(335 343 321)
3(725 711 733)
3(331 497 485)
3(721 875 887)
3(245 476 248)
3(635 638 866)
3(402 405 403)
3(792 793 795)
3(357 358 217)
3(747 607 748)
3(288 290 289)
3(678 679 680)
3(350 514 330)
3(740 720 904)
3(258 491 480)
3(648 870 881)
3(249 485 251)
3(639 641 875)
3(323 482 261)
3(713 651 872)
3(321 488 262)
3(711 652 878)
3(300 301 299)
3(690 689 691)
3(574 581 405)
3(964 795 971)
3(297 300 299)
3(687 689 690)
3(290 324 291)
3(680 681 714)
3(291 293 292)
3(681 682 683)
3(262 488 259)
3(652 649 878)
3(291 292 289)
3(681 679 682)
3(282 492 334)
3(672 724 882)
3(70 353 71)
3(162 163 743)
3(92 466 93)
3(184 185 856)
3(274 275 273)
3(664 663 665)
3(77 426 78)
3(169 170 816)
3(489 490 266)
3(879 656 880)
3(214 494 386)
3(604 776 884)
3(264 486 335)
3(654 725 876)
3(316 329 319)
3(706 709 719)
3(267 270 269)
3(657 659 660)
3(334 370 328)
3(724 718 760)
3(418 419 417)
3(808 807 809)
3(263 265 264)
3(653 654 655)
3(479 481 320)
3(869 710 871)
3(290 291 289)
3(680 679 681)
3(347 482 323)
3(737 713 872)
3(434 469 432)
3(824 822 859)
3(263 266 265)
3(653 655 656)
3(254 322 256)
3(644 646 712)
3(281 496 280)
3(671 670 886)
3(24 436 25)
3(116 117 826)
3(275 278 277)
3(665 667 668)
3(347 489 482)
3(737 872 879)
3(344 488 321)
3(734 711 878)
3(79 367 193)
3(171 583 757)
3(376 522 210)
3(766 600 912)
3(455 502 451)
3(845 841 892)
3(343 344 321)
3(733 711 734)
3(354 410 355)
3(744 745 800)
3(324 487 291)
3(714 681 877)
3(210 537 36)
3(600 128 927)
3(482 489 266)
3(872 656 879)
3(301 302 299)
3(691 689 692)
3(33 362 192)
3(125 582 752)
3(267 490 270)
3(657 660 880)
3(358 434 432)
3(748 822 824)
3(278 492 279)
3(668 669 882)
3(266 490 267)
3(656 657 880)
3(291 487 293)
3(681 683 877)
3(271 273 272)
3(661 662 663)
3(267 269 268)
3(657 658 659)
3(268 486 265)
3(658 655 876)
3(453 524 212)
3(843 602 914)
3(267 268 265)
3(657 655 658)
3(294 493 338)
3(684 728 883)
3(265 486 264)
3(655 654 876)
3(30 500 197)
3(122 587 890)
3(270 271 269)
3(660 659 661)
3(293 295 294)
3(683 684 685)
3(293 487 296)
3(683 686 877)
3(360 361 216)
3(750 606 751)
3(271 272 269)
3(661 659 662)
3(282 334 328)
3(672 718 724)
3(342 505 333)
3(732 723 895)
3(271 274 273)
3(661 663 664)
3(293 296 295)
3(683 685 686)
3(296 297 295)
3(686 685 687)
3(386 396 395)
3(776 785 786)
3(367 368 193)
3(757 583 758)
3(322 341 336)
3(712 726 731)
3(45 501 212)
3(137 602 891)
3(365 449 387)
3(755 777 839)
3(297 299 298)
3(687 688 689)
3(251 485 254)
3(641 644 875)
3(13 216 14)
3(105 106 606)
3(59 217 60)
3(151 152 607)
3(266 267 265)
3(656 655 657)
3(297 298 295)
3(687 685 688)
3(68 374 69)
3(160 161 764)
3(22 371 23)
3(114 115 761)
3(367 369 368)
3(757 758 759)
3(359 531 360)
3(749 750 921)
3(377 378 195)
3(767 585 768)
3(322 497 341)
3(712 731 887)
3(326 496 284)
3(716 674 886)
3(353 472 71)
3(743 163 862)
3(411 430 355)
3(801 745 820)
3(410 411 355)
3(800 745 801)
3(450 451 449)
3(840 839 841)
3(341 452 345)
3(731 735 842)
3(485 497 322)
3(875 712 887)
3(463 580 399)
3(853 789 970)
3(484 505 317)
3(874 707 895)
3(295 493 294)
3(685 684 883)
3(450 455 451)
3(840 841 845)
3(545 575 272)
3(935 662 965)
3(284 496 281)
3(674 671 886)
3(365 450 449)
3(755 839 840)
3(298 493 295)
3(688 685 883)
3(254 485 322)
3(644 712 875)
3(286 495 326)
3(676 716 885)
3(381 506 380)
3(771 770 896)
3(365 500 450)
3(755 840 890)
3(405 578 443)
3(795 833 968)
3(330 514 348)
3(720 738 904)
3(230 563 53)
3(620 145 953)
3(231 562 99)
3(621 191 952)
3(386 494 396)
3(776 786 884)
3(444 498 438)
3(834 828 888)
3(377 380 378)
3(767 768 770)
3(407 539 393)
3(797 783 929)
3(481 560 320)
3(871 710 950)
3(373 560 481)
3(763 871 950)
3(44 501 45)
3(136 137 891)
3(36 537 37)
3(128 129 927)
3(452 537 345)
3(842 735 927)
3(469 544 433)
3(859 823 934)
3(213 466 92)
3(603 184 856)
3(343 565 516)
3(733 906 955)
3(313 316 315)
3(703 705 706)
3(460 574 405)
3(850 795 964)
3(320 520 290)
3(710 680 910)
3(380 506 383)
3(770 773 896)
3(233 428 236)
3(623 626 818)
3(388 390 357)
3(778 747 780)
3(315 318 314)
3(705 704 708)
3(380 383 378)
3(770 768 773)
3(456 527 457)
3(846 847 917)
3(313 314 311)
3(703 701 704)
3(278 502 492)
3(668 882 892)
3(368 567 193)
3(758 583 957)
3(333 505 484)
3(723 874 895)
3(327 543 478)
3(717 868 933)
3(57 392 204)
3(149 594 782)
3(11 391 205)
3(103 595 781)
3(309 312 311)
3(699 701 702)
3(298 503 493)
3(688 883 893)
3(478 543 463)
3(868 853 933)
3(450 504 455)
3(840 845 894)
3(352 532 351)
3(742 741 922)
3(469 549 246)
3(859 636 939)
3(521 580 325)
3(911 715 970)
3(239 556 238)
3(629 628 946)
3(318 352 351)
3(708 741 742)
3(309 311 310)
3(699 700 701)
3(519 556 242)
3(909 632 946)
3(410 538 411)
3(800 801 928)
3(351 513 337)
3(741 727 903)
3(378 379 195)
3(768 585 769)
3(93 466 229)
3(185 619 856)
3(354 533 410)
3(744 800 923)
3(448 526 389)
3(838 779 916)
3(500 504 450)
3(890 840 894)
3(452 540 207)
3(842 597 930)
3(404 536 425)
3(794 815 926)
3(337 551 508)
3(727 898 941)
3(349 523 350)
3(739 740 913)
3(434 549 469)
3(824 859 939)
3(399 580 521)
3(789 911 970)
3(349 350 330)
3(739 720 740)
3(487 536 404)
3(877 794 926)
3(205 531 359)
3(595 749 921)
3(480 521 325)
3(870 715 911)
3(329 330 319)
3(719 709 720)
3(316 319 315)
3(706 705 709)
3(496 576 280)
3(886 670 966)
3(473 522 339)
3(863 729 912)
3(274 529 449)
3(664 839 919)
3(304 574 460)
3(694 850 964)
3(384 513 194)
3(774 584 903)
3(243 549 242)
3(633 632 939)
3(212 524 46)
3(602 138 914)
3(280 534 277)
3(670 667 924)
3(349 568 523)
3(739 913 958)
3(357 519 358)
3(747 748 909)
3(465 533 354)
3(855 744 923)
3(297 530 300)
3(687 690 920)
3(1 558 49)
3(5 141 948)
3(3 559 95)
3(7 187 949)
3(48 558 1)
3(140 5 948)
3(94 559 3)
3(186 7 949)
3(424 575 545)
3(814 935 965)
3(442 548 441)
3(832 831 938)
3(416 576 496)
3(806 886 966)
3(315 507 318)
3(705 708 897)
3(240 552 241)
3(630 631 942)
3(53 563 2)
3(145 6 953)
3(99 562 0)
3(191 4 952)
3(424 545 423)
3(814 813 935)
3(2 563 54)
3(6 146 953)
3(0 562 8)
3(4 100 952)
3(339 522 346)
3(729 736 912)
3(325 543 252)
3(715 642 933)
3(55 225 56)
3(147 148 615)
3(9 224 10)
3(101 102 614)
3(491 521 480)
3(881 870 911)
3(213 467 466)
3(603 856 857)
3(307 542 306)
3(697 696 932)
3(314 508 311)
3(704 701 898)
3(391 459 205)
3(781 595 849)
3(302 554 471)
3(692 861 944)
3(272 538 269)
3(662 659 928)
3(47 524 228)
3(139 618 914)
3(397 516 218)
3(787 608 906)
3(498 535 308)
3(888 698 925)
3(309 535 312)
3(699 702 925)
3(502 557 451)
3(892 841 947)
3(313 315 314)
3(703 704 705)
3(312 313 311)
3(702 701 703)
3(318 507 352)
3(708 742 897)
3(478 544 327)
3(868 717 934)
3(273 545 272)
3(663 662 935)
3(301 574 304)
3(691 694 964)
3(390 519 357)
3(780 747 909)
3(303 554 302)
3(693 692 944)
3(509 572 228)
3(899 618 962)
3(418 564 503)
3(808 893 954)
3(193 567 375)
3(583 765 957)
3(317 555 495)
3(707 885 945)
3(399 521 398)
3(789 788 911)
3(274 557 275)
3(664 665 947)
3(420 532 213)
3(810 603 922)
3(290 520 324)
3(680 714 910)
3(459 531 205)
3(849 595 921)
3(46 524 47)
3(138 139 914)
3(55 518 225)
3(147 615 908)
3(9 517 224)
3(101 614 907)
3(350 515 514)
3(740 904 905)
3(358 519 434)
3(748 824 909)
3(402 578 405)
3(792 795 968)
3(461 566 232)
3(851 622 956)
3(270 529 271)
3(660 661 919)
3(300 581 574)
3(690 964 971)
3(495 555 369)
3(885 759 945)
3(491 569 521)
3(881 911 959)
3(499 564 418)
3(889 808 954)
3(311 508 310)
3(701 700 898)
3(503 571 475)
3(893 865 961)
3(302 571 299)
3(692 689 961)
3(238 526 448)
3(628 838 916)
3(223 527 456)
3(613 846 917)
3(408 579 461)
3(798 851 969)
3(373 553 436)
3(763 826 943)
3(228 572 558)
3(618 948 962)
3(467 468 466)
3(857 856 858)
3(305 561 308)
3(695 698 951)
3(330 348 319)
3(720 709 738)
3(501 541 212)
3(891 602 931)
3(467 510 468)
3(857 858 900)
3(319 507 315)
3(709 705 897)
3(224 568 391)
3(614 781 958)
3(389 526 388)
3(779 778 916)
3(218 565 374)
3(608 764 955)
3(521 569 398)
3(911 788 959)
3(360 547 361)
3(750 751 937)
3(341 540 452)
3(731 842 930)
3(370 553 481)
3(760 871 943)
3(278 557 502)
3(668 892 947)
3(468 511 229)
3(858 619 901)
3(383 525 378)
3(773 768 915)
3(272 575 538)
3(662 928 965)
3(298 571 503)
3(688 893 961)
3(454 554 306)
3(844 696 944)
3(503 564 493)
3(893 883 954)
3(516 565 218)
3(906 608 955)
3(387 528 364)
3(777 754 918)
3(364 528 366)
3(754 756 918)
3(481 553 373)
3(871 763 943)
3(378 525 379)
3(768 769 915)
3(416 550 470)
3(806 860 940)
3(225 579 408)
3(615 798 969)
3(506 552 383)
3(896 773 942)
3(335 533 465)
3(725 855 923)
3(459 568 349)
3(849 739 958)
3(466 468 229)
3(856 619 858)
3(271 529 274)
3(661 664 919)
3(407 540 497)
3(797 887 930)
3(388 526 390)
3(778 780 916)
3(334 527 370)
3(724 760 917)
3(393 539 382)
3(783 772 929)
3(464 578 402)
3(854 792 968)
3(390 556 519)
3(780 909 946)
3(326 550 496)
3(716 886 940)
3(517 523 224)
3(907 614 913)
3(207 540 407)
3(597 797 930)
3(391 568 459)
3(781 849 958)
3(348 507 319)
3(738 709 897)
3(467 570 510)
3(857 900 960)
3(449 529 387)
3(839 777 919)
3(296 530 297)
3(686 687 920)
3(496 550 416)
3(886 806 940)
3(471 554 454)
3(861 844 944)
3(486 533 335)
3(876 725 923)
3(523 568 224)
3(913 614 958)
3(230 566 461)
3(620 851 956)
3(277 534 276)
3(667 666 924)
3(308 535 309)
3(698 699 925)
3(444 535 498)
3(834 888 925)
3(244 552 506)
3(634 896 942)
3(325 580 543)
3(715 933 970)
3(338 564 499)
3(728 889 954)
3(324 536 487)
3(714 877 926)
3(213 532 467)
3(603 857 922)
3(460 548 304)
3(850 694 938)
3(269 538 268)
3(659 658 928)
3(327 544 477)
3(717 867 934)
3(252 543 327)
3(642 717 933)
3(226 577 428)
3(616 818 967)
3(280 576 534)
3(670 924 966)
3(346 546 347)
3(736 737 936)
3(505 555 317)
3(895 707 945)
3(510 570 348)
3(900 738 960)
3(310 542 307)
3(700 697 932)
3(276 545 273)
3(666 663 935)
3(246 549 243)
3(636 633 939)
3(242 556 239)
3(632 629 946)
3(497 540 341)
3(887 731 930)
3(241 552 244)
3(631 634 942)
3(461 579 230)
3(851 620 969)
3(95 559 511)
3(187 901 949)
3(361 547 444)
3(751 834 937)
3(538 575 411)
3(928 801 965)
3(320 560 520)
3(710 910 950)
3(394 551 385)
3(784 775 941)
3(304 561 305)
3(694 695 951)
3(306 554 303)
3(696 693 944)
3(476 573 332)
3(866 722 963)
3(368 555 505)
3(758 895 945)
3(369 555 368)
3(759 758 945)
3(372 560 373)
3(762 763 950)
3(530 581 300)
3(920 690 971)
3(275 557 278)
3(665 668 947)
3(493 564 338)
3(883 728 954)
3(344 569 491)
3(734 881 959)
3(379 541 501)
3(769 891 931)
3(231 523 517)
3(621 907 913)
3(300 574 301)
3(690 691 964)
3(516 569 344)
3(906 734 959)
3(405 581 403)
3(795 793 971)
3(508 551 394)
3(898 784 941)
3(415 576 416)
3(805 806 966)
3(347 546 512)
3(737 902 936)
3(511 559 229)
3(901 619 949)
3(299 571 298)
3(689 688 961)
3(50 572 509)
3(142 899 962)
3(229 559 94)
3(619 186 949)
3(228 558 48)
3(618 140 948)
3(428 577 453)
3(818 843 967)
3(8 562 517)
3(100 907 952)
3(54 563 518)
3(146 908 953)
3(52 566 230)
3(144 620 956)
3(507 570 352)
3(897 742 960)
3(230 579 518)
3(620 908 969)
3(520 560 372)
3(910 762 950)
3(348 570 507)
3(738 897 960)
3(332 573 539)
3(722 929 963)
3(509 577 226)
3(899 616 967)
3(518 563 230)
3(908 620 953)
3(517 562 231)
3(907 621 952)
3(518 579 225)
3(908 615 969)
3(534 576 415)
3(924 805 966)
3(543 580 463)
3(933 853 970)
3(403 581 530)
3(793 920 971)
3(548 561 304)
3(938 694 951)
3(442 561 548)
3(832 938 951)
3(558 572 49)
3(948 141 962)
4(40 41 133 132)
4(62 63 155 154)
4(16 17 109 108)
4(89 90 182 181)
4(43 44 136 135)
4(78 79 171 170)
4(32 33 125 124)
4(69 70 162 161)
4(23 24 116 115)
4(58 59 151 150)
4(12 13 105 104)
4(34 35 127 126)
4(80 81 173 172)
4(67 68 160 159)
4(21 22 114 113)
4(87 88 180 179)
4(41 42 134 133)
4(60 61 153 152)
4(31 32 124 123)
4(14 15 107 106)
4(56 57 149 148)
4(10 11 103 102)
4(76 77 169 168)
4(30 31 123 122)
4(71 72 164 163)
4(25 26 118 117)
4(39 40 132 131)
4(73 74 166 165)
4(65 66 158 157)
4(19 20 112 111)
4(82 83 175 174)
4(37 38 130 129)
4(91 92 184 183)
4(45 46 138 137)
4(42 43 135 134)
4(88 89 181 180)
4(28 29 121 120)
4(66 67 159 158)
4(20 21 113 112)
4(85 86 178 177)
4(74 75 167 166)
4(75 76 168 167)
4(63 64 156 155)
4(17 18 110 109)
4(86 87 179 178)
4(90 91 183 182)
4(47 48 140 139)
4(93 94 186 185)
4(26 27 119 118)
4(27 28 120 119)
4(29 30 122 121)
4(83 84 176 175)
4(38 39 131 130)
4(84 85 177 176)
4(8 9 101 100)
4(54 55 147 146)
4(18 19 111 110)
4(64 65 157 156)
4(72 73 165 164)
4(35 36 128 127)
4(81 82 174 173)
4(33 34 126 125)
4(79 80 172 171)
4(61 62 154 153)
4(15 16 108 107)
4(11 12 104 103)
4(57 58 150 149)
4(70 71 163 162)
4(92 93 185 184)
4(77 78 170 169)
4(24 25 117 116)
4(13 14 106 105)
4(59 60 152 151)
4(68 69 161 160)
4(22 23 115 114)
4(44 45 137 136)
4(36 37 129 128)
4(48 1 5 140)
4(94 3 7 186)
4(2 54 146 6)
4(0 8 100 4)
4(55 56 148 147)
4(9 10 102 101)
4(46 47 139 138)
4(50 51 143 142)
4(51 52 144 143)
4(52 53 145 144)
4(49 50 142 141)
4(1 49 141 5)
4(53 2 6 145)
4(96 97 189 188)
4(98 99 191 190)
4(97 98 190 189)
4(95 96 188 187)
4(3 95 187 7)
4(99 0 4 191)
)


// ************************************************************************* //
