/*--------------------------------*- C++ -*----------------------------------*\
| =========                 |                                                 |
| \\      /  F ield         | OpenFOAM: The Open Source CFD Toolbox           |
|  \\    /   O peration     | Version:  2412                                  |
|   \\  /    A nd           | Website:  www.openfoam.com                      |
|    \\/     M anipulation  |                                                 |
\*---------------------------------------------------------------------------*/
FoamFile
{
    version     2.0;
    format      ascii;
    arch        "LSB;label=32;scalar=64";
    note        "nPoints:972  nCells:874  nFaces:3107  nInternalFaces:1263";
    class       labelList;
    location    "constant/polyMesh";
    object      neighbour;
}
// * * * * * * * * * * * * * * * * * * * * * * * * * * * * * * * * * * * * * //


1263
(
37
52
842
3
705
770
4
14
215
131
248
690
811
13
264
370
25
39
282
9
560
710
29
560
755
53
855
26
205
773
31
117
126
33
73
774
548
623
16
247
42
258
766
83
424
23
222
817
36
104
797
85
133
518
94
154
374
35
268
708
40
159
289
188
228
99
612
819
242
659
33
552
66
68
304
43
191
250
52
380
38
137
809
250
287
179
237
244
523
56
235
735
123
243
567
668
291
776
236
730
160
749
105
160
57
67
608
86
342
73
151
96
357
712
76
153
82
653
736
91
200
321
67
70
251
80
180
77
116
259
83
190
283
723
864
299
374
241
297
664
843
320
790
78
114
617
60
542
70
522
191
551
199
209
206
208
193
218
194
219
93
164
741
132
689
131
227
820
588
188
202
189
203
181
166
221
233
84
454
662
148
787
85
544
108
252
107
121
255
200
306
210
229
394
665
678
307
138
295
637
155
159
198
232
326
231
327
201
596
675
624
718
136
291
767
122
319
655
677
192
858
753
872
124
171
304
270
285
559
155
258
207
217
764
134
161
275
138
162
276
157
164
478
454
870
239
282
113
183
305
428
153
155
184
735
116
266
338
142
571
835
150
500
780
248
337
318
609
257
265
646
191
262
274
225
641
226
642
197
331
130
478
128
371
164
465
240
329
564
177
279
293
284
332
149
171
868
593
442
594
829
635
786
196
334
267
435
693
779
261
662
328
183
278
309
613
858
235
614
308
638
167
314
828
167
204
716
148
174
368
170
274
298
172
265
303
376
803
412
626
228
551
182
446
777
318
647
729
206
361
750
335
193
296
460
192
738
273
271
176
300
318
178
368
661
244
731
179
216
650
789
260
281
322
330
444
321
366
197
470
831
618
792
234
312
599
787
863
182
341
409
762
321
495
540
849
360
615
235
211
625
578
679
224
291
310
493
494
725
330
496
738
499
498
669
231
261
367
463
711
677
852
864
212
519
397
714
728
481
543
294
482
237
627
739
796
538
267
750
220
587
214
586
501
784
316
729
213
391
214
683
412
611
628
747
785
748
786
245
583
263
582
361
367
417
781
543
699
271
328
788
238
283
254
701
702
758
744
847
849
618
863
259
325
338
587
586
760
237
526
273
334
367
861
239
256
631
251
522
427
621
254
346
337
344
589
460
504
257
303
504
286
611
575
269
663
706
774
389
297
262
298
568
778
299
280
315
583
756
635
288
482
295
582
568
589
543
674
495
410
538
745
746
317
633
658
800
385
300
343
834
392
496
326
327
396
488
648
351
335
310
650
284
356
315
401
529
654
812
290
788
398
480
301
529
631
815
307
385
306
312
392
329
301
491
327
346
759
590
437
677
609
743
852
873
553
696
344
351
311
491
428
333
405
808
397
336
386
674
713
805
747
374
651
655
354
594
389
777
357
616
710
854
657
853
435
711
416
360
424
407
524
344
365
353
693
727
465
370
411
799
406
501
508
410
564
444
465
827
348
806
350
352
508
641
363
795
859
358
502
353
359
678
364
426
369
373
419
823
391
593
414
418
471
365
461
359
381
825
389
837
418
528
764
647
810
399
400
369
534
624
475
474
745
381
396
477
406
477
545
626
845
696
821
734
856
733
857
419
426
813
401
855
822
390
399
421
390
420
468
387
440
680
402
457
453
537
395
420
476
536
546
420
421
507
406
422
402
445
419
645
579
773
581
423
700
631
468
413
462
720
429
433
804
450
571
442
831
433
448
705
622
623
660
468
473
760
448
832
449
489
431
432
600
454
503
667
671
531
423
502
834
670
461
455
457
699
814
656
842
524
652
820
449
456
486
466
497
456
492
753
450
483
485
748
458
476
507
616
828
441
449
604
484
505
629
539
554
453
471
575
445
457
509
446
472
848
451
521
821
833
562
539
803
453
518
554
533
817
459
541
841
489
497
632
690
550
722
761
845
479
500
525
483
517
479
490
530
487
535
549
655
663
570
490
516
536
577
529
724
577
597
516
502
510
564
610
548
639
489
531
515
566
592
608
490
509
624
813
725
608
726
551
542
505
642
641
545
598
737
846
682
532
612
667
735
703
581
533
516
541
513
550
844
628
740
846
580
684
532
547
730
517
556
532
570
593
625
657
572
728
549
555
615
563
800
671
672
552
558
565
570
786
535
563
619
540
553
665
584
607
604
673
839
549
545
576
602
714
595
658
556
809
622
746
555
736
637
584
567
569
572
719
561
812
561
563
679
584
601
840
569
739
573
601
573
762
709
639
783
574
585
797
615
588
638
591
621
755
605
796
585
851
607
606
836
669
617
656
598
824
604
790
595
654
602
605
623
763
607
666
869
639
818
606
646
689
719
768
610
644
630
660
737
754
694
865
695
866
805
634
787
620
830
775
837
704
772
672
715
676
730
830
634
779
721
785
692
715
767
748
706
715
716
765
725
645
718
814
707
652
713
716
769
771
869
660
651
665
822
666
670
807
823
717
744
789
823
829
776
782
683
747
759
763
792
668
847
667
681
727
809
731
703
754
757
691
816
699
783
796
720
811
822
732
803
816
781
801
721
736
780
797
838
687
873
688
827
854
853
696
872
798
848
717
757
825
697
698
857
856
807
814
733
734
742
752
810
820
744
731
793
722
799
768
812
732
772
804
805
804
765
859
813
821
844
789
833
751
852
743
771
741
818
761
839
810
867
791
788
802
783
838
844
836
761
841
808
769
851
778
826
775
854
873
756
782
832
794
842
795
794
793
801
785
772
828
824
775
839
782
850
776
829
851
799
833
840
774
798
867
806
800
793
792
824
798
801
843
862
819
826
858
825
869
840
871
855
864
868
849
835
862
860
850
861
847
871
863
836
861
870
845
866
870
868
853
866
865
862
865
867
872
)


// ************************************************************************* //
