/*--------------------------------*- C++ -*----------------------------------*\
| =========                 |                                                 |
| \\      /  F ield         | OpenFOAM: The Open Source CFD Toolbox           |
|  \\    /   O peration     | Version:  2412                                  |
|   \\  /    A nd           | Website:  www.openfoam.com                      |
|    \\/     M anipulation  |                                                 |
\*---------------------------------------------------------------------------*/
FoamFile
{
    version     2.0;
    format      ascii;
    arch        "LSB;label=32;scalar=64";
    class       vectorField;
    location    "constant/polyMesh";
    object      points;
}
// * * * * * * * * * * * * * * * * * * * * * * * * * * * * * * * * * * * * * //


972
(
(0 0 0)
(15 0 0)
(15 3 0)
(0 3 0)
(0 0 0.001)
(15 0 0.001)
(15 3 0.001)
(0 3 0.001)
(0.3505181598 0 0)
(0.7251302005 0 0)
(1.056113903 0 0)
(1.445549854 0 0)
(1.767437594 0 0)
(2.160909634 0 0)
(2.484094176 0 0)
(2.870836927 0 0)
(3.205722354 0 0)
(3.574935132 0 0)
(3.931705738 0 0)
(4.276356768 0 0)
(4.655689259 0 0)
(4.983421095 0 0)
(5.37487545 0 0)
(5.696113869 0 0)
(6.088914398 0 0)
(6.414049623 0 0)
(6.797425109 0 0)
(7.136866152 0 0)
(7.5 0 0)
(7.863133848 0 0)
(8.202574891 0 0)
(8.585950377 0 0)
(8.911085602 0 0)
(9.303886131 0 0)
(9.62512455 0 0)
(10.01657891 0 0)
(10.34431074 0 0)
(10.72364323 0 0)
(11.06829426 0 0)
(11.42506487 0 0)
(11.79427765 0 0)
(12.12916307 0 0)
(12.51590582 0 0)
(12.83909037 0 0)
(13.23256241 0 0)
(13.55445015 0 0)
(13.9438861 0 0)
(14.2748698 0 0)
(14.64948184 0 0)
(15 0.3458779053 0)
(15 0.8279924972 0)
(15 1.5 0)
(15 2.172007503 0)
(15 2.654122095 0)
(14.64948184 3 0)
(14.2748698 3 0)
(13.9438861 3 0)
(13.55445015 3 0)
(13.23256241 3 0)
(12.83909037 3 0)
(12.51590582 3 0)
(12.12916307 3 0)
(11.79427765 3 0)
(11.42506487 3 0)
(11.06829426 3 0)
(10.72364323 3 0)
(10.34431074 3 0)
(10.01657891 3 0)
(9.62512455 3 0)
(9.303886131 3 0)
(8.911085602 3 0)
(8.585950377 3 0)
(8.202574891 3 0)
(7.863133848 3 0)
(7.5 3 0)
(7.136866152 3 0)
(6.797425109 3 0)
(6.414049623 3 0)
(6.088914398 3 0)
(5.696113869 3 0)
(5.37487545 3 0)
(4.983421095 3 0)
(4.655689259 3 0)
(4.276356768 3 0)
(3.931705738 3 0)
(3.574935132 3 0)
(3.205722354 3 0)
(2.870836927 3 0)
(2.484094176 3 0)
(2.160909634 3 0)
(1.767437594 3 0)
(1.445549854 3 0)
(1.056113903 3 0)
(0.7251302005 3 0)
(0.3505181598 3 0)
(0 2.654122095 0)
(0 2.172007503 0)
(0 1.5 0)
(0 0.8279924972 0)
(0 0.3458779053 0)
(0.3505181598 0 0.001)
(0.7251302005 0 0.001)
(1.056113903 0 0.001)
(1.445549854 0 0.001)
(1.767437594 0 0.001)
(2.160909634 0 0.001)
(2.484094176 0 0.001)
(2.870836927 0 0.001)
(3.205722354 0 0.001)
(3.574935132 0 0.001)
(3.931705738 0 0.001)
(4.276356768 0 0.001)
(4.655689259 0 0.001)
(4.983421095 0 0.001)
(5.37487545 0 0.001)
(5.696113869 0 0.001)
(6.088914398 0 0.001)
(6.414049623 0 0.001)
(6.797425109 0 0.001)
(7.136866152 0 0.001)
(7.5 0 0.001)
(7.863133848 0 0.001)
(8.202574891 0 0.001)
(8.585950377 0 0.001)
(8.911085602 0 0.001)
(9.303886131 0 0.001)
(9.62512455 0 0.001)
(10.01657891 0 0.001)
(10.34431074 0 0.001)
(10.72364323 0 0.001)
(11.06829426 0 0.001)
(11.42506487 0 0.001)
(11.79427765 0 0.001)
(12.12916307 0 0.001)
(12.51590582 0 0.001)
(12.83909037 0 0.001)
(13.23256241 0 0.001)
(13.55445015 0 0.001)
(13.9438861 0 0.001)
(14.2748698 0 0.001)
(14.64948184 0 0.001)
(15 0.3458779053 0.001)
(15 0.8279924972 0.001)
(15 1.5 0.001)
(15 2.172007503 0.001)
(15 2.654122095 0.001)
(14.64948184 3 0.001)
(14.2748698 3 0.001)
(13.9438861 3 0.001)
(13.55445015 3 0.001)
(13.23256241 3 0.001)
(12.83909037 3 0.001)
(12.51590582 3 0.001)
(12.12916307 3 0.001)
(11.79427765 3 0.001)
(11.42506487 3 0.001)
(11.06829426 3 0.001)
(10.72364323 3 0.001)
(10.34431074 3 0.001)
(10.01657891 3 0.001)
(9.62512455 3 0.001)
(9.303886131 3 0.001)
(8.911085602 3 0.001)
(8.585950377 3 0.001)
(8.202574891 3 0.001)
(7.863133848 3 0.001)
(7.5 3 0.001)
(7.136866152 3 0.001)
(6.797425109 3 0.001)
(6.414049623 3 0.001)
(6.088914398 3 0.001)
(5.696113869 3 0.001)
(5.37487545 3 0.001)
(4.983421095 3 0.001)
(4.655689259 3 0.001)
(4.276356768 3 0.001)
(3.931705738 3 0.001)
(3.574935132 3 0.001)
(3.205722354 3 0.001)
(2.870836927 3 0.001)
(2.484094176 3 0.001)
(2.160909634 3 0.001)
(1.767437594 3 0.001)
(1.445549854 3 0.001)
(1.056113903 3 0.001)
(0.7251302005 3 0.001)
(0.3505181598 3 0.001)
(0 2.654122095 0.001)
(0 2.172007503 0.001)
(0 1.5 0.001)
(0 0.8279924972 0.001)
(0 0.3458779053 0.001)
(9.464505341 0.278200632 0)
(5.526940653 2.738993596 0)
(1.96369758 2.710831947 0)
(13.03582639 0.2793244922 0)
(6.601600141 2.711018995 0)
(8.414602037 0.2997263621 0)
(10.53397699 2.708849678 0)
(4.467961022 0.292563556 0)
(3.018302703 0.3065350932 0)
(11.98250919 2.692541829 0)
(9.107485867 2.720112002 0)
(5.892514133 0.2798879982 0)
(13.37516242 2.713253685 0)
(1.606493724 0.2787629608 0)
(7.335523148 0.3020929412 0)
(11.24667957 0.303724478 0)
(3.751836892 2.696332028 0)
(8.046578014 2.700949746 0)
(10.22492283 0.309091012 0)
(4.819555177 2.716175904 0)
(13.75908233 0.2837780153 0)
(1.250831878 2.717298372 0)
(2.672519336 2.711726351 0)
(12.35332828 0.3122555463 0)
(2.317778518 0.2838992883 0)
(12.68111157 2.717399601 0)
(9.818413764 2.723097279 0)
(5.183519625 0.2834298108 0)
(11.24792764 2.69302302 0)
(3.773785304 0.3554430836 0)
(7.312085366 2.695261524 0)
(6.57259976 0.3382151818 0)
(0.8906220515 0.2866402943 0)
(14.09762375 2.722701958 0)
(14.47898373 1.155665375 0)
(0.4509294374 1.940464068 0)
(14.43864833 0.3717015094 0)
(0.5369264209 2.701738584 0)
(14.63148907 2.435617418 0)
(0.3585312684 0.5869352013 0)
(14.40833469 1.713507719 0)
(14.03800013 1.442223399 0)
(13.99849459 1.912410752 0)
(13.65729381 1.642102156 0)
(13.66824334 1.224653533 0)
(13.32293069 1.422337324 0)
(13.26407124 1.837769725 0)
(12.97327355 1.591637803 0)
(12.96491596 1.182710033 0)
(12.67651213 1.408107067 0)
(12.61253731 1.797135337 0)
(12.35572145 1.577409914 0)
(12.36510687 1.236072461 0)
(12.05249101 1.388345947 0)
(12.03203643 1.727702756 0)
(11.73874607 1.548018923 0)
(11.75286149 1.196143723 0)
(11.441804 1.362042086 0)
(11.42779746 1.709013922 0)
(11.13497026 1.525706272 0)
(11.12874859 1.856837245 0)
(10.83450868 1.682997143 0)
(10.84473761 1.345544361 0)
(10.54722005 1.503979977 0)
(10.55836851 1.16844369 0)
(10.26303644 1.326760118 0)
(10.25022448 1.659833468 0)
(9.969546177 1.482103822 0)
(9.981667951 1.15221289 0)
(9.690337227 1.306662512 0)
(9.67753243 1.635530044 0)
(9.399385387 1.459968938 0)
(9.386732255 1.788690322 0)
(9.107986397 1.613937477 0)
(9.120775278 1.284581204 0)
(8.82731651 1.438076647 0)
(8.816019146 1.767849269 0)
(8.538095918 1.583983016 0)
(8.546787831 1.19877542 0)
(8.249480792 1.414703744 0)
(8.238494976 1.713387315 0)
(7.943416012 1.552957839 0)
(7.934814126 1.195988877 0)
(7.661446203 1.388765557 0)
(7.650032318 1.722251779 0)
(7.367113128 1.537549264 0)
(7.366947672 1.220667937 0)
(7.075360162 1.368337456 0)
(7.080202097 1.676730068 0)
(6.781138542 1.520338254 0)
(6.789200345 1.191450036 0)
(6.495247723 1.34895442 0)
(6.484528616 1.680027075 0)
(6.202285151 1.506868881 0)
(6.1928815 1.836391619 0)
(5.911505487 1.663622355 0)
(5.920898676 1.333719549 0)
(5.630659318 1.490963464 0)
(5.637617993 1.164871067 0)
(5.349249689 1.318441083 0)
(5.339925735 1.648480528 0)
(5.058785444 1.474862015 0)
(5.049700739 1.805585003 0)
(4.766452184 1.632676002 0)
(4.784674577 1.292569341 0)
(4.486238272 1.464826455 0)
(4.483386762 1.778656845 0)
(4.196006553 1.603005376 0)
(4.224856991 1.324616663 0)
(3.91134501 1.463468423 0)
(3.901604361 1.797711253 0)
(3.595662577 1.596856531 0)
(3.632486883 1.265524631 0)
(3.320683812 1.439262784 0)
(3.299771308 1.762776745 0)
(3.011389335 1.576271073 0)
(3.063627013 1.220663519 0)
(2.741970365 1.409700552 0)
(2.709134042 1.737846377 0)
(2.432623274 1.569342856 0)
(2.457365873 1.170008245 0)
(2.12911228 1.371452947 0)
(2.122339429 1.747458268 0)
(1.800050694 1.563156086 0)
(1.808595914 1.178032869 0)
(5.89546373 1.977935608 0)
(1.801573493 1.943732153 0)
(1.462065026 1.373953026 0)
(5.91497877 1.023133076 0)
(9.664321045 1.963792034 0)
(10.85579775 1.00783712 0)
(9.70227661 0.9782074248 0)
(5.36339152 0.9864816621 0)
(10.8402869 1.98890334 0)
(6.457158566 2.020214043 0)
(11.4155678 2.029014026 0)
(6.504902072 1.016849847 0)
(1.460427949 0.974266949 0)
(1.11711105 1.173768008 0)
(11.45041623 1.007595089 0)
(11.7499907 0.8641354473 0)
(5.329566366 1.976284179 0)
(6.798956759 0.8583383139 0)
(9.371749607 2.114603462 0)
(10.56746494 0.8311747469 0)
(2.111771054 2.086713701 0)
(5.043343569 2.120417149 0)
(9.992162771 0.8255696334 0)
(1.795576313 0.7951714564 0)
(10.86020075 0.6788447532 0)
(5.339049 2.280237946 0)
(9.645942059 2.274489032 0)
(9.941717844 2.134077024 0)
(10.55748391 0.5030325682 0)
(9.735710303 0.6588487607 0)
(9.446160113 0.8071900956 0)
(1.143550828 1.617386716 0)
(1.098167377 0.7948387913 0)
(0.7192158579 0.9527025166 0)
(1.791529881 2.354966878 0)
(1.482904815 2.142627962 0)
(8.759659355 2.716867216 0)
(8.929324038 2.438004667 0)
(8.600540527 2.42766995 0)
(13.03582639 2.720675508 0)
(12.8559449 2.430407002 0)
(12.51834458 2.423250337 0)
(1.963415672 0.271567753 0)
(2.118346721 0.6062128382 0)
(2.477133828 0.5765332392 0)
(9.122848356 0.2906375547 0)
(8.754802525 0.303154814 0)
(8.578839638 0.5903892207 0)
(8.242391733 0.5901965746 0)
(8.917976499 0.6074301493 0)
(5.879970193 2.723614596 0)
(5.667052712 2.444644341 0)
(6.037351718 2.450556582 0)
(6.530051511 0.6932683547 0)
(5.539228129 0.2810793127 0)
(5.726454261 0.5529296759 0)
(6.041671596 0.551556042 0)
(9.463918831 2.737596069 0)
(5.177478732 2.74316488 0)
(9.799912496 0.3159940806 0)
(12.69946712 0.2930273938 0)
(12.88819399 0.5718888263 0)
(13.20495072 0.5888272651 0)
(12.55641323 0.5940294886 0)
(12.26397481 0.5861807272 0)
(11.9974282 0.365248655 0)
(12.7527185 0.8671971641 0)
(2.307880439 2.710398666 0)
(2.496249508 2.430625788 0)
(2.832837151 2.41668389 0)
(8.400820162 0.871585935 0)
(13.18873626 2.426934817 0)
(13.52246586 2.407523925 0)
(13.04157239 2.14475355 0)
(1.2741608 0.275282275 0)
(13.73330387 2.708659772 0)
(11.6253504 0.3133011167 0)
(2.680981837 2.100624631 0)
(3.001600537 2.177863545 0)
(3.193285732 2.416696523 0)
(10.17244805 2.715423413 0)
(10.34314331 2.444398491 0)
(10.70598833 2.445112573 0)
(4.84769865 0.3032005718 0)
(4.647720627 0.5866792579 0)
(4.32047812 0.5799089173 0)
(4.457811235 0.8606826801 0)
(4.810901314 0.903529636 0)
(4.134208563 0.8690337692 0)
(5.371785582 0.6308826585 0)
(11.43682215 0.6215631739 0)
(13.93306718 2.357147725 0)
(2.111255062 0.9913103915 0)
(8.793199954 2.114869706 0)
(8.491502826 2.165379123 0)
(6.952385965 2.70179742 0)
(7.122395204 2.405878817 0)
(7.469330947 2.393566561 0)
(7.285974077 2.133196263 0)
(6.956228326 2.151179943 0)
(4.467592413 2.708130094 0)
(4.645185592 2.437529617 0)
(4.305883797 2.408834921 0)
(1.637668889 2.699654711 0)
(7.665633885 2.686645536 0)
(7.855964208 2.398328437 0)
(7.656770941 2.07203743 0)
(7.98422633 2.144382614 0)
(5.029496397 0.5925265187 0)
(6.2409182 2.719224539 0)
(6.424392023 2.376834871 0)
(14.02852402 1.0199352 0)
(13.71621267 0.8809401839 0)
(8.234652992 2.364552969 0)
(12.32585591 2.712714741 0)
(12.18091825 2.404744752 0)
(11.81390169 2.402915815 0)
(12.38783179 2.121584933 0)
(11.61130817 2.69774092 0)
(6.25148201 0.2815753645 0)
(2.677465552 0.2849526551 0)
(2.821853385 0.5926144098 0)
(3.161045307 0.6199471197 0)
(3.372005852 0.3230679999 0)
(3.547297309 0.6953601892 0)
(3.273440345 0.9347485567 0)
(3.869734426 0.6900042107 0)
(2.641104021 0.8649920572 0)
(3.383717178 2.701169261 0)
(3.55116536 2.398364555 0)
(3.917913295 2.387729938 0)
(13.62138643 2.030806113 0)
(8.07829451 0.8761140058 0)
(7.903049846 0.591726583 0)
(7.748578399 0.8761268325 0)
(10.87492356 0.3279785776 0)
(13.99372107 0.5983225017 0)
(3.345503464 2.099261884 0)
(7.539613607 0.5929976141 0)
(6.956455805 0.3029645466 0)
(7.127332032 0.6458064874 0)
(13.35120123 0.9553542714 0)
(1.444486246 0.5864842721 0)
(3.809363907 0.9825118827 0)
(14.31962448 2.16239937 0)
(10.89596875 2.701523452 0)
(11.04673448 2.439770732 0)
(4.104031253 0.2984765475 0)
(9.324138618 2.435733503 0)
(0.8939435503 2.695134568 0)
(1.126455027 2.337242733 0)
(0.7005860367 2.356544204 0)
(12.02307168 2.096233986 0)
(6.755531457 2.415693237 0)
(3.731863602 2.108301929 0)
(8.404992693 2.701673313 0)
(10.26928244 0.6645574113 0)
(4.102550743 2.695410867 0)
(4.093409307 2.115712509 0)
(12.05651594 1.058255101 0)
(11.71658453 1.879873166 0)
(11.42089243 2.367827713 0)
(6.209417994 1.176627828 0)
(10.53811041 1.829646195 0)
(6.195258777 0.8226669345 0)
(9.415745751 1.132256328 0)
(10.27282565 0.9948465578 0)
(5.620194092 1.821825294 0)
(11.1474683 1.182322243 0)
(9.097493349 1.937081067 0)
(5.068470588 1.144432014 0)
(9.956951887 1.811054295 0)
(9.095464052 0.9092691106 0)
(8.854708974 1.127646695 0)
(10.22997267 1.970076443 0)
(7.090428429 1.026481302 0)
(4.768958104 1.946073416 0)
(3.021270049 2.705130882 0)
(6.155877318 2.154349596 0)
(6.795570185 1.87817556 0)
(11.15708394 0.8452085319 0)
(2.957171475 0.8942373559 0)
(5.0189264 2.442164967 0)
(8.063684192 0.3002450811 0)
(13.39350628 0.2787629608 0)
(7.416483534 0.9147666669 0)
(4.472635893 2.122612084 0)
(7.700834107 0.2978437032 0)
(5.611832763 2.131279122 0)
(12.37794731 0.8930085797 0)
(1.485062159 1.767035142 0)
(2.408505956 1.902464274 0)
(14.58742371 0.7376929871 0)
(0.8935352705 1.961122987 0)
(0.3022010554 2.416718176 0)
(9.215586511 0.5780816097 0)
(2.177552427 2.411056132 0)
(0.6654194491 1.468995202 0)
(0.3335937007 1.137522119 0)
(9.964416493 2.440946819 0)
(0.5510036916 0.2896719097 0)
(14.46217582 2.709034888 0)
(12.7227513 2.132454893 0)
(5.634618629 0.8555122581 0)
(10.53001638 2.167248178 0)
(10.00439817 0.5548121796 0)
(0.7848562589 0.56561621 0)
(14.08204152 0.2507604053 0)
(13.04186728 0.8345119192 0)
(13.3278562 2.144447215 0)
(6.787257776 0.5598007027 0)
(8.716867095 0.8573182834 0)
(8.242039484 1.111433596 0)
(4.513826348 1.164611575 0)
(1.784980255 0.5041589251 0)
(1.432761049 2.456573051 0)
(9.103181113 2.208058481 0)
(7.374963666 1.838074738 0)
(2.770797068 1.119558811 0)
(5.10576071 0.865992638 0)
(10.53686117 0.2162930894 0)
(8.536627542 1.882064773 0)
(11.78060817 0.5702097119 0)
(11.11514199 0.5554639029 0)
(13.54324723 0.5744206518 0)
(2.97898264 1.867467783 0)
(11.14153231 2.146624476 0)
(11.67800362 2.155172941 0)
(7.93703381 1.859445996 0)
(9.490047848 0.537001155 0)
(2.358533274 0.8269839939 0)
(3.531292016 1.008241598 0)
(12.29623141 1.851873011 0)
(6.693104931 2.158712761 0)
(2.394186102 2.172799813 0)
(12.63674941 1.130621894 0)
(6.302914948 0.5377000926 0)
(3.574881063 1.872981668 0)
(5.857931976 2.244786434 0)
(12.92121137 1.886035539 0)
(7.626001065 1.126519829 0)
(14.77601727 0.2524374716 0)
(0.2634161954 2.737721227 0)
(5.902596407 0.7611595974 0)
(3.364306014 1.173688218 0)
(0.263152537 0.2620115774 0)
(14.73684746 2.737988423 0)
(4.798229477 2.216493413 0)
(9.641277188 2.542793122 0)
(14.67188965 1.996706402 0)
(5.358659381 2.550832014 0)
(1.09509794 0.4925329457 0)
(10.18182623 2.233808437 0)
(1.224566328 1.964017908 0)
(4.230554893 1.869084926 0)
(14.76041786 0.5071404741 0)
(12.02029355 0.76416149 0)
(3.979974591 1.180984696 0)
(8.240778216 1.996968342 0)
(7.116630214 1.94002678 0)
(14.2800966 0.7993958309 0)
(4.065512404 0.5430815187 0)
(14.28718489 2.483121664 0)
(10.86875193 2.250493983 0)
(4.29926493 1.067726163 0)
(9.464505341 0.278200632 0.001)
(5.526940653 2.738993596 0.001)
(1.96369758 2.710831947 0.001)
(13.03582639 0.2793244922 0.001)
(6.601600141 2.711018995 0.001)
(8.414602037 0.2997263621 0.001)
(10.53397699 2.708849678 0.001)
(4.467961022 0.292563556 0.001)
(3.018302703 0.3065350932 0.001)
(11.98250919 2.692541829 0.001)
(9.107485867 2.720112002 0.001)
(5.892514133 0.2798879982 0.001)
(13.37516242 2.713253685 0.001)
(1.606493724 0.2787629608 0.001)
(7.335523148 0.3020929412 0.001)
(11.24667957 0.303724478 0.001)
(3.751836892 2.696332028 0.001)
(8.046578014 2.700949746 0.001)
(10.22492283 0.309091012 0.001)
(4.819555177 2.716175904 0.001)
(13.75908233 0.2837780153 0.001)
(1.250831878 2.717298372 0.001)
(2.672519336 2.711726351 0.001)
(12.35332828 0.3122555463 0.001)
(2.317778518 0.2838992883 0.001)
(12.68111157 2.717399601 0.001)
(9.818413764 2.723097279 0.001)
(5.183519625 0.2834298108 0.001)
(11.24792764 2.69302302 0.001)
(3.773785304 0.3554430836 0.001)
(7.312085366 2.695261524 0.001)
(6.57259976 0.3382151818 0.001)
(0.8906220515 0.2866402943 0.001)
(14.09762375 2.722701958 0.001)
(14.47898373 1.155665375 0.001)
(0.4509294374 1.940464068 0.001)
(14.43864833 0.3717015094 0.001)
(0.5369264209 2.701738584 0.001)
(14.63148907 2.435617418 0.001)
(0.3585312684 0.5869352013 0.001)
(14.40833469 1.713507719 0.001)
(14.03800013 1.442223399 0.001)
(13.99849459 1.912410752 0.001)
(13.65729381 1.642102156 0.001)
(13.66824334 1.224653533 0.001)
(13.32293069 1.422337324 0.001)
(13.26407124 1.837769725 0.001)
(12.97327355 1.591637803 0.001)
(12.96491596 1.182710033 0.001)
(12.67651213 1.408107067 0.001)
(12.61253731 1.797135337 0.001)
(12.35572145 1.577409914 0.001)
(12.36510687 1.236072461 0.001)
(12.05249101 1.388345947 0.001)
(12.03203643 1.727702756 0.001)
(11.73874607 1.548018923 0.001)
(11.75286149 1.196143723 0.001)
(11.441804 1.362042086 0.001)
(11.42779746 1.709013922 0.001)
(11.13497026 1.525706272 0.001)
(11.12874859 1.856837245 0.001)
(10.83450868 1.682997143 0.001)
(10.84473761 1.345544361 0.001)
(10.54722005 1.503979977 0.001)
(10.55836851 1.16844369 0.001)
(10.26303644 1.326760118 0.001)
(10.25022448 1.659833468 0.001)
(9.969546177 1.482103822 0.001)
(9.981667951 1.15221289 0.001)
(9.690337227 1.306662512 0.001)
(9.67753243 1.635530044 0.001)
(9.399385387 1.459968938 0.001)
(9.386732255 1.788690322 0.001)
(9.107986397 1.613937477 0.001)
(9.120775278 1.284581204 0.001)
(8.82731651 1.438076647 0.001)
(8.816019146 1.767849269 0.001)
(8.538095918 1.583983016 0.001)
(8.546787831 1.19877542 0.001)
(8.249480792 1.414703744 0.001)
(8.238494976 1.713387315 0.001)
(7.943416012 1.552957839 0.001)
(7.934814126 1.195988877 0.001)
(7.661446203 1.388765557 0.001)
(7.650032318 1.722251779 0.001)
(7.367113128 1.537549264 0.001)
(7.366947672 1.220667937 0.001)
(7.075360162 1.368337456 0.001)
(7.080202097 1.676730068 0.001)
(6.781138542 1.520338254 0.001)
(6.789200345 1.191450036 0.001)
(6.495247723 1.34895442 0.001)
(6.484528616 1.680027075 0.001)
(6.202285151 1.506868881 0.001)
(6.1928815 1.836391619 0.001)
(5.911505487 1.663622355 0.001)
(5.920898676 1.333719549 0.001)
(5.630659318 1.490963464 0.001)
(5.637617993 1.164871067 0.001)
(5.349249689 1.318441083 0.001)
(5.339925735 1.648480528 0.001)
(5.058785444 1.474862015 0.001)
(5.049700739 1.805585003 0.001)
(4.766452184 1.632676002 0.001)
(4.784674577 1.292569341 0.001)
(4.486238272 1.464826455 0.001)
(4.483386762 1.778656845 0.001)
(4.196006553 1.603005376 0.001)
(4.224856991 1.324616663 0.001)
(3.91134501 1.463468423 0.001)
(3.901604361 1.797711253 0.001)
(3.595662577 1.596856531 0.001)
(3.632486883 1.265524631 0.001)
(3.320683812 1.439262784 0.001)
(3.299771308 1.762776745 0.001)
(3.011389335 1.576271073 0.001)
(3.063627013 1.220663519 0.001)
(2.741970365 1.409700552 0.001)
(2.709134042 1.737846377 0.001)
(2.432623274 1.569342856 0.001)
(2.457365873 1.170008245 0.001)
(2.12911228 1.371452947 0.001)
(2.122339429 1.747458268 0.001)
(1.800050694 1.563156086 0.001)
(1.808595914 1.178032869 0.001)
(5.89546373 1.977935608 0.001)
(1.801573493 1.943732153 0.001)
(1.462065026 1.373953026 0.001)
(5.91497877 1.023133076 0.001)
(9.664321045 1.963792034 0.001)
(10.85579775 1.00783712 0.001)
(9.70227661 0.9782074248 0.001)
(5.36339152 0.9864816621 0.001)
(10.8402869 1.98890334 0.001)
(6.457158566 2.020214043 0.001)
(11.4155678 2.029014026 0.001)
(6.504902072 1.016849847 0.001)
(1.460427949 0.974266949 0.001)
(1.11711105 1.173768008 0.001)
(11.45041623 1.007595089 0.001)
(11.7499907 0.8641354473 0.001)
(5.329566366 1.976284179 0.001)
(6.798956759 0.8583383139 0.001)
(9.371749607 2.114603462 0.001)
(10.56746494 0.8311747469 0.001)
(2.111771054 2.086713701 0.001)
(5.043343569 2.120417149 0.001)
(9.992162771 0.8255696334 0.001)
(1.795576313 0.7951714564 0.001)
(10.86020075 0.6788447532 0.001)
(5.339049 2.280237946 0.001)
(9.645942059 2.274489032 0.001)
(9.941717844 2.134077024 0.001)
(10.55748391 0.5030325682 0.001)
(9.735710303 0.6588487607 0.001)
(9.446160113 0.8071900956 0.001)
(1.143550828 1.617386716 0.001)
(1.098167377 0.7948387913 0.001)
(0.7192158579 0.9527025166 0.001)
(1.791529881 2.354966878 0.001)
(1.482904815 2.142627962 0.001)
(8.759659355 2.716867216 0.001)
(8.929324038 2.438004667 0.001)
(8.600540527 2.42766995 0.001)
(13.03582639 2.720675508 0.001)
(12.8559449 2.430407002 0.001)
(12.51834458 2.423250337 0.001)
(1.963415672 0.271567753 0.001)
(2.118346721 0.6062128382 0.001)
(2.477133828 0.5765332392 0.001)
(9.122848356 0.2906375547 0.001)
(8.754802525 0.303154814 0.001)
(8.578839638 0.5903892207 0.001)
(8.242391733 0.5901965746 0.001)
(8.917976499 0.6074301493 0.001)
(5.879970193 2.723614596 0.001)
(5.667052712 2.444644341 0.001)
(6.037351718 2.450556582 0.001)
(6.530051511 0.6932683547 0.001)
(5.539228129 0.2810793127 0.001)
(5.726454261 0.5529296759 0.001)
(6.041671596 0.551556042 0.001)
(9.463918831 2.737596069 0.001)
(5.177478732 2.74316488 0.001)
(9.799912496 0.3159940806 0.001)
(12.69946712 0.2930273938 0.001)
(12.88819399 0.5718888263 0.001)
(13.20495072 0.5888272651 0.001)
(12.55641323 0.5940294886 0.001)
(12.26397481 0.5861807272 0.001)
(11.9974282 0.365248655 0.001)
(12.7527185 0.8671971641 0.001)
(2.307880439 2.710398666 0.001)
(2.496249508 2.430625788 0.001)
(2.832837151 2.41668389 0.001)
(8.400820162 0.871585935 0.001)
(13.18873626 2.426934817 0.001)
(13.52246586 2.407523925 0.001)
(13.04157239 2.14475355 0.001)
(1.2741608 0.275282275 0.001)
(13.73330387 2.708659772 0.001)
(11.6253504 0.3133011167 0.001)
(2.680981837 2.100624631 0.001)
(3.001600537 2.177863545 0.001)
(3.193285732 2.416696523 0.001)
(10.17244805 2.715423413 0.001)
(10.34314331 2.444398491 0.001)
(10.70598833 2.445112573 0.001)
(4.84769865 0.3032005718 0.001)
(4.647720627 0.5866792579 0.001)
(4.32047812 0.5799089173 0.001)
(4.457811235 0.8606826801 0.001)
(4.810901314 0.903529636 0.001)
(4.134208563 0.8690337692 0.001)
(5.371785582 0.6308826585 0.001)
(11.43682215 0.6215631739 0.001)
(13.93306718 2.357147725 0.001)
(2.111255062 0.9913103915 0.001)
(8.793199954 2.114869706 0.001)
(8.491502826 2.165379123 0.001)
(6.952385965 2.70179742 0.001)
(7.122395204 2.405878817 0.001)
(7.469330947 2.393566561 0.001)
(7.285974077 2.133196263 0.001)
(6.956228326 2.151179943 0.001)
(4.467592413 2.708130094 0.001)
(4.645185592 2.437529617 0.001)
(4.305883797 2.408834921 0.001)
(1.637668889 2.699654711 0.001)
(7.665633885 2.686645536 0.001)
(7.855964208 2.398328437 0.001)
(7.656770941 2.07203743 0.001)
(7.98422633 2.144382614 0.001)
(5.029496397 0.5925265187 0.001)
(6.2409182 2.719224539 0.001)
(6.424392023 2.376834871 0.001)
(14.02852402 1.0199352 0.001)
(13.71621267 0.8809401839 0.001)
(8.234652992 2.364552969 0.001)
(12.32585591 2.712714741 0.001)
(12.18091825 2.404744752 0.001)
(11.81390169 2.402915815 0.001)
(12.38783179 2.121584933 0.001)
(11.61130817 2.69774092 0.001)
(6.25148201 0.2815753645 0.001)
(2.677465552 0.2849526551 0.001)
(2.821853385 0.5926144098 0.001)
(3.161045307 0.6199471197 0.001)
(3.372005852 0.3230679999 0.001)
(3.547297309 0.6953601892 0.001)
(3.273440345 0.9347485567 0.001)
(3.869734426 0.6900042107 0.001)
(2.641104021 0.8649920572 0.001)
(3.383717178 2.701169261 0.001)
(3.55116536 2.398364555 0.001)
(3.917913295 2.387729938 0.001)
(13.62138643 2.030806113 0.001)
(8.07829451 0.8761140058 0.001)
(7.903049846 0.591726583 0.001)
(7.748578399 0.8761268325 0.001)
(10.87492356 0.3279785776 0.001)
(13.99372107 0.5983225017 0.001)
(3.345503464 2.099261884 0.001)
(7.539613607 0.5929976141 0.001)
(6.956455805 0.3029645466 0.001)
(7.127332032 0.6458064874 0.001)
(13.35120123 0.9553542714 0.001)
(1.444486246 0.5864842721 0.001)
(3.809363907 0.9825118827 0.001)
(14.31962448 2.16239937 0.001)
(10.89596875 2.701523452 0.001)
(11.04673448 2.439770732 0.001)
(4.104031253 0.2984765475 0.001)
(9.324138618 2.435733503 0.001)
(0.8939435503 2.695134568 0.001)
(1.126455027 2.337242733 0.001)
(0.7005860367 2.356544204 0.001)
(12.02307168 2.096233986 0.001)
(6.755531457 2.415693237 0.001)
(3.731863602 2.108301929 0.001)
(8.404992693 2.701673313 0.001)
(10.26928244 0.6645574113 0.001)
(4.102550743 2.695410867 0.001)
(4.093409307 2.115712509 0.001)
(12.05651594 1.058255101 0.001)
(11.71658453 1.879873166 0.001)
(11.42089243 2.367827713 0.001)
(6.209417994 1.176627828 0.001)
(10.53811041 1.829646195 0.001)
(6.195258777 0.8226669345 0.001)
(9.415745751 1.132256328 0.001)
(10.27282565 0.9948465578 0.001)
(5.620194092 1.821825294 0.001)
(11.1474683 1.182322243 0.001)
(9.097493349 1.937081067 0.001)
(5.068470588 1.144432014 0.001)
(9.956951887 1.811054295 0.001)
(9.095464052 0.9092691106 0.001)
(8.854708974 1.127646695 0.001)
(10.22997267 1.970076443 0.001)
(7.090428429 1.026481302 0.001)
(4.768958104 1.946073416 0.001)
(3.021270049 2.705130882 0.001)
(6.155877318 2.154349596 0.001)
(6.795570185 1.87817556 0.001)
(11.15708394 0.8452085319 0.001)
(2.957171475 0.8942373559 0.001)
(5.0189264 2.442164967 0.001)
(8.063684192 0.3002450811 0.001)
(13.39350628 0.2787629608 0.001)
(7.416483534 0.9147666669 0.001)
(4.472635893 2.122612084 0.001)
(7.700834107 0.2978437032 0.001)
(5.611832763 2.131279122 0.001)
(12.37794731 0.8930085797 0.001)
(1.485062159 1.767035142 0.001)
(2.408505956 1.902464274 0.001)
(14.58742371 0.7376929871 0.001)
(0.8935352705 1.961122987 0.001)
(0.3022010554 2.416718176 0.001)
(9.215586511 0.5780816097 0.001)
(2.177552427 2.411056132 0.001)
(0.6654194491 1.468995202 0.001)
(0.3335937007 1.137522119 0.001)
(9.964416493 2.440946819 0.001)
(0.5510036916 0.2896719097 0.001)
(14.46217582 2.709034888 0.001)
(12.7227513 2.132454893 0.001)
(5.634618629 0.8555122581 0.001)
(10.53001638 2.167248178 0.001)
(10.00439817 0.5548121796 0.001)
(0.7848562589 0.56561621 0.001)
(14.08204152 0.2507604053 0.001)
(13.04186728 0.8345119192 0.001)
(13.3278562 2.144447215 0.001)
(6.787257776 0.5598007027 0.001)
(8.716867095 0.8573182834 0.001)
(8.242039484 1.111433596 0.001)
(4.513826348 1.164611575 0.001)
(1.784980255 0.5041589251 0.001)
(1.432761049 2.456573051 0.001)
(9.103181113 2.208058481 0.001)
(7.374963666 1.838074738 0.001)
(2.770797068 1.119558811 0.001)
(5.10576071 0.865992638 0.001)
(10.53686117 0.2162930894 0.001)
(8.536627542 1.882064773 0.001)
(11.78060817 0.5702097119 0.001)
(11.11514199 0.5554639029 0.001)
(13.54324723 0.5744206518 0.001)
(2.97898264 1.867467783 0.001)
(11.14153231 2.146624476 0.001)
(11.67800362 2.155172941 0.001)
(7.93703381 1.859445996 0.001)
(9.490047848 0.537001155 0.001)
(2.358533274 0.8269839939 0.001)
(3.531292016 1.008241598 0.001)
(12.29623141 1.851873011 0.001)
(6.693104931 2.158712761 0.001)
(2.394186102 2.172799813 0.001)
(12.63674941 1.130621894 0.001)
(6.302914948 0.5377000926 0.001)
(3.574881063 1.872981668 0.001)
(5.857931976 2.244786434 0.001)
(12.92121137 1.886035539 0.001)
(7.626001065 1.126519829 0.001)
(14.77601727 0.2524374716 0.001)
(0.2634161954 2.737721227 0.001)
(5.902596407 0.7611595974 0.001)
(3.364306014 1.173688218 0.001)
(0.263152537 0.2620115774 0.001)
(14.73684746 2.737988423 0.001)
(4.798229477 2.216493413 0.001)
(9.641277188 2.542793122 0.001)
(14.67188965 1.996706402 0.001)
(5.358659381 2.550832014 0.001)
(1.09509794 0.4925329457 0.001)
(10.18182623 2.233808437 0.001)
(1.224566328 1.964017908 0.001)
(4.230554893 1.869084926 0.001)
(14.76041786 0.5071404741 0.001)
(12.02029355 0.76416149 0.001)
(3.979974591 1.180984696 0.001)
(8.240778216 1.996968342 0.001)
(7.116630214 1.94002678 0.001)
(14.2800966 0.7993958309 0.001)
(4.065512404 0.5430815187 0.001)
(14.28718489 2.483121664 0.001)
(10.86875193 2.250493983 0.001)
(4.29926493 1.067726163 0.001)
)


// ************************************************************************* //
