/*--------------------------------*- C++ -*----------------------------------*\
| =========                 |                                                 |
| \\      /  F ield         | OpenFOAM: The Open Source CFD Toolbox           |
|  \\    /   O peration     | Version:  2412                                  |
|   \\  /    A nd           | Website:  www.openfoam.com                      |
|    \\/     M anipulation  |                                                 |
\*---------------------------------------------------------------------------*/
FoamFile
{
    version     2.0;
    format      ascii;
    arch        "LSB;label=32;scalar=64";
    note        "nPoints:2264  nCells:2020  nFaces:7191  nInternalFaces:2909";
    class       labelList;
    location    "constant/polyMesh";
    object      neighbour;
}
// * * * * * * * * * * * * * * * * * * * * * * * * * * * * * * * * * * * * * //


2909
(
5
265
621
6
266
622
103
1185
1968
104
1186
1967
245
354
927
1145
1792
1144
1793
192
195
490
193
196
491
110
889
109
890
25
1705
1773
52
881
47
880
82
632
972
83
614
982
41
137
1587
40
138
1586
165
990
50
809
51
810
55
812
56
811
219
726
1685
220
727
1686
995
36
89
327
37
90
326
97
114
852
98
113
853
111
119
1456
112
120
1455
57
95
971
58
96
974
42
1000
1770
43
999
1769
1106
1763
1105
1764
93
490
959
94
491
960
690
691
284
780
286
781
59
738
60
739
264
341
1223
1704
1962
91
279
1490
92
280
1491
301
1521
302
1522
1692
1951
121
525
977
122
526
976
326
1565
327
1564
164
1502
169
1516
1064
1190
1063
1189
67
247
1201
68
246
1202
133
464
797
134
465
798
153
571
986
152
572
985
1217
1307
1218
1308
141
549
954
142
550
978
157
314
878
159
313
879
125
305
1718
126
306
1719
87
1233
86
1234
227
365
1752
228
364
1751
108
475
1954
207
1107
1617
208
1108
1618
474
475
155
958
1207
156
966
1208
1904
1976
1905
1977
107
474
1950
1824
1838
1825
1839
1224
1822
1225
1823
452
451
600
601
655
827
656
826
531
639
1969
532
640
1970
131
1345
1580
132
1344
1579
173
336
172
335
172
518
1164
173
519
1163
149
1517
168
1513
1416
1700
1401
1687
1512
1883
1511
1882
923
1213
924
1214
194
211
905
180
694
980
181
695
979
199
212
906
1295
1392
1294
1391
625
624
182
955
1003
183
956
1002
173
293
172
292
337
1328
338
1329
248
352
770
249
353
769
187
998
188
997
412
564
411
563
185
445
807
184
446
808
455
1388
456
1387
610
627
1980
611
626
1981
649
650
299
494
1712
300
495
1711
486
1908
487
1909
501
511
1832
502
512
1833
766
1177
260
1159
1835
261
1160
1834
1389
1889
1390
1888
158
1258
1370
681
680
206
1289
1276
1444
213
1314
489
561
582
488
562
581
523
534
1042
524
533
1041
463
1786
996
1631
389
1896
390
1897
819
1176
496
1789
222
709
957
221
708
962
257
651
1480
256
652
1479
231
970
1369
232
975
1368
907
1404
908
1405
684
685
704
705
197
476
198
477
250
319
557
203
926
202
925
1249
1424
1271
1432
253
328
558
1608
1980
1609
1981
783
1478
627
1659
626
1658
517
516
784
1482
265
1331
1813
266
1332
1812
281
602
282
603
598
790
1578
599
789
1577
744
1776
399
746
400
745
346
376
717
347
375
716
503
607
504
604
782
1779
235
524
236
523
259
358
2019
254
771
953
255
772
952
277
565
278
566
733
734
422
537
1646
423
538
1647
506
1947
2018
505
1946
2017
384
1023
383
1024
262
981
988
263
984
989
745
746
251
1987
252
1988
567
1259
568
1260
290
531
1817
289
532
1816
287
667
678
288
668
679
275
671
686
276
670
687
1341
1723
1340
1722
404
941
645
1504
646
1503
575
1413
576
1412
351
1354
2017
2018
355
1359
758
759
260
464
261
465
369
587
647
368
648
549
550
776
777
403
1393
850
851
281
294
608
282
291
609
571
1438
572
1439
331
851
963
332
850
961
370
524
371
523
739
738
1865
1864
342
983
343
973
1146
1147
380
690
692
379
691
693
810
809
811
812
516
335
336
517
329
572
365
1043
364
1044
330
571
993
1436
994
1437
415
1847
416
1848
366
1570
367
1569
1507
1508
787
1664
1668
788
1665
1667
466
629
1190
467
628
1189
594
1475
1714
595
1474
1715
1092
1073
396
881
395
880
404
1773
403
996
1007
1678
435
1234
436
1233
475
1416
474
1401
451
1329
452
1328
414
413
1006
1688
633
938
634
939
815
816
1474
1519
1475
1520
942
943
1862
1965
1863
1964
553
706
710
554
707
711
1134
1945
824
825
378
510
698
377
513
699
573
836
574
837
358
1301
1630
495
1862
494
1863
1989
2015
1088
1537
1087
1538
1143
1944
1990
2016
387
590
743
388
591
742
1421
785
1332
1384
786
1331
1383
374
1300
1623
398
889
397
890
1051
1052
1004
1045
1005
1046
1905
1904
599
991
598
992
457
639
722
458
640
723
1429
2001
1199
1415
1200
1414
990
995
1074
1383
1075
1384
555
686
1391
556
687
1392
391
1044
392
1043
557
1339
558
1352
700
1103
701
1102
693
1557
692
1558
1589
1819
1590
1820
601
1704
600
1692
538
1100
537
1101
610
1826
611
1827
560
1404
559
1405
426
913
968
427
912
969
1136
1137
439
508
791
440
509
792
625
1079
624
1078
462
626
760
461
627
761
448
551
447
552
649
650
681
680
535
611
665
536
610
666
510
543
730
531
576
583
532
575
584
1422
1462
1423
1463
459
886
1325
460
885
1326
813
814
685
1908
684
1909
705
1188
704
1187
513
548
735
470
522
1109
473
521
1104
1158
1191
1175
1192
580
656
692
579
655
693
547
871
546
872
734
1064
733
1063
746
1404
745
1405
1205
1782
1204
1783
762
1157
763
1156
814
1474
813
1475
646
645
759
1897
758
1896
776
777
576
1081
575
1080
708
1372
709
1371
536
1216
535
1215
623
1334
832
833
1064
1371
1063
1372
826
891
1253
827
892
1252
728
1300
566
1118
1649
565
1119
1648
729
1301
825
824
815
1508
816
1507
488
740
778
489
741
779
514
712
796
515
713
795
750
892
1224
751
891
1225
1043
1703
1044
1702
1946
1947
1426
1425
581
1427
1535
582
1428
1534
1171
1172
661
1333
817
1099
1318
818
1098
1319
659
809
1556
660
810
1555
613
1563
612
1562
548
899
543
902
562
570
561
569
877
1158
1311
574
931
573
930
604
1505
1742
1506
1743
607
706
1633
707
1634
539
540
713
1606
712
1605
882
1175
1315
673
858
672
859
636
1247
635
1248
529
654
1061
530
653
1062
602
869
603
870
1059
1585
1060
1584
1162
1161
1731
1732
807
1612
808
1613
697
1501
1509
696
1500
1510
1182
842
1638
843
1639
748
1402
749
1403
1093
1767
1768
834
1654
835
1655
751
1016
750
1017
1076
1595
1077
1596
1256
1257
1419
1652
1420
1651
1778
1777
903
1054
904
1053
1903
1902
1585
1933
1584
1932
1870
1871
1014
1015
718
756
758
719
757
759
852
936
853
937
1396
1397
769
812
770
811
690
1265
1721
691
1266
1720
1922
2001
633
1084
1497
634
1083
1496
918
1619
917
1620
943
1797
942
1796
1465
1832
1464
1833
992
1808
991
1809
1042
1041
623
661
822
823
1541
1499
1816
1498
1817
1536
925
926
1085
1428
1086
1427
1901
1954
647
972
1644
648
982
1650
938
1802
939
1803
657
1109
1183
658
1104
1181
786
1407
785
1406
987
1238
1237
1325
1376
1326
1377
1074
1813
1075
1812
1898
1950
985
986
801
1761
802
1762
668
949
956
667
950
955
1055
1056
670
981
1662
671
984
1663
1051
1815
1052
1814
1426
1425
1106
1105
798
1021
797
1022
768
1458
767
1459
999
1000
728
909
729
910
800
1521
799
1522
1020
795
807
1753
796
808
1754
673
1082
1610
889
1583
890
1588
672
1091
1611
1755
1758
1135
1364
1630
1138
1365
1623
706
1145
1492
707
1144
1493
1748
1952
1747
1953
1152
1153
1045
1834
1046
1835
1025
1026
1766
1765
1608
1826
1609
1827
1451
1716
1452
1717
714
1411
715
1410
803
2014
804
2013
1039
1787
1038
1788
820
921
1312
821
922
1313
1321
1322
1656
1657
796
1204
795
1205
900
901
919
1025
920
1026
764
1749
765
1750
771
1112
772
1113
1171
1844
1172
1843
830
1514
831
1515
1100
1840
1101
1841
1486
1487
1033
1034
995
1693
774
927
1128
775
1129
1223
1372
1371
868
990
873
1112
1280
874
1113
1279
1077
1076
1396
1397
929
947
928
948
1502
1786
940
1454
1936
852
1121
853
1120
1591
1592
1114
1140
1167
1115
1139
1166
935
1028
1038
934
1027
1039
1037
1872
1036
1873
856
1642
857
1643
797
1114
798
1115
1295
1669
1294
1670
1401
1689
822
887
823
888
1565
1564
1675
1674
1001
1457
1927
899
905
902
906
1890
1891
1987
1988
1531
1532
1516
1789
1311
1335
1315
1338
1625
1624
1507
1718
1508
1719
860
2012
861
2011
1036
1174
1037
1173
1136
1854
1137
1855
1538
1603
1537
1604
1462
1841
1463
1840
1818
1821
1152
1738
1852
1153
1739
1853
1542
1543
1466
1467
1878
1899
1879
1900
1416
1696
1238
1360
1237
1361
997
998
1782
1783
1358
1357
1049
1072
1774
1050
1071
1775
1049
1194
1050
1193
1005
1159
1004
1160
903
1169
904
1170
1294
1355
1295
1356
858
876
1148
859
875
1149
932
1149
1333
933
1148
1334
1396
1734
1397
1733
944
1195
1366
945
1196
1367
1639
1697
1638
1698
1191
1866
1192
1867
1910
1911
1240
1309
1373
1241
1310
1374
1096
1210
1097
1209
1180
1184
896
1579
895
1580
1055
1244
1716
1056
1245
1717
1013
1096
1795
1012
1097
1794
1256
1874
1257
1875
1258
1631
1146
1155
1147
1154
1015
1398
1014
1399
1572
1675
1573
1674
1109
1127
1104
1126
1478
1485
1488
1489
1460
1461
1481
1482
1201
1408
1593
1202
1409
1594
1261
1784
1262
1785
1069
1211
1070
1212
1251
1250
1344
1809
1345
1808
998
1212
997
1211
1387
1414
1546
1388
1415
1547
1203
1155
1754
1154
1753
1450
1125
1124
1239
1246
1651
1864
1652
1865
1031
1635
1032
1629
1129
1134
1354
1740
1878
1741
1879
1128
1143
1359
1279
1456
1745
1280
1455
1744
1254
1381
1255
1382
1566
1727
1567
1726
1552
1660
1551
1661
1624
1720
1625
1721
1336
1337
1292
1083
1787
1084
1788
1355
1759
1356
1760
1127
1789
1126
1786
1379
1468
1380
1469
1402
1557
1403
1558
1992
1991
1710
1730
1353
1607
2003
2004
1322
1443
1321
1442
1093
1203
1571
985
1381
986
1382
1362
1747
1363
1748
1854
1874
1487
1486
1835
1803
1843
1608
1609
1813
1802
1812
1818
1867
1821
1866
1844
1855
1875
1797
1796
1814
1488
1531
1489
1815
1841
1840
1834
1499
1498
1532
1523
1895
1199
1749
1200
1750
2012
2011
1156
1654
1157
1655
1574
1252
1253
1713
1746
1068
1362
1067
1363
1054
1053
1010
1165
1011
1168
1299
1708
1724
1298
1709
1725
1089
1178
1090
1179
1346
1422
1347
1423
1414
1415
1145
1251
1144
1250
1047
1162
1713
1048
1161
1710
1533
1892
1220
1277
1219
1278
1102
1620
1103
1619
1451
1452
1103
1483
1102
1484
1065
1698
1066
1697
1089
1130
1090
1131
1130
1623
1131
1630
1058
1327
1513
1403
1402
1241
1240
1057
1330
1517
1094
1095
1160
1159
1215
1575
1216
1576
1323
1324
2007
2006
1800
1801
1971
1972
1177
1243
1176
1242
1086
1535
1085
1534
1163
1185
1164
1186
1935
1934
1321
1394
1322
1395
1229
1319
1230
1318
1448
1525
1449
1524
1249
1526
1331
1332
1798
1799
1340
1360
1341
1361
1193
1868
1194
1869
1180
1673
1261
1262
1095
1094
1476
1839
1477
1838
1684
1683
1184
1666
1271
1559
1258
1505
1506
1348
1349
1430
1741
1431
1740
1463
1462
1768
1767
1368
1468
1369
1469
1269
1560
1727
1270
1561
1726
1173
1174
1278
1277
1296
1376
1850
1297
1377
1849
1725
1995
1724
1996
1213
1398
1214
1399
1268
1390
1616
1267
1389
1615
1132
1548
1133
1549
1776
1779
1845
1842
1150
1151
1226
1581
1227
1582
1989
1653
1977
1945
1944
1645
1976
1441
1636
1440
1637
1220
1286
1825
1219
1285
1824
1990
1613
1612
1385
1386
1178
1365
1179
1364
1848
1847
1164
1163
1166
1167
1846
1550
1568
1305
1446
1540
1539
1306
1447
1227
1593
1226
1594
1994
1993
1759
1760
1851
1699
1701
1231
1232
1327
1289
1776
1320
1444
1314
1779
1330
1781
1780
1438
1442
1439
1443
1272
1273
1485
1481
1448
1449
1395
1622
1394
1621
1436
1679
1964
1437
1680
1965
1890
1891
1236
1235
1292
1592
1591
1433
1756
1936
1739
1925
1738
1924
1216
1346
1215
1347
1676
1677
1266
1265
1529
1706
1530
1707
1763
1764
1242
1454
1597
1243
1457
1602
1518
1836
1837
1235
1236
1453
1757
1927
1628
1742
1627
1743
1305
1434
1306
1435
1653
1645
1263
1264
1247
1248
1335
1845
1275
1274
1375
1378
1510
1514
1509
1515
1338
1842
1551
1552
1614
1406
1407
1836
1837
1267
1857
1268
1856
2015
2016
1935
1934
1309
1310
1308
1312
1307
1313
1586
1587
1270
1269
1287
1288
1626
1798
1850
1799
1849
1283
1380
1284
1379
1937
1986
1303
1302
1760
1759
1283
1296
1473
1284
1297
1472
1830
1831
1302
1695
1303
1694
1316
1367
1317
1366
1526
1297
1298
1810
1296
1299
1811
1353
1481
1867
1961
1553
1554
1755
1758
1440
1441
1485
1866
1958
1335
1338
1351
1350
1787
1788
1434
1581
1582
1559
1435
1342
1411
1343
1410
1458
1459
1445
1693
1342
1500
1343
1501
1374
1373
1385
1504
1503
1386
1528
1527
1344
1345
1424
1678
1806
1807
1621
1622
1646
1647
1351
1529
1350
1530
1660
1661
1432
1688
1737
1447
1455
1456
1406
1625
1407
1624
1446
1956
1957
1805
1804
1772
1771
1615
1616
1907
1906
1445
1571
1831
1830
1385
1527
1830
1831
1386
1528
1617
1618
1389
1390
1720
1721
1891
1890
1670
1669
1574
1937
1671
1672
1547
1546
1610
1650
2019
1503
1964
1504
1965
1726
1727
1603
1869
1604
1868
1601
1847
1876
1600
1848
1877
1473
1811
1472
1810
1905
1977
1761
1762
1598
1706
1707
1544
1545
1904
1976
1781
1968
1780
1967
1599
1461
1951
1771
1772
1863
1862
1888
1889
1853
1852
1982
1983
1450
1973
1845
1842
1735
1736
1518
1510
1509
1460
1962
1699
1701
1780
1781
1732
1731
1519
1562
1520
1563
1667
1911
1668
1910
1940
1941
1585
1640
1734
1584
1641
1733
1617
1618
1825
1861
1824
1860
1985
1763
1767
1764
1768
1984
1751
1940
1752
1941
1894
1893
1502
1516
1591
1782
1592
1783
1664
1978
1665
1979
1651
1828
1995
1652
1829
1996
1784
1991
1785
1992
1886
1887
1514
1515
1577
1578
1648
1744
1649
1745
1673
1666
1937
1870
1871
1601
1600
1527
1597
1804
1859
1805
1858
1629
1533
1642
1643
1823
1822
1602
1733
1734
1985
2013
1916
1917
1711
1975
1712
1974
1984
2014
1714
1879
1715
1878
1563
1777
1562
1778
1586
1587
1681
1800
1682
1801
1588
1730
1691
1690
1729
1849
1728
1850
1915
1952
1914
1953
1872
1873
1635
1589
1856
1590
1857
1838
1839
1702
1909
1703
1908
1583
1746
1722
1800
1723
1801
1737
1685
1903
1686
1902
1986
1647
1880
1646
1881
1676
1677
1998
1997
1956
1957
1687
1700
1702
1703
1679
1680
1728
1882
1729
1883
1913
1614
1683
1626
1684
1917
1916
1912
1915
1914
1633
1718
1634
1719
1632
1773
1966
1955
1963
1753
1754
1629
1983
1982
1819
1820
1774
1775
1635
1833
1899
1832
1900
1986
1705
1973
1664
1665
1738
1974
1739
1975
1640
1641
1933
1932
1658
1659
1898
1922
1846
1708
1709
1901
1851
1679
1680
1785
1929
1784
1928
1706
1707
1794
1795
1749
1765
1750
1766
1923
1979
1978
1765
1766
1774
1804
1775
1805
1930
1893
1894
1742
1743
1683
1722
1806
1723
1807
1688
1894
1893
1689
1921
1761
1794
1762
1795
1895
1705
1861
1877
1860
1876
1700
1920
2008
2009
1920
1921
1892
1882
1883
1756
1993
1994
1757
1900
1899
1886
1887
1829
1828
1798
1799
1920
1881
1880
1884
1959
1885
1960
1973
1942
1943
1903
1902
1921
1858
1859
2007
2006
2010
1881
1880
2019
1822
1836
1823
1837
1846
1851
1871
1870
1855
1919
1944
1854
1918
1945
1910
1978
1911
1979
1942
1943
1929
1928
1956
1957
1997
1998
1828
1829
1948
1949
1970
1969
2005
1856
1857
2002
1980
1981
1938
1939
1877
1876
1959
1960
1916
1917
1995
1996
1884
1885
1896
1897
1999
2000
1914
1915
1971
1972
1982
1983
1926
1931
1963
1966
1941
1948
1940
1949
1926
1927
1931
1936
1989
1999
1990
2000
1955
1950
1963
1939
1974
1938
1975
1962
1991
1992
1954
1966
1951
2008
2009
2008
2009
1993
1994
2003
2004
1987
1988
2006
2007
1960
1959
2010
1985
2002
1984
2005
2003
2004
1971
1972
2011
2012
2015
2016
2010
2013
2014
)


// ************************************************************************* //
