/*--------------------------------*- C++ -*----------------------------------*\
| =========                 |                                                 |
| \\      /  F ield         | OpenFOAM: The Open Source CFD Toolbox           |
|  \\    /   O peration     | Version:  2412                                  |
|   \\  /    A nd           | Website:  www.openfoam.com                      |
|    \\/     M anipulation  |                                                 |
\*---------------------------------------------------------------------------*/
FoamFile
{
    version     2.0;
    format      ascii;
    arch        "LSB;label=32;scalar=64";
    note        "nPoints:2720  nCells:2568  nFaces:9064  nInternalFaces:3776";
    class       labelList;
    location    "constant/polyMesh";
    object      neighbour;
}
// * * * * * * * * * * * * * * * * * * * * * * * * * * * * * * * * * * * * * //


3776
(
496
692
2292
120
233
264
65
108
301
362
2082
2559
14
1063
1590
13
141
346
539
1332
2028
18
488
2294
105
377
462
60
288
76
97
457
83
293
421
28
516
2367
533
1614
381
816
142
436
812
540
2171
2435
387
585
2363
755
1783
42
339
510
116
199
337
639
746
1258
44
474
86
268
1785
100
223
1817
45
168
2107
234
1484
2288
266
453
1271
142
609
124
169
287
331
514
789
148
2339
2445
166
275
465
97
169
190
190
314
630
109
119
723
337
483
2561
77
239
1629
129
188
1406
790
2133
2543
602
1146
2094
46
610
2117
178
1791
73
1761
2516
159
1036
101
1426
87
920
195
255
305
90
447
501
224
397
571
628
794
2558
300
634
1194
161
370
1025
175
384
856
300
780
1384
246
963
2034
193
550
2386
61
665
1172
198
1256
2565
170
695
1175
1262
1498
162
646
889
2280
2560
145
720
2322
330
2392
2398
128
1687
104
280
1895
137
1636
1829
961
1798
2564
112
401
1098
147
337
2223
238
1728
2567
118
404
600
178
325
491
697
1604
196
242
813
151
2485
124
556
146
204
924
529
686
700
124
326
336
229
658
775
737
973
1485
341
1241
291
513
767
232
391
1900
832
1961
400
1888
708
1047
1647
110
315
1722
1077
1768
153
245
507
280
305
685
132
738
1191
139
686
1180
152
785
1637
172
532
1563
1469
239
292
604
119
434
2226
245
538
218
1270
174
271
533
212
638
907
537
752
1147
2241
1192
2132
2562
292
324
1531
226
2548
245
598
133
1714
184
185
511
425
1759
417
745
1813
183
304
1232
185
191
1173
340
1873
269
381
839
528
1464
652
626
1122
329
683
800
377
1476
2081
208
788
1526
219
334
469
727
1537
2289
138
382
2566
342
549
1846
2137
191
240
526
727
965
1717
1409
2228
721
1377
342
573
592
187
817
854
403
439
675
682
733
387
2026
186
1644
389
561
664
247
2105
1221
309
317
607
149
234
1505
652
1275
235
1542
455
2297
310
1408
1247
1395
235
236
289
823
1394
1491
1902
723
809
159
343
847
203
250
524
191
209
482
731
1264
2291
309
422
436
612
319
348
1572
289
899
250
353
1166
2319
2544
189
468
2344
1117
1746
2347
367
785
186
702
1233
966
2194
1934
541
1873
670
2277
2515
782
1654
253
611
2556
664
1614
221
259
267
637
1401
379
386
1660
926
306
596
1573
353
399
1172
366
441
1616
203
438
669
547
2077
621
775
229
230
378
534
791
873
311
446
1462
582
815
921
1223
2391
591
709
2539
459
1563
407
1647
273
553
1046
1237
1852
301
549
264
776
2371
356
922
2549
279
505
1079
276
381
2428
665
1419
2335
440
546
1269
214
391
624
1562
1597
229
332
406
1373
1729
573
1687
2390
1702
2093
256
710
717
376
2340
251
1164
2551
437
467
1779
508
1190
2109
913
2448
307
566
426
1728
1927
374
676
560
840
1311
834
1402
1090
1191
294
808
834
1303
1636
298
378
1201
244
552
555
369
1846
472
693
2045
490
1332
1915
2476
1630
1381
421
825
363
1068
2443
1163
2148
2175
283
817
265
617
1106
600
1753
1292
2057
2563
753
1919
439
2386
693
1586
262
469
570
434
480
871
725
1148
1826
617
740
1162
1445
1847
492
735
2007
694
2437
1073
763
818
1460
433
821
1295
321
1680
387
393
1781
322
1652
1721
294
590
447
551
1825
1762
269
1727
663
2375
1466
2001
1666
2380
816
799
1297
1959
1279
1691
308
1148
2538
367
2099
558
1842
2418
1610
1823
405
1809
299
1540
1653
463
644
2311
571
587
296
302
349
2332
636
884
895
378
719
781
1643
2062
479
1770
1771
423
918
1265
1197
1629
783
1206
1459
429
476
1676
1308
1335
502
476
2017
566
415
687
1442
440
694
489
1191
1914
497
711
690
1689
1677
455
334
1994
547
1560
2012
1267
1541
2196
522
736
1723
1834
585
1091
681
1604
2417
649
1165
408
597
741
407
557
701
457
1237
1411
1973
594
626
703
1271
1308
559
629
2265
389
675
677
2057
2138
1327
1335
688
768
461
555
764
1778
2451
937
1429
695
1230
619
753
2481
486
501
551
1090
1265
606
2399
798
1912
432
2024
540
1345
2352
2108
357
769
1975
1175
1934
707
766
1492
745
1761
541
1404
825
1939
1988
409
919
372
1261
2119
428
719
1201
908
2038
380
384
676
1844
1863
353
524
364
594
734
530
712
787
443
654
1334
597
721
1411
448
773
1449
1610
1897
602
624
572
1405
2256
772
965
1548
795
1253
1751
367
418
1733
2047
2191
968
2397
913
1671
444
575
768
955
2323
456
554
2078
873
1180
1585
460
1170
1229
663
2094
442
1558
2304
1327
1477
484
735
2530
635
1685
1885
584
1865
755
1864
1752
2363
548
1645
2388
1433
722
877
1594
675
1572
759
918
1235
603
511
615
923
602
857
1307
2513
2102
2124
712
914
1690
528
1161
1715
635
1166
1193
668
1914
762
897
1341
1782
2332
2035
2221
739
1294
427
1186
1953
584
2034
1082
1753
481
1269
1908
2060
2209
435
1652
647
784
468
1165
1700
628
1348
1369
450
848
1066
414
737
901
1749
2351
1166
1617
467
2262
2301
1348
2103
465
1347
577
2192
2553
654
982
1886
899
609
666
441
1587
466
1589
2100
940
1690
1485
2246
1150
2546
1774
2201
686
1241
475
1799
2120
527
971
2519
523
2295
717
975
1688
623
643
1372
961
2278
775
872
603
752
759
639
773
599
1170
498
716
487
536
574
1047
2462
972
798
2555
973
1650
2246
769
2214
522
662
765
597
623
802
2030
2193
525
671
1671
2499
578
1045
2090
739
1127
1743
646
782
599
1729
805
842
1547
1876
1317
1972
506
898
1322
1642
660
2201
2439
1425
2253
503
743
838
1345
1430
1467
1371
2543
595
1907
2210
1500
2064
1250
1390
1884
706
1188
1425
588
865
1057
730
2025
573
2076
872
981
817
936
1620
1873
889
1659
535
968
2080
895
1922
578
1957
668
1338
1780
1948
2030
2506
1322
1408
965
1414
699
1202
2089
889
903
1474
1393
1415
527
865
534
902
653
1576
552
1453
833
709
760
1101
563
1158
2334
668
1338
697
848
891
1320
566
1723
589
1091
1736
1679
2103
843
833
1235
1315
607
2039
622
2555
650
1300
1491
689
2002
1258
1470
1978
631
840
1634
567
691
1464
605
1150
2326
777
884
1224
2041
936
1070
1924
804
2001
542
1708
1057
691
865
1180
562
1493
684
1854
2498
2240
2357
851
756
898
1430
951
2036
1625
1853
891
1618
1450
1900
1607
1787
896
1173
714
1422
2489
1066
1694
2123
613
1174
1204
981
1189
1287
1319
2302
1701
618
963
636
805
1200
1199
623
1230
1427
690
813
1244
1511
852
1882
721
741
1279
1869
890
1867
971
2318
690
932
2048
641
1238
1727
1074
1582
758
1056
1867
625
661
979
615
2454
683
1958
2126
625
2233
680
2037
791
1673
1818
749
1631
979
837
1791
2146
648
1729
1748
771
1162
1358
1374
1767
1819
1947
2440
747
1736
662
736
750
601
1328
700
823
1068
2183
923
1428
1314
1848
871
1506
1156
1251
2351
827
2145
1509
2063
1688
1817
1648
1161
683
2224
1804
1427
1437
1158
2336
1745
1888
830
678
1093
1417
705
793
1124
892
1284
748
897
1164
2407
803
1207
2529
621
620
1499
1546
641
634
1174
1392
2120
1347
1733
1605
824
2170
2085
1889
645
1655
2079
2191
1375
1530
1256
2150
1724
1942
647
728
929
749
850
1525
1204
2544
1740
804
1276
1353
1706
1449
1070
1168
1455
1346
715
1383
1598
764
783
1875
2347
1979
2308
1904
905
1186
1648
1475
2183
796
1042
661
797
1041
1651
779
1448
1664
729
846
2491
804
861
1744
795
1204
1807
2019
2024
1436
1650
2430
674
1201
836
2493
1844
782
705
1271
910
1639
2141
1605
1924
729
1533
734
792
845
1581
1818
829
1203
1440
711
841
1783
730
2238
698
1940
1833
2444
2560
688
1796
830
1372
1156
2520
754
2189
1369
2410
1772
1976
874
704
1196
777
791
873
2132
2468
1704
1444
1686
2189
1066
706
1743
1318
2480
1394
974
1832
1102
1866
913
2476
922
2429
1196
1700
1754
1993
1734
2128
786
862
869
1593
831
937
2516
770
1909
1878
2446
859
1899
1187
1349
1803
1708
1359
2442
1959
1977
1275
765
828
879
1809
1904
1147
1320
1431
2007
836
886
2559
2266
1436
2246
916
1318
1596
1303
1709
2147
1730
1588
1090
1361
1638
1765
1812
1721
1624
1826
2316
904
867
1720
2039
1349
1738
1998
757
1478
1422
1613
1663
1400
844
1575
2540
1273
1453
1502
1726
1517
1366
1931
2131
1472
1672
1351
1437
1640
1257
1835
2452
1613
1621
811
1554
1262
1202
1849
1680
1720
1578
2160
1711
2199
1621
1812
1858
2020
2118
793
1462
1713
1101
1871
1945
828
868
1312
1390
795
1568
2108
2332
1628
1252
1465
2099
1778
2535
1389
1955
1225
2164
931
2300
1838
2086
861
2150
887
1802
1087
1086
2376
1627
2058
1587
2224
1172
1419
1936
1919
2200
845
1673
1304
1454
1609
1570
1679
1853
1428
1591
1147
2241
1487
1684
2320
1536
2032
875
1040
1689
950
1633
1698
876
888
1504
1681
2326
826
1184
1272
1165
1938
2124
894
1697
880
893
1375
2324
2113
2381
1542
1559
1656
2204
966
1285
1641
1575
2522
2455
2531
1965
1190
855
928
1528
1212
1471
1747
1365
1871
1852
1918
2205
1954
1943
1173
1331
1878
2331
1857
1548
2187
1422
1465
2408
853
888
1416
1383
2134
1586
1984
853
893
1821
1967
1353
1862
860
1680
910
2396
1537
1717
2263
904
2037
1080
1720
1387
1362
1863
978
1243
1274
868
917
1225
1770
1992
2262
900
1035
908
1790
883
1109
1171
2155
2019
1942
2205
1081
1337
1297
2213
1044
1390
2120
1213
2041
1354
1477
1780
1783
928
1149
1603
1281
1963
2274
906
1040
1042
1039
1041
1209
2270
1593
1672
2042
1214
1455
1208
2350
2067
1454
2373
1500
2156
1635
1080
1442
1617
1206
1578
1659
1982
1452
1038
1039
1221
1300
1205
1553
1556
1177
1983
2289
1357
1448
2283
915
1032
1338
1781
2026
1079
1391
2107
1987
2366
1036
1038
1713
1816
1416
1707
2425
1828
1852
2004
955
1078
1471
1592
969
1077
1379
1252
1443
972
1076
1748
1879
974
1883
1035
1037
1641
1053
1074
1065
1075
1967
2313
975
1094
1239
977
1088
1532
1638
1781
1072
1082
1050
1184
1215
1051
1069
1226
967
1054
1143
1054
1107
1305
970
1055
1229
1058
1109
1236
1060
1110
1290
1085
1089
1520
2263
2138
2563
1092
1093
1118
1293
2078
1118
1198
2044
1026
1095
1097
1200
1546
1199
1611
1098
1356
1099
1100
2281
1103
1169
1194
1104
1105
1342
1095
1111
2406
1024
1995
983
1100
2101
1022
2023
1188
1073
1043
1088
1268
1116
1581
1215
1921
1086
1219
1594
1893
1811
1052
1108
1144
1399
1048
1108
1870
1125
1660
1141
1142
1105
1142
1178
1566
1104
1140
1139
1141
1389
1565
1138
1140
1103
1137
1100
1139
1136
1137
1135
1138
1098
1388
1097
1135
1133
1136
1099
1132
1131
1133
1130
1132
1123
1128
1129
1131
1095
1128
1126
1130
1093
1368
1125
1129
1121
1126
1119
1121
1092
2048
1089
1119
1085
1116
1082
1488
1073
1123
1065
1116
1072
1074
1075
1413
1053
1076
1102
1412
1096
1102
1077
1096
1839
1078
1083
1329
1071
1083
1063
1071
1079
1328
1049
1063
1049
1238
1517
1211
1539
1080
1433
1081
1062
1089
1453
1086
1087
2209
1084
1121
1504
1219
1227
1129
1478
1130
1334
2087
1097
1099
1344
1545
2252
2312
1064
1137
1243
1499
1601
1140
1145
1067
1112
1142
1113
1536
1120
1248
1363
1134
1296
2169
1131
1167
1763
2006
1464
2015
1825
1616
1372
1459
1113
1554
1088
1255
2416
1883
1123
1155
1507
1122
1109
1110
1159
1765
1918
1135
1153
1126
1160
1157
1451
1159
1228
1119
1263
1492
1632
1134
1144
1210
1678
2337
1199
1136
1152
2533
2557
1865
1700
1938
1157
1569
1183
1141
1154
1144
1289
1480
1154
1278
1261
1975
2176
1277
1370
2419
1347
1601
1906
1183
1185
1154
1836
1157
1249
1699
2261
1160
1423
2111
1508
1927
2127
2422
1183
1463
1958
2295
1171
1181
1344
1512
2185
1620
1351
1616
1995
1387
1655
1181
1595
1382
1429
1993
1187
1696
2260
1274
1253
1568
2186
1678
1417
1273
2097
1817
1520
2031
1772
2022
1910
1493
1503
1566
2193
1469
2527
1297
1355
1733
1263
2089
2194
1552
1661
1742
2318
1899
2329
1990
2357
1286
1510
1313
1669
1443
1889
1756
2488
1958
1980
1693
1719
1876
1885
1861
1932
2353
1222
1316
1339
1692
1588
1617
2273
2367
1557
1571
1833
2139
1582
1740
1385
1384
2131
1272
1333
1321
1538
1373
2229
1363
1406
2015
1435
1544
1412
1920
1829
2483
2486
2327
1281
1326
1658
1340
1295
1306
1260
1415
1336
1354
1941
1935
1665
2345
1272
1657
1488
1689
1753
1304
1952
1253
1326
1306
1564
1448
1916
1442
2181
1989
1330
1343
1401
1491
2099
2174
1822
2496
2304
1449
1684
2393
1400
2321
2364
1943
1310
1728
2348
2151
1558
1666
1750
1598
1868
1930
2142
2268
1342
2112
1712
2173
1974
1330
1815
1458
1626
1421
1599
2450
1711
2117
2469
1969
1352
1398
1543
1410
1576
1824
1892
1396
1468
1296
2056
1435
1683
1520
2040
2310
1305
1978
1421
1487
1352
1767
1801
1745
2398
1355
1522
1356
2166
1968
1321
1302
1352
1424
1533
1850
2412
2136
1396
1440
1456
1526
2167
1808
1378
1608
2065
2423
2444
2375
1519
1524
1552
1483
1490
1377
1896
1385
1756
1323
1640
1850
1351
1768
1486
1933
1891
2143
1849
1531
2400
2328
1966
1430
1340
1346
1325
1973
2200
1447
2481
2073
2424
1521
1521
2000
1473
1828
2373
2409
1594
1905
1569
2219
1394
2449
1374
1755
1343
1364
1358
2110
1466
1481
1569
2379
1508
2257
2053
1432
1441
1528
1523
1979
1627
1580
1913
2510
2354
1841
2081
1364
1396
1557
2151
2272
1367
1572
1581
1513
1452
2232
1583
1821
1660
1580
1940
1802
1398
1403
1838
2161
1399
1597
1872
1523
1534
1702
2157
1496
2009
1403
1441
2121
2190
1703
2428
1492
1668
2309
1463
1579
1507
1676
1884
1623
1759
1623
1426
1489
1447
1799
1831
2355
2009
2283
1489
1527
1596
1494
1510
2243
1513
1591
1757
1784
1701
1820
1769
2202
1818
1512
1545
1963
2379
2123
2158
2190
2502
2200
1682
1674
1682
1858
2180
1667
1882
1883
1636
1779
2439
1991
1505
1792
1916
1998
1487
1538
1494
1855
1832
2104
1887
2152
1592
1547
1776
1456
1461
1789
1518
1722
1985
1794
2426
2178
1562
2182
1461
1490
1535
1574
1584
2071
2239
2303
1600
1662
1585
1839
1981
2343
2532
1480
1564
2070
2369
2014
1612
1511
1788
2095
1494
2052
1703
2342
2349
1574
1970
1568
2199
1468
1607
2080
1513
2324
1608
1738
1923
1529
1752
1530
1856
1932
2463
1736
2124
1695
2220
2231
1865
1779
1829
2281
2307
1486
1530
1501
2121
1574
2089
1952
2140
1749
2265
1653
1514
1534
1565
1615
1716
1754
1622
1774
1498
1943
2173
1561
1954
1686
1932
1867
2252
1727
1928
1643
1894
1866
1669
1626
1971
2060
1947
1595
1762
1915
1516
1941
1983
1949
1827
1944
1573
1997
2036
2072
1535
1662
1843
1598
2077
1579
1544
1786
1535
2250
2554
2175
1857
2142
2047
1632
1930
1639
2374
1561
2064
2048
1551
1615
2234
1567
1784
1551
2250
1559
1845
1698
1550
1987
2182
1739
1706
1718
1851
2342
1969
2046
2286
1649
1863
1612
2029
2173
2069
2474
2110
1755
1990
2059
2084
2084
1731
1801
1895
2420
1731
1758
1806
1877
2510
1667
1824
2321
1628
1855
2087
1831
1612
1758
1635
2562
2323
2433
1837
2190
2006
2428
1898
1732
2330
2252
1739
2167
1738
1836
1824
1911
2305
1615
1868
1877
1862
1881
2279
2454
1749
2434
2486
1734
1836
1708
1774
1637
1657
2044
2489
1649
1757
1766
1874
2125
2421
2217
2188
2298
2315
1752
2554
1712
1735
1881
1925
1652
1901
1928
2075
1724
1814
1670
2421
2491
1814
1896
2017
2549
2102
2370
2287
2039
1906
2145
1988
1676
1866
2372
2497
1651
2212
2545
2111
1953
1844
1907
2226
2296
2335
1744
2028
2207
1905
2004
2090
2460
1662
1830
1810
2012
1953
2441
2122
2251
2299
2115
1670
1732
2354
2236
2112
2566
2292
1920
2137
1737
2369
2373
1910
2131
1926
2517
2032
2336
2114
2232
1998
1842
2345
1982
1808
2109
1955
1984
2184
1693
2293
2092
2158
2214
1841
2484
2088
2552
2003
2133
1717
1709
2267
2096
2236
2006
1991
2162
1735
1764
1795
1859
1800
1801
2008
1816
2035
2223
2399
1890
2050
2172
2467
1945
2171
1739
1849
1951
2093
2306
2368
2205
2467
2249
1810
1741
1851
1999
2353
2466
1806
2243
1933
1956
2333
1775
2140
2211
1937
1747
1951
1805
2334
2166
1815
2221
2260
2458
1795
1908
2118
2165
2013
2073
2258
2051
2227
1784
1955
1814
1845
1860
1803
1786
2066
2068
1853
2146
2245
1773
1985
2167
1995
2153
2295
2035
2057
2221
2432
1827
2075
2054
2163
2157
2172
1903
1909
1962
2061
2294
1820
2062
2165
2179
1794
1936
1991
2074
2122
1864
1899
2106
2517
1793
1799
1797
1981
2371
2129
1950
2284
1827
1928
2091
2536
1933
2414
2196
2195
1869
2514
2254
2415
1843
2013
2407
2033
2268
2069
2149
2202
2473
2191
2276
2308
2561
2095
2303
1936
2222
1854
2440
2145
2204
1937
2538
2211
1847
1851
2436
2344
2423
1894
2108
1947
2418
2315
2502
2359
2360
2046
2316
2411
2470
2085
1911
2168
1920
2403
2225
2412
1946
2457
2051
1872
2308
2529
2384
1862
1997
1876
2192
2472
2475
1949
1878
2248
1886
2342
2114
1979
2277
2547
2331
2337
2258
2186
2208
1961
2225
2547
2063
2414
2360
2459
2349
2240
2296
2117
2021
2054
2256
1917
2055
2014
2115
1977
2387
2249
2410
2168
2204
2235
2255
2288
2340
2372
2526
2002
2136
2016
2509
2437
2213
2210
2043
2300
2469
1931
2290
2144
2208
2009
2298
2294
2104
2283
2011
2074
2565
2481
2291
2348
1965
2339
1951
1956
1994
2072
2238
2195
2522
2434
2045
2329
2338
2254
2034
1970
2291
2426
2087
2102
2449
2482
2166
2079
2284
1973
1981
2435
2270
2558
2228
2231
2070
2474
2369
2100
2154
2036
2078
2478
2029
2098
2299
2125
2188
2489
2286
1986
2135
2383
2445
2378
2381
2068
2003
2383
2382
2217
2041
2488
2159
2275
2081
2241
2214
2181
2216
2259
2365
2447
2556
2247
2079
2244
2042
2271
2346
2164
2096
2389
2392
2196
2223
2297
2313
2253
2304
2314
2365
2063
2129
2403
2224
2323
2112
2429
2271
2234
2208
2218
2400
2530
2033
2427
2058
2238
2266
2309
2385
2077
2411
2066
2137
2523
2528
2360
2119
2203
2518
2149
2187
2264
2198
2233
2242
2345
2043
2433
2153
2262
2278
2330
2074
2306
2413
2235
2314
2094
2263
2370
2254
2390
2070
2105
2106
2130
2421
2317
2207
2213
2105
2554
2558
2148
2259
2269
2217
2561
2052
2488
2088
2276
2126
2095
2159
2361
2381
2536
2362
2487
2361
2356
2377
2096
2362
2383
2341
2352
2431
2222
2284
2198
2392
2138
2382
2227
2226
2534
2397
2264
2276
2177
2404
2500
2395
2271
2282
2465
2511
2266
2278
2348
2567
2154
2202
2256
2135
2521
2121
2388
2401
2420
2448
2329
2480
2155
2354
2333
2300
2361
2371
2355
2141
2244
2370
2479
2501
2471
2272
2206
2447
2269
2285
2397
2462
2163
2206
2541
2310
2350
2385
2553
2362
2367
2185
2237
2255
2184
2415
2309
2446
2377
2451
2517
2325
2500
2387
2153
2533
2438
2211
2255
2236
2249
2457
2496
2168
2364
2303
2395
2452
2310
2541
2229
2335
2402
2182
2197
2466
2498
2358
2378
2333
2328
2461
2528
2372
2472
2503
2311
2492
2240
2394
2225
2539
2325
2542
2405
2443
2396
2505
2504
2559
2523
2440
2368
2506
2480
2516
2356
2535
2398
2389
2315
2228
2364
2531
2343
2344
2430
2322
2477
2248
2391
2423
2442
2470
2302
2504
2493
2501
2251
2459
2436
2288
2296
2280
2289
2444
2518
2474
2563
2482
2409
2463
2560
2247
2275
2251
2484
2290
2562
2507
2565
2492
2513
2286
2454
2410
2420
2313
2512
2542
2388
2494
2465
2414
2405
2477
2468
2564
2287
2279
2319
2453
2352
2435
2311
2491
2490
2530
2285
2380
2455
2483
2394
2321
2519
2387
2567
2301
2524
2346
2499
2494
2426
2430
2471
2365
2487
2401
2456
2521
2551
2328
2467
2519
2532
2358
2374
2464
2456
2458
2546
2445
2525
2566
2446
2336
2540
2350
2543
2431
2537
2355
2436
2453
2380
2404
2441
2520
2503
2479
2394
2393
2455
2550
2538
2438
2525
2495
2378
2493
2377
2479
2431
2411
2465
2552
2413
2514
2399
2534
2514
2555
2418
2450
2451
2497
2447
2508
2508
2458
2464
2457
2498
2551
2452
2496
2425
2515
2495
2529
2466
2503
2490
2525
2494
2504
2472
2505
2501
2518
2506
2477
2545
2549
2470
2484
2453
2483
2468
2490
2548
2546
2464
2462
2476
2485
2513
2527
2471
2492
2500
2509
2533
2475
2557
2507
2523
2505
2512
2536
2511
2511
2520
2521
2553
2526
2548
2524
2528
2556
2557
2524
2564
2547
2540
2527
2550
2537
2545
2539
2544
2550
2552
)


// ************************************************************************* //
