/*--------------------------------*- C++ -*----------------------------------*\
| =========                 |                                                 |
| \\      /  F ield         | OpenFOAM: The Open Source CFD Toolbox           |
|  \\    /   O peration     | Version:  2412                                  |
|   \\  /    A nd           | Website:  www.openfoam.com                      |
|    \\/     M anipulation  |                                                 |
\*---------------------------------------------------------------------------*/
FoamFile
{
    version     2.0;
    format      ascii;
    arch        "LSB;label=32;scalar=64";
    class       vectorField;
    location    "constant/polyMesh";
    object      points;
}
// * * * * * * * * * * * * * * * * * * * * * * * * * * * * * * * * * * * * * //


2720
(
(0 0 0)
(-5 -5 0)
(10 -5 0)
(-5 5 0)
(10 5 0)
(-5 -5 0.001)
(10 -5 0.001)
(-5 5 0.001)
(10 5 0.001)
(0 0 0.001)
(0.005190147917 0.008061726009 0)
(0.01391471193 0.01270569428 0)
(0.02333122134 0.01577955224 0)
(0.03298781701 0.018002104 0)
(0.04275698681 0.01966740604 0)
(0.0525871753 0.02092650802 0)
(0.06245296276 0.02186887539 0)
(0.07234011449 0.02255310423 0)
(0.0822399606 0.02302029162 0)
(0.09214689488 0.02330082448 0)
(0.1020571348 0.02341811296 0)
(0.1119680515 0.02339078743 0)
(0.1218777818 0.02323406663 0)
(0.1317849906 0.0229606499 0)
(0.1416887186 0.02258132128 0)
(0.1515882806 0.02210537151 0)
(0.1614831955 0.02154090061 0)
(0.1713731357 0.02089503732 0)
(0.1812578909 0.02017410125 0)
(0.1911373402 0.01938373704 0)
(0.2010114323 0.01852901381 0)
(0.2108801687 0.01761450198 0)
(0.2207435906 0.01664432926 0)
(0.2306017685 0.01562223054 0)
(0.2404547946 0.01455159533 0)
(0.250302776 0.0134355004 0)
(0.2601458286 0.01227673339 0)
(0.2699840719 0.01107781355 0)
(0.2798176262 0.009841017909 0)
(0.2896466091 0.008568397393 0)
(0.2994711319 0.007261788454 0)
(0.3092912976 0.005922822753 0)
(0.319107199 0.004552942196 0)
(0.3289189165 0.003153407997 0)
(0.3387265172 0.001725307706 0)
(0.3485300526 0.0002695605649 0)
(0.3583295577 -0.001213075132 0)
(0.3681250501 -0.00272199551 0)
(0.3779165286 -0.004256746658 0)
(0.3877039726 -0.005817020487 0)
(0.3974873406 -0.007402650808 0)
(0.40726657 -0.009013609659 0)
(0.4170415752 -0.01065000385 0)
(0.4268122477 -0.0123120718 0)
(0.4365784547 -0.01400018063 0)
(0.446340038 -0.01571482336 0)
(0.4560968129 -0.01745661757 0)
(0.4658485682 -0.01922629818 0)
(0.4755950668 -0.02102470319 0)
(0.485336065 -0.02285266665 0)
(0.4950703801 -0.02471580561 0)
(0.4850670686 -0.02800259302 0)
(0.4751884533 -0.02880347458 0)
(0.4653073731 -0.02957337521 0)
(0.4554240577 -0.0303140352 0)
(0.4455386642 -0.03102642556 0)
(0.4356513272 -0.0317113157 0)
(0.4257621653 -0.03236933312 0)
(0.4158712843 -0.03300098554 0)
(0.405978778 -0.03360665194 0)
(0.3960847294 -0.03418658077 0)
(0.3861892123 -0.03474088721 0)
(0.3762922921 -0.03526955001 0)
(0.3663940273 -0.03577240826 0)
(0.3564944707 -0.03624915771 0)
(0.3465936708 -0.03669934709 0)
(0.3366916733 -0.03712237401 0)
(0.3267885227 -0.03751748068 0)
(0.3168842637 -0.03788374752 0)
(0.3069789435 -0.03822008598 0)
(0.2970726137 -0.03852523332 0)
(0.2871653329 -0.03879774589 0)
(0.2772571693 -0.03903599022 0)
(0.267348204 -0.03923812828 0)
(0.2574385344 -0.03940210813 0)
(0.247528279 -0.03952565269 0)
(0.2376175823 -0.03960624399 0)
(0.2277066202 -0.03964109762 0)
(0.217795608 -0.03962714248 0)
(0.2078848083 -0.03956099805 0)
(0.1979745413 -0.03943894256 0)
(0.1880651975 -0.03925686662 0)
(0.178157253 -0.03901022478 0)
(0.168251289 -0.03869398109 0)
(0.1583480154 -0.03830253455 0)
(0.1484483022 -0.03782962222 0)
(0.1385532202 -0.03726818875 0)
(0.1286640945 -0.03661022889 0)
(0.1187825777 -0.03584657458 0)
(0.108910751 -0.03496660128 0)
(0.09905126948 -0.03395781902 0)
(0.0892075769 -0.0328052875 0)
(0.079384235 -0.03149075362 0)
(0.06958745235 -0.02999133144 0)
(0.0598259804 -0.02827738742 0)
(0.05011273679 -0.02630895728 0)
(0.04046800209 -0.02402925623 0)
(0.03092640627 -0.0213519703 0)
(0.02155500592 -0.01813227537 0)
(0.01251133601 -0.01409107512 0)
(0.004319770367 -0.008560876076 0)
(-4 -5 0)
(-3 -5 0)
(-2 -5 0)
(-1 -5 0)
(0 -5 0)
(1 -5 0)
(2 -5 0)
(3 -5 0)
(4 -5 0)
(5 -5 0)
(6 -5 0)
(7 -5 0)
(8 -5 0)
(9 -5 0)
(-5 4 0)
(-5 3 0)
(-5 2 0)
(-5 1 0)
(-5 0 0)
(-5 -1 0)
(-5 -2 0)
(-5 -3 0)
(-5 -4 0)
(10 -4 0)
(10 -3 0)
(10 -2 0)
(10 -1 0)
(10 0 0)
(10 1 0)
(10 2 0)
(10 3 0)
(10 4 0)
(9 5 0)
(8 5 0)
(7 5 0)
(6 5 0)
(5 5 0)
(4 5 0)
(3 5 0)
(2 5 0)
(1 5 0)
(0 5 0)
(-1 5 0)
(-2 5 0)
(-3 5 0)
(-4 5 0)
(-4 -5 0.001)
(-3 -5 0.001)
(-2 -5 0.001)
(-1 -5 0.001)
(0 -5 0.001)
(1 -5 0.001)
(2 -5 0.001)
(3 -5 0.001)
(4 -5 0.001)
(5 -5 0.001)
(6 -5 0.001)
(7 -5 0.001)
(8 -5 0.001)
(9 -5 0.001)
(-5 4 0.001)
(-5 3 0.001)
(-5 2 0.001)
(-5 1 0.001)
(-5 0 0.001)
(-5 -1 0.001)
(-5 -2 0.001)
(-5 -3 0.001)
(-5 -4 0.001)
(10 -4 0.001)
(10 -3 0.001)
(10 -2 0.001)
(10 -1 0.001)
(10 0 0.001)
(10 1 0.001)
(10 2 0.001)
(10 3 0.001)
(10 4 0.001)
(9 5 0.001)
(8 5 0.001)
(7 5 0.001)
(6 5 0.001)
(5 5 0.001)
(4 5 0.001)
(3 5 0.001)
(2 5 0.001)
(1 5 0.001)
(0 5 0.001)
(-1 5 0.001)
(-2 5 0.001)
(-3 5 0.001)
(-4 5 0.001)
(0.005190147917 0.008061726009 0.001)
(0.01391471193 0.01270569428 0.001)
(0.02333122134 0.01577955224 0.001)
(0.03298781701 0.018002104 0.001)
(0.04275698681 0.01966740604 0.001)
(0.0525871753 0.02092650802 0.001)
(0.06245296276 0.02186887539 0.001)
(0.07234011449 0.02255310423 0.001)
(0.0822399606 0.02302029162 0.001)
(0.09214689488 0.02330082448 0.001)
(0.1020571348 0.02341811296 0.001)
(0.1119680515 0.02339078743 0.001)
(0.1218777818 0.02323406663 0.001)
(0.1317849906 0.0229606499 0.001)
(0.1416887186 0.02258132128 0.001)
(0.1515882806 0.02210537151 0.001)
(0.1614831955 0.02154090061 0.001)
(0.1713731357 0.02089503732 0.001)
(0.1812578909 0.02017410125 0.001)
(0.1911373402 0.01938373704 0.001)
(0.2010114323 0.01852901381 0.001)
(0.2108801687 0.01761450198 0.001)
(0.2207435906 0.01664432926 0.001)
(0.2306017685 0.01562223054 0.001)
(0.2404547946 0.01455159533 0.001)
(0.250302776 0.0134355004 0.001)
(0.2601458286 0.01227673339 0.001)
(0.2699840719 0.01107781355 0.001)
(0.2798176262 0.009841017909 0.001)
(0.2896466091 0.008568397393 0.001)
(0.2994711319 0.007261788454 0.001)
(0.3092912976 0.005922822753 0.001)
(0.319107199 0.004552942196 0.001)
(0.3289189165 0.003153407997 0.001)
(0.3387265172 0.001725307706 0.001)
(0.3485300526 0.0002695605649 0.001)
(0.3583295577 -0.001213075132 0.001)
(0.3681250501 -0.00272199551 0.001)
(0.3779165286 -0.004256746658 0.001)
(0.3877039726 -0.005817020487 0.001)
(0.3974873406 -0.007402650808 0.001)
(0.40726657 -0.009013609659 0.001)
(0.4170415752 -0.01065000385 0.001)
(0.4268122477 -0.0123120718 0.001)
(0.4365784547 -0.01400018063 0.001)
(0.446340038 -0.01571482336 0.001)
(0.4560968129 -0.01745661757 0.001)
(0.4658485682 -0.01922629818 0.001)
(0.4755950668 -0.02102470319 0.001)
(0.485336065 -0.02285266665 0.001)
(0.4950703801 -0.02471580561 0.001)
(0.4850670686 -0.02800259302 0.001)
(0.4751884533 -0.02880347458 0.001)
(0.4653073731 -0.02957337521 0.001)
(0.4554240577 -0.0303140352 0.001)
(0.4455386642 -0.03102642556 0.001)
(0.4356513272 -0.0317113157 0.001)
(0.4257621653 -0.03236933312 0.001)
(0.4158712843 -0.03300098554 0.001)
(0.405978778 -0.03360665194 0.001)
(0.3960847294 -0.03418658077 0.001)
(0.3861892123 -0.03474088721 0.001)
(0.3762922921 -0.03526955001 0.001)
(0.3663940273 -0.03577240826 0.001)
(0.3564944707 -0.03624915771 0.001)
(0.3465936708 -0.03669934709 0.001)
(0.3366916733 -0.03712237401 0.001)
(0.3267885227 -0.03751748068 0.001)
(0.3168842637 -0.03788374752 0.001)
(0.3069789435 -0.03822008598 0.001)
(0.2970726137 -0.03852523332 0.001)
(0.2871653329 -0.03879774589 0.001)
(0.2772571693 -0.03903599022 0.001)
(0.267348204 -0.03923812828 0.001)
(0.2574385344 -0.03940210813 0.001)
(0.247528279 -0.03952565269 0.001)
(0.2376175823 -0.03960624399 0.001)
(0.2277066202 -0.03964109762 0.001)
(0.217795608 -0.03962714248 0.001)
(0.2078848083 -0.03956099805 0.001)
(0.1979745413 -0.03943894256 0.001)
(0.1880651975 -0.03925686662 0.001)
(0.178157253 -0.03901022478 0.001)
(0.168251289 -0.03869398109 0.001)
(0.1583480154 -0.03830253455 0.001)
(0.1484483022 -0.03782962222 0.001)
(0.1385532202 -0.03726818875 0.001)
(0.1286640945 -0.03661022889 0.001)
(0.1187825777 -0.03584657458 0.001)
(0.108910751 -0.03496660128 0.001)
(0.09905126948 -0.03395781902 0.001)
(0.0892075769 -0.0328052875 0.001)
(0.079384235 -0.03149075362 0.001)
(0.06958745235 -0.02999133144 0.001)
(0.0598259804 -0.02827738742 0.001)
(0.05011273679 -0.02630895728 0.001)
(0.04046800209 -0.02402925623 0.001)
(0.03092640627 -0.0213519703 0.001)
(0.02155500592 -0.01813227537 0.001)
(0.01251133601 -0.01409107512 0.001)
(0.004319770367 -0.008560876076 0.001)
(4.494571318 4.232458144 0)
(4.502003592 -4.1527943 0)
(9.189321503 0.3907887308 0)
(-4.235099529 1.630890845 0)
(-4.148833069 -1.471824904 0)
(-1.466471741 4.225192245 0)
(-1.546170517 -4.179094435 0)
(1.398232606 4.259130005 0)
(0.3542468602 0.00802520653 0)
(1.522219333 -4.269477982 0)
(6.433250695 4.057824278 0)
(6.441465975 -4.083705457 0)
(9.176120886 -1.451602974 0)
(9.193962155 2.468829529 0)
(8.505810312 -4.170616844 0)
(-3.445813585 -4.051453796 0)
(-4.175830642 3.419554649 0)
(8.4859648 4.230781461 0)
(-2.469082097 -4.168910144 0)
(-2.009260455 -3.387809215 0)
(-1.187229986 -3.40398989 0)
(0.3419998715 -0.04536457326 0)
(-1.566007236 -2.74288618 0)
(-0.8969659444 -2.733072478 0)
(-1.217349154 -2.215858476 0)
(0.2036937693 -0.04884167471 0)
(-0.6600694897 -2.204731489 0)
(-0.9293335305 -1.780020794 0)
(-0.4967340428 -1.763161687 0)
(-0.7320340274 -1.432781487 0)
(0.1022908386 -0.04254967398 0)
(-0.3711370252 -1.37336843 0)
(-1.114947555 -1.415524461 0)
(-0.8860254714 -1.096167627 0)
(-1.264479742 -1.079549283 0)
(-1.089167142 -0.7786322791 0)
(-1.429940612 -0.7698687817 0)
(-1.244424119 -0.4736900482 0)
(-0.1398943643 -1.667092953 0)
(0.01561404584 -1.326892011 0)
(0.1919917418 -1.611886792 0)
(0.3363912328 -1.330004528 0)
(0.5054649963 -1.569060434 0)
(0.6163149351 -1.291669663 0)
(0.8047302717 -1.520481682 0)
(0.9168657441 -1.242715838 0)
(1.12252957 -1.489101138 0)
(1.23918598 -1.184533592 0)
(1.475381588 -1.448191133 0)
(1.617413413 -1.096075388 0)
(1.892778603 -1.41105694 0)
(2.049473564 -1.003156672 0)
(1.732363536 -0.6656742253 0)
(2.203867053 -0.5729174565 0)
(1.888443303 -0.2213205366 0)
(2.373980002 -0.1023117524 0)
(2.710116039 -0.4695121178 0)
(2.900788415 0.03831396959 0)
(3.282043082 -0.3909060252 0)
(3.485339402 0.1808676197 0)
(3.907162549 -0.320589007 0)
(2.033208152 0.2442623321 0)
(-1.604676156 -0.4615045341 0)
(-1.343192637 -0.1501938026 0)
(-0.183773894 -1.105749982 0)
(4.133079429 0.3180774413 0)
(0.4381201818 -1.057168925 0)
(0.4411756303 -0.03995466593 0)
(0.391614644 -0.04305043482 0)
(4.596147686 -0.2070842131 0)
(-0.9235877425 -0.4977891387 0)
(4.830468098 0.4760098168 0)
(-1.78873787 -0.1297552535 0)
(-1.566807562 0.2029294506 0)
(-1.175963913 0.1984488864 0)
(-1.342844244 0.5215493636 0)
(-0.9735538114 0.4984559661 0)
(0.1965748464 0.02693717254 0)
(0.1068382795 0.03272519665 0)
(-1.134037292 0.8335306361 0)
(-0.7550438017 0.7845258322 0)
(-0.9283980731 1.153661433 0)
(-0.5521668343 1.118487201 0)
(-1.41344477 1.198000813 0)
(1.020764307 -0.9153078989 0)
(-0.7098825321 1.512435001 0)
(-0.2612317123 1.456740254 0)
(-1.805491122 -2.091455914 0)
(3.658197875 0.7807372242 0)
(0.4007313064 -1.896253429 0)
(5.322695501 -0.07987042582 0)
(5.573164253 0.6432346085 0)
(3.55345494 -0.9724297168 0)
(-0.854041609 0.1723164948 0)
(-0.4687736745 1.943471081 0)
(0.04949916818 1.864157983 0)
(0.2436345664 1.403539636 0)
(0.5469556387 1.784599975 0)
(5.066639672 -0.7897042525 0)
(-1.806189607 -0.8339154386 0)
(1.33343661 -1.797088155 0)
(-2.008179161 0.2348112262 0)
(5.824855549 -0.6714285987 0)
(1.638134026 0.09036742039 0)
(1.678364415 0.5209045447 0)
(1.320565332 0.5225957608 0)
(-0.3807882614 0.7705857861 0)
(5.051045096 1.214877017 0)
(5.822397995 1.397950538 0)
(-0.1622347252 2.377158453 0)
(-0.9771800421 1.938694227 0)
(1.172031185 0.1030313729 0)
(-2.250144704 -0.1467708572 0)
(5.554461593 -1.41551386 0)
(6.364481868 -1.290496943 0)
(6.372657416 0.794007818 0)
(-2.506229423 0.2702242277 0)
(6.643153587 1.589355663 0)
(-0.4866555991 -3.268996534 0)
(1.373015362 0.8690081188 0)
(1.879641077 1.022361611 0)
(-2.795344533 -0.1967157742 0)
(2.366749816 -1.361527714 0)
(2.168623925 -1.788344968 0)
(2.718646517 -1.773589842 0)
(2.470642277 -2.289708412 0)
(3.095947276 -2.258473446 0)
(5.272279973 1.993785886 0)
(2.827194289 -2.867144138 0)
(-2.224085905 0.7096276373 0)
(1.536051 1.400823432 0)
(2.084114108 1.550874239 0)
(1.678872419 1.97456885 0)
(2.284361505 2.13734367 0)
(6.079326728 -2.075082257 0)
(6.934492512 -1.938977601 0)
(7.214851699 -1.145796687 0)
(5.251202275 -2.125930615 0)
(-3.096393675 0.3094689839 0)
(3.526681305 -2.812328183 0)
(1.01252569 0.8338325231 0)
(7.214595976 0.9495606001 0)
(1.843997061 2.601843108 0)
(2.493191652 2.771833903 0)
(2.950981313 2.267645189 0)
(3.188493412 2.917869806 0)
(-3.554427594 -0.2523356797 0)
(-2.965937926 -0.8195418269 0)
(3.685699978 2.411153131 0)
(3.798192576 -2.156754517 0)
(-1.476793006 -1.369828021 0)
(2.786069105 3.465813473 0)
(7.494460502 1.785313795 0)
(2.483880087 1.029535676 0)
(6.898559761 2.465303567 0)
(2.076759129 -2.833501875 0)
(2.527833326 -3.527782278 0)
(1.2499982 2.398410627 0)
(-3.749954342 0.3415292838 0)
(-0.9844102068 -0.06468799942 0)
(-0.6948440909 -0.03214921557 0)
(-0.5953227839 0.1401213646 0)
(-0.5097809221 -0.09571062285 0)
(-0.4329969592 0.1027898364 0)
(-0.6057668976 -0.2188705484 0)
(-0.4426997028 -0.2267839903 0)
(-0.5162908821 -0.3596838802 0)
(-0.3600344431 -0.3444006866 0)
(0.04311710641 -0.03352372236 0)
(-0.2991546569 -0.2173835405 0)
(-0.2256345461 -0.3297620352 0)
(-0.17583358 -0.2253500968 0)
(-0.09600662812 -0.3088139439 0)
(-0.2060550213 -0.1357584542 0)
(-0.1533770947 -0.4306851612 0)
(-0.03292119459 -0.4147938719 0)
(-0.0008064150551 -0.3277183948 0)
(0.2724811154 -0.04774090038 0)
(0.2426714709 -0.0478102293 0)
(0.302292687 -0.04696433707 0)
(0.07224883063 -0.3840475224 0)
(0.1303641306 -0.2968924132 0)
(0.1743661177 -0.3771672137 0)
(0.1529886049 -0.04663947908 0)
(0.2072925264 -0.2956544246 0)
(0.2616077454 -0.3653917922 0)
(0.2899666737 -0.275567724 0)
(0.3474101462 -0.3515837173 0)
(0.3775593591 -0.275291904 0)
(0.432924613 -0.3395809286 0)
(0.4669814772 -0.2547086573 0)
(0.5222338313 -0.3303775312 0)
(0.5437423749 -0.2452253353 0)
(0.6031450612 -0.289088399 0)
(0.1328465439 -0.04536895685 0)
(0.03467924883 -0.4871507897 0)
(0.173155175 -0.04741868623 0)
(0.2229438914 -0.04806271527 0)
(0.603523602 -0.3948511801 0)
(0.3236166951 -0.4636793617 0)
(0.6654507718 -0.2168424289 0)
(0.7120195727 -0.3293680667 0)
(0.1659636193 -0.231422509 0)
(-0.1277981366 -0.1571287296 0)
(0.00381488517 -0.01877881475 0)
(-0.1688789828 -0.05842661709 0)
(0.3325324101 -0.2173849752 0)
(-0.4031474463 -0.5016228028 0)
(-0.091410111 -0.07671133071 0)
(0.5842906572 -0.1494032202 0)
(0.6726569146 -0.1409421453 0)
(0.6256912484 -0.08584107993 0)
(0.6954275089 -0.06812855032 0)
(0.7463153701 -0.1320374253 0)
(0.5555633102 -0.09591036554 0)
(0.4808100756 -0.03698241627 0)
(0.7728847947 -0.03795198321 0)
(0.7121602358 0.01109700715 0)
(0.4429439962 -0.006405697093 0)
(0.4820486274 -0.01350273987 0)
(0.4625029035 -0.009878041554 0)
(0.4233636587 -0.002996544013 0)
(0.8614733731 -0.1059207816 0)
(-0.2418433575 -0.06219686621 0)
(-0.1965508805 -0.003374531257 0)
(0.9053420405 0.3945468071 0)
(0.7880039854 0.05597947102 0)
(0.7060239096 0.102732131 0)
(0.6354398151 0.08881782929 0)
(0.6316595275 0.1541009606 0)
(0.2770846891 0.01834280057 0)
(0.236396185 0.02305245823 0)
(0.3059750293 0.0147497135 0)
(0.5607069278 0.148263753 0)
(0.5708253907 0.2156172315 0)
(0.2166520738 0.02567138874 0)
(0.2560885969 0.02146774981 0)
(0.3251292528 0.01191200836 0)
(0.5546998936 0.06449902449 0)
(0.2278766784 -0.2267297095 0)
(0.1920746258 -0.1757499791 0)
(0.1378967652 -0.1790370348 0)
(0.1571633943 -0.1354540473 0)
(0.1118402756 -0.1364450875 0)
(0.1976930244 -0.1266656582 0)
(0.08957169987 -0.1764259964 0)
(0.0678295521 -0.1318523331 0)
(0.07317081525 -0.04032741624 0)
(0.04812236882 -0.1650502088 0)
(0.02878535773 -0.1236254556 0)
(0.0008113907937 -0.1742356925 0)
(0.133122319 -0.1047716565 0)
(0.05017034708 -0.1033255532 0)
(0.007832197727 -0.09524104759 0)
(0.03740853028 -0.07020008272 0)
(0.02542808674 -0.0275209989 0)
(0.1754752524 -0.1066043217 0)
(0.2105500002 -0.1036330987 0)
(0.2289885067 -0.1186656839 0)
(0.2392538464 -0.09842402643 0)
(0.2570004277 -0.112479412 0)
(0.2663584394 -0.09469206905 0)
(0.2826742409 -0.106715213 0)
(0.2913984384 -0.08949589849 0)
(0.3058887614 -0.1001493538 0)
(0.3145438182 -0.08486572374 0)
(0.3274068253 -0.09439774458 0)
(0.3221536426 -0.04629231436 0)
(0.3344200274 -0.07953753793 0)
(0.3473185359 -0.08899781545 0)
(0.3435616209 -0.113777491 0)
(0.369162204 -0.1036444043 0)
(0.3549921053 -0.07307316274 0)
(0.3717800768 -0.04410104738 0)
(0.3627951727 -0.135705871 0)
(0.3930927321 -0.1257708894 0)
(0.3945281803 -0.09883044397 0)
(0.4194672692 -0.1104959199 0)
(0.4263947014 -0.08876481985 0)
(0.4458178455 -0.09939830141 0)
(0.4510689611 -0.07766044358 0)
(0.4610072124 -0.03852295506 0)
(0.4462412778 -0.1322165696 0)
(0.4758257104 -0.1141677606 0)
(0.3944008857 -0.1599224495 0)
(0.2777791542 -0.1394416295 0)
(0.1902256823 -0.0789289047 0)
(0.4059644268 -0.07123374967 0)
(0.4213594921 -0.04126223271 0)
(0.2204599079 -0.07700455225 0)
(0.4330704546 -0.0641738462 0)
(0.2493549326 -0.07452575992 0)
(0.2757317823 -0.07157929016 0)
(0.2989380082 -0.06814857962 0)
(0.4753445451 -0.1561092775 0)
(0.4907347724 -0.03617378819 0)
(0.4867501892 -0.04501346659 0)
(0.5009252592 -0.03348814885 0)
(0.5050090289 -0.02440497144 0)
(0.4765408449 -0.04595943335 0)
(0.4822084113 -0.05428819165 0)
(0.4922735267 -0.05352292197 0)
(0.4873052461 -0.06405079077 0)
(0.5012328215 -0.06210615529 0)
(0.4721684149 -0.05499135783 0)
(0.493641395 -0.07646608027 0)
(0.5100208042 -0.07538932665 0)
(0.5161639775 -0.06219678102 0)
(0.08955234922 -0.1005427678 0)
(0.06905089196 -0.07505193357 0)
(-0.6709573935 0.3414346109 0)
(0.5132383114 -0.1384952903 0)
(5.686210588 -2.855288073 0)
(0.3310559267 -0.1427372296 0)
(0.4779994176 -0.07537371565 0)
(-0.2747515708 0.009182190271 0)
(-0.2151734644 0.06544779474 0)
(0.04555934572 0.02842759704 0)
(0.005892462857 0.01871754895 0)
(0.02629325373 0.02502769992 0)
(-0.1361072894 0.06813362418 0)
(-0.1701527457 0.1403281979 0)
(-0.2584518148 0.1551507441 0)
(-0.1963323104 0.2319554582 0)
(-0.1053334568 0.1995449376 0)
(-0.1236661145 0.3055973254 0)
(-0.03022615042 0.2644981208 0)
(-0.03917649258 0.3946245631 0)
(-0.003233790601 0.1903473401 0)
(0.05361362035 0.2308064513 0)
(0.07785777537 0.1696211795 0)
(0.124126133 0.2015797074 0)
(0.1562787598 0.03046198036 0)
(0.1367176796 0.03359908268 0)
(0.1216863885 0.2811451238 0)
(0.1431258577 0.1528680557 0)
(0.182879193 0.1773203695 0)
(0.1981883589 0.1339395702 0)
(0.2347589475 0.156574591 0)
(0.4954959496 0.1760464691 0)
(0.4929041574 0.2712855202 0)
(0.2488473209 0.1181061473 0)
(0.2815850457 0.1382735092 0)
(0.282556727 0.204493803 0)
(0.293495717 0.1038859695 0)
(0.3232504713 0.1211999794 0)
(0.3334299779 0.09142362228 0)
(0.02604771873 0.1175654371 0)
(0.07695780105 0.03266973786 0)
(0.3620059787 0.106010549 0)
(0.3718982639 0.07622679569 0)
(0.3928032463 0.001768003111 0)
(0.3748977866 0.005037409999 0)
(0.3704114027 0.1678528673 0)
(0.09999862126 0.1038557959 0)
(0.1571473618 0.09816428445 0)
(0.2115726811 0.08557627289 0)
(0.3974947681 0.09083864752 0)
(0.4070321193 0.06434738978 0)
(0.4297712344 0.07737313802 0)
(0.438059706 0.05364810501 0)
(0.4587326431 0.06540767065 0)
(0.4654003415 0.04270396399 0)
(0.2578190507 0.07060209454 0)
(0.3035676618 0.06308325374 0)
(0.3434497976 0.05266509148 0)
(-0.315830081 0.267964422 0)
(0.4138196542 0.0341101483 0)
(0.3798291764 0.04285048204 0)
(0.4892879172 0.04980979603 0)
(0.4900703786 0.02426778392 0)
(0.4429081439 0.02446479666 0)
(0.5921338038 0.3188125376 0)
(0.4976781755 0.3832569096 0)
(0.7216500285 0.2149734749 0)
(0.4703421772 0.01539529542 0)
(-0.1765281001 0.4335243214 0)
(-0.0620470379 0.549029235 0)
(-0.06778900495 0.1371681083 0)
(0.3206713324 -0.06507440447 0)
(0.1038527933 0.4823387008 0)
(0.0791204124 0.688368963 0)
(0.2967901934 0.6015888726 0)
(7.732195946 2.651936271 0)
(0.07269376173 -1.044854695 0)
(-0.08525036334 -0.8825768191 0)
(-0.2929213926 -0.8772298582 0)
(0.1320679649 -0.8438121391 0)
(-0.1751396193 -0.6970626681 0)
(0.3845010449 0.3293673763 0)
(0.6136492563 0.4489743725 0)
(-0.58977148 -0.5027714156 0)
(0.258692188 0.8546733335 0)
(0.01608643531 0.9392055112 0)
(0.5018120004 0.7633704672 0)
(4.274812717 -2.77316862 0)
(0.0491643656 -0.2086845039 0)
(-0.3291555667 -0.05571787371 0)
(0.4873478904 0.08804619802 0)
(-0.7940432595 -0.7577308195 0)
(0.3409601148 -0.06188798131 0)
(3.993531855 3.089730601 0)
(7.784093283 -1.822473078 0)
(7.499582146 -2.617122896 0)
(8.417282417 -2.514931685 0)
(0.6209532588 -0.001453226645 0)
(0.5273240648 -0.07362046448 0)
(0.5308743272 -0.056435687 0)
(0.5244605161 -0.04241584651 0)
(0.5375755307 -0.04134394367 0)
(0.5534137724 -0.05260213696 0)
(0.5278728732 -0.02952223201 0)
(0.5409510862 -0.02569605553 0)
(0.5330121216 -0.01594950211 0)
(0.5486304156 -0.01306901186 0)
(0.5371751486 -0.001682436884 0)
(0.5584402462 0.005613566929 0)
(0.5223066254 -0.006353443035 0)
(0.5260760098 0.009055936096 0)
(0.5586507006 -0.03017710029 0)
(0.512329042 0.005192562 0)
(0.4997683677 -0.0158932527 0)
(0.5155434242 0.02066449033 0)
(0.5752334769 -0.04524761445 0)
(0.5071986274 -0.04699650699 0)
(0.5100140842 -0.03279562714 0)
(0.5158277074 -0.02448228989 0)
(0.4293970807 0.1204908614 0)
(6.926309214 0.1496521975 0)
(7.758414141 0.3622309016 0)
(1.387983619 3.048218397 0)
(0.7586873701 2.784798589 0)
(-0.07493842961 -0.2013060981 0)
(8.244816858 -1.042649296 0)
(0.5031883297 -0.09720481475 0)
(0.7250333214 1.33061948 0)
(-0.5478269068 -0.6480176418 0)
(-0.6388917752 -1.002592842 0)
(0.7223763257 -1.023585817 0)
(0.5457266621 -0.8359519605 0)
(0.5338167682 0.0266838463 0)
(0.5163024189 0.04062551011 0)
(1.464859652 -0.2807508401 0)
(1.373850725 -0.6210576735 0)
(1.132100155 -0.385581665 0)
(-2.264076179 -2.711035391 0)
(-2.480055335 -2.051984334 0)
(-2.936648295 -2.60401629 0)
(-0.1239144897 -0.008994679978 0)
(-0.08711466923 0.04383790429 0)
(-3.422762276 0.8405787738 0)
(4.533456669 1.668972649 0)
(0.01137111728 -0.02375501471 0)
(0.002816346472 -0.02825043822 0)
(-0.004987268625 -0.02280201775 0)
(0.01004044061 -0.03386036223 0)
(0.002006107866 -0.03821599887 0)
(0.01046453727 -0.04454671151 0)
(0.0002349092218 -0.05156236546 0)
(-0.01001016917 -0.04325881321 0)
(-0.0125010515 -0.05592278898 0)
(-0.02492340778 -0.04859245264 0)
(-0.0260061771 -0.06743372359 0)
(-0.005902449103 -0.007808284601 0)
(-0.009902763761 0.0007533497513 0)
(-0.01518361887 -0.007664292046 0)
(-0.0197144866 0.001263387402 0)
(-0.0252020603 -0.007147079894 0)
(-0.01422921455 0.00964259343 0)
(-0.02431706458 0.01031982462 0)
(-0.01865382774 0.01865007251 0)
(-0.02061677852 -0.01651644635 0)
(-0.03203743323 -0.0155208661 0)
(0.01311862861 -0.0580614769 0)
(0.02151343985 -0.04828854565 0)
(-0.04491932023 -0.05317286698 0)
(-0.05731470637 -0.08116633306 0)
(-0.009119656683 0.01777395036 0)
(-0.01299534118 0.02694894529 0)
(-0.002191791734 0.02523483199 0)
(-0.00749591318 0.03569061303 0)
(0.00336766079 0.0352668013 0)
(-0.002696653226 0.04715178011 0)
(0.01060536242 0.04555680619 0)
(-0.01744210751 0.04680212698 0)
(-0.02593086208 0.02801982659 0)
(0.005205970311 0.05705902733 0)
(0.01869156354 0.05662792074 0)
(-0.01001975656 0.06401456926 0)
(-0.03353036217 0.05732438777 0)
(0.009775569831 0.07121462158 0)
(0.02942954593 0.06828458532 0)
(0.03810818855 0.0570548739 0)
(0.04754839225 0.06663802426 0)
(0.05480125778 0.05346193597 0)
(0.0649007767 0.0660458764 0)
(0.06050693889 0.08299570354 0)
(0.07147414333 0.05087011145 0)
(0.07940971688 0.06461180275 0)
(0.08500271996 0.05003574767 0)
(0.09345518803 0.0625879228 0)
(0.06184729596 0.04216318355 0)
(-0.001941850914 0.09530078002 0)
(0.09868156885 0.04901321732 0)
(0.1067811544 0.06063280479 0)
(0.1118690355 0.04866982359 0)
(0.1194216761 0.05893963662 0)
(0.1232883152 0.04759786932 0)
(0.1305430904 0.05664363388 0)
(0.1271946709 0.07136740621 0)
(0.09102151104 0.04078266689 0)
(0.02318404075 0.04270034013 0)
(0.1433013117 0.06638846113 0)
(0.1488892428 0.05237201275 0)
(0.1582255396 0.06146684733 0)
(0.1765340167 0.02872750961 0)
(0.1613806184 0.04805521674 0)
(0.1714002012 0.05915284327 0)
(0.1745391817 0.0452358131 0)
(0.1839398529 0.0552188352 0)
(0.1827064908 0.07046110342 0)
(0.1871681092 0.04355928258 0)
(0.1958957139 0.05146155977 0)
(0.01331153381 0.03408439044 0)
(0.1151581276 0.03975505754 0)
(0.046153433 0.04360593514 0)
(-0.02684895249 -0.02611377582 0)
(-0.03896490489 -0.02278454007 0)
(-0.04644198063 -0.01086996506 0)
(-0.05435441979 -0.02849090745 0)
(-0.06556888384 -0.00633523686 0)
(-0.049685564 0.005109383182 0)
(0.1005601217 0.07875164455 0)
(-3.171812693 -1.956770909 0)
(-3.643109765 -2.462549108 0)
(2.924127621 -1.253628044 0)
(3.363942183 1.806302979 0)
(-0.02271166768 -0.09232267204 0)
(-0.05132097802 -0.1144960594 0)
(0.3783920024 -0.08255957451 0)
(-0.8161441935 -0.2452774794 0)
(0.1986103568 0.04034720989 0)
(0.2069156256 0.04804144695 0)
(0.2094029091 0.03691513863 0)
(0.2183354819 0.04457044684 0)
(0.2165209749 0.05408015472 0)
(0.2279692637 0.05218214983 0)
(0.2300254092 0.04097128999 0)
(0.2394898879 0.04774738009 0)
(0.238394743 0.06129314796 0)
(0.2409427154 0.0370619104 0)
(0.2503087844 0.04271116757 0)
(4.550536882 2.463486266 0)
(5.491136342 2.788037598 0)
(0.1667796317 0.03899623404 0)
(-5.865601428e-05 -0.7035585329 0)
(0.1834630857 -0.6849307236 0)
(0.3427285055 -0.7815823368 0)
(0.3461748658 -0.6130700512 0)
(-0.1968361607 -2.628563766 0)
(0.1584520653 -3.1806954 0)
(0.4491586104 -2.655196882 0)
(0.7805122953 -3.117169224 0)
(1.01138095 -2.609625331 0)
(0.5440626839 -3.711315929 0)
(0.2399723554 -0.179108651 0)
(0.4980432048 -0.04321300089 0)
(-0.08581178963 -0.02244730035 0)
(0.01588446776 0.02352827497 0)
(0.1520602861 0.04143485756 0)
(0.1412810559 0.04310558675 0)
(-2.157726134 -1.584735861 0)
(-0.5831719021 -4.181993916 0)
(0.5085249399 -0.00754135912 0)
(0.4995177736 0.001775847044 0)
(0.1262662257 0.03751554999 0)
(-4.179075811 2.49302625 0)
(-3.348749163 2.954078073 0)
(-3.383563375 4.028994906 0)
(-2.547953818 3.348966641 0)
(-2.602530369 2.519582906 0)
(-1.867033884 2.857779907 0)
(-1.972679236 2.109135361 0)
(-2.575426554 1.792737186 0)
(-1.997324634 1.381613758 0)
(-3.355243534 2.070005541 0)
(1.102295969 1.74715539 0)
(5.410080909 4.190562162 0)
(1.411011012 -3.024335082 0)
(0.1187215267 0.08635261601 0)
(-0.6070734954 4.18141812 0)
(-0.9349452252 3.530403764 0)
(-0.172508798 3.438581772 0)
(0.6075705243 4.187411704 0)
(0.4192576388 0.2273953948 0)
(5.433668752 -4.187420727 0)
(3.455622115 4.156611638 0)
(-4.281675976 -0.5910468301 0)
(7.13467167 3.352166798 0)
(0.2511773101 0.03128491286 0)
(0.2604909877 0.03808102477 0)
(0.2601602697 0.04757825168 0)
(0.2710775715 0.04472786283 0)
(0.2696334218 0.03291518999 0)
(0.2815691057 0.03675999966 0)
(0.284209523 0.05341060307 0)
(0.2945876815 0.04476793919 0)
(0.293427198 0.0316588708 0)
(0.304251563 0.03651790345 0)
(0.2836928472 0.07490991299 0)
(-0.1780096045 -2.129703326 0)
(0.7962793974 -0.7977152037 0)
(0.6599573591 -0.6514343998 0)
(0.8409945804 -0.5927639034 0)
(-0.003433598668 -0.07043555046 0)
(0.03586464762 0.02706130375 0)
(0.03356593925 -0.03080751772 0)
(0.03622398982 -0.04052374694 0)
(0.04602911429 -0.04312443378 0)
(0.03891351884 -0.05040672936 0)
(0.04867718379 -0.05300243403 0)
(0.05602468743 -0.04556889316 0)
(0.05877200062 -0.05577153247 0)
(0.05128371496 -0.0635299372 0)
(0.06612440014 -0.048121094 0)
(0.07018366189 -0.06070212301 0)
(0.07667394635 -0.0513105859 0)
(0.08073026385 -0.05955790001 0)
(0.08719283861 -0.05358267009 0)
(0.08977026665 -0.06360633725 0)
(0.09806019269 -0.05639568755 0)
(0.1007684195 -0.06765407325 0)
(0.1095552574 -0.06010565854 0)
(0.1121832368 -0.07156380791 0)
(0.1207799304 -0.06324695768 0)
(0.1171392405 -0.05259879463 0)
(0.1235252252 -0.0732082292 0)
(0.1337474293 -0.06444527107 0)
(0.1162049538 -0.08679253354 0)
(0.1342441879 -0.0805752333 0)
(0.1478726338 -0.06841670945 0)
(0.1500501742 -0.08691052915 0)
(0.1619299835 -0.07396474609 0)
(0.1595452801 -0.06200710419 0)
(0.1712082024 -0.06484686969 0)
(0.1423978539 -0.05795220433 0)
(0.08469247192 -0.04208174785 0)
(0.1757544254 -0.07662759889 0)
(0.1842843587 -0.06656486137 0)
(0.1977839717 -0.06549739322 0)
(0.1900128636 -0.05624834384 0)
(0.09205245142 -0.07665272909 0)
(0.02586394582 -0.03763998761 0)
(3.597712683 -4.183647688 0)
(0.3027114866 0.02415742883 0)
(0.3126723256 0.02948509997 0)
(0.3147702206 0.03957978339 0)
(0.3237898998 0.03340363092 0)
(0.2927998446 0.0225264173 0)
(0.3216099832 0.02180490568 0)
(0.3321813673 0.02579311127 0)
(0.3347749069 0.03653106611 0)
(0.3424521083 0.02821324054 0)
(0.3392050919 0.01852571126 0)
(0.3505691788 0.01854921925 0)
(0.3529415123 0.02989791367 0)
(0.3611426239 0.02208660237 0)
(0.3660514002 0.03312697445 0)
(0.3718807503 0.02385299728 0)
(0.3682007415 0.01419923552 0)
(0.3784460529 0.0152891526 0)
(0.3817490452 0.02309769473 0)
(0.3884657483 0.01659764089 0)
(0.3894826278 0.02989175527 0)
(0.3998185355 0.01838377963 0)
(0.284510374 0.02545692414 0)
(1.511080899 -2.478223964 0)
(0.5010364201 0.01542510219 0)
(0.489844438 0.008834772502 0)
(0.4881305782 -0.004179206201 0)
(0.4794602457 0.002407171602 0)
(0.3851233317 0.008041777621 0)
(0.07704330388 0.0428620762 0)
(0.0563393527 0.03041246375 0)
(0.1792806412 -0.05614636464 0)
(0.2066093834 -0.08152598976 0)
(0.2118054337 -0.06568744648 0)
(0.2251886426 -0.06479048789 0)
(0.2350078056 -0.07663811016 0)
(0.2379796042 -0.0627409411 0)
(0.2505835847 -0.0618322813 0)
(0.2302137793 -0.05558011918 0)
(0.1272754873 -0.05390285987 0)
(0.4345387187 -0.1669319197 0)
(0.5178058391 0.06677225479 0)
(0.06659148789 0.03142807935 0)
(0.06299966675 -0.03799852123 0)
(0.05301821534 -0.0358003192 0)
(7.529840402 -4.161769037 0)
(9.170811641 -0.5498238402 0)
(9.038946214 1.356363641 0)
(4.943036475 -3.379796577 0)
(0.09615897581 0.0318449521 0)
(0.1473635626 0.03135997933 0)
(0.1432270265 -0.04797702821 0)
(0.3460993177 0.03886378809 0)
(0.3249698084 0.04773287626 0)
(0.3597353867 0.04863656103 0)
(-2.726001389 -1.466733041 0)
(0.1630194259 -0.04652359354 0)
(0.2189450194 -0.05624410617 0)
(0.1860098843 0.02813613501 0)
(0.2067573315 0.02666400006 0)
(0.2136664234 -0.04791723851 0)
(0.2262317104 0.02450811541 0)
(0.24606406 0.02202074351 0)
(0.2527219753 -0.04748801209 0)
(0.2673856887 0.02166663207 0)
(0.2626937203 -0.04774564744 0)
(0.2678045833 -0.05720860173 0)
(0.2781331222 -0.0561066086 0)
(0.2825060502 -0.04749431521 0)
(0.2874793326 -0.05585734428 0)
(0.2923549761 -0.04724144625 0)
(0.3154143953 0.01335161517 0)
(0.312223268 -0.04664872805 0)
(0.3078741686 -0.05490375545 0)
(0.4722282842 -0.01195490447 0)
(0.4699319638 -0.002055977041 0)
(0.4591147161 -0.0004927481549 0)
(0.3320751397 -0.04574957209 0)
(0.3274505741 -0.05474099374 0)
(0.4527268634 -0.008136105588 0)
(0.4510964027 -0.03926519605 0)
(0.4467618432 -0.04825322624 0)
(0.4367710878 -0.04862748337 0)
(0.4415473248 -0.05666350249 0)
(0.4522763729 -0.05625867177 0)
(0.4566800562 -0.04740445933 0)
(0.3443673953 0.009519310094 0)
(0.3519318974 -0.04505511723 0)
(0.3470456866 -0.05360598624 0)
(0.3572541615 -0.05334732315 0)
(0.4331593435 -0.004681132151 0)
(0.429738427 0.004684509403 0)
(0.4198258193 0.006358314188 0)
(0.4262472616 0.01408631865 0)
(0.4162514248 0.01582628314 0)
(0.4103053674 0.007568002559 0)
(0.4362301808 0.01309192742 0)
(0.3618571261 -0.04458405046 0)
(0.4114436378 -0.04189527592 0)
(0.4169333505 -0.0502001811 0)
(0.4069857286 -0.05075748048 0)
(0.4124802727 -0.05915001171 0)
(0.4135932072 -0.001428171233 0)
(0.3816991353 -0.04359425779 0)
(0.3871470613 -0.05195544453 0)
(0.4015260684 -0.04247539965 0)
(-2.29161351 -0.9946275853 0)
(0.4709099811 -0.03775471447 0)
(0.4312616347 -0.04057470426 0)
(4.795197048 3.42092102 0)
(0.08701552735 0.03171985727 0)
(-1.376285241 2.343160076 0)
(0.3174141992 -0.05505218308 0)
(4.78267333 -1.466125695 0)
(0.4396223307 0.003075974645 0)
(0.4466119909 0.011704748 0)
(0.4570615745 0.02097363869 0)
(0.3771484177 -0.05248566081 0)
(0.38259417 -0.06089827155 0)
(0.372564935 -0.06134677347 0)
(0.3926114298 -0.06008446394 0)
(0.388055979 -0.06976183446 0)
(0.2978955511 -0.05712053794 0)
(0.3672241452 -0.05289702595 0)
(0.4218062184 0.02396615447 0)
(-1.504709589 1.725685555 0)
(-0.7476036906 2.398728404 0)
(0.3720349736 2.287249875 0)
(0.3970565477 -0.05131312015 0)
(0.466608389 -0.04667522281 0)
(0.4268455624 -0.04924208055 0)
(0.09372667831 -0.04622305948 0)
(4.011439695 -3.457835032 0)
(0.4036061081 1.742528694e-05 0)
(-0.006244678008 -0.03247734265 0)
(-0.00493273541 0.008693211219 0)
(0.5867071795 -0.01982752238 0)
(0.423267206 -0.05782884807 0)
(0.4196384157 -0.07004028726 0)
(3.039424463 0.6362455382 0)
(-0.02786975088 0.00184223059 0)
(-0.467570854 0.2777118011 0)
(-0.5197265559 0.5361106174 0)
(-2.368726903 4.209765154 0)
(0.449432949 0.00134811992 0)
(-2.743543118 -3.329504219 0)
(0.1129760682 -0.04351252457 0)
(0.5109178543 -0.1847445364 0)
(4.323083182 -0.8787002332 0)
(0.1053593658 0.04174939577 0)
(0.2042043884 -0.05839071874 0)
(0.3311566514 -0.06471488571 0)
(6.604945477 -2.714655116 0)
(8.05388201 1.160879898 0)
(8.333883897 2.053651465 0)
(0.1229886668 -0.04457079541 0)
(0.2212359118 0.03455203878 0)
(0.1079002643 -0.1079222258 0)
(6.067473044 2.172658011 0)
(0.02964635604 0.03466138253 0)
(2.322236727 4.100230609 0)
(7.50469524 4.189209194 0)
(6.271639381 3.049223443 0)
(4.350310059 0.9682422085 0)
(-1.770654219 0.9417892744 0)
(0.4024727265 -0.05945264837 0)
(9.060469364 3.475702644 0)
(-0.01522815729 -0.02504038624 0)
(0.3620613667 -0.06224617406 0)
(0.3513634053 -0.06260909852 0)
(0.3680402361 -0.07200093581 0)
(-4.215156717 -3.53730438 0)
(0.4623438243 -0.05541841683 0)
(0.4674967031 -0.06432483482 0)
(0.8005130286 -0.2236589711 0)
(0.8589702885 -0.3599564202 0)
(0.9737412547 -0.2125175294 0)
(1.186892632 -0.138698837 0)
(0.9873521041 -0.01353477491 0)
(0.9625603144 0.1809407803 0)
(6.09982366 0.04757595052 0)
(-0.06842575789 -0.5583903547 0)
(0.1838300733 -0.04754299114 0)
(0.03969522789 0.0360846322 0)
(3.370993185 -1.682396756 0)
(4.035943154 -1.52351605 0)
(1.114215059 -0.6604874072 0)
(9.116446012 -3.42713206 0)
(0.4682256268 1.049581713 0)
(-0.02964930541 0.08278883048 0)
(-0.05749616137 0.06772054217 0)
(-0.05470399736 0.04208810387 0)
(-0.08970134446 0.08343819751 0)
(-0.03208839256 0.1160740993 0)
(0.4045032458 -0.2054169004 0)
(0.466048581 -0.08867373085 0)
(0.4555777968 0.008342547718 0)
(0.4650155749 0.00735461213 0)
(0.1674173502 -0.05504584724 0)
(0.2774785759 -0.2074366781 0)
(0.7064898409 -0.4780403897 0)
(2.66030532 1.679104186 0)
(2.071157053 3.262408113 0)
(8.03426 -3.380093254 0)
(0.1662127991 0.03047063787 0)
(-0.03492171749 0.009454754583 0)
(0.6052292193 -0.04703906857 0)
(0.5826602158 0.00913331338 0)
(-2.51787964 1.206495458 0)
(0.2617957134 0.02885745266 0)
(0.2350276871 -0.5439233829 0)
(0.4344461045 -0.514987002 0)
(0.4820845232 -0.6561490197 0)
(1.826868068 -3.570966788 0)
(0.3349266707 0.01002085526 0)
(2.540957857 0.4285697292 0)
(0.1556391558 -0.1053804735 0)
(0.1386948139 -0.4774475008 0)
(0.2573118675 -0.0558369809 0)
(0.2591835363 -0.06555927234 0)
(0.3367813397 -0.05434399873 0)
(3.22766756 -3.466224167 0)
(1.080107565 1.17735814 0)
(0.4009174435 0.008767340585 0)
(0.08120569237 0.08578535781 0)
(0.06623914103 0.1083774206 0)
(0.2638290412 0.4370803949 0)
(0.3641601467 0.005871982622 0)
(-1.370604899 -1.768398408 0)
(0.5160954729 -0.0140846311 0)
(-0.2232922288 -0.555241718 0)
(0.2828450905 -0.06476262638 0)
(0.05356119283 0.03845727702 0)
(0.1408498499 0.08525002644 0)
(0.132778291 0.1100885523 0)
(0.9942726047 -1.79713192 0)
(-0.01107234713 -0.01588782649 0)
(0.9821753963 3.538598285 0)
(0.5456524418 -0.0708619837 0)
(0.4912257029 -0.01476842269 0)
(0.4001956503 0.04400487871 0)
(0.5290034022 -0.1100180175 0)
(0.2687321513 0.05799606424 0)
(0.7116408664 -2.166775472 0)
(-0.07307839499 -0.04969066643 0)
(0.8078753988 0.1594271443 0)
(0.1666169883 -0.08961948246 0)
(0.2328304746 -0.04717508073 0)
(3.147367399 1.21800908 0)
(-2.802084571 0.7920803695 0)
(6.630846899 -0.550536474 0)
(0.1807435788 0.03660465853 0)
(2.270740441 -4.266337664 0)
(0.2869654723 0.01657615333 0)
(-0.01643959204 -3.740836675 0)
(0.007252866697 0.02736636953 0)
(0.722994353 0.3511334252 0)
(0.7537113521 0.6036060062 0)
(-1.06235178 -0.2863276937 0)
(-0.323963359 0.4083647895 0)
(-0.0717270932 0.01865085868 0)
(0.5752149609 -0.07295884337 0)
(0.09739854263 -1.911779242 0)
(-0.2730971518 -0.4323424808 0)
(9.246311708 -2.43123741 0)
(7.067259363 -3.394969772 0)
(-2.45109759 -0.5224005433 0)
(0.1071543878 -0.0507484143 0)
(8.067975595 3.466397004 0)
(1.162168695 -3.653047662 0)
(0.4970001989 -0.007466865102 0)
(-0.2477579384 0.5897754583 0)
(2.547867119 -0.9116825851 0)
(0.118185808 0.03100982387 0)
(0.5246888237 0.1098047079 0)
(0.5014025577 -0.05236285959 0)
(1.711785384 -1.770793144 0)
(0.01951760649 -0.0735944763 0)
(0.0204975141 0.0907295281 0)
(0.30928116 0.04956344595 0)
(-0.04281865304 0.02329262237 0)
(-0.03196119083 0.03891164607 0)
(0.2910306539 -0.9596322372 0)
(0.222755359 0.06530524361 0)
(0.2377777853 0.08231835469 0)
(-0.02932842499 0.01794742014 0)
(0.3779294645 -0.06931347796 0)
(-1.722142328 3.513519301 0)
(1.1639021 -2.165165581 0)
(0.3635810167 -0.08405517856 0)
(0.4775471773 -0.06278955019 0)
(0.1939424351 -0.04736825914 0)
(0.04135395455 -0.05900662831 0)
(0.02991550224 -0.05798867018 0)
(-0.4215979467 -1.08283435 0)
(0.4318073841 0.02196222408 0)
(-0.1161087567 0.1241123961 0)
(0.1749117273 2.795638456 0)
(0.6520789796 -0.03585335013 0)
(0.4006693786 -0.4204043388 0)
(0.06131498485 -0.06606345477 0)
(0.05353374591 -0.07716027247 0)
(-3.044856626 1.400885229 0)
(0.1322802519 0.04448485263 0)
(0.2327994381 0.03141300954 0)
(-3.407098582 -1.421682334 0)
(-1.736197178 0.5602532366 0)
(0.4783599399 -0.005857131196 0)
(-0.498350518 2.908253157 0)
(-1.106723001 1.505695406 0)
(0.6833680091 -1.789940587 0)
(0.5084200941 -0.01663803859 0)
(0.2063910331 0.06322548296 0)
(0.1914841418 0.03535687869 0)
(0.07020905652 0.03946107376 0)
(0.311676644 0.02070975263 0)
(-0.7026615218 -0.4008505843 0)
(-0.008292563729 -0.1215606845 0)
(0.1358988682 -0.05392926406 0)
(-0.03602641775 -0.002855257117 0)
(0.2524841478 0.05465468435 0)
(0.229794266 -2.23487824 0)
(0.5575947709 0.03075268081 0)
(-1.602818386 -1.052135339 0)
(0.4092284625 0.02373865507 0)
(4.50689283 -2.13217982 0)
(7.531641568 -0.4037631433 0)
(0.5190898342 -0.03442157987 0)
(0.5138660549 -0.04122035574 0)
(0.4845264229 0.567687694 0)
(0.2266626119 -0.4455218503 0)
(0.2640615029 -0.07776809044 0)
(0.5209115534 -0.08973571033 0)
(-4.307034214 0.7997480513 0)
(-2.032076573 -0.5148290354 0)
(-0.01916508296 0.03527463159 0)
(0.5961386999 0.04820402242 0)
(0.4928785287 -0.4233448915 0)
(0.5632996072 -0.5255346389 0)
(0.5233039771 -0.01878194558 0)
(1.370120691 -0.005284986247 0)
(8.4146106 -0.1954795011 0)
(-0.2956761931 -0.1236807793 0)
(0.1812066209 0.2526036724 0)
(0.1668284506 0.3496931233 0)
(0.2647463962 0.2909046347 0)
(0.3414056372 0.2360480213 0)
(0.4305509906 0.03474019048 0)
(-0.3147707236 0.08701434655 0)
(0.5543038289 -0.1282729903 0)
(-0.74440914 0.5488462263 0)
(0.2851147918 -4.361181597 0)
(0.8380291985 2.151439812 0)
(-0.3579240865 0.17812623 0)
(0.8696995207 -0.005352746567 0)
(0.250476179 -0.1437677907 0)
(0.3063670402 -0.1672440436 0)
(0.3129004594 -0.06192540356 0)
(0.3854649756 0.4637962495 0)
(0.4466908767 -0.06600624412 0)
(-0.2440645431 1.040796775 0)
(6.289227141 -3.311419092 0)
(0.9820036175 -0.5054566204 0)
(0.5844697561 0.09897442231 0)
(0.304409049 -0.1290328837 0)
(0.4175481767 -0.1390675496 0)
(0.1269778927 0.02959939186 0)
(0.05800000075 0.3374731527 0)
(-0.09183968861 0.0001811319741 0)
(-0.1125917874 -0.0497569036 0)
(-0.008326909012 1.189363717 0)
(0.03060813054 -0.0475189953 0)
(0.1806632058 -0.08913162443 0)
(3.895613186 1.350779102 0)
(0.1059220968 -0.2281169644 0)
(0.1961910058 0.07463084785 0)
(0.1837638906 0.08990252746 0)
(0.1624849494 0.07582658479 0)
(0.7569025926 0.9597280549 0)
(1.29123981 -0.9082928581 0)
(0.2910575898 -0.06382537057 0)
(0.2881299665 -0.07323776465 0)
(-4.309861612 -2.195354753 0)
(0.4834680408 -0.09028675894 0)
(0.8197533946 0.2738527605 0)
(1.128608177 0.3401751795 0)
(-0.07670147349 -0.1551350991 0)
(-0.009867286008 -0.2494996604 0)
(0.5060094461 -0.03954272792 0)
(0.2382695083 -0.05349173186 0)
(0.1956623815 1.087272782 0)
(2.123210318 0.6491267786 0)
(-3.649222802 -0.8559782298 0)
(0.2518394924 -0.08908791133 0)
(0.1930248193 0.06299956584 0)
(0.08843780671 0.07431566194 0)
(0.3306104732 0.01761131836 0)
(-0.0202293389 -0.03580129136 0)
(0.01687442947 -0.03873661142 0)
(-0.1399084888 0.7629602881 0)
(0.3198418568 0.173573636 0)
(0.4800881829 0.01245831847 0)
(-0.3542921603 -0.6635167329 0)
(0.2292295769 0.2163794141 0)
(0.3948184389 0.1323393451 0)
(0.03610285643 0.04519619623 0)
(0.4578417669 0.09648199086 0)
(0.4743292034 0.1283986251 0)
(0.3226891706 -0.117909833 0)
(0.04171154182 0.08909844981 0)
(-4.26173334 -4.271537917 0)
(-0.3934753217 -0.1248349584 0)
(-4.267949192 4.267949192 0)
(0.457890509 -0.06443033229 0)
(0.4635324561 -0.07439626671 0)
(0.2762181002 0.02696539055 0)
(0.4298958701 0.1628405812 0)
(0.3598880382 0.01391661854 0)
(0.2685226991 -0.06541364954 0)
(0.4077636771 0.01531206802 0)
(-0.5068873277 -0.8442214331 0)
(0.2022964434 0.03310241286 0)
(8.477697391 2.823303383 0)
(0.5869330022 -0.1104057306 0)
(0.6217200799 -0.1519236526 0)
(0.07059905894 -0.0976159418 0)
(0.2465896685 -0.05486669609 0)
(-0.03504005735 -0.03582597239 0)
(9.267949192 4.267949192 0)
(0.3552757802 -0.1714019115 0)
(0.3237535997 0.06670159491 0)
(1.082294659 0.5939607326 0)
(3.489098747 3.470569496 0)
(0.1588555074 -0.05352748009 0)
(0.1513068762 -0.05742137641 0)
(9.273040735 -4.273040735 0)
(0.4323003271 -0.05530715214 0)
(0.3865451285 0.06026244542 0)
(5.680260875 3.5013137 0)
(0.08352641097 0.03893842226 0)
(0.1935360914 -0.09774826626 0)
(0.11453583 0.07120882164 0)
(-0.3520480787 0.01961099575 0)
(0.3924968171 0.009451010897 0)
(0.3959380209 -0.07916038542 0)
(0.2704146609 -0.1673997586 0)
(0.0347087482 0.157622587 0)
(-1.178677933 2.92065048 0)
(0.4103218357 -0.08642093435 0)
(4.033933866 3.697942482 0)
(0.1044054381 -0.0794682394 0)
(0.02208917432 0.03168555576 0)
(0.03169305617 -0.0897347419 0)
(0.1979649677 -0.0539797347 0)
(4.922745819 -2.680218651 0)
(0.297080581 0.01519004659 0)
(-0.03107597756 0.1549362196 0)
(-0.1121761867 0.02003201838 0)
(-0.1549111109 0.02300148524 0)
(0.1060080095 0.141834706 0)
(1.910000277 -2.211197328 0)
(0.1392589906 0.05259890943 0)
(0.08053803727 -0.07036923278 0)
(-4.224033844 0.05223007035 0)
(0.4199048925 0.05137064172 0)
(0.3797374479 3.411538171 0)
(0.4368107405 -0.07746310147 0)
(0.1661031901 0.1266861197 0)
(0.2448307579 -1.140747583 0)
(-0.002985039859 -0.01502150448 0)
(0.3109689507 -0.07114683594 0)
(0.3231946009 -0.07662285539 0)
(2.924790802 -4.088798359 0)
(0.2191514974 0.1110695773 0)
(-0.04208841081 -0.1533467267 0)
(3.00352176 -0.7996316978 0)
(0.02910323904 0.05397278326 0)
(0.2234782417 -0.09264857687 0)
(-0.2262540232 0.3307879234 0)
(-3.538547794 -3.138643648 0)
(0.6478526207 0.250927526 0)
(0.2780590617 -0.08558138763 0)
(0.3495143126 0.07296918849 0)
(0.9027131007 -4.199004634 0)
(0.3016446572 -0.08117402604 0)
(0.2672029611 0.09801599803 0)
(0.6537991498 0.03559073551 0)
(0.3430218668 -0.07193424086 0)
(0.4758755432 0.02942669603 0)
(0.4487855666 0.04032306091 0)
(-0.5893421516 -1.218090667 0)
(0.1592480355 0.03776406897 0)
(0.3057154276 -0.0626490225 0)
(0.2220612422 -0.1507006626 0)
(-0.7266723972 -0.5669402411 0)
(0.09349121306 -0.03883246214 0)
(0.05783762043 -0.2824932432 0)
(0.5426205887 0.01408471865 0)
(-0.08973297674 -0.1138566121 0)
(0.5085699493 -0.05486609145 0)
(0.2437228529 -0.06846385932 0)
(0.0985926908 -0.08967047823 0)
(-1.469279239 0.8266617606 0)
(-0.001263924118 0.1386410772 0)
(0.3101983792 0.08686738879 0)
(0.5046804525 0.02885822946 0)
(-0.001534925378 0.01592764776 0)
(4.005849779 1.940138825 0)
(0.5360439382 0.0458666633 0)
(0.1729618416 0.03600697063 0)
(0.08883596791 -0.1158097934 0)
(0.3777986 0.03056398075 0)
(0.4025089861 0.0300258434 0)
(-0.4227476538 -0.01682035828 0)
(8.443936545 0.5402118858 0)
(-1.728346518 -1.631534571 0)
(0.08262983286 -0.5885686504 0)
(0.4584571682 -0.1935822583 0)
(0.2107354439 -0.05516679438 0)
(0.5168555754 -0.05068854479 0)
(0.5517516588 -0.1748586055 0)
(0.5950167673 -0.2045569402 0)
(0.2417153321 0.02865589875 0)
(-3.590630318 1.444227615 0)
(0.5686089137 -0.009673816994 0)
(-1.874140711 -1.235017761 0)
(0.3836517069 0.0004162078803 0)
(1.384637304 0.261964882 0)
(1.63235708 3.641717082 0)
(8.506782701 -1.797685227 0)
(-0.05479884928 0.09793066654 0)
(0.08283846792 -0.08545828337 0)
(1.503716871 -0.8227750361 0)
(-0.04647239421 0.2001159158 0)
(5.703635671 -3.536563236 0)
(0.04555433586 0.05222214334 0)
(0.1003080243 -0.04897920883 0)
(0.9379950197 -0.7022435027 0)
(0.4727540391 0.006283587422 0)
(1.522393631 -2.100854117 0)
(-4.141335178 -2.866770378 0)
(0.3970085166 -0.06793861637 0)
(0.2750960053 -0.06317890292 0)
(0.5372435339 -0.08698464798 0)
(0.8800768356 0.08779877296 0)
(0.01752671603 -0.02965021793 0)
(0.09854902481 0.03914658182 0)
(-0.1327445026 -0.09860644122 0)
(0.1447819332 0.03754698687 0)
(0.06302679498 0.05235033326 0)
(-3.736143144 -1.901636402 0)
(0.4070481102 -0.9027879256 0)
(0.04696500625 0.03588102937 0)
(-0.5276786512 0.02915885009 0)
(-0.0002587865207 4.001865279 0)
(4.494571318 4.232458144 0.001)
(4.502003592 -4.1527943 0.001)
(9.189321503 0.3907887308 0.001)
(-4.235099529 1.630890845 0.001)
(-4.148833069 -1.471824904 0.001)
(-1.466471741 4.225192245 0.001)
(-1.546170517 -4.179094435 0.001)
(1.398232606 4.259130005 0.001)
(0.3542468602 0.00802520653 0.001)
(1.522219333 -4.269477982 0.001)
(6.433250695 4.057824278 0.001)
(6.441465975 -4.083705457 0.001)
(9.176120886 -1.451602974 0.001)
(9.193962155 2.468829529 0.001)
(8.505810312 -4.170616844 0.001)
(-3.445813585 -4.051453796 0.001)
(-4.175830642 3.419554649 0.001)
(8.4859648 4.230781461 0.001)
(-2.469082097 -4.168910144 0.001)
(-2.009260455 -3.387809215 0.001)
(-1.187229986 -3.40398989 0.001)
(0.3419998715 -0.04536457326 0.001)
(-1.566007236 -2.74288618 0.001)
(-0.8969659444 -2.733072478 0.001)
(-1.217349154 -2.215858476 0.001)
(0.2036937693 -0.04884167471 0.001)
(-0.6600694897 -2.204731489 0.001)
(-0.9293335305 -1.780020794 0.001)
(-0.4967340428 -1.763161687 0.001)
(-0.7320340274 -1.432781487 0.001)
(0.1022908386 -0.04254967398 0.001)
(-0.3711370252 -1.37336843 0.001)
(-1.114947555 -1.415524461 0.001)
(-0.8860254714 -1.096167627 0.001)
(-1.264479742 -1.079549283 0.001)
(-1.089167142 -0.7786322791 0.001)
(-1.429940612 -0.7698687817 0.001)
(-1.244424119 -0.4736900482 0.001)
(-0.1398943643 -1.667092953 0.001)
(0.01561404584 -1.326892011 0.001)
(0.1919917418 -1.611886792 0.001)
(0.3363912328 -1.330004528 0.001)
(0.5054649963 -1.569060434 0.001)
(0.6163149351 -1.291669663 0.001)
(0.8047302717 -1.520481682 0.001)
(0.9168657441 -1.242715838 0.001)
(1.12252957 -1.489101138 0.001)
(1.23918598 -1.184533592 0.001)
(1.475381588 -1.448191133 0.001)
(1.617413413 -1.096075388 0.001)
(1.892778603 -1.41105694 0.001)
(2.049473564 -1.003156672 0.001)
(1.732363536 -0.6656742253 0.001)
(2.203867053 -0.5729174565 0.001)
(1.888443303 -0.2213205366 0.001)
(2.373980002 -0.1023117524 0.001)
(2.710116039 -0.4695121178 0.001)
(2.900788415 0.03831396959 0.001)
(3.282043082 -0.3909060252 0.001)
(3.485339402 0.1808676197 0.001)
(3.907162549 -0.320589007 0.001)
(2.033208152 0.2442623321 0.001)
(-1.604676156 -0.4615045341 0.001)
(-1.343192637 -0.1501938026 0.001)
(-0.183773894 -1.105749982 0.001)
(4.133079429 0.3180774413 0.001)
(0.4381201818 -1.057168925 0.001)
(0.4411756303 -0.03995466593 0.001)
(0.391614644 -0.04305043482 0.001)
(4.596147686 -0.2070842131 0.001)
(-0.9235877425 -0.4977891387 0.001)
(4.830468098 0.4760098168 0.001)
(-1.78873787 -0.1297552535 0.001)
(-1.566807562 0.2029294506 0.001)
(-1.175963913 0.1984488864 0.001)
(-1.342844244 0.5215493636 0.001)
(-0.9735538114 0.4984559661 0.001)
(0.1965748464 0.02693717254 0.001)
(0.1068382795 0.03272519665 0.001)
(-1.134037292 0.8335306361 0.001)
(-0.7550438017 0.7845258322 0.001)
(-0.9283980731 1.153661433 0.001)
(-0.5521668343 1.118487201 0.001)
(-1.41344477 1.198000813 0.001)
(1.020764307 -0.9153078989 0.001)
(-0.7098825321 1.512435001 0.001)
(-0.2612317123 1.456740254 0.001)
(-1.805491122 -2.091455914 0.001)
(3.658197875 0.7807372242 0.001)
(0.4007313064 -1.896253429 0.001)
(5.322695501 -0.07987042582 0.001)
(5.573164253 0.6432346085 0.001)
(3.55345494 -0.9724297168 0.001)
(-0.854041609 0.1723164948 0.001)
(-0.4687736745 1.943471081 0.001)
(0.04949916818 1.864157983 0.001)
(0.2436345664 1.403539636 0.001)
(0.5469556387 1.784599975 0.001)
(5.066639672 -0.7897042525 0.001)
(-1.806189607 -0.8339154386 0.001)
(1.33343661 -1.797088155 0.001)
(-2.008179161 0.2348112262 0.001)
(5.824855549 -0.6714285987 0.001)
(1.638134026 0.09036742039 0.001)
(1.678364415 0.5209045447 0.001)
(1.320565332 0.5225957608 0.001)
(-0.3807882614 0.7705857861 0.001)
(5.051045096 1.214877017 0.001)
(5.822397995 1.397950538 0.001)
(-0.1622347252 2.377158453 0.001)
(-0.9771800421 1.938694227 0.001)
(1.172031185 0.1030313729 0.001)
(-2.250144704 -0.1467708572 0.001)
(5.554461593 -1.41551386 0.001)
(6.364481868 -1.290496943 0.001)
(6.372657416 0.794007818 0.001)
(-2.506229423 0.2702242277 0.001)
(6.643153587 1.589355663 0.001)
(-0.4866555991 -3.268996534 0.001)
(1.373015362 0.8690081188 0.001)
(1.879641077 1.022361611 0.001)
(-2.795344533 -0.1967157742 0.001)
(2.366749816 -1.361527714 0.001)
(2.168623925 -1.788344968 0.001)
(2.718646517 -1.773589842 0.001)
(2.470642277 -2.289708412 0.001)
(3.095947276 -2.258473446 0.001)
(5.272279973 1.993785886 0.001)
(2.827194289 -2.867144138 0.001)
(-2.224085905 0.7096276373 0.001)
(1.536051 1.400823432 0.001)
(2.084114108 1.550874239 0.001)
(1.678872419 1.97456885 0.001)
(2.284361505 2.13734367 0.001)
(6.079326728 -2.075082257 0.001)
(6.934492512 -1.938977601 0.001)
(7.214851699 -1.145796687 0.001)
(5.251202275 -2.125930615 0.001)
(-3.096393675 0.3094689839 0.001)
(3.526681305 -2.812328183 0.001)
(1.01252569 0.8338325231 0.001)
(7.214595976 0.9495606001 0.001)
(1.843997061 2.601843108 0.001)
(2.493191652 2.771833903 0.001)
(2.950981313 2.267645189 0.001)
(3.188493412 2.917869806 0.001)
(-3.554427594 -0.2523356797 0.001)
(-2.965937926 -0.8195418269 0.001)
(3.685699978 2.411153131 0.001)
(3.798192576 -2.156754517 0.001)
(-1.476793006 -1.369828021 0.001)
(2.786069105 3.465813473 0.001)
(7.494460502 1.785313795 0.001)
(2.483880087 1.029535676 0.001)
(6.898559761 2.465303567 0.001)
(2.076759129 -2.833501875 0.001)
(2.527833326 -3.527782278 0.001)
(1.2499982 2.398410627 0.001)
(-3.749954342 0.3415292838 0.001)
(-0.9844102068 -0.06468799942 0.001)
(-0.6948440909 -0.03214921557 0.001)
(-0.5953227839 0.1401213646 0.001)
(-0.5097809221 -0.09571062285 0.001)
(-0.4329969592 0.1027898364 0.001)
(-0.6057668976 -0.2188705484 0.001)
(-0.4426997028 -0.2267839903 0.001)
(-0.5162908821 -0.3596838802 0.001)
(-0.3600344431 -0.3444006866 0.001)
(0.04311710641 -0.03352372236 0.001)
(-0.2991546569 -0.2173835405 0.001)
(-0.2256345461 -0.3297620352 0.001)
(-0.17583358 -0.2253500968 0.001)
(-0.09600662812 -0.3088139439 0.001)
(-0.2060550213 -0.1357584542 0.001)
(-0.1533770947 -0.4306851612 0.001)
(-0.03292119459 -0.4147938719 0.001)
(-0.0008064150551 -0.3277183948 0.001)
(0.2724811154 -0.04774090038 0.001)
(0.2426714709 -0.0478102293 0.001)
(0.302292687 -0.04696433707 0.001)
(0.07224883063 -0.3840475224 0.001)
(0.1303641306 -0.2968924132 0.001)
(0.1743661177 -0.3771672137 0.001)
(0.1529886049 -0.04663947908 0.001)
(0.2072925264 -0.2956544246 0.001)
(0.2616077454 -0.3653917922 0.001)
(0.2899666737 -0.275567724 0.001)
(0.3474101462 -0.3515837173 0.001)
(0.3775593591 -0.275291904 0.001)
(0.432924613 -0.3395809286 0.001)
(0.4669814772 -0.2547086573 0.001)
(0.5222338313 -0.3303775312 0.001)
(0.5437423749 -0.2452253353 0.001)
(0.6031450612 -0.289088399 0.001)
(0.1328465439 -0.04536895685 0.001)
(0.03467924883 -0.4871507897 0.001)
(0.173155175 -0.04741868623 0.001)
(0.2229438914 -0.04806271527 0.001)
(0.603523602 -0.3948511801 0.001)
(0.3236166951 -0.4636793617 0.001)
(0.6654507718 -0.2168424289 0.001)
(0.7120195727 -0.3293680667 0.001)
(0.1659636193 -0.231422509 0.001)
(-0.1277981366 -0.1571287296 0.001)
(0.00381488517 -0.01877881475 0.001)
(-0.1688789828 -0.05842661709 0.001)
(0.3325324101 -0.2173849752 0.001)
(-0.4031474463 -0.5016228028 0.001)
(-0.091410111 -0.07671133071 0.001)
(0.5842906572 -0.1494032202 0.001)
(0.6726569146 -0.1409421453 0.001)
(0.6256912484 -0.08584107993 0.001)
(0.6954275089 -0.06812855032 0.001)
(0.7463153701 -0.1320374253 0.001)
(0.5555633102 -0.09591036554 0.001)
(0.4808100756 -0.03698241627 0.001)
(0.7728847947 -0.03795198321 0.001)
(0.7121602358 0.01109700715 0.001)
(0.4429439962 -0.006405697093 0.001)
(0.4820486274 -0.01350273987 0.001)
(0.4625029035 -0.009878041554 0.001)
(0.4233636587 -0.002996544013 0.001)
(0.8614733731 -0.1059207816 0.001)
(-0.2418433575 -0.06219686621 0.001)
(-0.1965508805 -0.003374531257 0.001)
(0.9053420405 0.3945468071 0.001)
(0.7880039854 0.05597947102 0.001)
(0.7060239096 0.102732131 0.001)
(0.6354398151 0.08881782929 0.001)
(0.6316595275 0.1541009606 0.001)
(0.2770846891 0.01834280057 0.001)
(0.236396185 0.02305245823 0.001)
(0.3059750293 0.0147497135 0.001)
(0.5607069278 0.148263753 0.001)
(0.5708253907 0.2156172315 0.001)
(0.2166520738 0.02567138874 0.001)
(0.2560885969 0.02146774981 0.001)
(0.3251292528 0.01191200836 0.001)
(0.5546998936 0.06449902449 0.001)
(0.2278766784 -0.2267297095 0.001)
(0.1920746258 -0.1757499791 0.001)
(0.1378967652 -0.1790370348 0.001)
(0.1571633943 -0.1354540473 0.001)
(0.1118402756 -0.1364450875 0.001)
(0.1976930244 -0.1266656582 0.001)
(0.08957169987 -0.1764259964 0.001)
(0.0678295521 -0.1318523331 0.001)
(0.07317081525 -0.04032741624 0.001)
(0.04812236882 -0.1650502088 0.001)
(0.02878535773 -0.1236254556 0.001)
(0.0008113907937 -0.1742356925 0.001)
(0.133122319 -0.1047716565 0.001)
(0.05017034708 -0.1033255532 0.001)
(0.007832197727 -0.09524104759 0.001)
(0.03740853028 -0.07020008272 0.001)
(0.02542808674 -0.0275209989 0.001)
(0.1754752524 -0.1066043217 0.001)
(0.2105500002 -0.1036330987 0.001)
(0.2289885067 -0.1186656839 0.001)
(0.2392538464 -0.09842402643 0.001)
(0.2570004277 -0.112479412 0.001)
(0.2663584394 -0.09469206905 0.001)
(0.2826742409 -0.106715213 0.001)
(0.2913984384 -0.08949589849 0.001)
(0.3058887614 -0.1001493538 0.001)
(0.3145438182 -0.08486572374 0.001)
(0.3274068253 -0.09439774458 0.001)
(0.3221536426 -0.04629231436 0.001)
(0.3344200274 -0.07953753793 0.001)
(0.3473185359 -0.08899781545 0.001)
(0.3435616209 -0.113777491 0.001)
(0.369162204 -0.1036444043 0.001)
(0.3549921053 -0.07307316274 0.001)
(0.3717800768 -0.04410104738 0.001)
(0.3627951727 -0.135705871 0.001)
(0.3930927321 -0.1257708894 0.001)
(0.3945281803 -0.09883044397 0.001)
(0.4194672692 -0.1104959199 0.001)
(0.4263947014 -0.08876481985 0.001)
(0.4458178455 -0.09939830141 0.001)
(0.4510689611 -0.07766044358 0.001)
(0.4610072124 -0.03852295506 0.001)
(0.4462412778 -0.1322165696 0.001)
(0.4758257104 -0.1141677606 0.001)
(0.3944008857 -0.1599224495 0.001)
(0.2777791542 -0.1394416295 0.001)
(0.1902256823 -0.0789289047 0.001)
(0.4059644268 -0.07123374967 0.001)
(0.4213594921 -0.04126223271 0.001)
(0.2204599079 -0.07700455225 0.001)
(0.4330704546 -0.0641738462 0.001)
(0.2493549326 -0.07452575992 0.001)
(0.2757317823 -0.07157929016 0.001)
(0.2989380082 -0.06814857962 0.001)
(0.4753445451 -0.1561092775 0.001)
(0.4907347724 -0.03617378819 0.001)
(0.4867501892 -0.04501346659 0.001)
(0.5009252592 -0.03348814885 0.001)
(0.5050090289 -0.02440497144 0.001)
(0.4765408449 -0.04595943335 0.001)
(0.4822084113 -0.05428819165 0.001)
(0.4922735267 -0.05352292197 0.001)
(0.4873052461 -0.06405079077 0.001)
(0.5012328215 -0.06210615529 0.001)
(0.4721684149 -0.05499135783 0.001)
(0.493641395 -0.07646608027 0.001)
(0.5100208042 -0.07538932665 0.001)
(0.5161639775 -0.06219678102 0.001)
(0.08955234922 -0.1005427678 0.001)
(0.06905089196 -0.07505193357 0.001)
(-0.6709573935 0.3414346109 0.001)
(0.5132383114 -0.1384952903 0.001)
(5.686210588 -2.855288073 0.001)
(0.3310559267 -0.1427372296 0.001)
(0.4779994176 -0.07537371565 0.001)
(-0.2747515708 0.009182190271 0.001)
(-0.2151734644 0.06544779474 0.001)
(0.04555934572 0.02842759704 0.001)
(0.005892462857 0.01871754895 0.001)
(0.02629325373 0.02502769992 0.001)
(-0.1361072894 0.06813362418 0.001)
(-0.1701527457 0.1403281979 0.001)
(-0.2584518148 0.1551507441 0.001)
(-0.1963323104 0.2319554582 0.001)
(-0.1053334568 0.1995449376 0.001)
(-0.1236661145 0.3055973254 0.001)
(-0.03022615042 0.2644981208 0.001)
(-0.03917649258 0.3946245631 0.001)
(-0.003233790601 0.1903473401 0.001)
(0.05361362035 0.2308064513 0.001)
(0.07785777537 0.1696211795 0.001)
(0.124126133 0.2015797074 0.001)
(0.1562787598 0.03046198036 0.001)
(0.1367176796 0.03359908268 0.001)
(0.1216863885 0.2811451238 0.001)
(0.1431258577 0.1528680557 0.001)
(0.182879193 0.1773203695 0.001)
(0.1981883589 0.1339395702 0.001)
(0.2347589475 0.156574591 0.001)
(0.4954959496 0.1760464691 0.001)
(0.4929041574 0.2712855202 0.001)
(0.2488473209 0.1181061473 0.001)
(0.2815850457 0.1382735092 0.001)
(0.282556727 0.204493803 0.001)
(0.293495717 0.1038859695 0.001)
(0.3232504713 0.1211999794 0.001)
(0.3334299779 0.09142362228 0.001)
(0.02604771873 0.1175654371 0.001)
(0.07695780105 0.03266973786 0.001)
(0.3620059787 0.106010549 0.001)
(0.3718982639 0.07622679569 0.001)
(0.3928032463 0.001768003111 0.001)
(0.3748977866 0.005037409999 0.001)
(0.3704114027 0.1678528673 0.001)
(0.09999862126 0.1038557959 0.001)
(0.1571473618 0.09816428445 0.001)
(0.2115726811 0.08557627289 0.001)
(0.3974947681 0.09083864752 0.001)
(0.4070321193 0.06434738978 0.001)
(0.4297712344 0.07737313802 0.001)
(0.438059706 0.05364810501 0.001)
(0.4587326431 0.06540767065 0.001)
(0.4654003415 0.04270396399 0.001)
(0.2578190507 0.07060209454 0.001)
(0.3035676618 0.06308325374 0.001)
(0.3434497976 0.05266509148 0.001)
(-0.315830081 0.267964422 0.001)
(0.4138196542 0.0341101483 0.001)
(0.3798291764 0.04285048204 0.001)
(0.4892879172 0.04980979603 0.001)
(0.4900703786 0.02426778392 0.001)
(0.4429081439 0.02446479666 0.001)
(0.5921338038 0.3188125376 0.001)
(0.4976781755 0.3832569096 0.001)
(0.7216500285 0.2149734749 0.001)
(0.4703421772 0.01539529542 0.001)
(-0.1765281001 0.4335243214 0.001)
(-0.0620470379 0.549029235 0.001)
(-0.06778900495 0.1371681083 0.001)
(0.3206713324 -0.06507440447 0.001)
(0.1038527933 0.4823387008 0.001)
(0.0791204124 0.688368963 0.001)
(0.2967901934 0.6015888726 0.001)
(7.732195946 2.651936271 0.001)
(0.07269376173 -1.044854695 0.001)
(-0.08525036334 -0.8825768191 0.001)
(-0.2929213926 -0.8772298582 0.001)
(0.1320679649 -0.8438121391 0.001)
(-0.1751396193 -0.6970626681 0.001)
(0.3845010449 0.3293673763 0.001)
(0.6136492563 0.4489743725 0.001)
(-0.58977148 -0.5027714156 0.001)
(0.258692188 0.8546733335 0.001)
(0.01608643531 0.9392055112 0.001)
(0.5018120004 0.7633704672 0.001)
(4.274812717 -2.77316862 0.001)
(0.0491643656 -0.2086845039 0.001)
(-0.3291555667 -0.05571787371 0.001)
(0.4873478904 0.08804619802 0.001)
(-0.7940432595 -0.7577308195 0.001)
(0.3409601148 -0.06188798131 0.001)
(3.993531855 3.089730601 0.001)
(7.784093283 -1.822473078 0.001)
(7.499582146 -2.617122896 0.001)
(8.417282417 -2.514931685 0.001)
(0.6209532588 -0.001453226645 0.001)
(0.5273240648 -0.07362046448 0.001)
(0.5308743272 -0.056435687 0.001)
(0.5244605161 -0.04241584651 0.001)
(0.5375755307 -0.04134394367 0.001)
(0.5534137724 -0.05260213696 0.001)
(0.5278728732 -0.02952223201 0.001)
(0.5409510862 -0.02569605553 0.001)
(0.5330121216 -0.01594950211 0.001)
(0.5486304156 -0.01306901186 0.001)
(0.5371751486 -0.001682436884 0.001)
(0.5584402462 0.005613566929 0.001)
(0.5223066254 -0.006353443035 0.001)
(0.5260760098 0.009055936096 0.001)
(0.5586507006 -0.03017710029 0.001)
(0.512329042 0.005192562 0.001)
(0.4997683677 -0.0158932527 0.001)
(0.5155434242 0.02066449033 0.001)
(0.5752334769 -0.04524761445 0.001)
(0.5071986274 -0.04699650699 0.001)
(0.5100140842 -0.03279562714 0.001)
(0.5158277074 -0.02448228989 0.001)
(0.4293970807 0.1204908614 0.001)
(6.926309214 0.1496521975 0.001)
(7.758414141 0.3622309016 0.001)
(1.387983619 3.048218397 0.001)
(0.7586873701 2.784798589 0.001)
(-0.07493842961 -0.2013060981 0.001)
(8.244816858 -1.042649296 0.001)
(0.5031883297 -0.09720481475 0.001)
(0.7250333214 1.33061948 0.001)
(-0.5478269068 -0.6480176418 0.001)
(-0.6388917752 -1.002592842 0.001)
(0.7223763257 -1.023585817 0.001)
(0.5457266621 -0.8359519605 0.001)
(0.5338167682 0.0266838463 0.001)
(0.5163024189 0.04062551011 0.001)
(1.464859652 -0.2807508401 0.001)
(1.373850725 -0.6210576735 0.001)
(1.132100155 -0.385581665 0.001)
(-2.264076179 -2.711035391 0.001)
(-2.480055335 -2.051984334 0.001)
(-2.936648295 -2.60401629 0.001)
(-0.1239144897 -0.008994679978 0.001)
(-0.08711466923 0.04383790429 0.001)
(-3.422762276 0.8405787738 0.001)
(4.533456669 1.668972649 0.001)
(0.01137111728 -0.02375501471 0.001)
(0.002816346472 -0.02825043822 0.001)
(-0.004987268625 -0.02280201775 0.001)
(0.01004044061 -0.03386036223 0.001)
(0.002006107866 -0.03821599887 0.001)
(0.01046453727 -0.04454671151 0.001)
(0.0002349092218 -0.05156236546 0.001)
(-0.01001016917 -0.04325881321 0.001)
(-0.0125010515 -0.05592278898 0.001)
(-0.02492340778 -0.04859245264 0.001)
(-0.0260061771 -0.06743372359 0.001)
(-0.005902449103 -0.007808284601 0.001)
(-0.009902763761 0.0007533497513 0.001)
(-0.01518361887 -0.007664292046 0.001)
(-0.0197144866 0.001263387402 0.001)
(-0.0252020603 -0.007147079894 0.001)
(-0.01422921455 0.00964259343 0.001)
(-0.02431706458 0.01031982462 0.001)
(-0.01865382774 0.01865007251 0.001)
(-0.02061677852 -0.01651644635 0.001)
(-0.03203743323 -0.0155208661 0.001)
(0.01311862861 -0.0580614769 0.001)
(0.02151343985 -0.04828854565 0.001)
(-0.04491932023 -0.05317286698 0.001)
(-0.05731470637 -0.08116633306 0.001)
(-0.009119656683 0.01777395036 0.001)
(-0.01299534118 0.02694894529 0.001)
(-0.002191791734 0.02523483199 0.001)
(-0.00749591318 0.03569061303 0.001)
(0.00336766079 0.0352668013 0.001)
(-0.002696653226 0.04715178011 0.001)
(0.01060536242 0.04555680619 0.001)
(-0.01744210751 0.04680212698 0.001)
(-0.02593086208 0.02801982659 0.001)
(0.005205970311 0.05705902733 0.001)
(0.01869156354 0.05662792074 0.001)
(-0.01001975656 0.06401456926 0.001)
(-0.03353036217 0.05732438777 0.001)
(0.009775569831 0.07121462158 0.001)
(0.02942954593 0.06828458532 0.001)
(0.03810818855 0.0570548739 0.001)
(0.04754839225 0.06663802426 0.001)
(0.05480125778 0.05346193597 0.001)
(0.0649007767 0.0660458764 0.001)
(0.06050693889 0.08299570354 0.001)
(0.07147414333 0.05087011145 0.001)
(0.07940971688 0.06461180275 0.001)
(0.08500271996 0.05003574767 0.001)
(0.09345518803 0.0625879228 0.001)
(0.06184729596 0.04216318355 0.001)
(-0.001941850914 0.09530078002 0.001)
(0.09868156885 0.04901321732 0.001)
(0.1067811544 0.06063280479 0.001)
(0.1118690355 0.04866982359 0.001)
(0.1194216761 0.05893963662 0.001)
(0.1232883152 0.04759786932 0.001)
(0.1305430904 0.05664363388 0.001)
(0.1271946709 0.07136740621 0.001)
(0.09102151104 0.04078266689 0.001)
(0.02318404075 0.04270034013 0.001)
(0.1433013117 0.06638846113 0.001)
(0.1488892428 0.05237201275 0.001)
(0.1582255396 0.06146684733 0.001)
(0.1765340167 0.02872750961 0.001)
(0.1613806184 0.04805521674 0.001)
(0.1714002012 0.05915284327 0.001)
(0.1745391817 0.0452358131 0.001)
(0.1839398529 0.0552188352 0.001)
(0.1827064908 0.07046110342 0.001)
(0.1871681092 0.04355928258 0.001)
(0.1958957139 0.05146155977 0.001)
(0.01331153381 0.03408439044 0.001)
(0.1151581276 0.03975505754 0.001)
(0.046153433 0.04360593514 0.001)
(-0.02684895249 -0.02611377582 0.001)
(-0.03896490489 -0.02278454007 0.001)
(-0.04644198063 -0.01086996506 0.001)
(-0.05435441979 -0.02849090745 0.001)
(-0.06556888384 -0.00633523686 0.001)
(-0.049685564 0.005109383182 0.001)
(0.1005601217 0.07875164455 0.001)
(-3.171812693 -1.956770909 0.001)
(-3.643109765 -2.462549108 0.001)
(2.924127621 -1.253628044 0.001)
(3.363942183 1.806302979 0.001)
(-0.02271166768 -0.09232267204 0.001)
(-0.05132097802 -0.1144960594 0.001)
(0.3783920024 -0.08255957451 0.001)
(-0.8161441935 -0.2452774794 0.001)
(0.1986103568 0.04034720989 0.001)
(0.2069156256 0.04804144695 0.001)
(0.2094029091 0.03691513863 0.001)
(0.2183354819 0.04457044684 0.001)
(0.2165209749 0.05408015472 0.001)
(0.2279692637 0.05218214983 0.001)
(0.2300254092 0.04097128999 0.001)
(0.2394898879 0.04774738009 0.001)
(0.238394743 0.06129314796 0.001)
(0.2409427154 0.0370619104 0.001)
(0.2503087844 0.04271116757 0.001)
(4.550536882 2.463486266 0.001)
(5.491136342 2.788037598 0.001)
(0.1667796317 0.03899623404 0.001)
(-5.865601428e-05 -0.7035585329 0.001)
(0.1834630857 -0.6849307236 0.001)
(0.3427285055 -0.7815823368 0.001)
(0.3461748658 -0.6130700512 0.001)
(-0.1968361607 -2.628563766 0.001)
(0.1584520653 -3.1806954 0.001)
(0.4491586104 -2.655196882 0.001)
(0.7805122953 -3.117169224 0.001)
(1.01138095 -2.609625331 0.001)
(0.5440626839 -3.711315929 0.001)
(0.2399723554 -0.179108651 0.001)
(0.4980432048 -0.04321300089 0.001)
(-0.08581178963 -0.02244730035 0.001)
(0.01588446776 0.02352827497 0.001)
(0.1520602861 0.04143485756 0.001)
(0.1412810559 0.04310558675 0.001)
(-2.157726134 -1.584735861 0.001)
(-0.5831719021 -4.181993916 0.001)
(0.5085249399 -0.00754135912 0.001)
(0.4995177736 0.001775847044 0.001)
(0.1262662257 0.03751554999 0.001)
(-4.179075811 2.49302625 0.001)
(-3.348749163 2.954078073 0.001)
(-3.383563375 4.028994906 0.001)
(-2.547953818 3.348966641 0.001)
(-2.602530369 2.519582906 0.001)
(-1.867033884 2.857779907 0.001)
(-1.972679236 2.109135361 0.001)
(-2.575426554 1.792737186 0.001)
(-1.997324634 1.381613758 0.001)
(-3.355243534 2.070005541 0.001)
(1.102295969 1.74715539 0.001)
(5.410080909 4.190562162 0.001)
(1.411011012 -3.024335082 0.001)
(0.1187215267 0.08635261601 0.001)
(-0.6070734954 4.18141812 0.001)
(-0.9349452252 3.530403764 0.001)
(-0.172508798 3.438581772 0.001)
(0.6075705243 4.187411704 0.001)
(0.4192576388 0.2273953948 0.001)
(5.433668752 -4.187420727 0.001)
(3.455622115 4.156611638 0.001)
(-4.281675976 -0.5910468301 0.001)
(7.13467167 3.352166798 0.001)
(0.2511773101 0.03128491286 0.001)
(0.2604909877 0.03808102477 0.001)
(0.2601602697 0.04757825168 0.001)
(0.2710775715 0.04472786283 0.001)
(0.2696334218 0.03291518999 0.001)
(0.2815691057 0.03675999966 0.001)
(0.284209523 0.05341060307 0.001)
(0.2945876815 0.04476793919 0.001)
(0.293427198 0.0316588708 0.001)
(0.304251563 0.03651790345 0.001)
(0.2836928472 0.07490991299 0.001)
(-0.1780096045 -2.129703326 0.001)
(0.7962793974 -0.7977152037 0.001)
(0.6599573591 -0.6514343998 0.001)
(0.8409945804 -0.5927639034 0.001)
(-0.003433598668 -0.07043555046 0.001)
(0.03586464762 0.02706130375 0.001)
(0.03356593925 -0.03080751772 0.001)
(0.03622398982 -0.04052374694 0.001)
(0.04602911429 -0.04312443378 0.001)
(0.03891351884 -0.05040672936 0.001)
(0.04867718379 -0.05300243403 0.001)
(0.05602468743 -0.04556889316 0.001)
(0.05877200062 -0.05577153247 0.001)
(0.05128371496 -0.0635299372 0.001)
(0.06612440014 -0.048121094 0.001)
(0.07018366189 -0.06070212301 0.001)
(0.07667394635 -0.0513105859 0.001)
(0.08073026385 -0.05955790001 0.001)
(0.08719283861 -0.05358267009 0.001)
(0.08977026665 -0.06360633725 0.001)
(0.09806019269 -0.05639568755 0.001)
(0.1007684195 -0.06765407325 0.001)
(0.1095552574 -0.06010565854 0.001)
(0.1121832368 -0.07156380791 0.001)
(0.1207799304 -0.06324695768 0.001)
(0.1171392405 -0.05259879463 0.001)
(0.1235252252 -0.0732082292 0.001)
(0.1337474293 -0.06444527107 0.001)
(0.1162049538 -0.08679253354 0.001)
(0.1342441879 -0.0805752333 0.001)
(0.1478726338 -0.06841670945 0.001)
(0.1500501742 -0.08691052915 0.001)
(0.1619299835 -0.07396474609 0.001)
(0.1595452801 -0.06200710419 0.001)
(0.1712082024 -0.06484686969 0.001)
(0.1423978539 -0.05795220433 0.001)
(0.08469247192 -0.04208174785 0.001)
(0.1757544254 -0.07662759889 0.001)
(0.1842843587 -0.06656486137 0.001)
(0.1977839717 -0.06549739322 0.001)
(0.1900128636 -0.05624834384 0.001)
(0.09205245142 -0.07665272909 0.001)
(0.02586394582 -0.03763998761 0.001)
(3.597712683 -4.183647688 0.001)
(0.3027114866 0.02415742883 0.001)
(0.3126723256 0.02948509997 0.001)
(0.3147702206 0.03957978339 0.001)
(0.3237898998 0.03340363092 0.001)
(0.2927998446 0.0225264173 0.001)
(0.3216099832 0.02180490568 0.001)
(0.3321813673 0.02579311127 0.001)
(0.3347749069 0.03653106611 0.001)
(0.3424521083 0.02821324054 0.001)
(0.3392050919 0.01852571126 0.001)
(0.3505691788 0.01854921925 0.001)
(0.3529415123 0.02989791367 0.001)
(0.3611426239 0.02208660237 0.001)
(0.3660514002 0.03312697445 0.001)
(0.3718807503 0.02385299728 0.001)
(0.3682007415 0.01419923552 0.001)
(0.3784460529 0.0152891526 0.001)
(0.3817490452 0.02309769473 0.001)
(0.3884657483 0.01659764089 0.001)
(0.3894826278 0.02989175527 0.001)
(0.3998185355 0.01838377963 0.001)
(0.284510374 0.02545692414 0.001)
(1.511080899 -2.478223964 0.001)
(0.5010364201 0.01542510219 0.001)
(0.489844438 0.008834772502 0.001)
(0.4881305782 -0.004179206201 0.001)
(0.4794602457 0.002407171602 0.001)
(0.3851233317 0.008041777621 0.001)
(0.07704330388 0.0428620762 0.001)
(0.0563393527 0.03041246375 0.001)
(0.1792806412 -0.05614636464 0.001)
(0.2066093834 -0.08152598976 0.001)
(0.2118054337 -0.06568744648 0.001)
(0.2251886426 -0.06479048789 0.001)
(0.2350078056 -0.07663811016 0.001)
(0.2379796042 -0.0627409411 0.001)
(0.2505835847 -0.0618322813 0.001)
(0.2302137793 -0.05558011918 0.001)
(0.1272754873 -0.05390285987 0.001)
(0.4345387187 -0.1669319197 0.001)
(0.5178058391 0.06677225479 0.001)
(0.06659148789 0.03142807935 0.001)
(0.06299966675 -0.03799852123 0.001)
(0.05301821534 -0.0358003192 0.001)
(7.529840402 -4.161769037 0.001)
(9.170811641 -0.5498238402 0.001)
(9.038946214 1.356363641 0.001)
(4.943036475 -3.379796577 0.001)
(0.09615897581 0.0318449521 0.001)
(0.1473635626 0.03135997933 0.001)
(0.1432270265 -0.04797702821 0.001)
(0.3460993177 0.03886378809 0.001)
(0.3249698084 0.04773287626 0.001)
(0.3597353867 0.04863656103 0.001)
(-2.726001389 -1.466733041 0.001)
(0.1630194259 -0.04652359354 0.001)
(0.2189450194 -0.05624410617 0.001)
(0.1860098843 0.02813613501 0.001)
(0.2067573315 0.02666400006 0.001)
(0.2136664234 -0.04791723851 0.001)
(0.2262317104 0.02450811541 0.001)
(0.24606406 0.02202074351 0.001)
(0.2527219753 -0.04748801209 0.001)
(0.2673856887 0.02166663207 0.001)
(0.2626937203 -0.04774564744 0.001)
(0.2678045833 -0.05720860173 0.001)
(0.2781331222 -0.0561066086 0.001)
(0.2825060502 -0.04749431521 0.001)
(0.2874793326 -0.05585734428 0.001)
(0.2923549761 -0.04724144625 0.001)
(0.3154143953 0.01335161517 0.001)
(0.312223268 -0.04664872805 0.001)
(0.3078741686 -0.05490375545 0.001)
(0.4722282842 -0.01195490447 0.001)
(0.4699319638 -0.002055977041 0.001)
(0.4591147161 -0.0004927481549 0.001)
(0.3320751397 -0.04574957209 0.001)
(0.3274505741 -0.05474099374 0.001)
(0.4527268634 -0.008136105588 0.001)
(0.4510964027 -0.03926519605 0.001)
(0.4467618432 -0.04825322624 0.001)
(0.4367710878 -0.04862748337 0.001)
(0.4415473248 -0.05666350249 0.001)
(0.4522763729 -0.05625867177 0.001)
(0.4566800562 -0.04740445933 0.001)
(0.3443673953 0.009519310094 0.001)
(0.3519318974 -0.04505511723 0.001)
(0.3470456866 -0.05360598624 0.001)
(0.3572541615 -0.05334732315 0.001)
(0.4331593435 -0.004681132151 0.001)
(0.429738427 0.004684509403 0.001)
(0.4198258193 0.006358314188 0.001)
(0.4262472616 0.01408631865 0.001)
(0.4162514248 0.01582628314 0.001)
(0.4103053674 0.007568002559 0.001)
(0.4362301808 0.01309192742 0.001)
(0.3618571261 -0.04458405046 0.001)
(0.4114436378 -0.04189527592 0.001)
(0.4169333505 -0.0502001811 0.001)
(0.4069857286 -0.05075748048 0.001)
(0.4124802727 -0.05915001171 0.001)
(0.4135932072 -0.001428171233 0.001)
(0.3816991353 -0.04359425779 0.001)
(0.3871470613 -0.05195544453 0.001)
(0.4015260684 -0.04247539965 0.001)
(-2.29161351 -0.9946275853 0.001)
(0.4709099811 -0.03775471447 0.001)
(0.4312616347 -0.04057470426 0.001)
(4.795197048 3.42092102 0.001)
(0.08701552735 0.03171985727 0.001)
(-1.376285241 2.343160076 0.001)
(0.3174141992 -0.05505218308 0.001)
(4.78267333 -1.466125695 0.001)
(0.4396223307 0.003075974645 0.001)
(0.4466119909 0.011704748 0.001)
(0.4570615745 0.02097363869 0.001)
(0.3771484177 -0.05248566081 0.001)
(0.38259417 -0.06089827155 0.001)
(0.372564935 -0.06134677347 0.001)
(0.3926114298 -0.06008446394 0.001)
(0.388055979 -0.06976183446 0.001)
(0.2978955511 -0.05712053794 0.001)
(0.3672241452 -0.05289702595 0.001)
(0.4218062184 0.02396615447 0.001)
(-1.504709589 1.725685555 0.001)
(-0.7476036906 2.398728404 0.001)
(0.3720349736 2.287249875 0.001)
(0.3970565477 -0.05131312015 0.001)
(0.466608389 -0.04667522281 0.001)
(0.4268455624 -0.04924208055 0.001)
(0.09372667831 -0.04622305948 0.001)
(4.011439695 -3.457835032 0.001)
(0.4036061081 1.742528694e-05 0.001)
(-0.006244678008 -0.03247734265 0.001)
(-0.00493273541 0.008693211219 0.001)
(0.5867071795 -0.01982752238 0.001)
(0.423267206 -0.05782884807 0.001)
(0.4196384157 -0.07004028726 0.001)
(3.039424463 0.6362455382 0.001)
(-0.02786975088 0.00184223059 0.001)
(-0.467570854 0.2777118011 0.001)
(-0.5197265559 0.5361106174 0.001)
(-2.368726903 4.209765154 0.001)
(0.449432949 0.00134811992 0.001)
(-2.743543118 -3.329504219 0.001)
(0.1129760682 -0.04351252457 0.001)
(0.5109178543 -0.1847445364 0.001)
(4.323083182 -0.8787002332 0.001)
(0.1053593658 0.04174939577 0.001)
(0.2042043884 -0.05839071874 0.001)
(0.3311566514 -0.06471488571 0.001)
(6.604945477 -2.714655116 0.001)
(8.05388201 1.160879898 0.001)
(8.333883897 2.053651465 0.001)
(0.1229886668 -0.04457079541 0.001)
(0.2212359118 0.03455203878 0.001)
(0.1079002643 -0.1079222258 0.001)
(6.067473044 2.172658011 0.001)
(0.02964635604 0.03466138253 0.001)
(2.322236727 4.100230609 0.001)
(7.50469524 4.189209194 0.001)
(6.271639381 3.049223443 0.001)
(4.350310059 0.9682422085 0.001)
(-1.770654219 0.9417892744 0.001)
(0.4024727265 -0.05945264837 0.001)
(9.060469364 3.475702644 0.001)
(-0.01522815729 -0.02504038624 0.001)
(0.3620613667 -0.06224617406 0.001)
(0.3513634053 -0.06260909852 0.001)
(0.3680402361 -0.07200093581 0.001)
(-4.215156717 -3.53730438 0.001)
(0.4623438243 -0.05541841683 0.001)
(0.4674967031 -0.06432483482 0.001)
(0.8005130286 -0.2236589711 0.001)
(0.8589702885 -0.3599564202 0.001)
(0.9737412547 -0.2125175294 0.001)
(1.186892632 -0.138698837 0.001)
(0.9873521041 -0.01353477491 0.001)
(0.9625603144 0.1809407803 0.001)
(6.09982366 0.04757595052 0.001)
(-0.06842575789 -0.5583903547 0.001)
(0.1838300733 -0.04754299114 0.001)
(0.03969522789 0.0360846322 0.001)
(3.370993185 -1.682396756 0.001)
(4.035943154 -1.52351605 0.001)
(1.114215059 -0.6604874072 0.001)
(9.116446012 -3.42713206 0.001)
(0.4682256268 1.049581713 0.001)
(-0.02964930541 0.08278883048 0.001)
(-0.05749616137 0.06772054217 0.001)
(-0.05470399736 0.04208810387 0.001)
(-0.08970134446 0.08343819751 0.001)
(-0.03208839256 0.1160740993 0.001)
(0.4045032458 -0.2054169004 0.001)
(0.466048581 -0.08867373085 0.001)
(0.4555777968 0.008342547718 0.001)
(0.4650155749 0.00735461213 0.001)
(0.1674173502 -0.05504584724 0.001)
(0.2774785759 -0.2074366781 0.001)
(0.7064898409 -0.4780403897 0.001)
(2.66030532 1.679104186 0.001)
(2.071157053 3.262408113 0.001)
(8.03426 -3.380093254 0.001)
(0.1662127991 0.03047063787 0.001)
(-0.03492171749 0.009454754583 0.001)
(0.6052292193 -0.04703906857 0.001)
(0.5826602158 0.00913331338 0.001)
(-2.51787964 1.206495458 0.001)
(0.2617957134 0.02885745266 0.001)
(0.2350276871 -0.5439233829 0.001)
(0.4344461045 -0.514987002 0.001)
(0.4820845232 -0.6561490197 0.001)
(1.826868068 -3.570966788 0.001)
(0.3349266707 0.01002085526 0.001)
(2.540957857 0.4285697292 0.001)
(0.1556391558 -0.1053804735 0.001)
(0.1386948139 -0.4774475008 0.001)
(0.2573118675 -0.0558369809 0.001)
(0.2591835363 -0.06555927234 0.001)
(0.3367813397 -0.05434399873 0.001)
(3.22766756 -3.466224167 0.001)
(1.080107565 1.17735814 0.001)
(0.4009174435 0.008767340585 0.001)
(0.08120569237 0.08578535781 0.001)
(0.06623914103 0.1083774206 0.001)
(0.2638290412 0.4370803949 0.001)
(0.3641601467 0.005871982622 0.001)
(-1.370604899 -1.768398408 0.001)
(0.5160954729 -0.0140846311 0.001)
(-0.2232922288 -0.555241718 0.001)
(0.2828450905 -0.06476262638 0.001)
(0.05356119283 0.03845727702 0.001)
(0.1408498499 0.08525002644 0.001)
(0.132778291 0.1100885523 0.001)
(0.9942726047 -1.79713192 0.001)
(-0.01107234713 -0.01588782649 0.001)
(0.9821753963 3.538598285 0.001)
(0.5456524418 -0.0708619837 0.001)
(0.4912257029 -0.01476842269 0.001)
(0.4001956503 0.04400487871 0.001)
(0.5290034022 -0.1100180175 0.001)
(0.2687321513 0.05799606424 0.001)
(0.7116408664 -2.166775472 0.001)
(-0.07307839499 -0.04969066643 0.001)
(0.8078753988 0.1594271443 0.001)
(0.1666169883 -0.08961948246 0.001)
(0.2328304746 -0.04717508073 0.001)
(3.147367399 1.21800908 0.001)
(-2.802084571 0.7920803695 0.001)
(6.630846899 -0.550536474 0.001)
(0.1807435788 0.03660465853 0.001)
(2.270740441 -4.266337664 0.001)
(0.2869654723 0.01657615333 0.001)
(-0.01643959204 -3.740836675 0.001)
(0.007252866697 0.02736636953 0.001)
(0.722994353 0.3511334252 0.001)
(0.7537113521 0.6036060062 0.001)
(-1.06235178 -0.2863276937 0.001)
(-0.323963359 0.4083647895 0.001)
(-0.0717270932 0.01865085868 0.001)
(0.5752149609 -0.07295884337 0.001)
(0.09739854263 -1.911779242 0.001)
(-0.2730971518 -0.4323424808 0.001)
(9.246311708 -2.43123741 0.001)
(7.067259363 -3.394969772 0.001)
(-2.45109759 -0.5224005433 0.001)
(0.1071543878 -0.0507484143 0.001)
(8.067975595 3.466397004 0.001)
(1.162168695 -3.653047662 0.001)
(0.4970001989 -0.007466865102 0.001)
(-0.2477579384 0.5897754583 0.001)
(2.547867119 -0.9116825851 0.001)
(0.118185808 0.03100982387 0.001)
(0.5246888237 0.1098047079 0.001)
(0.5014025577 -0.05236285959 0.001)
(1.711785384 -1.770793144 0.001)
(0.01951760649 -0.0735944763 0.001)
(0.0204975141 0.0907295281 0.001)
(0.30928116 0.04956344595 0.001)
(-0.04281865304 0.02329262237 0.001)
(-0.03196119083 0.03891164607 0.001)
(0.2910306539 -0.9596322372 0.001)
(0.222755359 0.06530524361 0.001)
(0.2377777853 0.08231835469 0.001)
(-0.02932842499 0.01794742014 0.001)
(0.3779294645 -0.06931347796 0.001)
(-1.722142328 3.513519301 0.001)
(1.1639021 -2.165165581 0.001)
(0.3635810167 -0.08405517856 0.001)
(0.4775471773 -0.06278955019 0.001)
(0.1939424351 -0.04736825914 0.001)
(0.04135395455 -0.05900662831 0.001)
(0.02991550224 -0.05798867018 0.001)
(-0.4215979467 -1.08283435 0.001)
(0.4318073841 0.02196222408 0.001)
(-0.1161087567 0.1241123961 0.001)
(0.1749117273 2.795638456 0.001)
(0.6520789796 -0.03585335013 0.001)
(0.4006693786 -0.4204043388 0.001)
(0.06131498485 -0.06606345477 0.001)
(0.05353374591 -0.07716027247 0.001)
(-3.044856626 1.400885229 0.001)
(0.1322802519 0.04448485263 0.001)
(0.2327994381 0.03141300954 0.001)
(-3.407098582 -1.421682334 0.001)
(-1.736197178 0.5602532366 0.001)
(0.4783599399 -0.005857131196 0.001)
(-0.498350518 2.908253157 0.001)
(-1.106723001 1.505695406 0.001)
(0.6833680091 -1.789940587 0.001)
(0.5084200941 -0.01663803859 0.001)
(0.2063910331 0.06322548296 0.001)
(0.1914841418 0.03535687869 0.001)
(0.07020905652 0.03946107376 0.001)
(0.311676644 0.02070975263 0.001)
(-0.7026615218 -0.4008505843 0.001)
(-0.008292563729 -0.1215606845 0.001)
(0.1358988682 -0.05392926406 0.001)
(-0.03602641775 -0.002855257117 0.001)
(0.2524841478 0.05465468435 0.001)
(0.229794266 -2.23487824 0.001)
(0.5575947709 0.03075268081 0.001)
(-1.602818386 -1.052135339 0.001)
(0.4092284625 0.02373865507 0.001)
(4.50689283 -2.13217982 0.001)
(7.531641568 -0.4037631433 0.001)
(0.5190898342 -0.03442157987 0.001)
(0.5138660549 -0.04122035574 0.001)
(0.4845264229 0.567687694 0.001)
(0.2266626119 -0.4455218503 0.001)
(0.2640615029 -0.07776809044 0.001)
(0.5209115534 -0.08973571033 0.001)
(-4.307034214 0.7997480513 0.001)
(-2.032076573 -0.5148290354 0.001)
(-0.01916508296 0.03527463159 0.001)
(0.5961386999 0.04820402242 0.001)
(0.4928785287 -0.4233448915 0.001)
(0.5632996072 -0.5255346389 0.001)
(0.5233039771 -0.01878194558 0.001)
(1.370120691 -0.005284986247 0.001)
(8.4146106 -0.1954795011 0.001)
(-0.2956761931 -0.1236807793 0.001)
(0.1812066209 0.2526036724 0.001)
(0.1668284506 0.3496931233 0.001)
(0.2647463962 0.2909046347 0.001)
(0.3414056372 0.2360480213 0.001)
(0.4305509906 0.03474019048 0.001)
(-0.3147707236 0.08701434655 0.001)
(0.5543038289 -0.1282729903 0.001)
(-0.74440914 0.5488462263 0.001)
(0.2851147918 -4.361181597 0.001)
(0.8380291985 2.151439812 0.001)
(-0.3579240865 0.17812623 0.001)
(0.8696995207 -0.005352746567 0.001)
(0.250476179 -0.1437677907 0.001)
(0.3063670402 -0.1672440436 0.001)
(0.3129004594 -0.06192540356 0.001)
(0.3854649756 0.4637962495 0.001)
(0.4466908767 -0.06600624412 0.001)
(-0.2440645431 1.040796775 0.001)
(6.289227141 -3.311419092 0.001)
(0.9820036175 -0.5054566204 0.001)
(0.5844697561 0.09897442231 0.001)
(0.304409049 -0.1290328837 0.001)
(0.4175481767 -0.1390675496 0.001)
(0.1269778927 0.02959939186 0.001)
(0.05800000075 0.3374731527 0.001)
(-0.09183968861 0.0001811319741 0.001)
(-0.1125917874 -0.0497569036 0.001)
(-0.008326909012 1.189363717 0.001)
(0.03060813054 -0.0475189953 0.001)
(0.1806632058 -0.08913162443 0.001)
(3.895613186 1.350779102 0.001)
(0.1059220968 -0.2281169644 0.001)
(0.1961910058 0.07463084785 0.001)
(0.1837638906 0.08990252746 0.001)
(0.1624849494 0.07582658479 0.001)
(0.7569025926 0.9597280549 0.001)
(1.29123981 -0.9082928581 0.001)
(0.2910575898 -0.06382537057 0.001)
(0.2881299665 -0.07323776465 0.001)
(-4.309861612 -2.195354753 0.001)
(0.4834680408 -0.09028675894 0.001)
(0.8197533946 0.2738527605 0.001)
(1.128608177 0.3401751795 0.001)
(-0.07670147349 -0.1551350991 0.001)
(-0.009867286008 -0.2494996604 0.001)
(0.5060094461 -0.03954272792 0.001)
(0.2382695083 -0.05349173186 0.001)
(0.1956623815 1.087272782 0.001)
(2.123210318 0.6491267786 0.001)
(-3.649222802 -0.8559782298 0.001)
(0.2518394924 -0.08908791133 0.001)
(0.1930248193 0.06299956584 0.001)
(0.08843780671 0.07431566194 0.001)
(0.3306104732 0.01761131836 0.001)
(-0.0202293389 -0.03580129136 0.001)
(0.01687442947 -0.03873661142 0.001)
(-0.1399084888 0.7629602881 0.001)
(0.3198418568 0.173573636 0.001)
(0.4800881829 0.01245831847 0.001)
(-0.3542921603 -0.6635167329 0.001)
(0.2292295769 0.2163794141 0.001)
(0.3948184389 0.1323393451 0.001)
(0.03610285643 0.04519619623 0.001)
(0.4578417669 0.09648199086 0.001)
(0.4743292034 0.1283986251 0.001)
(0.3226891706 -0.117909833 0.001)
(0.04171154182 0.08909844981 0.001)
(-4.26173334 -4.271537917 0.001)
(-0.3934753217 -0.1248349584 0.001)
(-4.267949192 4.267949192 0.001)
(0.457890509 -0.06443033229 0.001)
(0.4635324561 -0.07439626671 0.001)
(0.2762181002 0.02696539055 0.001)
(0.4298958701 0.1628405812 0.001)
(0.3598880382 0.01391661854 0.001)
(0.2685226991 -0.06541364954 0.001)
(0.4077636771 0.01531206802 0.001)
(-0.5068873277 -0.8442214331 0.001)
(0.2022964434 0.03310241286 0.001)
(8.477697391 2.823303383 0.001)
(0.5869330022 -0.1104057306 0.001)
(0.6217200799 -0.1519236526 0.001)
(0.07059905894 -0.0976159418 0.001)
(0.2465896685 -0.05486669609 0.001)
(-0.03504005735 -0.03582597239 0.001)
(9.267949192 4.267949192 0.001)
(0.3552757802 -0.1714019115 0.001)
(0.3237535997 0.06670159491 0.001)
(1.082294659 0.5939607326 0.001)
(3.489098747 3.470569496 0.001)
(0.1588555074 -0.05352748009 0.001)
(0.1513068762 -0.05742137641 0.001)
(9.273040735 -4.273040735 0.001)
(0.4323003271 -0.05530715214 0.001)
(0.3865451285 0.06026244542 0.001)
(5.680260875 3.5013137 0.001)
(0.08352641097 0.03893842226 0.001)
(0.1935360914 -0.09774826626 0.001)
(0.11453583 0.07120882164 0.001)
(-0.3520480787 0.01961099575 0.001)
(0.3924968171 0.009451010897 0.001)
(0.3959380209 -0.07916038542 0.001)
(0.2704146609 -0.1673997586 0.001)
(0.0347087482 0.157622587 0.001)
(-1.178677933 2.92065048 0.001)
(0.4103218357 -0.08642093435 0.001)
(4.033933866 3.697942482 0.001)
(0.1044054381 -0.0794682394 0.001)
(0.02208917432 0.03168555576 0.001)
(0.03169305617 -0.0897347419 0.001)
(0.1979649677 -0.0539797347 0.001)
(4.922745819 -2.680218651 0.001)
(0.297080581 0.01519004659 0.001)
(-0.03107597756 0.1549362196 0.001)
(-0.1121761867 0.02003201838 0.001)
(-0.1549111109 0.02300148524 0.001)
(0.1060080095 0.141834706 0.001)
(1.910000277 -2.211197328 0.001)
(0.1392589906 0.05259890943 0.001)
(0.08053803727 -0.07036923278 0.001)
(-4.224033844 0.05223007035 0.001)
(0.4199048925 0.05137064172 0.001)
(0.3797374479 3.411538171 0.001)
(0.4368107405 -0.07746310147 0.001)
(0.1661031901 0.1266861197 0.001)
(0.2448307579 -1.140747583 0.001)
(-0.002985039859 -0.01502150448 0.001)
(0.3109689507 -0.07114683594 0.001)
(0.3231946009 -0.07662285539 0.001)
(2.924790802 -4.088798359 0.001)
(0.2191514974 0.1110695773 0.001)
(-0.04208841081 -0.1533467267 0.001)
(3.00352176 -0.7996316978 0.001)
(0.02910323904 0.05397278326 0.001)
(0.2234782417 -0.09264857687 0.001)
(-0.2262540232 0.3307879234 0.001)
(-3.538547794 -3.138643648 0.001)
(0.6478526207 0.250927526 0.001)
(0.2780590617 -0.08558138763 0.001)
(0.3495143126 0.07296918849 0.001)
(0.9027131007 -4.199004634 0.001)
(0.3016446572 -0.08117402604 0.001)
(0.2672029611 0.09801599803 0.001)
(0.6537991498 0.03559073551 0.001)
(0.3430218668 -0.07193424086 0.001)
(0.4758755432 0.02942669603 0.001)
(0.4487855666 0.04032306091 0.001)
(-0.5893421516 -1.218090667 0.001)
(0.1592480355 0.03776406897 0.001)
(0.3057154276 -0.0626490225 0.001)
(0.2220612422 -0.1507006626 0.001)
(-0.7266723972 -0.5669402411 0.001)
(0.09349121306 -0.03883246214 0.001)
(0.05783762043 -0.2824932432 0.001)
(0.5426205887 0.01408471865 0.001)
(-0.08973297674 -0.1138566121 0.001)
(0.5085699493 -0.05486609145 0.001)
(0.2437228529 -0.06846385932 0.001)
(0.0985926908 -0.08967047823 0.001)
(-1.469279239 0.8266617606 0.001)
(-0.001263924118 0.1386410772 0.001)
(0.3101983792 0.08686738879 0.001)
(0.5046804525 0.02885822946 0.001)
(-0.001534925378 0.01592764776 0.001)
(4.005849779 1.940138825 0.001)
(0.5360439382 0.0458666633 0.001)
(0.1729618416 0.03600697063 0.001)
(0.08883596791 -0.1158097934 0.001)
(0.3777986 0.03056398075 0.001)
(0.4025089861 0.0300258434 0.001)
(-0.4227476538 -0.01682035828 0.001)
(8.443936545 0.5402118858 0.001)
(-1.728346518 -1.631534571 0.001)
(0.08262983286 -0.5885686504 0.001)
(0.4584571682 -0.1935822583 0.001)
(0.2107354439 -0.05516679438 0.001)
(0.5168555754 -0.05068854479 0.001)
(0.5517516588 -0.1748586055 0.001)
(0.5950167673 -0.2045569402 0.001)
(0.2417153321 0.02865589875 0.001)
(-3.590630318 1.444227615 0.001)
(0.5686089137 -0.009673816994 0.001)
(-1.874140711 -1.235017761 0.001)
(0.3836517069 0.0004162078803 0.001)
(1.384637304 0.261964882 0.001)
(1.63235708 3.641717082 0.001)
(8.506782701 -1.797685227 0.001)
(-0.05479884928 0.09793066654 0.001)
(0.08283846792 -0.08545828337 0.001)
(1.503716871 -0.8227750361 0.001)
(-0.04647239421 0.2001159158 0.001)
(5.703635671 -3.536563236 0.001)
(0.04555433586 0.05222214334 0.001)
(0.1003080243 -0.04897920883 0.001)
(0.9379950197 -0.7022435027 0.001)
(0.4727540391 0.006283587422 0.001)
(1.522393631 -2.100854117 0.001)
(-4.141335178 -2.866770378 0.001)
(0.3970085166 -0.06793861637 0.001)
(0.2750960053 -0.06317890292 0.001)
(0.5372435339 -0.08698464798 0.001)
(0.8800768356 0.08779877296 0.001)
(0.01752671603 -0.02965021793 0.001)
(0.09854902481 0.03914658182 0.001)
(-0.1327445026 -0.09860644122 0.001)
(0.1447819332 0.03754698687 0.001)
(0.06302679498 0.05235033326 0.001)
(-3.736143144 -1.901636402 0.001)
(0.4070481102 -0.9027879256 0.001)
(0.04696500625 0.03588102937 0.001)
(-0.5276786512 0.02915885009 0.001)
(-0.0002587865207 4.001865279 0.001)
)


// ************************************************************************* //
