/*--------------------------------*- C++ -*----------------------------------*\
| =========                 |                                                 |
| \\      /  F ield         | OpenFOAM: The Open Source CFD Toolbox           |
|  \\    /   O peration     | Version:  2412                                  |
|   \\  /    A nd           | Website:  www.openfoam.com                      |
|    \\/     M anipulation  |                                                 |
\*---------------------------------------------------------------------------*/
FoamFile
{
    version     2.0;
    format      ascii;
    arch        "LSB;label=32;scalar=64";
    class       vectorField;
    location    "constant/polyMesh";
    object      points;
}
// * * * * * * * * * * * * * * * * * * * * * * * * * * * * * * * * * * * * * //


2722
(
(0 0 0)
(-10 -10 0)
(20 -10 0)
(-10 10 0)
(20 10 0)
(-10 -10 0.001)
(20 -10 0.001)
(-10 10 0.001)
(20 10 0.001)
(0 0 0.001)
(0.0109366728 0.01575136295 0)
(0.0286993156 0.02442467573 0)
(0.04773541404 0.02991138375 0)
(0.06719197218 0.03367975878 0)
(0.08683464596 0.03632645573 0)
(0.1065709304 0.03815698841 0)
(0.1263562617 0.03935195298 0)
(0.1461662777 0.04002946381 0)
(0.1659865177 0.0402722701 0)
(0.1858078971 0.04014149999 0)
(0.2056244895 0.03968420927 0)
(0.2254323407 0.03893781949 0)
(0.2452287888 0.03793287964 0)
(0.2650120518 0.0366948661 0)
(0.2847809648 0.03524540077 0)
(0.3045348069 0.03360310163 0)
(0.3242731817 0.03178419247 0)
(0.3439959323 0.02980294488 0)
(0.3637030789 0.02767200514 0)
(0.3833947744 0.02540266403 0)
(0.4030712697 0.02300505724 0)
(0.422732887 0.0204883199 0)
(0.4423799966 0.01786069954 0)
(0.4620130002 0.01512965648 0)
(0.4816323188 0.01230195915 0)
(0.5012383811 0.00938374991 0)
(0.5208316131 0.006380592491 0)
(0.54041243 0.003297514041 0)
(0.559981231 0.0001390574045 0)
(0.5795383938 -0.003090686242 0)
(0.5990842699 -0.006388054023 0)
(0.6186191785 -0.009749791785 0)
(0.6381434057 -0.01317302394 0)
(0.6576572007 -0.01665523523 0)
(0.6771607731 -0.02019425655 0)
(0.6966542901 -0.02378825413 0)
(0.7161378746 -0.02743571475 0)
(0.7356116039 -0.03113543263 0)
(0.7550755075 -0.03488650041 0)
(0.7745295654 -0.03868830086 0)
(0.7939737066 -0.04254049889 0)
(0.8134078074 -0.04644303425 0)
(0.8328316899 -0.05039611447 0)
(0.8522451203 -0.05440020849 0)
(0.8716478073 -0.05845604087 0)
(0.8910394005 -0.06256458599 0)
(0.9104194877 -0.06672706537 0)
(0.9297875954 -0.07094493322 0)
(0.9491431911 -0.07521984795 0)
(0.9684857296 -0.07955345964 0)
(0.9878124549 -0.08395691302 0)
(0.9675886048 -0.08982826231 0)
(0.947787509 -0.09073953228 0)
(0.927983649 -0.09158870608 0)
(0.9081773622 -0.09237927821 0)
(0.8883688949 -0.09311320049 0)
(0.8685584625 -0.09379202016 0)
(0.8487462582 -0.09441699976 0)
(0.8289324579 -0.0949891615 0)
(0.8091172229 -0.09550926939 0)
(0.7893007017 -0.09597782588 0)
(0.7694830337 -0.09639506628 0)
(0.749664351 -0.09676095273 0)
(0.7298447818 -0.09707516764 0)
(0.710024453 -0.09733710662 0)
(0.6902034931 -0.09754587102 0)
(0.6703820353 -0.09770026 0)
(0.6505602215 -0.09779876202 0)
(0.6307382053 -0.09783954216 0)
(0.6109161569 -0.09782042792 0)
(0.5910942677 -0.09773889899 0)
(0.5712727555 -0.09759207388 0)
(0.5514518707 -0.09737669243 0)
(0.5316319035 -0.09708908648 0)
(0.5118131921 -0.09672516142 0)
(0.4919961322 -0.09628037417 0)
(0.4721811881 -0.09574970193 0)
(0.4523689063 -0.09512759155 0)
(0.432559931 -0.09440791961 0)
(0.4127550232 -0.09358394748 0)
(0.3929550826 -0.09264825854 0)
(0.3731611767 -0.09159266628 0)
(0.3533745745 -0.09040811854 0)
(0.3335967888 -0.08908459015 0)
(0.3138296298 -0.08761093544 0)
(0.2940752735 -0.08597469694 0)
(0.2743363526 -0.08416184725 0)
(0.2546160745 -0.08215647815 0)
(0.2349183823 -0.07994037998 0)
(0.2152481774 -0.07749246193 0)
(0.1956116387 -0.07478794458 0)
(0.1760166921 -0.07179720588 0)
(0.1564737296 -0.0684840803 0)
(0.1369967584 -0.06480325719 0)
(0.1176053389 -0.06069611641 0)
(0.09832808019 -0.05608367974 0)
(0.07920948226 -0.05085386232 0)
(0.06032478744 -0.04483655854 0)
(0.04181813582 -0.03774697707 0)
(0.02402388602 -0.02903826109 0)
(0.008036737227 -0.01741283767 0)
(-8 -10 0)
(-6 -10 0)
(-4 -10 0)
(-2 -10 0)
(0 -10 0)
(2 -10 0)
(4 -10 0)
(6 -10 0)
(8 -10 0)
(10 -10 0)
(12 -10 0)
(14 -10 0)
(16 -10 0)
(18 -10 0)
(-10 8 0)
(-10 6 0)
(-10 4 0)
(-10 2 0)
(-10 0 0)
(-10 -2 0)
(-10 -4 0)
(-10 -6 0)
(-10 -8 0)
(20 -8 0)
(20 -6 0)
(20 -4 0)
(20 -2 0)
(20 0 0)
(20 2 0)
(20 4 0)
(20 6 0)
(20 8 0)
(18 10 0)
(16 10 0)
(14 10 0)
(12 10 0)
(10 10 0)
(8 10 0)
(6 10 0)
(4 10 0)
(2 10 0)
(0 10 0)
(-2 10 0)
(-4 10 0)
(-6 10 0)
(-8 10 0)
(-8 -10 0.001)
(-6 -10 0.001)
(-4 -10 0.001)
(-2 -10 0.001)
(0 -10 0.001)
(2 -10 0.001)
(4 -10 0.001)
(6 -10 0.001)
(8 -10 0.001)
(10 -10 0.001)
(12 -10 0.001)
(14 -10 0.001)
(16 -10 0.001)
(18 -10 0.001)
(-10 8 0.001)
(-10 6 0.001)
(-10 4 0.001)
(-10 2 0.001)
(-10 0 0.001)
(-10 -2 0.001)
(-10 -4 0.001)
(-10 -6 0.001)
(-10 -8 0.001)
(20 -8 0.001)
(20 -6 0.001)
(20 -4 0.001)
(20 -2 0.001)
(20 0 0.001)
(20 2 0.001)
(20 4 0.001)
(20 6 0.001)
(20 8 0.001)
(18 10 0.001)
(16 10 0.001)
(14 10 0.001)
(12 10 0.001)
(10 10 0.001)
(8 10 0.001)
(6 10 0.001)
(4 10 0.001)
(2 10 0.001)
(0 10 0.001)
(-2 10 0.001)
(-4 10 0.001)
(-6 10 0.001)
(-8 10 0.001)
(0.0109366728 0.01575136295 0.001)
(0.0286993156 0.02442467573 0.001)
(0.04773541404 0.02991138375 0.001)
(0.06719197218 0.03367975878 0.001)
(0.08683464596 0.03632645573 0.001)
(0.1065709304 0.03815698841 0.001)
(0.1263562617 0.03935195298 0.001)
(0.1461662777 0.04002946381 0.001)
(0.1659865177 0.0402722701 0.001)
(0.1858078971 0.04014149999 0.001)
(0.2056244895 0.03968420927 0.001)
(0.2254323407 0.03893781949 0.001)
(0.2452287888 0.03793287964 0.001)
(0.2650120518 0.0366948661 0.001)
(0.2847809648 0.03524540077 0.001)
(0.3045348069 0.03360310163 0.001)
(0.3242731817 0.03178419247 0.001)
(0.3439959323 0.02980294488 0.001)
(0.3637030789 0.02767200514 0.001)
(0.3833947744 0.02540266403 0.001)
(0.4030712697 0.02300505724 0.001)
(0.422732887 0.0204883199 0.001)
(0.4423799966 0.01786069954 0.001)
(0.4620130002 0.01512965648 0.001)
(0.4816323188 0.01230195915 0.001)
(0.5012383811 0.00938374991 0.001)
(0.5208316131 0.006380592491 0.001)
(0.54041243 0.003297514041 0.001)
(0.559981231 0.0001390574045 0.001)
(0.5795383938 -0.003090686242 0.001)
(0.5990842699 -0.006388054023 0.001)
(0.6186191785 -0.009749791785 0.001)
(0.6381434057 -0.01317302394 0.001)
(0.6576572007 -0.01665523523 0.001)
(0.6771607731 -0.02019425655 0.001)
(0.6966542901 -0.02378825413 0.001)
(0.7161378746 -0.02743571475 0.001)
(0.7356116039 -0.03113543263 0.001)
(0.7550755075 -0.03488650041 0.001)
(0.7745295654 -0.03868830086 0.001)
(0.7939737066 -0.04254049889 0.001)
(0.8134078074 -0.04644303425 0.001)
(0.8328316899 -0.05039611447 0.001)
(0.8522451203 -0.05440020849 0.001)
(0.8716478073 -0.05845604087 0.001)
(0.8910394005 -0.06256458599 0.001)
(0.9104194877 -0.06672706537 0.001)
(0.9297875954 -0.07094493322 0.001)
(0.9491431911 -0.07521984795 0.001)
(0.9684857296 -0.07955345964 0.001)
(0.9878124549 -0.08395691302 0.001)
(0.9675886048 -0.08982826231 0.001)
(0.947787509 -0.09073953228 0.001)
(0.927983649 -0.09158870608 0.001)
(0.9081773622 -0.09237927821 0.001)
(0.8883688949 -0.09311320049 0.001)
(0.8685584625 -0.09379202016 0.001)
(0.8487462582 -0.09441699976 0.001)
(0.8289324579 -0.0949891615 0.001)
(0.8091172229 -0.09550926939 0.001)
(0.7893007017 -0.09597782588 0.001)
(0.7694830337 -0.09639506628 0.001)
(0.749664351 -0.09676095273 0.001)
(0.7298447818 -0.09707516764 0.001)
(0.710024453 -0.09733710662 0.001)
(0.6902034931 -0.09754587102 0.001)
(0.6703820353 -0.09770026 0.001)
(0.6505602215 -0.09779876202 0.001)
(0.6307382053 -0.09783954216 0.001)
(0.6109161569 -0.09782042792 0.001)
(0.5910942677 -0.09773889899 0.001)
(0.5712727555 -0.09759207388 0.001)
(0.5514518707 -0.09737669243 0.001)
(0.5316319035 -0.09708908648 0.001)
(0.5118131921 -0.09672516142 0.001)
(0.4919961322 -0.09628037417 0.001)
(0.4721811881 -0.09574970193 0.001)
(0.4523689063 -0.09512759155 0.001)
(0.432559931 -0.09440791961 0.001)
(0.4127550232 -0.09358394748 0.001)
(0.3929550826 -0.09264825854 0.001)
(0.3731611767 -0.09159266628 0.001)
(0.3533745745 -0.09040811854 0.001)
(0.3335967888 -0.08908459015 0.001)
(0.3138296298 -0.08761093544 0.001)
(0.2940752735 -0.08597469694 0.001)
(0.2743363526 -0.08416184725 0.001)
(0.2546160745 -0.08215647815 0.001)
(0.2349183823 -0.07994037998 0.001)
(0.2152481774 -0.07749246193 0.001)
(0.1956116387 -0.07478794458 0.001)
(0.1760166921 -0.07179720588 0.001)
(0.1564737296 -0.0684840803 0.001)
(0.1369967584 -0.06480325719 0.001)
(0.1176053389 -0.06069611641 0.001)
(0.09832808019 -0.05608367974 0.001)
(0.07920948226 -0.05085386232 0.001)
(0.06032478744 -0.04483655854 0.001)
(0.04181813582 -0.03774697707 0.001)
(0.02402388602 -0.02903826109 0.001)
(0.008036737227 -0.01741283767 0.001)
(9.047850401 8.354394893 0)
(9.021243284 -8.368492303 0)
(18.40334544 1.061459846 0)
(-8.882486213 2.974930415 0)
(-8.225243751 -2.916102454 0)
(-3 8.267949192 0)
(-3.09232539 -8.358183211 0)
(2.998495543 8.33045152 0)
(0.7096075513 -0.009938574116 0)
(3.032084322 -8.542380643 0)
(0.6796224843 -0.1151495204 0)
(13.00765392 8.36034687 0)
(12.97466377 -8.116189671 0)
(18.13592064 -2.993205247 0)
(18.64326948 4.992274806 0)
(17.04264832 -8.291511908 0)
(-6.891594695 -8.102953122 0)
(-8.355462166 7.097626468 0)
(16.98730381 8.309348211 0)
(-4.938132987 -8.337846296 0)
(-4.01852238 -6.77563893 0)
(-2.374591115 -6.807973709 0)
(-3.132077901 -5.486014139 0)
(-1.794280253 -5.466357942 0)
(-2.435038641 -4.432335872 0)
(0.3990501416 -0.111243419 0)
(-1.320809397 -4.410074614 0)
(-1.859440469 -3.56120847 0)
(-0.9948757501 -3.527412086 0)
(-1.422273021 -2.739977833 0)
(0.2052710212 -0.09358653338 0)
(-0.6844422475 -2.796842511 0)
(-2.223542245 -2.811270102 0)
(-1.88925766 -2.192407707 0)
(-2.547971004 -2.156752656 0)
(-2.168308252 -1.555060127 0)
(-2.867830154 -1.542197613 0)
(-2.489335385 -0.9487318859 0)
(-0.2826852121 -3.334870084 0)
(-0.01031676796 -2.660413727 0)
(0.3724742677 -3.225086367 0)
(0.6350430242 -2.64682078 0)
(0.998846939 -3.132611946 0)
(1.204442328 -2.594043418 0)
(1.598171687 -3.042146805 0)
(1.821046018 -2.489928308 0)
(2.229930365 -2.979706261 0)
(2.539385137 -2.34630904 0)
(2.961525714 -2.9042807 0)
(3.242322804 -2.193716173 0)
(3.771321375 -2.826193442 0)
(4.089235349 -2.003372849 0)
(4.706437461 -2.731508972 0)
(5.046445853 -1.790477387 0)
(4.298025047 -1.031618359 0)
(5.402775686 -0.7881619028 0)
(6.176945387 -1.618312266 0)
(6.566150654 -0.4866949635 0)
(7.452785186 -1.432253942 0)
(7.862014347 -0.127498311 0)
(4.622493547 0.2168862178 0)
(-3.211105413 -0.9243534625 0)
(-2.686891226 -0.3016462553 0)
(-0.4610161714 -2.299278258 0)
(8.820824586 -1.186157951 0)
(0.8628718628 -2.181425742 0)
(0.8790427848 -0.1106315339 0)
(0.7797675327 -0.1133929018 0)
(9.266559898 0.2142353719 0)
(-1.936528437 -0.9958074965 0)
(2.843865571 -1.664832329 0)
(-3.578052923 -0.2605643761 0)
(-3.144045419 0.4120094099 0)
(-2.353932178 0.3968427984 0)
(-2.71057995 1.058212742 0)
(-2.011169465 1.026637264 0)
(0.3358931817 0.04790896845 0)
(-2.298841743 1.684017012 0)
(-1.567435191 1.56836488 0)
(-1.872305811 2.298569786 0)
(-1.061540778 2.154798693 0)
(-2.653354 2.37944963 0)
(-1.417550108 2.935392296 0)
(-0.6425078587 2.854406846 0)
(-0.293320773 2.195351996 0)
(0.1491940537 2.84616636 0)
(0.392142751 2.201500573 0)
(0.5333018576 0.02181992879 0)
(0.799133803 2.693576897 0)
(1.057916608 2.009328423 0)
(1.510317684 2.750556193 0)
(-0.141654434 3.591097852 0)
(-3.611143384 -4.183703619 0)
(10.26877854 -0.901556713 0)
(10.74908739 0.570439785 0)
(0.7940929922 -3.790949352 0)
(8.271885538 1.231739525 0)
(6.975621026 -2.648958614 0)
(-1.693235164 0.4488829784 0)
(-3.614148374 -1.669482652 0)
(0.05558047793 1.668959378 0)
(0.1973071005 0.05681899558 0)
(2.649254494 -3.592048572 0)
(-4.033171677 0.4935084376 0)
(11.8047918 -0.6072580658 0)
(12.30320521 0.9232299555 0)
(11.20098797 2.120162165 0)
(9.755884812 -2.383028184 0)
(4.315738266 -3.580535499 0)
(1.84085153 1.831950202 0)
(2.568205532 2.549641511 0)
(1.99107929 3.574001756 0)
(3.106966192 3.518044079 0)
(12.80901281 2.501235663 0)
(-4.50260954 -0.2914444718 0)
(1.272307619 1.297873469 0)
(0.8654741044 -0.0401732469 0)
(-5.022837538 0.5464067349 0)
(2.161748555 1.197357886 0)
(1.828522545 0.7908623723 0)
(1.135210381 0.9168669011 0)
(13.42042305 -0.295575252 0)
(12.87824948 -1.88274743 0)
(2.257098699 0.6377845395 0)
(2.04197605 0.1659122564 0)
(2.486100405 0.1739358692 0)
(2.810345884 1.136239649 0)
(-0.9740427583 -6.537710185 0)
(1.547408276 0.3383496428 0)
(11.64592513 3.722705246 0)
(13.25836616 4.073757873 0)
(-5.592982526 -0.3924221905 0)
(2.566318422 4.491952906 0)
(3.740942634 4.455430777 0)
(4.268715251 3.405730695 0)
(4.975502549 4.390812696 0)
(2.177915799 -0.2673108375 0)
(2.725749469 -0.3289447486 0)
(-4.417321832 1.401483008 0)
(5.509563895 3.220882108 0)
(6.307961907 4.293014906 0)
(5.704029516 5.550566174 0)
(-6.20057764 0.623652092 0)
(7.136509994 5.451872063 0)
(14.49522822 2.868575133 0)
(7.741408838 4.146247564 0)
(8.729324175 5.348825616 0)
(1.417094185 4.551188194 0)
(14.68027532 -1.613434654 0)
(14.12541717 -3.2807992 0)
(2.022285283 5.547607251 0)
(0.7791426109 5.561783693 0)
(-7.110391968 -0.5040239953 0)
(-5.932351933 -1.639612082 0)
(3.129546167 0.100985975 0)
(12.32494842 -3.494423506 0)
(-2.992847582 -2.727382679 0)
(15.10839857 0.06865433174 0)
(6.478999924 6.794996141 0)
(13.43275117 -4.917145717 0)
(11.52465359 -5.345765667 0)
(15.29023691 -4.715191574 0)
(14.85905274 4.8334706 0)
(4.807860598 2.323723908 0)
(-7.499655898 0.6831177704 0)
(6.097411432 2.0976517 0)
(11.97954499 5.207156922 0)
(1.419399079 6.635043161 0)
(0.08314798203 6.605462506 0)
(-0.5197488235 5.328495698 0)
(-1.966905629 -0.1127993902 0)
(-1.387619289 -0.04770916952 0)
(-1.187949333 0.2817798958 0)
(-1.002118451 -0.1668857236 0)
(-0.8563047545 0.2349116114 0)
(-1.211846354 -0.4386382579 0)
(-0.8827119237 -0.4501782936 0)
(0.08392598479 -0.07006955159 0)
(-1.032216524 -0.7195197342 0)
(-0.7102653965 -0.6995887622 0)
(-0.5969522793 -0.436305178 0)
(-0.4545594087 -0.6730398173 0)
(-0.3527225042 -0.4535418663 0)
(-0.2004592552 -0.6256922733 0)
(-0.4126823664 -0.2727382416 0)
(-0.2917906321 -0.8298215565 0)
(-0.06582687491 -0.8357251569 0)
(0.5432060884 -0.1132428521 0)
(0.4816341941 -0.1139414808 0)
(0.6027687587 -0.1127249089 0)
(0.003650189308 -0.6365864793 0)
(0.1679902981 -0.7688972988 0)
(0.300403532 -0.1014718053 0)
(0.2593617871 -0.1001668173 0)
(0.3442279793 -0.1067154653 0)
(0.07953129384 -1.023063945 0)
(0.3153228345 -0.96780138 0)
(0.3950312718 -0.7481204965 0)
(0.537595094 -0.917605799 0)
(0.6154474566 -0.6835638034 0)
(0.7481104906 -0.8508809562 0)
(0.7959087425 -0.6843831738 0)
(0.9581463347 -0.7837561718 0)
(0.4718640717 -0.5582622957 0)
(1.046120633 -0.6087498593 0)
(1.199758547 -0.7420965349 0)
(1.328678455 -0.5087781406 0)
(-0.2443182186 -0.3095032746 0)
(0.003952732803 -0.03737604864 0)
(-0.3212830717 -0.1307371264 0)
(0.2476618295 -1.230801532 0)
(-0.8652766381 -0.993122464 0)
(1.455137982 -0.7084909987 0)
(0.6990566731 -1.092177848 0)
(1.376651544 -1.021196648 0)
(-0.1970433184 -0.1534097659 0)
(1.134467174 -0.3735594203 0)
(-0.03619593445 -1.289531687 0)
(0.1959614616 -1.543722812 0)
(-0.4884228397 -0.1293480996 0)
(-0.3921893118 -0.01109121631 0)
(0.01302641658 0.03539390035 0)
(1.704207143 -0.9349611759 0)
(1.619574801 -1.322456342 0)
(0.8526092968 -0.4330414844 0)
(0.9608608747 -0.1080768885 0)
(1.539347092 -0.4663347716 0)
(0.3496818163 -2.240025193 0)
(5.368923013 -3.561336673 0)
(4.911186886 -4.594186204 0)
(6.17149128 -4.565980836 0)
(5.642168211 -5.779748238 0)
(7.076498797 -5.654854463 0)
(4.131694843 -5.682409252 0)
(5.021097562 -7.101947393 0)
(-0.1681250911 -0.4329046833 0)
(1.180135924 -1.368811173 0)
(1.477421631 -1.730914974 0)
(-0.5589728555 1.673734693 0)
(-0.2591090771 1.235267107 0)
(0.1484411286 1.128325261 0)
(-0.1277863459 0.8550712825 0)
(0.09472395266 0.0543932529 0)
(0.3592488141 0.8268459521 0)
(0.118847528 0.5602274189 0)
(-0.4528380929 0.8771729299 0)
(0.524306085 1.11066548 0)
(-0.2846937604 0.6283978127 0)
(-0.555399526 0.5627796278 0)
(-0.7676055944 0.8252087523 0)
(-1.342792521 0.6817733192 0)
(-0.1637754787 -1.587737154 0)
(-0.3721120691 -1.306871401 0)
(0.2978610521 -0.5907780479 0)
(0.3654873594 -0.4504595463 0)
(0.4724009284 -0.4059030626 0)
(0.3820201664 -0.3441116573 0)
(0.2957717444 -0.3566358102 0)
(0.512622737 -0.3135450429 0)
(0.4263110533 -0.2432021837 0)
(0.5713657444 -0.3803929411 0)
(0.5933348004 -0.2921924518 0)
(0.6575458897 -0.3539426728 0)
(0.6679854529 -0.2890364494 0)
(0.6090224936 -0.2094485931 0)
(0.7306275036 -0.3147327494 0)
(0.7501756796 -0.2567167226 0)
(0.7020287072 -0.1975676805 0)
(0.8011735084 -0.2847476831 0)
(0.8193478774 -0.2363813875 0)
(0.8651608459 -0.260699012 0)
(0.8827159732 -0.213719911 0)
(0.9207041955 -0.2380695865 0)
(0.9343094303 -0.2000930472 0)
(0.9686666466 -0.2188429841 0)
(0.9187389024 -0.1091824288 0)
(0.980504307 -0.1853788166 0)
(1.011573847 -0.2016269625 0)
(1.022255758 -0.1691971338 0)
(1.055599256 -0.1841782042 0)
(1.069106724 -0.1434291249 0)
(0.8391578759 -0.1752452186 0)
(0.8194715781 -0.1124376021 0)
(1.028669788 -0.1292090501 0)
(0.9735705847 -0.2860150524 0)
(0.7735869103 -0.1878531488 0)
(0.7400266845 -0.1140823105 0)
(0.8977864237 -0.1622816248 0)
(1.051687152 -0.236551227 0)
(1.106621136 -0.2141635692 0)
(0.9427240831 -0.1544809461 0)
(0.9918743905 -0.1432930642 0)
(0.730012242 -0.4142875556 0)
(-0.0958090658 -0.2937308251 0)
(-1.263505096 6.51817157 0)
(-1.855894298 5.397135069 0)
(16.28524446 3.210007143 0)
(-0.4380568871 0.3064122999 0)
(-0.1863903916 0.3312439288 0)
(0.3294707968 -0.2608579562 0)
(0.2437402387 -0.2698122606 0)
(0.2057580162 -0.3584800569 0)
(0.1641116545 -0.2715231318 0)
(0.1429305055 -0.08492762222 0)
(0.1211107053 -0.357868893 0)
(0.2041842081 -0.2244026621 0)
(0.1187838424 -0.2286940631 0)
(0.1607814201 -0.1624180931 0)
(-0.5488846858 0.01780485721 0)
(3.552798493 0.7146780624 0)
(-1.195620925 -1.025643473 0)
(-0.9508686354 -1.422619587 0)
(0.6306222165 0.7625886925 0)
(10.10536709 3.221200332 0)
(-0.5400812138 -1.562979781 0)
(3.313404654 1.751434184 0)
(-0.6293187967 -0.116168881 0)
(0.5636638483 -1.389088492 0)
(-1.412280518 -1.375619384 0)
(-1.182228617 -1.800641444 0)
(0.1585967374 -0.4379303396 0)
(5.151907509 6.949411986 0)
(0.4395547531 0.5479250534 0)
(0.4348320275 0.03618940417 0)
(0.750885638 0.5350062574 0)
(0.9808536525 -0.06568547804 0)
(0.57237418 0.3416013611 0)
(0.632384523 0.005772427319 0)
(0.5921653813 0.01224816137 0)
(0.5352363101 -0.253906019 0)
(2.411633278 -0.7623805255 0)
(7.530990369 -4.057123528 0)
(8.633659578 -5.430000843 0)
(16.55171653 -1.376296111 0)
(1.380663768 -0.323211085 0)
(1.575790403 -0.2384360523 0)
(1.45544729 -0.07568366098 0)
(1.248700471 -0.1492907264 0)
(14.38291692 -6.411663477 0)
(2.967959324 -0.9590076892 0)
(1.619779905 -0.0516620231 0)
(1.848382322 -1.647031044 0)
(-4.528142943 -5.422350772 0)
(-4.960045551 -4.104252994 0)
(-5.87321426 -5.208271647 0)
(-6.757346715 1.67913865 0)
(-0.03774390478 -0.3849520935 0)
(-6.712913951 -3.892832136 0)
(-7.349571617 -5.057894977 0)
(-1.326704651 4.431921365 0)
(-2.439706384 4.382666898 0)
(-3.142795128 5.344733439 0)
(-3.703763008 4.216555132 0)
(-4.474979604 5.26983488 0)
(-5.052162632 4.025050633 0)
(-5.895296758 5.177250941 0)
(-5.222678225 6.762744055 0)
(0.2784745305 -0.2171918351 0)
(0.3454340673 -0.2129182905 0)
(-4.234390595 3.052287706 0)
(0.4945198903 7.91805795 0)
(-0.2474087058 -0.01425231652 0)
(-0.3046988752 0.08452759917 0)
(-0.2067969661 0.06569766778 0)
(-0.1643267585 -0.0347253983 0)
(-0.2179231929 0.1513888542 0)
(-0.1338398629 0.1462998023 0)
(-0.1071521079 0.05929997162 0)
(16.42841325 -6.035709181 0)
(-1.629165335 -0.5587961446 0)
(0.6047562822 -0.5392625629 0)
(-0.3951937445 -5.25752844 0)
(0.3149554056 -6.361251051 0)
(0.895591339 -5.31072022 0)
(1.557573529 -6.234852463 0)
(2.017170895 -5.219493707 0)
(1.084868129 -7.421674603 0)
(-6.618038339 4.05270036 0)
(-7.373594013 5.086566827 0)
(-4.31537985 -3.170659095 0)
(-1.166219623 -8.363916137 0)
(9.164399433 -3.870278912 0)
(11.01549986 8.411347284 0)
(10.03304919 6.749190866 0)
(0.08616464749 -0.2788399384 0)
(0.06011354055 -0.2108128555 0)
(0.09389692381 -0.1589633923 0)
(0.007877111385 -0.2831082726 0)
(-0.06164945546 -0.1938339314 0)
(1.817099797 -0.4114290881 0)
(-0.9222003047 0.5198242858 0)
(-1.18630541 8.530993398 0)
(0.8703903876 1.056899631 0)
(0.7833409897 1.462053721 0)
(2.717568374 6.667661924 0)
(2.80925344 -6.052378032 0)
(10.90648829 -8.352386055 0)
(9.97770336 -6.675988905 0)
(-4.828727241 8.470579663 0)
(-8.551594986 -1.177564247 0)
(-0.357673296 -4.259751013 0)
(3.500735122 -1.458447082 0)
(-5.640313476 2.773028432 0)
(7.208190934 -8.404068189 0)
(0.06479384445 -0.06431272903 0)
(0.06947602056 -0.08373571705 0)
(0.04950040116 -0.07718943926 0)
(0.08864228734 -0.08956927103 0)
(0.05507781608 -0.09760792347 0)
(0.03341829181 -0.0907975916 0)
(0.04079090263 -0.1175491082 0)
(0.01662871864 -0.108349369 0)
(0.01098868196 -0.08312096554 0)
(-0.008061000966 -0.1005950658 0)
(-0.01223984422 -0.07574159996 0)
(-0.02962191082 -0.08903965063 0)
(-0.03711714187 -0.06469632372 0)
(-0.06092493033 -0.08299045583 0)
(-0.06313059801 -0.05295808441 0)
(-0.04596863912 -0.03656286691 0)
(-0.06496655721 -0.02482402021 0)
(-0.04903437522 -0.004883060477 0)
(-0.07182186187 0.0007733434495 0)
(-0.0533982005 0.01660636002 0)
(-0.005236983285 0.0267826328 0)
(-0.003172857079 0.04659245662 0)
(0.01489410328 0.05516572699 0)
(-0.002134183535 0.06660941702 0)
(0.01722221176 0.07565762537 0)
(-0.0008673019541 0.08448300772 0)
(0.01973576523 0.09831085008 0)
(-0.01997172853 0.05786342956 0)
(0.04053559 0.08106951702 0)
(0.04323509707 0.1087918727 0)
(0.01792841135 0.1259619403 0)
(0.06448731787 0.09215706137 0)
(0.01980198773 -0.1388785459 0)
(-0.01115255546 -0.01608975879 0)
(0.0549610812 0.04814533372 0)
(-0.09426551363 -0.07418102563 0)
(-0.01926688015 0.01013594815 0)
(0.06640489039 -0.1210692134 0)
(-0.0159325524 -0.03716813054 0)
(-0.08694413531 -0.1139680772 0)
(0.05314877508 -0.154785553 0)
(-0.09536926364 -0.01472596102 0)
(-0.03448965069 -0.1176795708 0)
(-0.08120118841 0.03094782792 0)
(-0.05461301268 0.04094005721 0)
(0.006583846098 -0.06114840964 0)
(0.02758819877 -0.06901635173 0)
(0.03409457288 0.0454723338 0)
(0.011283483 -0.1845124375 0)
(-0.03649561732 0.02702451588 0)
(0.07413712072 0.05212144295 0)
(0.08130824365 0.07134454266 0)
(0.1028836767 0.07286813473 0)
(0.1343582368 0.05627685412 0)
(0.09050169946 0.08936774502 0)
(0.1124229901 0.09174447507 0)
(0.09710749113 0.1087116454 0)
(0.1222541041 0.1132323194 0)
(0.1010991941 0.1352992543 0)
(0.1373837459 0.09050365167 0)
(0.1479890012 0.1153543079 0)
(0.1630316693 0.09420539604 0)
(0.1739563481 0.1174027172 0)
(0.2766521936 0.05145628384 0)
(0.2362008675 0.05557956353 0)
(0.1555512188 0.1446610516 0)
(0.1897329021 0.09278856754 0)
(0.2000451192 0.1183314035 0)
(0.2163563144 0.09712732906 0)
(0.2277453995 0.1215630738 0)
(0.211456506 0.1496400392 0)
(0.1814306608 0.1811459091 0)
(0.2435025118 0.09498990906 0)
(0.2557427944 0.1227144771 0)
(0.2748825853 0.09765846096 0)
(0.2873520157 0.1256288208 0)
(0.3026723864 0.1003822087 0)
(0.3168584168 0.1285435693 0)
(0.2595676058 0.07682023352 0)
(0.1751104704 0.0778424085 0)
(0.2776083057 0.07819887313 0)
(0.3076728763 0.07546617019 0)
(0.07102940317 0.1197518551 0)
(0.07462872892 0.1564517333 0)
(0.1229303645 0.1697005257 0)
(0.06882328373 0.2068785729 0)
(0.1386551499 0.2291637334 0)
(0.1984335621 0.2357550491 0)
(0.09192549117 0.2859230071 0)
(0.01248209643 0.2614962156 0)
(0.02975197235 0.3359148363 0)
(0.1312422546 0.3873637051 0)
(0.1568672986 0.07405937353 0)
(0.06040884123 0.06774452251 0)
(0.1233595801 0.07486242047 0)
(0.2297487812 0.07809796803 0)
(3.004057837 -4.957155376 0)
(0.103278414 -0.07565768117 0)
(0.1078384042 -0.09542535085 0)
(0.09205861585 -0.1091213458 0)
(0.1124867665 -0.1157120124 0)
(0.1279713697 -0.1007648829 0)
(0.1323720803 -0.1236318244 0)
(0.1484546401 -0.1067975484 0)
(0.1624749832 -0.08992367557 0)
(0.1696237849 -0.1108083063 0)
(0.1534305014 -0.1315659714 0)
(0.1799806519 -0.1337557027 0)
(0.1914114159 -0.1590485913 0)
(0.2057407304 -0.1302920968 0)
(0.2215610107 -0.1508717926 0)
(0.2311143896 -0.1272902551 0)
(0.2483677239 -0.1450433699 0)
(0.2411219397 -0.171463985 0)
(0.2681136634 -0.1627615312 0)
(0.2732059809 -0.1347426319 0)
(0.293315102 -0.1530775221 0)
(0.1340585268 -0.1537287272 0)
(0.2987134817 -0.1307326935 0)
(0.3161150287 -0.1448367068 0)
(0.3196883486 -0.1248988712 0)
(0.3366777044 -0.1378214952 0)
(0.3349446178 -0.1551188643 0)
(0.3556668359 -0.1499169094 0)
(0.355492323 -0.1263340614 0)
(0.3757751934 -0.1407662933 0)
(0.3751629586 -0.1599109165 0)
(0.3933303921 -0.1510290356 0)
(0.4418411645 -0.11192283 0)
(0.394286456 -0.1752110109 0)
(0.4231065071 -0.1734887455 0)
(0.4216518253 -0.140869733 0)
(0.4381176226 -0.1579708143 0)
(0.4452850614 -0.1840599622 0)
(0.4658548457 -0.1700291091 0)
(0.4728896865 -0.1988961935 0)
(0.4961775698 -0.1754378647 0)
(0.4988394991 -0.1470536816 0)
(0.5208417349 -0.1590865072 0)
(0.5186963846 -0.1363248518 0)
(0.5401443442 -0.145560965 0)
(0.5447359981 -0.167990974 0)
(0.5636738369 -0.1521905731 0)
(0.5686716884 -0.1775368309 0)
(0.5872373228 -0.1592780724 0)
(0.6390233484 -0.1151622601 0)
(0.4706919836 -0.1390950187 0)
(0.3781817313 -0.1203742851 0)
(0.5817778869 -0.1376871404 0)
(0.6032298702 -0.1432685124 0)
(0.610657001 -0.1643870432 0)
(0.6261756321 -0.1455297763 0)
(0.6340533218 -0.1673770089 0)
(0.6499573882 -0.1470993728 0)
(0.6577028079 -0.1723567222 0)
(0.6727966139 -0.1533388623 0)
(0.2864684327 -0.1159702327 0)
(0.5588769539 -0.1294792986 0)
(0.666961676 -0.1318852496 0)
(0.5941139267 -0.1841836569 0)
(0.5737565199 -0.204266628 0)
(0.394061953 -0.1314318829 0)
(0.2536079621 -0.1222953167 0)
(0.2383984769 -0.107214887 0)
(0.2165696212 -0.1103724728 0)
(0.4985094758 -0.1265790491 0)
(0.4488679118 -0.129342902 0)
(0.6866030477 -0.1352118326 0)
(0.6950402827 -0.1557650998 0)
(0.708026348 -0.137166293 0)
(0.7167135321 -0.157452789 0)
(0.7293830146 -0.1408795722 0)
(0.7385386499 -0.1599305599 0)
(0.7487830243 -0.1439177483 0)
(0.7219595975 -0.1193708502 0)
(0.6825612229 -0.176539765 0)
(0.6700463711 -0.201486234 0)
(0.207998464 0.07547726187 0)
(0.1228588724 -0.0803009304 0)
(18.18938799 3.129603291 0)
(0.184084374 -0.09206528171 0)
(0.04559631913 -0.05819891896 0)
(0.6180469834 -0.1268933624 0)
(14.98756626 8.308543874 0)
(14.03597136 6.752147321 0)
(15.96814608 6.696865486 0)
(18.30351888 -0.8198659635 0)
(-0.9642656569 -2.273393462 0)
(0.1147087731 0.05598493393 0)
(15.05725561 -8.211575979 0)
(0.6997464313 -0.1164515559 0)
(0.2163397012 0.05662639462 0)
(0.2567576437 0.05654319404 0)
(-0.4373117476 0.1295153719 0)
(-0.5993867709 0.1857192388 0)
(0.2960555046 0.05089029059 0)
(18.28370632 -5.082917122 0)
(-5.480246637 -2.923611081 0)
(0.3158967477 0.04852903267 0)
(0.3251934055 0.06586802136 0)
(0.3750813734 0.04355004651 0)
(0.3476076398 0.06404459842 0)
(0.3394607743 0.08230820348 0)
(0.3613663135 0.080518275 0)
(0.3538068602 0.09800774163 0)
(0.3761382601 0.09905618358 0)
(0.3568698602 0.1242270829 0)
(0.3391651023 0.1630866092 0)
(0.392045001 0.1564767366 0)
(0.363220663 0.2080138484 0)
(0.4243434084 0.2124403128 0)
(0.4413136163 0.1571604385 0)
(0.3768506643 0.2995633719 0)
(0.3852454353 0.07447351426 0)
(0.400760109 0.09475933802 0)
(0.4099581646 0.07188795863 0)
(0.4251934492 0.09091060681 0)
(0.4807466776 0.1891524975 0)
(0.5173496361 0.1553916451 0)
(0.547892624 0.1964995611 0)
(0.5855405294 0.1491061883 0)
(0.6235835412 0.1911144104 0)
(0.6554070002 0.143805068 0)
(0.786766446 -0.02749122376 0)
(0.7502861868 -0.01743640983 0)
(0.8244707 -0.03171591891 0)
(0.6890132388 0.1744101181 0)
(0.7279979117 0.1375412675 0)
(0.7589748666 0.1821363163 0)
(0.8025606719 0.1331481797 0)
(0.8411518177 0.1713832448 0)
(0.8992472553 0.1196268025 0)
(0.9237802217 -0.05181276858 0)
(0.9265502357 0.184733108 0)
(0.9725259134 0.1076103137 0)
(1.015250937 0.1805499418 0)
(1.052890494 0.1101739571 0)
(0.9632836159 0.2856963051 0)
(1.106502479 0.1773523815 0)
(1.133274457 0.09101071218 0)
(1.096317561 0.02259209438 0)
(1.001206345 -0.06951387578 0)
(0.9942402545 -0.05070437424 0)
(1.014737219 -0.05483954746 0)
(1.009453712 -0.03538400239 0)
(0.9871570886 -0.03106763106 0)
(1.020856062 -0.07386493596 0)
(1.034428523 -0.05922675206 0)
(1.040547501 -0.07858973355 0)
(1.055282968 -0.06217618255 0)
(1.062461014 -0.08542542074 0)
(1.077413511 -0.06995983968 0)
(1.0890872 -0.09383700903 0)
(1.108286171 -0.06196643939 0)
(1.00059583 -0.0168617747 0)
(1.026493344 -0.01985639203 0)
(0.9802571227 -0.008830991358 0)
(1.177409587 0.009480484039 0)
(0.6833920517 0.07862772016 0)
(0.6704738692 -0.001534156939 0)
(0.8392956536 0.06730347671 0)
(1.236758345 0.0815898859 0)
(0.9642526121 -0.0264759946 0)
(0.9566255323 -0.004233475764 0)
(1.073414134 -0.04349253768 0)
(0.6154666261 0.0854764106 0)
(0.5486313247 0.09495797142 0)
(1.128948745 -0.1160568325 0)
(0.9995304139 0.01105154539 0)
(1.02657622 -0.09293818397 0)
(0.8269169834 0.2644964943 0)
(0.7633279383 0.07005059569 0)
(1.158216022 -0.06441530803 0)
(0.9414551922 -0.02140066862 0)
(0.933058649 4.072805488e-05 0)
(0.9180721371 -0.01711063188 0)
(0.9095228565 0.003709077568 0)
(0.9316259592 0.02761171409 0)
(0.8946257712 -0.01378340625 0)
(0.886217547 0.007611413236 0)
(0.9473187323 -0.04342070402 0)
(0.9046686642 -0.03410553192 0)
(0.4750552734 0.101347808 0)
(0.4939986298 0.0278618592 0)
(1.258762064 -0.001020174013 0)
(1.354642711 0.05162650039 0)
(0.4336741019 0.06904917882 0)
(0.8712818954 -0.01071864306 0)
(0.8630612491 0.01127119807 0)
(0.8781901657 0.03007327939 0)
(0.8483557815 -0.006824134245 0)
(0.8399326996 0.01411726687 0)
(0.8256554035 -0.003065075895 0)
(0.8156533111 0.01556492884 0)
(1.294252608 0.2005132951 0)
(0.878106047 0.4033555729 0)
(1.043880063 0.4073209725 0)
(0.9469548395 0.548221179 0)
(1.042124459 0.01792639453 0)
(0.2976901134 0.1905629423 0)
(0.8030835161 0.001177472986 0)
(0.7955677914 0.02240746373 0)
(0.7807847173 0.004225414065 0)
(0.7725156748 0.02481540407 0)
(0.6759526395 0.2630978002 0)
(0.7585640388 0.007890125245 0)
(0.7502045351 0.02782239064 0)
(0.7364175865 0.0108779097 0)
(0.7281576127 0.03116754461 0)
(0.415539839 0.1210714235 0)
(0.420701921 0.05104435734 0)
(0.3993706394 0.05605765979 0)
(0.44887518 0.08539499189 0)
(0.4567333956 0.06471179128 0)
(0.270214525 0.1542555142 0)
(1.015928149 0.05749787022 0)
(0.9670992586 0.04478750274 0)
(0.7145259008 0.0141015105 0)
(0.7062326366 0.03428813562 0)
(0.7196768672 0.05177780595 0)
(0.6925885577 0.01632383076 0)
(0.6844081016 0.03685585179 0)
(0.7847665435 0.04808065075 0)
(1.068701215 -0.1112730038 0)
(0.9726339519 -0.04676762019 0)
(0.6714640984 0.01979629552 0)
(0.6630670255 0.0396192507 0)
(0.6495117247 0.02233409207 0)
(0.6399933518 0.04207101443 0)
(0.6565556972 0.06132942402 0)
(1.00718518 -0.08848914003 0)
(0.9941813191 -0.1036169333 0)
(1.012323286 -0.1069579019 0)
(0.9981744949 -0.1235377695 0)
(0.9798735303 -0.117559429 0)
(0.9716216543 -0.1389995187 0)
(0.4216936876 -0.1106031373 0)
(0.4541420136 0.0333623707 0)
(-0.003751935284 0.1953156723 0)
(-0.05161048679 0.2342792876 0)
(0.4744717802 0.03055984545 0)
(0.4868992315 0.04627316395 0)
(0.5065856608 0.0434487908 0)
(0.4992627044 0.0622391505 0)
(0.5192302294 0.05931397293 0)
(0.5121989797 0.07825017012 0)
(0.4782226942 0.06352021042 0)
(0.4599233313 -0.1122222505 0)
(-6.802945242 8.196006134 0)
(0.5198573329 -0.1155885264 0)
(0.5529465894 0.01871213155 0)
(0.5458328098 0.03719655737 0)
(0.5657061371 0.03420288745 0)
(0.5585093286 0.05272313655 0)
(0.5789094085 0.05002855414 0)
(0.5713810171 0.07023544679 0)
(0.355872871 0.04592416286 0)
(0.572568057 0.01552903276 0)
(0.5802885313 -0.1165970683 0)
(0.6119428546 0.00895828509 0)
(0.6049787158 0.02756664385 0)
(0.6260749867 0.02495094197 0)
(0.6184243292 0.04406787757 0)
(0.93901095 -0.1084840269 0)
(0.9293905935 -0.1253685759 0)
(0.9094366923 -0.1266489841 0)
(0.9201449056 -0.1458509535 0)
(0.9481332161 -0.1237768623 0)
(0.6509261526 0.002042281336 0)
(0.689854273 -0.00370955583 0)
(0.8591809892 -0.1113105706 0)
(0.8696657181 -0.1282382979 0)
(0.8497098472 -0.1288615605 0)
(0.8601703049 -0.1457004664 0)
(0.8407855942 -0.1472673977 0)
(0.8861636257 -0.0455149687 0)
(0.7302190256 -0.01429281711 0)
(0.8393127034 -0.111899104 0)
(0.8445797149 -0.03607477845 0)
(0.7708038173 -0.0220072487 0)
(0.7608937134 -0.1131764069 0)
(0.7716963053 -0.1298289855 0)
(0.7904102863 -0.1302848991 0)
(0.7805372601 -0.1479595629 0)
(0.8007385461 -0.1488175508 0)
(0.763721426 -0.1612968831 0)
(0.7996766147 -0.1129133095 0)
(0.8035523427 -0.02828232647 0)
(0.3017201294 4.521405094 0)
(0.513671693 0.02487216011 0)
(0.8988832407 -0.1099048913 0)
(10.47325103 4.96199445 0)
(-4.587727647 -1.988957424 0)
(0.5261601406 0.04039024665 0)
(0.585445528 0.03093927724 0)
(7.224968525 8.397834831 0)
(-0.03023990649 -0.007768368708 0)
(0.8299347001 -0.1294632644 0)
(0.7235426404 -0.1804602208 0)
(6.719306914 0.852526072 0)
(0.8895613846 -0.1274903904 0)
(0.8100946394 -0.1300588648 0)
(-0.1407926934 -0.0952317024 0)
(-0.123166138 -0.1581854624 0)
(0.6312048112 0.06347589831 0)
(15.93382127 -3.092261408 0)
(1.026638507 -0.04277290625 0)
(0.8813373089 -0.1453008259 0)
(0.870501444 -0.1751689986 0)
(0.03075403437 0.06379888811 0)
(8.063105852 -6.916294118 0)
(0.3644704851 -0.1066941462 0)
(-2.722751943 6.709625232 0)
(1.089538992 -0.2878059119 0)
(1.164852792 -0.270480825 0)
(1.030785485 -0.3439681776 0)
(1.167284011 -0.18014484 0)
(5.356835486 1.192695236 0)
(0.02292320521 -0.04846484052 0)
(0.07433192604 -0.1002206942 0)
(-5.487045834 -6.659147293 0)
(0.4203471963 -0.2020149148 0)
(0.899653343 -0.1415145557 0)
(9.699936516 1.682610347 0)
(8.41871442 2.778771884 0)
(0.1935450306 -0.1118133989 0)
(13.96771532 1.287603769 0)
(0.3689560196 0.06256641377 0)
(0.6598490561 -0.1139473165 0)
(0.9262698571 0.06640538288 0)
(6.895927108 3.088649433 0)
(0.8609835301 3.503998906 0)
(0.1098558021 -1.89373961 0)
(11.28339613 -2.147643268 0)
(18.33500347 -6.919212018 0)
(18.16916657 6.830156389 0)
(0.8221555879 -0.1505238007 0)
(0.8118656075 -0.1712517291 0)
(8.108450369 6.849519068 0)
(-8.430279615 -7.074662448 0)
(1.012249508 -0.1408970218 0)
(0.1755771321 0.05958408577 0)
(8.368923171 -2.512334664 0)
(10.68041623 -3.743913346 0)
(0.5748363158 -1.817854579 0)
(0.8575523532 -1.556077161 0)
(0.3849287401 -0.2162039777 0)
(0.5984303544 0.04637672787 0)
(-3.533551105 1.163235583 0)
(0.330720392 0.1027873406 0)
(4.419625299 5.687564665 0)
(2.06345102 -1.207607205 0)
(12.77491417 -6.539969839 0)
(-0.06413467709 0.1608598883 0)
(0.3220301969 -0.1069013746 0)
(0.538545274 0.0552620979 0)
(4.627832319 8.482820303 0)
(1.061754127 -0.01214423659 0)
(-2.948012755 3.401337651 0)
(1.030101057 -0.1118847257 0)
(6.461339158 -6.964360005 0)
(3.177866407 5.523443919 0)
(-0.7013102442 1.216081017 0)
(-1.122344813 1.084945124 0)
(0.2344092016 0.1903133932 0)
(1.046092482 -0.1004552076 0)
(0.3522654569 -0.1795800717 0)
(-5.489919517 1.528040616 0)
(-2.741553682 -3.537854216 0)
(1.237074356 -0.3705425354 0)
(-0.5052861961 -0.9722253123 0)
(0.1544080359 0.05617651004 0)
(0.6483906009 0.09224255943 0)
(3.62801735 -7.130218924 0)
(0.638666955 -0.1326707261 0)
(1.975038867 -3.59215565 0)
(15.64448706 1.646147817 0)
(1.414849859 -4.332603251 0)
(0.4663648887 0.04835870353 0)
(0.09284955524 -0.1306032027 0)
(1.105839655 -0.1614648904 0)
(0.5935959447 0.06752496772 0)
(0.5855408426 0.09655079023 0)
(-6.991211794 6.329684696 0)
(10.00560887 -5.072946965 0)
(1.046335267 -0.03994483453 0)
(0.9270589895 -0.03357006101 0)
(0.4113388747 -0.1254572889 0)
(0.7886211047 -0.1696725949 0)
(-0.03470190362 -7.481139204 0)
(-0.1770629512 -1.057476489 0)
(0.56101924 -0.1108575971 0)
(0.8802460578 -0.02715303175 0)
(0.9424022224 -0.06092995859 0)
(-0.01350849183 -0.05431681008 0)
(-2.141765202 -0.5835562345 0)
(0.532879408 0.0752160188 0)
(0.4303463099 -0.1266140632 0)
(3.737354395 -0.2145145189 0)
(0.96013958 -0.0619295114 0)
(-3.856043042 6.361993981 0)
(0.1896557526 -3.823333213 0)
(16.82105856 0.4154292704 0)
(0.3130728337 -0.1676919899 0)
(-2.130914372 2.945333794 0)
(1.131135253 -0.01941696092 0)
(-4.9042359 -1.044415365 0)
(0.7265066114 0.3778063693 0)
(-2.940293481 1.743863229 0)
(5.780266171 -2.644574407 0)
(12.00444562 7.004151078 0)
(-0.6467249505 -1.251563709 0)
(2.314486151 -7.305208655 0)
(0.8574902322 -0.02238027053 0)
(-1.763349188 3.711919608 0)
(1.304267199 -2.1321141 0)
(4.510075816 -8.550807052 0)
(0.8644104458 -0.3419792126 0)
(0.4429986488 0.05193497327 0)
(-0.2141709096 -0.0856712619 0)
(3.405881837 -3.541192219 0)
(-0.016797988 0.07654202388 0)
(-0.04052427017 0.06990169697 0)
(-0.01858492377 0.1029094204 0)
(-0.04963861064 0.1064874625 0)
(-0.01537988939 0.1441270054 0)
(2.312263597 -4.32826745 0)
(-0.06250583737 0.3237533946 0)
(-0.02109349873 0.4432337908 0)
(0.2677282543 0.4846399336 0)
(0.2660617567 0.359013316 0)
(0.3638151525 0.4116020381 0)
(-0.1365125005 0.2278066954 0)
(16.8208556 5.01094815 0)
(0.1131327705 -0.1365278318 0)
(-0.1650957318 -0.2177596418 0)
(0.5265069001 -0.1864778143 0)
(-0.0800903786 -0.5247206037 0)
(2.552235965 1.715689314 0)
(0.6770672267 0.05413812806 0)
(0.9251308788 -0.1717201264 0)
(0.2256506291 -0.09348929917 0)
(1.094826593 -0.1249616692 0)
(0.7237872568 0.08392107676 0)
(-6.649324297 -2.641348717 0)
(-0.02019353848 0.0361420673 0)
(0.90321428 -0.05214498411 0)
(0.9703532974 0.01211699456 0)
(-0.03435963344 0.04637435339 0)
(-0.07033228192 0.06698302732 0)
(-0.1199234418 0.0163156533 0)
(-0.9531758025 3.628726345 0)
(0.2732921595 0.2659340096 0)
(0.5016002581 -0.1100651916 0)
(0.5137757857 0.1070029732 0)
(1.356200069 -3.578093401 0)
(0.4551382086 -4.469751119 0)
(-1.343472281 -0.7295341364 0)
(5.733512457 0.1974501318 0)
(0.4061083486 0.03951216145 0)
(0.4851765123 0.268905985 0)
(0.2802657918 -0.1004407854 0)
(0.3022560346 0.1524154912 0)
(-3.206543911 -2.105581301 0)
(-0.02900139238 -0.02759577907 0)
(-1.035362998 1.584389948 0)
(-0.03768699594 0.008223078974 0)
(0.9431516836 -0.3636732161 0)
(1.005545595 -0.4548875214 0)
(-0.06299953599 0.6156493629 0)
(-0.3406539545 0.1937194528 0)
(1.746603013 -2.018230349 0)
(-8.614020863 1.599413717 0)
(-4.066313299 -1.029869625 0)
(0.2879550028 -0.1820169366 0)
(7.300502154 1.995328438 0)
(0.53540988 -0.1283404968 0)
(1.048167887 -0.1226201776 0)
(-3.606884037 2.265548488 0)
(0.3935985513 -0.275540204 0)
(0.4907814323 0.0818738137 0)
(0.8349664428 -0.01738291141 0)
(1.182959943 -0.1188518679 0)
(1.222590241 -0.0683791101 0)
(0.05647162888 -0.4595517733 0)
(-0.5916314054 -0.2554883549 0)
(0.6990940234 0.05660145306 0)
(0.5669293286 -8.721144042 0)
(-0.05528782909 -2.200245727 0)
(0.3146271461 -0.1996686144 0)
(0.7415360028 0.05165549051 0)
(0.7999846026 0.0815081635 0)
(0.7624701389 0.04448490633 0)
(0.8185359825 0.04023853881 0)
(1.094181449 -0.02288561604 0)
(0.2438993047 0.06996890274 0)
(0.4483517234 0.1158660464 0)
(0.4726064944 -1.129399456 0)
(3.671419345 2.563527409 0)
(0.7039772771 -0.173557111 0)
(0.6202986905 -0.1100881003 0)
(1.318356499 -0.0725498335 0)
(-1.640036603 -1.742778226 0)
(0.3211439669 0.08536238885 0)
(-0.03139262604 -0.04508674522 0)
(-0.7634284503 0.01583510981 0)
(-0.7157900904 0.3766993257 0)
(0.6178986294 -0.1827788362 0)
(0.1899805654 0.07256620085 0)
(0.6114244131 0.06138437641 0)
(1.49968363 0.03956155939 0)
(1.336306217 0.3986020164 0)
(1.191448391 0.3149419723 0)
(1.688680988 0.130917791 0)
(1.815804054 0.4365125438 0)
(0.3823851255 -0.1047402804 0)
(1.453495738 0.1932618009 0)
(9.093613109 4.091407969 0)
(0.8541871335 0.03943872048 0)
(0.9133995511 -0.2980872159 0)
(0.422540668 1.435533974 0)
(0.9696796603 -0.1581073511 0)
(0.6431892596 -0.4498392215 0)
(1.068107024 0.05984020568 0)
(0.7957665993 -0.357757737 0)
(0.9051913909 -0.1935088824 0)
(-8.619655892 -4.390826127 0)
(-0.1218029491 -0.04495446516 0)
(0.2463127851 -0.4636302118 0)
(0.1549341682 -0.5675438189 0)
(0.7394078875 -0.2089008137 0)
(0.209457389 -0.1852123357 0)
(-1.400317741 -2.145943278 0)
(1.523513915 0.5641155067 0)
(-7.298901804 -1.713051621 0)
(0.4827693975 -0.1290704673 0)
(1.205621412 0.1753119445 0)
(-0.09548486116 0.1055516345 0)
(1.173247009 0.5937597419 0)
(1.997575585 -0.6926260942 0)
(1.820207157 -0.1120013256 0)
(0.9778350746 -0.1018757678 0)
(0.8772710947 0.06459987869 0)
(0.4699335951 0.07936972306 0)
(0.9663104607 -0.1265628687 0)
(0.8125417557 -0.01282647401 0)
(-0.02152216069 -0.1511658734 0)
(0.1389468687 0.07230037688 0)
(0.9015162467 0.03333512431 0)
(1.009822761 -0.2475691547 0)
(17.13311181 1.976276197 0)
(-8.523466679 -8.543075833 0)
(-8.535898385 8.535898385 0)
(0.7474218322 -0.1793847502 0)
(1.094365193 -1.838594623 0)
(1.078790672 0.282874857 0)
(-8.558492522 4.365807645 0)
(-0.7716554786 -0.2449920831 0)
(0.9507530023 0.01656346389 0)
(0.1622829959 0.3006626154 0)
(0.3908421439 0.03980499989 0)
(0.3356634965 -0.1210067206 0)
(3.814121089 7.124212683 0)
(0.1299647765 0.1356494918 0)
(18.53589838 8.535898385 0)
(0.03143832519 0.1605121366 0)
(18.53589838 -8.535898385 0)
(1.09522362 -1.063694824 0)
(0.8933999575 -1.266848882 0)
(-0.1764181511 0.01736846837 0)
(0.5499892705 0.06967893429 0)
(16.81683996 -4.4773025 0)
(0.5082891526 -0.2126364434 0)
(0.4765775973 -0.2434299158 0)
(-0.7681358902 -1.896302231 0)
(4.221198844 1.493894649 0)
(11.49589053 -6.956114343 0)
(5.912787324 8.024314465 0)
(0.7415119634 -0.1294741287 0)
(0.5981372889 0.4886327082 0)
(0.04492645696 -0.3430593077 0)
(6.407224289 -3.51685253 0)
(1.705098179 -0.6482065867 0)
(0.2399136853 0.1476972995 0)
(-0.289352824 -1.907232024 0)
(1.014894162 -0.1231198254 0)
(0.9155593353 0.7558661403 0)
(0.5848513939 0.2554731552 0)
(0.7901536404 -0.008676808995 0)
(0.7373493968 -0.5375126886 0)
(-0.08790697631 -0.04232871129 0)
(0.2695441 -0.1147734871 0)
(0.271292759 0.06586439716 0)
(0.8060713252 -0.1969348115 0)
(0.7020151663 0.004474969494 0)
(-0.3130993903 0.4123436878 0)
(-0.005528421195 -0.123333685 0)
(0.5489238475 0.1320535796 0)
(0.9392607638 -0.1380096851 0)
(0.1844879706 0.1422362241 0)
(0.2434980957 -0.09232905992 0)
(1.445146148 0.8779459333 0)
(1.723605962 1.152667182 0)
(-8.446532644 0.1052183466 0)
(0.2592601255 0.6350512099 0)
(0.1158352857 0.7701950812 0)
(-0.1485909076 0.09432399824 0)
(3.224722399 -0.4599232146 0)
(0.9518082288 -0.176495034 0)
(0.5961464367 -0.1281296746 0)
(0.8471592236 -0.2096915565 0)
(2.524874874 -1.299640525 0)
(5.840140694 -8.204236528 0)
(0.9980229118 -0.166416725 0)
(0.6407737786 -0.2380337075 0)
(0.3882706139 0.1191181529 0)
(1.866856167 7.662681454 0)
(-1.978277471 7.522253827 0)
(3.797948087 -4.427010937 0)
(0.4391749177 -0.1402987606 0)
(1.261428602 -0.2477036403 0)
(0.7680115574 -0.004864248365 0)
(1.799673586 -8.398081589 0)
(-7.087609099 -6.299508704 0)
(0.8990878641 -0.5715726737 0)
(0.638249567 -0.1952468503 0)
(0.581879203 -0.2396508115 0)
(0.406691713 -0.1404167957 0)
(0.412864086 -0.1564976892 0)
(0.1666626088 -0.2026051817 0)
(0.7238459205 0.001662988924 0)
(0.3837729649 0.05837358582 0)
(0.7458250166 -0.001473760257 0)
(-0.4786274225 4.274512537 0)
(0.04765199314 0.1342939076 0)
(3.550685938 -0.8456830066 0)
(0.2902933709 0.06693989694 0)
(0.7029333562 -0.2409048999 0)
(0.07524358348 -0.1419340245 0)
(0.2395175078 -0.2099655343 0)
(0.2611871593 -0.1906058404 0)
(1.035056737 -0.282941035 0)
(0.04497164394 0.06135558141 0)
(-0.06161526842 -0.1470055501 0)
(0.9546758803 -0.1390569779 0)
(0.4187877125 0.03451347719 0)
(2.84717793 0.552724819 0)
(-0.09304241201 0.008891726581 0)
(-1.78926895 -1.376054301 0)
(0.5527152573 -0.4667320168 0)
(0.1223828104 -0.1862037188 0)
(-1.547395431 0.9621207131 0)
(0.4637268154 -0.1275472418 0)
(0.7655020337 -0.143297281 0)
(2.301221041 -1.879941405 0)
(1.5383525 8.776510908 0)
(-8.255752099 5.775937127 0)
(-3.459831636 -3.263654195 0)
(0.8506734623 -0.1612572456 0)
(-0.1551304024 0.4591036629 0)
(0.4568909187 -0.1466962905 0)
(0.5427451827 -0.2140240081 0)
(0.4482249309 -0.2170649483 0)
(-4.806146088 2.244395076 0)
(0.5504085025 -0.1901346038 0)
(-1.533936944 -1.00237193 0)
(-3.754177186 -2.469658152 0)
(0.4726514252 0.3930384196 0)
(1.373397839 -0.1844791664 0)
(-0.04594368755 -0.05005134964 0)
(0.4794795533 -0.1522755882 0)
(0.07949857715 0.1034822157 0)
(1.15860746 -0.509769002 0)
(0.61898819 0.1263825711 0)
(-0.1517763149 0.05060115186 0)
(-7.511783021 2.907503203 0)
(13.28524918 5.53141962 0)
(1.039341487 -0.1482551187 0)
(11.10629487 6.002075553 0)
(-0.01702812753 -0.2314714368 0)
(0.6010346588 1.80766603 0)
(-0.2721060528 0.2704858198 0)
(-8.297423245 -5.764578451 0)
(0.6888750279 0.1185919978 0)
(0.680639922 0.008436935279 0)
(0.762772208 0.1147175999 0)
(0.4794321187 0.1376535681 0)
(0.3069014904 0.06087015918 0)
(0.7558607112 -0.1279287215 0)
(0.842978564 0.1052440553 0)
(-1.056293352 0.7814282049 0)
(-3.944019753 7.432404279 0)
(0.3061175193 -0.116742541 0)
(0.6517012618 -0.1270925091 0)
(0.8787874151 -1.011471736 0)
(3.024505062 -4.192938323 0)
(0.2921243512 0.08433025983 0)
(-0.2682284423 -0.2114196046 0)
(0.9818928211 -0.1305382459 0)
(0.7797869562 -0.2262581487 0)
(-0.005556958782 0.01281673871 0)
(-0.04085948284 -0.020468773 0)
(-0.7700840209 7.41898785 0)
(0.444773603 -0.3100320354 0)
(-1.039081807 0.08386708865 0)
(9.047850401 8.354394893 0.001)
(9.021243284 -8.368492303 0.001)
(18.40334544 1.061459846 0.001)
(-8.882486213 2.974930415 0.001)
(-8.225243751 -2.916102454 0.001)
(-3 8.267949192 0.001)
(-3.09232539 -8.358183211 0.001)
(2.998495543 8.33045152 0.001)
(0.7096075513 -0.009938574116 0.001)
(3.032084322 -8.542380643 0.001)
(0.6796224843 -0.1151495204 0.001)
(13.00765392 8.36034687 0.001)
(12.97466377 -8.116189671 0.001)
(18.13592064 -2.993205247 0.001)
(18.64326948 4.992274806 0.001)
(17.04264832 -8.291511908 0.001)
(-6.891594695 -8.102953122 0.001)
(-8.355462166 7.097626468 0.001)
(16.98730381 8.309348211 0.001)
(-4.938132987 -8.337846296 0.001)
(-4.01852238 -6.77563893 0.001)
(-2.374591115 -6.807973709 0.001)
(-3.132077901 -5.486014139 0.001)
(-1.794280253 -5.466357942 0.001)
(-2.435038641 -4.432335872 0.001)
(0.3990501416 -0.111243419 0.001)
(-1.320809397 -4.410074614 0.001)
(-1.859440469 -3.56120847 0.001)
(-0.9948757501 -3.527412086 0.001)
(-1.422273021 -2.739977833 0.001)
(0.2052710212 -0.09358653338 0.001)
(-0.6844422475 -2.796842511 0.001)
(-2.223542245 -2.811270102 0.001)
(-1.88925766 -2.192407707 0.001)
(-2.547971004 -2.156752656 0.001)
(-2.168308252 -1.555060127 0.001)
(-2.867830154 -1.542197613 0.001)
(-2.489335385 -0.9487318859 0.001)
(-0.2826852121 -3.334870084 0.001)
(-0.01031676796 -2.660413727 0.001)
(0.3724742677 -3.225086367 0.001)
(0.6350430242 -2.64682078 0.001)
(0.998846939 -3.132611946 0.001)
(1.204442328 -2.594043418 0.001)
(1.598171687 -3.042146805 0.001)
(1.821046018 -2.489928308 0.001)
(2.229930365 -2.979706261 0.001)
(2.539385137 -2.34630904 0.001)
(2.961525714 -2.9042807 0.001)
(3.242322804 -2.193716173 0.001)
(3.771321375 -2.826193442 0.001)
(4.089235349 -2.003372849 0.001)
(4.706437461 -2.731508972 0.001)
(5.046445853 -1.790477387 0.001)
(4.298025047 -1.031618359 0.001)
(5.402775686 -0.7881619028 0.001)
(6.176945387 -1.618312266 0.001)
(6.566150654 -0.4866949635 0.001)
(7.452785186 -1.432253942 0.001)
(7.862014347 -0.127498311 0.001)
(4.622493547 0.2168862178 0.001)
(-3.211105413 -0.9243534625 0.001)
(-2.686891226 -0.3016462553 0.001)
(-0.4610161714 -2.299278258 0.001)
(8.820824586 -1.186157951 0.001)
(0.8628718628 -2.181425742 0.001)
(0.8790427848 -0.1106315339 0.001)
(0.7797675327 -0.1133929018 0.001)
(9.266559898 0.2142353719 0.001)
(-1.936528437 -0.9958074965 0.001)
(2.843865571 -1.664832329 0.001)
(-3.578052923 -0.2605643761 0.001)
(-3.144045419 0.4120094099 0.001)
(-2.353932178 0.3968427984 0.001)
(-2.71057995 1.058212742 0.001)
(-2.011169465 1.026637264 0.001)
(0.3358931817 0.04790896845 0.001)
(-2.298841743 1.684017012 0.001)
(-1.567435191 1.56836488 0.001)
(-1.872305811 2.298569786 0.001)
(-1.061540778 2.154798693 0.001)
(-2.653354 2.37944963 0.001)
(-1.417550108 2.935392296 0.001)
(-0.6425078587 2.854406846 0.001)
(-0.293320773 2.195351996 0.001)
(0.1491940537 2.84616636 0.001)
(0.392142751 2.201500573 0.001)
(0.5333018576 0.02181992879 0.001)
(0.799133803 2.693576897 0.001)
(1.057916608 2.009328423 0.001)
(1.510317684 2.750556193 0.001)
(-0.141654434 3.591097852 0.001)
(-3.611143384 -4.183703619 0.001)
(10.26877854 -0.901556713 0.001)
(10.74908739 0.570439785 0.001)
(0.7940929922 -3.790949352 0.001)
(8.271885538 1.231739525 0.001)
(6.975621026 -2.648958614 0.001)
(-1.693235164 0.4488829784 0.001)
(-3.614148374 -1.669482652 0.001)
(0.05558047793 1.668959378 0.001)
(0.1973071005 0.05681899558 0.001)
(2.649254494 -3.592048572 0.001)
(-4.033171677 0.4935084376 0.001)
(11.8047918 -0.6072580658 0.001)
(12.30320521 0.9232299555 0.001)
(11.20098797 2.120162165 0.001)
(9.755884812 -2.383028184 0.001)
(4.315738266 -3.580535499 0.001)
(1.84085153 1.831950202 0.001)
(2.568205532 2.549641511 0.001)
(1.99107929 3.574001756 0.001)
(3.106966192 3.518044079 0.001)
(12.80901281 2.501235663 0.001)
(-4.50260954 -0.2914444718 0.001)
(1.272307619 1.297873469 0.001)
(0.8654741044 -0.0401732469 0.001)
(-5.022837538 0.5464067349 0.001)
(2.161748555 1.197357886 0.001)
(1.828522545 0.7908623723 0.001)
(1.135210381 0.9168669011 0.001)
(13.42042305 -0.295575252 0.001)
(12.87824948 -1.88274743 0.001)
(2.257098699 0.6377845395 0.001)
(2.04197605 0.1659122564 0.001)
(2.486100405 0.1739358692 0.001)
(2.810345884 1.136239649 0.001)
(-0.9740427583 -6.537710185 0.001)
(1.547408276 0.3383496428 0.001)
(11.64592513 3.722705246 0.001)
(13.25836616 4.073757873 0.001)
(-5.592982526 -0.3924221905 0.001)
(2.566318422 4.491952906 0.001)
(3.740942634 4.455430777 0.001)
(4.268715251 3.405730695 0.001)
(4.975502549 4.390812696 0.001)
(2.177915799 -0.2673108375 0.001)
(2.725749469 -0.3289447486 0.001)
(-4.417321832 1.401483008 0.001)
(5.509563895 3.220882108 0.001)
(6.307961907 4.293014906 0.001)
(5.704029516 5.550566174 0.001)
(-6.20057764 0.623652092 0.001)
(7.136509994 5.451872063 0.001)
(14.49522822 2.868575133 0.001)
(7.741408838 4.146247564 0.001)
(8.729324175 5.348825616 0.001)
(1.417094185 4.551188194 0.001)
(14.68027532 -1.613434654 0.001)
(14.12541717 -3.2807992 0.001)
(2.022285283 5.547607251 0.001)
(0.7791426109 5.561783693 0.001)
(-7.110391968 -0.5040239953 0.001)
(-5.932351933 -1.639612082 0.001)
(3.129546167 0.100985975 0.001)
(12.32494842 -3.494423506 0.001)
(-2.992847582 -2.727382679 0.001)
(15.10839857 0.06865433174 0.001)
(6.478999924 6.794996141 0.001)
(13.43275117 -4.917145717 0.001)
(11.52465359 -5.345765667 0.001)
(15.29023691 -4.715191574 0.001)
(14.85905274 4.8334706 0.001)
(4.807860598 2.323723908 0.001)
(-7.499655898 0.6831177704 0.001)
(6.097411432 2.0976517 0.001)
(11.97954499 5.207156922 0.001)
(1.419399079 6.635043161 0.001)
(0.08314798203 6.605462506 0.001)
(-0.5197488235 5.328495698 0.001)
(-1.966905629 -0.1127993902 0.001)
(-1.387619289 -0.04770916952 0.001)
(-1.187949333 0.2817798958 0.001)
(-1.002118451 -0.1668857236 0.001)
(-0.8563047545 0.2349116114 0.001)
(-1.211846354 -0.4386382579 0.001)
(-0.8827119237 -0.4501782936 0.001)
(0.08392598479 -0.07006955159 0.001)
(-1.032216524 -0.7195197342 0.001)
(-0.7102653965 -0.6995887622 0.001)
(-0.5969522793 -0.436305178 0.001)
(-0.4545594087 -0.6730398173 0.001)
(-0.3527225042 -0.4535418663 0.001)
(-0.2004592552 -0.6256922733 0.001)
(-0.4126823664 -0.2727382416 0.001)
(-0.2917906321 -0.8298215565 0.001)
(-0.06582687491 -0.8357251569 0.001)
(0.5432060884 -0.1132428521 0.001)
(0.4816341941 -0.1139414808 0.001)
(0.6027687587 -0.1127249089 0.001)
(0.003650189308 -0.6365864793 0.001)
(0.1679902981 -0.7688972988 0.001)
(0.300403532 -0.1014718053 0.001)
(0.2593617871 -0.1001668173 0.001)
(0.3442279793 -0.1067154653 0.001)
(0.07953129384 -1.023063945 0.001)
(0.3153228345 -0.96780138 0.001)
(0.3950312718 -0.7481204965 0.001)
(0.537595094 -0.917605799 0.001)
(0.6154474566 -0.6835638034 0.001)
(0.7481104906 -0.8508809562 0.001)
(0.7959087425 -0.6843831738 0.001)
(0.9581463347 -0.7837561718 0.001)
(0.4718640717 -0.5582622957 0.001)
(1.046120633 -0.6087498593 0.001)
(1.199758547 -0.7420965349 0.001)
(1.328678455 -0.5087781406 0.001)
(-0.2443182186 -0.3095032746 0.001)
(0.003952732803 -0.03737604864 0.001)
(-0.3212830717 -0.1307371264 0.001)
(0.2476618295 -1.230801532 0.001)
(-0.8652766381 -0.993122464 0.001)
(1.455137982 -0.7084909987 0.001)
(0.6990566731 -1.092177848 0.001)
(1.376651544 -1.021196648 0.001)
(-0.1970433184 -0.1534097659 0.001)
(1.134467174 -0.3735594203 0.001)
(-0.03619593445 -1.289531687 0.001)
(0.1959614616 -1.543722812 0.001)
(-0.4884228397 -0.1293480996 0.001)
(-0.3921893118 -0.01109121631 0.001)
(0.01302641658 0.03539390035 0.001)
(1.704207143 -0.9349611759 0.001)
(1.619574801 -1.322456342 0.001)
(0.8526092968 -0.4330414844 0.001)
(0.9608608747 -0.1080768885 0.001)
(1.539347092 -0.4663347716 0.001)
(0.3496818163 -2.240025193 0.001)
(5.368923013 -3.561336673 0.001)
(4.911186886 -4.594186204 0.001)
(6.17149128 -4.565980836 0.001)
(5.642168211 -5.779748238 0.001)
(7.076498797 -5.654854463 0.001)
(4.131694843 -5.682409252 0.001)
(5.021097562 -7.101947393 0.001)
(-0.1681250911 -0.4329046833 0.001)
(1.180135924 -1.368811173 0.001)
(1.477421631 -1.730914974 0.001)
(-0.5589728555 1.673734693 0.001)
(-0.2591090771 1.235267107 0.001)
(0.1484411286 1.128325261 0.001)
(-0.1277863459 0.8550712825 0.001)
(0.09472395266 0.0543932529 0.001)
(0.3592488141 0.8268459521 0.001)
(0.118847528 0.5602274189 0.001)
(-0.4528380929 0.8771729299 0.001)
(0.524306085 1.11066548 0.001)
(-0.2846937604 0.6283978127 0.001)
(-0.555399526 0.5627796278 0.001)
(-0.7676055944 0.8252087523 0.001)
(-1.342792521 0.6817733192 0.001)
(-0.1637754787 -1.587737154 0.001)
(-0.3721120691 -1.306871401 0.001)
(0.2978610521 -0.5907780479 0.001)
(0.3654873594 -0.4504595463 0.001)
(0.4724009284 -0.4059030626 0.001)
(0.3820201664 -0.3441116573 0.001)
(0.2957717444 -0.3566358102 0.001)
(0.512622737 -0.3135450429 0.001)
(0.4263110533 -0.2432021837 0.001)
(0.5713657444 -0.3803929411 0.001)
(0.5933348004 -0.2921924518 0.001)
(0.6575458897 -0.3539426728 0.001)
(0.6679854529 -0.2890364494 0.001)
(0.6090224936 -0.2094485931 0.001)
(0.7306275036 -0.3147327494 0.001)
(0.7501756796 -0.2567167226 0.001)
(0.7020287072 -0.1975676805 0.001)
(0.8011735084 -0.2847476831 0.001)
(0.8193478774 -0.2363813875 0.001)
(0.8651608459 -0.260699012 0.001)
(0.8827159732 -0.213719911 0.001)
(0.9207041955 -0.2380695865 0.001)
(0.9343094303 -0.2000930472 0.001)
(0.9686666466 -0.2188429841 0.001)
(0.9187389024 -0.1091824288 0.001)
(0.980504307 -0.1853788166 0.001)
(1.011573847 -0.2016269625 0.001)
(1.022255758 -0.1691971338 0.001)
(1.055599256 -0.1841782042 0.001)
(1.069106724 -0.1434291249 0.001)
(0.8391578759 -0.1752452186 0.001)
(0.8194715781 -0.1124376021 0.001)
(1.028669788 -0.1292090501 0.001)
(0.9735705847 -0.2860150524 0.001)
(0.7735869103 -0.1878531488 0.001)
(0.7400266845 -0.1140823105 0.001)
(0.8977864237 -0.1622816248 0.001)
(1.051687152 -0.236551227 0.001)
(1.106621136 -0.2141635692 0.001)
(0.9427240831 -0.1544809461 0.001)
(0.9918743905 -0.1432930642 0.001)
(0.730012242 -0.4142875556 0.001)
(-0.0958090658 -0.2937308251 0.001)
(-1.263505096 6.51817157 0.001)
(-1.855894298 5.397135069 0.001)
(16.28524446 3.210007143 0.001)
(-0.4380568871 0.3064122999 0.001)
(-0.1863903916 0.3312439288 0.001)
(0.3294707968 -0.2608579562 0.001)
(0.2437402387 -0.2698122606 0.001)
(0.2057580162 -0.3584800569 0.001)
(0.1641116545 -0.2715231318 0.001)
(0.1429305055 -0.08492762222 0.001)
(0.1211107053 -0.357868893 0.001)
(0.2041842081 -0.2244026621 0.001)
(0.1187838424 -0.2286940631 0.001)
(0.1607814201 -0.1624180931 0.001)
(-0.5488846858 0.01780485721 0.001)
(3.552798493 0.7146780624 0.001)
(-1.195620925 -1.025643473 0.001)
(-0.9508686354 -1.422619587 0.001)
(0.6306222165 0.7625886925 0.001)
(10.10536709 3.221200332 0.001)
(-0.5400812138 -1.562979781 0.001)
(3.313404654 1.751434184 0.001)
(-0.6293187967 -0.116168881 0.001)
(0.5636638483 -1.389088492 0.001)
(-1.412280518 -1.375619384 0.001)
(-1.182228617 -1.800641444 0.001)
(0.1585967374 -0.4379303396 0.001)
(5.151907509 6.949411986 0.001)
(0.4395547531 0.5479250534 0.001)
(0.4348320275 0.03618940417 0.001)
(0.750885638 0.5350062574 0.001)
(0.9808536525 -0.06568547804 0.001)
(0.57237418 0.3416013611 0.001)
(0.632384523 0.005772427319 0.001)
(0.5921653813 0.01224816137 0.001)
(0.5352363101 -0.253906019 0.001)
(2.411633278 -0.7623805255 0.001)
(7.530990369 -4.057123528 0.001)
(8.633659578 -5.430000843 0.001)
(16.55171653 -1.376296111 0.001)
(1.380663768 -0.323211085 0.001)
(1.575790403 -0.2384360523 0.001)
(1.45544729 -0.07568366098 0.001)
(1.248700471 -0.1492907264 0.001)
(14.38291692 -6.411663477 0.001)
(2.967959324 -0.9590076892 0.001)
(1.619779905 -0.0516620231 0.001)
(1.848382322 -1.647031044 0.001)
(-4.528142943 -5.422350772 0.001)
(-4.960045551 -4.104252994 0.001)
(-5.87321426 -5.208271647 0.001)
(-6.757346715 1.67913865 0.001)
(-0.03774390478 -0.3849520935 0.001)
(-6.712913951 -3.892832136 0.001)
(-7.349571617 -5.057894977 0.001)
(-1.326704651 4.431921365 0.001)
(-2.439706384 4.382666898 0.001)
(-3.142795128 5.344733439 0.001)
(-3.703763008 4.216555132 0.001)
(-4.474979604 5.26983488 0.001)
(-5.052162632 4.025050633 0.001)
(-5.895296758 5.177250941 0.001)
(-5.222678225 6.762744055 0.001)
(0.2784745305 -0.2171918351 0.001)
(0.3454340673 -0.2129182905 0.001)
(-4.234390595 3.052287706 0.001)
(0.4945198903 7.91805795 0.001)
(-0.2474087058 -0.01425231652 0.001)
(-0.3046988752 0.08452759917 0.001)
(-0.2067969661 0.06569766778 0.001)
(-0.1643267585 -0.0347253983 0.001)
(-0.2179231929 0.1513888542 0.001)
(-0.1338398629 0.1462998023 0.001)
(-0.1071521079 0.05929997162 0.001)
(16.42841325 -6.035709181 0.001)
(-1.629165335 -0.5587961446 0.001)
(0.6047562822 -0.5392625629 0.001)
(-0.3951937445 -5.25752844 0.001)
(0.3149554056 -6.361251051 0.001)
(0.895591339 -5.31072022 0.001)
(1.557573529 -6.234852463 0.001)
(2.017170895 -5.219493707 0.001)
(1.084868129 -7.421674603 0.001)
(-6.618038339 4.05270036 0.001)
(-7.373594013 5.086566827 0.001)
(-4.31537985 -3.170659095 0.001)
(-1.166219623 -8.363916137 0.001)
(9.164399433 -3.870278912 0.001)
(11.01549986 8.411347284 0.001)
(10.03304919 6.749190866 0.001)
(0.08616464749 -0.2788399384 0.001)
(0.06011354055 -0.2108128555 0.001)
(0.09389692381 -0.1589633923 0.001)
(0.007877111385 -0.2831082726 0.001)
(-0.06164945546 -0.1938339314 0.001)
(1.817099797 -0.4114290881 0.001)
(-0.9222003047 0.5198242858 0.001)
(-1.18630541 8.530993398 0.001)
(0.8703903876 1.056899631 0.001)
(0.7833409897 1.462053721 0.001)
(2.717568374 6.667661924 0.001)
(2.80925344 -6.052378032 0.001)
(10.90648829 -8.352386055 0.001)
(9.97770336 -6.675988905 0.001)
(-4.828727241 8.470579663 0.001)
(-8.551594986 -1.177564247 0.001)
(-0.357673296 -4.259751013 0.001)
(3.500735122 -1.458447082 0.001)
(-5.640313476 2.773028432 0.001)
(7.208190934 -8.404068189 0.001)
(0.06479384445 -0.06431272903 0.001)
(0.06947602056 -0.08373571705 0.001)
(0.04950040116 -0.07718943926 0.001)
(0.08864228734 -0.08956927103 0.001)
(0.05507781608 -0.09760792347 0.001)
(0.03341829181 -0.0907975916 0.001)
(0.04079090263 -0.1175491082 0.001)
(0.01662871864 -0.108349369 0.001)
(0.01098868196 -0.08312096554 0.001)
(-0.008061000966 -0.1005950658 0.001)
(-0.01223984422 -0.07574159996 0.001)
(-0.02962191082 -0.08903965063 0.001)
(-0.03711714187 -0.06469632372 0.001)
(-0.06092493033 -0.08299045583 0.001)
(-0.06313059801 -0.05295808441 0.001)
(-0.04596863912 -0.03656286691 0.001)
(-0.06496655721 -0.02482402021 0.001)
(-0.04903437522 -0.004883060477 0.001)
(-0.07182186187 0.0007733434495 0.001)
(-0.0533982005 0.01660636002 0.001)
(-0.005236983285 0.0267826328 0.001)
(-0.003172857079 0.04659245662 0.001)
(0.01489410328 0.05516572699 0.001)
(-0.002134183535 0.06660941702 0.001)
(0.01722221176 0.07565762537 0.001)
(-0.0008673019541 0.08448300772 0.001)
(0.01973576523 0.09831085008 0.001)
(-0.01997172853 0.05786342956 0.001)
(0.04053559 0.08106951702 0.001)
(0.04323509707 0.1087918727 0.001)
(0.01792841135 0.1259619403 0.001)
(0.06448731787 0.09215706137 0.001)
(0.01980198773 -0.1388785459 0.001)
(-0.01115255546 -0.01608975879 0.001)
(0.0549610812 0.04814533372 0.001)
(-0.09426551363 -0.07418102563 0.001)
(-0.01926688015 0.01013594815 0.001)
(0.06640489039 -0.1210692134 0.001)
(-0.0159325524 -0.03716813054 0.001)
(-0.08694413531 -0.1139680772 0.001)
(0.05314877508 -0.154785553 0.001)
(-0.09536926364 -0.01472596102 0.001)
(-0.03448965069 -0.1176795708 0.001)
(-0.08120118841 0.03094782792 0.001)
(-0.05461301268 0.04094005721 0.001)
(0.006583846098 -0.06114840964 0.001)
(0.02758819877 -0.06901635173 0.001)
(0.03409457288 0.0454723338 0.001)
(0.011283483 -0.1845124375 0.001)
(-0.03649561732 0.02702451588 0.001)
(0.07413712072 0.05212144295 0.001)
(0.08130824365 0.07134454266 0.001)
(0.1028836767 0.07286813473 0.001)
(0.1343582368 0.05627685412 0.001)
(0.09050169946 0.08936774502 0.001)
(0.1124229901 0.09174447507 0.001)
(0.09710749113 0.1087116454 0.001)
(0.1222541041 0.1132323194 0.001)
(0.1010991941 0.1352992543 0.001)
(0.1373837459 0.09050365167 0.001)
(0.1479890012 0.1153543079 0.001)
(0.1630316693 0.09420539604 0.001)
(0.1739563481 0.1174027172 0.001)
(0.2766521936 0.05145628384 0.001)
(0.2362008675 0.05557956353 0.001)
(0.1555512188 0.1446610516 0.001)
(0.1897329021 0.09278856754 0.001)
(0.2000451192 0.1183314035 0.001)
(0.2163563144 0.09712732906 0.001)
(0.2277453995 0.1215630738 0.001)
(0.211456506 0.1496400392 0.001)
(0.1814306608 0.1811459091 0.001)
(0.2435025118 0.09498990906 0.001)
(0.2557427944 0.1227144771 0.001)
(0.2748825853 0.09765846096 0.001)
(0.2873520157 0.1256288208 0.001)
(0.3026723864 0.1003822087 0.001)
(0.3168584168 0.1285435693 0.001)
(0.2595676058 0.07682023352 0.001)
(0.1751104704 0.0778424085 0.001)
(0.2776083057 0.07819887313 0.001)
(0.3076728763 0.07546617019 0.001)
(0.07102940317 0.1197518551 0.001)
(0.07462872892 0.1564517333 0.001)
(0.1229303645 0.1697005257 0.001)
(0.06882328373 0.2068785729 0.001)
(0.1386551499 0.2291637334 0.001)
(0.1984335621 0.2357550491 0.001)
(0.09192549117 0.2859230071 0.001)
(0.01248209643 0.2614962156 0.001)
(0.02975197235 0.3359148363 0.001)
(0.1312422546 0.3873637051 0.001)
(0.1568672986 0.07405937353 0.001)
(0.06040884123 0.06774452251 0.001)
(0.1233595801 0.07486242047 0.001)
(0.2297487812 0.07809796803 0.001)
(3.004057837 -4.957155376 0.001)
(0.103278414 -0.07565768117 0.001)
(0.1078384042 -0.09542535085 0.001)
(0.09205861585 -0.1091213458 0.001)
(0.1124867665 -0.1157120124 0.001)
(0.1279713697 -0.1007648829 0.001)
(0.1323720803 -0.1236318244 0.001)
(0.1484546401 -0.1067975484 0.001)
(0.1624749832 -0.08992367557 0.001)
(0.1696237849 -0.1108083063 0.001)
(0.1534305014 -0.1315659714 0.001)
(0.1799806519 -0.1337557027 0.001)
(0.1914114159 -0.1590485913 0.001)
(0.2057407304 -0.1302920968 0.001)
(0.2215610107 -0.1508717926 0.001)
(0.2311143896 -0.1272902551 0.001)
(0.2483677239 -0.1450433699 0.001)
(0.2411219397 -0.171463985 0.001)
(0.2681136634 -0.1627615312 0.001)
(0.2732059809 -0.1347426319 0.001)
(0.293315102 -0.1530775221 0.001)
(0.1340585268 -0.1537287272 0.001)
(0.2987134817 -0.1307326935 0.001)
(0.3161150287 -0.1448367068 0.001)
(0.3196883486 -0.1248988712 0.001)
(0.3366777044 -0.1378214952 0.001)
(0.3349446178 -0.1551188643 0.001)
(0.3556668359 -0.1499169094 0.001)
(0.355492323 -0.1263340614 0.001)
(0.3757751934 -0.1407662933 0.001)
(0.3751629586 -0.1599109165 0.001)
(0.3933303921 -0.1510290356 0.001)
(0.4418411645 -0.11192283 0.001)
(0.394286456 -0.1752110109 0.001)
(0.4231065071 -0.1734887455 0.001)
(0.4216518253 -0.140869733 0.001)
(0.4381176226 -0.1579708143 0.001)
(0.4452850614 -0.1840599622 0.001)
(0.4658548457 -0.1700291091 0.001)
(0.4728896865 -0.1988961935 0.001)
(0.4961775698 -0.1754378647 0.001)
(0.4988394991 -0.1470536816 0.001)
(0.5208417349 -0.1590865072 0.001)
(0.5186963846 -0.1363248518 0.001)
(0.5401443442 -0.145560965 0.001)
(0.5447359981 -0.167990974 0.001)
(0.5636738369 -0.1521905731 0.001)
(0.5686716884 -0.1775368309 0.001)
(0.5872373228 -0.1592780724 0.001)
(0.6390233484 -0.1151622601 0.001)
(0.4706919836 -0.1390950187 0.001)
(0.3781817313 -0.1203742851 0.001)
(0.5817778869 -0.1376871404 0.001)
(0.6032298702 -0.1432685124 0.001)
(0.610657001 -0.1643870432 0.001)
(0.6261756321 -0.1455297763 0.001)
(0.6340533218 -0.1673770089 0.001)
(0.6499573882 -0.1470993728 0.001)
(0.6577028079 -0.1723567222 0.001)
(0.6727966139 -0.1533388623 0.001)
(0.2864684327 -0.1159702327 0.001)
(0.5588769539 -0.1294792986 0.001)
(0.666961676 -0.1318852496 0.001)
(0.5941139267 -0.1841836569 0.001)
(0.5737565199 -0.204266628 0.001)
(0.394061953 -0.1314318829 0.001)
(0.2536079621 -0.1222953167 0.001)
(0.2383984769 -0.107214887 0.001)
(0.2165696212 -0.1103724728 0.001)
(0.4985094758 -0.1265790491 0.001)
(0.4488679118 -0.129342902 0.001)
(0.6866030477 -0.1352118326 0.001)
(0.6950402827 -0.1557650998 0.001)
(0.708026348 -0.137166293 0.001)
(0.7167135321 -0.157452789 0.001)
(0.7293830146 -0.1408795722 0.001)
(0.7385386499 -0.1599305599 0.001)
(0.7487830243 -0.1439177483 0.001)
(0.7219595975 -0.1193708502 0.001)
(0.6825612229 -0.176539765 0.001)
(0.6700463711 -0.201486234 0.001)
(0.207998464 0.07547726187 0.001)
(0.1228588724 -0.0803009304 0.001)
(18.18938799 3.129603291 0.001)
(0.184084374 -0.09206528171 0.001)
(0.04559631913 -0.05819891896 0.001)
(0.6180469834 -0.1268933624 0.001)
(14.98756626 8.308543874 0.001)
(14.03597136 6.752147321 0.001)
(15.96814608 6.696865486 0.001)
(18.30351888 -0.8198659635 0.001)
(-0.9642656569 -2.273393462 0.001)
(0.1147087731 0.05598493393 0.001)
(15.05725561 -8.211575979 0.001)
(0.6997464313 -0.1164515559 0.001)
(0.2163397012 0.05662639462 0.001)
(0.2567576437 0.05654319404 0.001)
(-0.4373117476 0.1295153719 0.001)
(-0.5993867709 0.1857192388 0.001)
(0.2960555046 0.05089029059 0.001)
(18.28370632 -5.082917122 0.001)
(-5.480246637 -2.923611081 0.001)
(0.3158967477 0.04852903267 0.001)
(0.3251934055 0.06586802136 0.001)
(0.3750813734 0.04355004651 0.001)
(0.3476076398 0.06404459842 0.001)
(0.3394607743 0.08230820348 0.001)
(0.3613663135 0.080518275 0.001)
(0.3538068602 0.09800774163 0.001)
(0.3761382601 0.09905618358 0.001)
(0.3568698602 0.1242270829 0.001)
(0.3391651023 0.1630866092 0.001)
(0.392045001 0.1564767366 0.001)
(0.363220663 0.2080138484 0.001)
(0.4243434084 0.2124403128 0.001)
(0.4413136163 0.1571604385 0.001)
(0.3768506643 0.2995633719 0.001)
(0.3852454353 0.07447351426 0.001)
(0.400760109 0.09475933802 0.001)
(0.4099581646 0.07188795863 0.001)
(0.4251934492 0.09091060681 0.001)
(0.4807466776 0.1891524975 0.001)
(0.5173496361 0.1553916451 0.001)
(0.547892624 0.1964995611 0.001)
(0.5855405294 0.1491061883 0.001)
(0.6235835412 0.1911144104 0.001)
(0.6554070002 0.143805068 0.001)
(0.786766446 -0.02749122376 0.001)
(0.7502861868 -0.01743640983 0.001)
(0.8244707 -0.03171591891 0.001)
(0.6890132388 0.1744101181 0.001)
(0.7279979117 0.1375412675 0.001)
(0.7589748666 0.1821363163 0.001)
(0.8025606719 0.1331481797 0.001)
(0.8411518177 0.1713832448 0.001)
(0.8992472553 0.1196268025 0.001)
(0.9237802217 -0.05181276858 0.001)
(0.9265502357 0.184733108 0.001)
(0.9725259134 0.1076103137 0.001)
(1.015250937 0.1805499418 0.001)
(1.052890494 0.1101739571 0.001)
(0.9632836159 0.2856963051 0.001)
(1.106502479 0.1773523815 0.001)
(1.133274457 0.09101071218 0.001)
(1.096317561 0.02259209438 0.001)
(1.001206345 -0.06951387578 0.001)
(0.9942402545 -0.05070437424 0.001)
(1.014737219 -0.05483954746 0.001)
(1.009453712 -0.03538400239 0.001)
(0.9871570886 -0.03106763106 0.001)
(1.020856062 -0.07386493596 0.001)
(1.034428523 -0.05922675206 0.001)
(1.040547501 -0.07858973355 0.001)
(1.055282968 -0.06217618255 0.001)
(1.062461014 -0.08542542074 0.001)
(1.077413511 -0.06995983968 0.001)
(1.0890872 -0.09383700903 0.001)
(1.108286171 -0.06196643939 0.001)
(1.00059583 -0.0168617747 0.001)
(1.026493344 -0.01985639203 0.001)
(0.9802571227 -0.008830991358 0.001)
(1.177409587 0.009480484039 0.001)
(0.6833920517 0.07862772016 0.001)
(0.6704738692 -0.001534156939 0.001)
(0.8392956536 0.06730347671 0.001)
(1.236758345 0.0815898859 0.001)
(0.9642526121 -0.0264759946 0.001)
(0.9566255323 -0.004233475764 0.001)
(1.073414134 -0.04349253768 0.001)
(0.6154666261 0.0854764106 0.001)
(0.5486313247 0.09495797142 0.001)
(1.128948745 -0.1160568325 0.001)
(0.9995304139 0.01105154539 0.001)
(1.02657622 -0.09293818397 0.001)
(0.8269169834 0.2644964943 0.001)
(0.7633279383 0.07005059569 0.001)
(1.158216022 -0.06441530803 0.001)
(0.9414551922 -0.02140066862 0.001)
(0.933058649 4.072805488e-05 0.001)
(0.9180721371 -0.01711063188 0.001)
(0.9095228565 0.003709077568 0.001)
(0.9316259592 0.02761171409 0.001)
(0.8946257712 -0.01378340625 0.001)
(0.886217547 0.007611413236 0.001)
(0.9473187323 -0.04342070402 0.001)
(0.9046686642 -0.03410553192 0.001)
(0.4750552734 0.101347808 0.001)
(0.4939986298 0.0278618592 0.001)
(1.258762064 -0.001020174013 0.001)
(1.354642711 0.05162650039 0.001)
(0.4336741019 0.06904917882 0.001)
(0.8712818954 -0.01071864306 0.001)
(0.8630612491 0.01127119807 0.001)
(0.8781901657 0.03007327939 0.001)
(0.8483557815 -0.006824134245 0.001)
(0.8399326996 0.01411726687 0.001)
(0.8256554035 -0.003065075895 0.001)
(0.8156533111 0.01556492884 0.001)
(1.294252608 0.2005132951 0.001)
(0.878106047 0.4033555729 0.001)
(1.043880063 0.4073209725 0.001)
(0.9469548395 0.548221179 0.001)
(1.042124459 0.01792639453 0.001)
(0.2976901134 0.1905629423 0.001)
(0.8030835161 0.001177472986 0.001)
(0.7955677914 0.02240746373 0.001)
(0.7807847173 0.004225414065 0.001)
(0.7725156748 0.02481540407 0.001)
(0.6759526395 0.2630978002 0.001)
(0.7585640388 0.007890125245 0.001)
(0.7502045351 0.02782239064 0.001)
(0.7364175865 0.0108779097 0.001)
(0.7281576127 0.03116754461 0.001)
(0.415539839 0.1210714235 0.001)
(0.420701921 0.05104435734 0.001)
(0.3993706394 0.05605765979 0.001)
(0.44887518 0.08539499189 0.001)
(0.4567333956 0.06471179128 0.001)
(0.270214525 0.1542555142 0.001)
(1.015928149 0.05749787022 0.001)
(0.9670992586 0.04478750274 0.001)
(0.7145259008 0.0141015105 0.001)
(0.7062326366 0.03428813562 0.001)
(0.7196768672 0.05177780595 0.001)
(0.6925885577 0.01632383076 0.001)
(0.6844081016 0.03685585179 0.001)
(0.7847665435 0.04808065075 0.001)
(1.068701215 -0.1112730038 0.001)
(0.9726339519 -0.04676762019 0.001)
(0.6714640984 0.01979629552 0.001)
(0.6630670255 0.0396192507 0.001)
(0.6495117247 0.02233409207 0.001)
(0.6399933518 0.04207101443 0.001)
(0.6565556972 0.06132942402 0.001)
(1.00718518 -0.08848914003 0.001)
(0.9941813191 -0.1036169333 0.001)
(1.012323286 -0.1069579019 0.001)
(0.9981744949 -0.1235377695 0.001)
(0.9798735303 -0.117559429 0.001)
(0.9716216543 -0.1389995187 0.001)
(0.4216936876 -0.1106031373 0.001)
(0.4541420136 0.0333623707 0.001)
(-0.003751935284 0.1953156723 0.001)
(-0.05161048679 0.2342792876 0.001)
(0.4744717802 0.03055984545 0.001)
(0.4868992315 0.04627316395 0.001)
(0.5065856608 0.0434487908 0.001)
(0.4992627044 0.0622391505 0.001)
(0.5192302294 0.05931397293 0.001)
(0.5121989797 0.07825017012 0.001)
(0.4782226942 0.06352021042 0.001)
(0.4599233313 -0.1122222505 0.001)
(-6.802945242 8.196006134 0.001)
(0.5198573329 -0.1155885264 0.001)
(0.5529465894 0.01871213155 0.001)
(0.5458328098 0.03719655737 0.001)
(0.5657061371 0.03420288745 0.001)
(0.5585093286 0.05272313655 0.001)
(0.5789094085 0.05002855414 0.001)
(0.5713810171 0.07023544679 0.001)
(0.355872871 0.04592416286 0.001)
(0.572568057 0.01552903276 0.001)
(0.5802885313 -0.1165970683 0.001)
(0.6119428546 0.00895828509 0.001)
(0.6049787158 0.02756664385 0.001)
(0.6260749867 0.02495094197 0.001)
(0.6184243292 0.04406787757 0.001)
(0.93901095 -0.1084840269 0.001)
(0.9293905935 -0.1253685759 0.001)
(0.9094366923 -0.1266489841 0.001)
(0.9201449056 -0.1458509535 0.001)
(0.9481332161 -0.1237768623 0.001)
(0.6509261526 0.002042281336 0.001)
(0.689854273 -0.00370955583 0.001)
(0.8591809892 -0.1113105706 0.001)
(0.8696657181 -0.1282382979 0.001)
(0.8497098472 -0.1288615605 0.001)
(0.8601703049 -0.1457004664 0.001)
(0.8407855942 -0.1472673977 0.001)
(0.8861636257 -0.0455149687 0.001)
(0.7302190256 -0.01429281711 0.001)
(0.8393127034 -0.111899104 0.001)
(0.8445797149 -0.03607477845 0.001)
(0.7708038173 -0.0220072487 0.001)
(0.7608937134 -0.1131764069 0.001)
(0.7716963053 -0.1298289855 0.001)
(0.7904102863 -0.1302848991 0.001)
(0.7805372601 -0.1479595629 0.001)
(0.8007385461 -0.1488175508 0.001)
(0.763721426 -0.1612968831 0.001)
(0.7996766147 -0.1129133095 0.001)
(0.8035523427 -0.02828232647 0.001)
(0.3017201294 4.521405094 0.001)
(0.513671693 0.02487216011 0.001)
(0.8988832407 -0.1099048913 0.001)
(10.47325103 4.96199445 0.001)
(-4.587727647 -1.988957424 0.001)
(0.5261601406 0.04039024665 0.001)
(0.585445528 0.03093927724 0.001)
(7.224968525 8.397834831 0.001)
(-0.03023990649 -0.007768368708 0.001)
(0.8299347001 -0.1294632644 0.001)
(0.7235426404 -0.1804602208 0.001)
(6.719306914 0.852526072 0.001)
(0.8895613846 -0.1274903904 0.001)
(0.8100946394 -0.1300588648 0.001)
(-0.1407926934 -0.0952317024 0.001)
(-0.123166138 -0.1581854624 0.001)
(0.6312048112 0.06347589831 0.001)
(15.93382127 -3.092261408 0.001)
(1.026638507 -0.04277290625 0.001)
(0.8813373089 -0.1453008259 0.001)
(0.870501444 -0.1751689986 0.001)
(0.03075403437 0.06379888811 0.001)
(8.063105852 -6.916294118 0.001)
(0.3644704851 -0.1066941462 0.001)
(-2.722751943 6.709625232 0.001)
(1.089538992 -0.2878059119 0.001)
(1.164852792 -0.270480825 0.001)
(1.030785485 -0.3439681776 0.001)
(1.167284011 -0.18014484 0.001)
(5.356835486 1.192695236 0.001)
(0.02292320521 -0.04846484052 0.001)
(0.07433192604 -0.1002206942 0.001)
(-5.487045834 -6.659147293 0.001)
(0.4203471963 -0.2020149148 0.001)
(0.899653343 -0.1415145557 0.001)
(9.699936516 1.682610347 0.001)
(8.41871442 2.778771884 0.001)
(0.1935450306 -0.1118133989 0.001)
(13.96771532 1.287603769 0.001)
(0.3689560196 0.06256641377 0.001)
(0.6598490561 -0.1139473165 0.001)
(0.9262698571 0.06640538288 0.001)
(6.895927108 3.088649433 0.001)
(0.8609835301 3.503998906 0.001)
(0.1098558021 -1.89373961 0.001)
(11.28339613 -2.147643268 0.001)
(18.33500347 -6.919212018 0.001)
(18.16916657 6.830156389 0.001)
(0.8221555879 -0.1505238007 0.001)
(0.8118656075 -0.1712517291 0.001)
(8.108450369 6.849519068 0.001)
(-8.430279615 -7.074662448 0.001)
(1.012249508 -0.1408970218 0.001)
(0.1755771321 0.05958408577 0.001)
(8.368923171 -2.512334664 0.001)
(10.68041623 -3.743913346 0.001)
(0.5748363158 -1.817854579 0.001)
(0.8575523532 -1.556077161 0.001)
(0.3849287401 -0.2162039777 0.001)
(0.5984303544 0.04637672787 0.001)
(-3.533551105 1.163235583 0.001)
(0.330720392 0.1027873406 0.001)
(4.419625299 5.687564665 0.001)
(2.06345102 -1.207607205 0.001)
(12.77491417 -6.539969839 0.001)
(-0.06413467709 0.1608598883 0.001)
(0.3220301969 -0.1069013746 0.001)
(0.538545274 0.0552620979 0.001)
(4.627832319 8.482820303 0.001)
(1.061754127 -0.01214423659 0.001)
(-2.948012755 3.401337651 0.001)
(1.030101057 -0.1118847257 0.001)
(6.461339158 -6.964360005 0.001)
(3.177866407 5.523443919 0.001)
(-0.7013102442 1.216081017 0.001)
(-1.122344813 1.084945124 0.001)
(0.2344092016 0.1903133932 0.001)
(1.046092482 -0.1004552076 0.001)
(0.3522654569 -0.1795800717 0.001)
(-5.489919517 1.528040616 0.001)
(-2.741553682 -3.537854216 0.001)
(1.237074356 -0.3705425354 0.001)
(-0.5052861961 -0.9722253123 0.001)
(0.1544080359 0.05617651004 0.001)
(0.6483906009 0.09224255943 0.001)
(3.62801735 -7.130218924 0.001)
(0.638666955 -0.1326707261 0.001)
(1.975038867 -3.59215565 0.001)
(15.64448706 1.646147817 0.001)
(1.414849859 -4.332603251 0.001)
(0.4663648887 0.04835870353 0.001)
(0.09284955524 -0.1306032027 0.001)
(1.105839655 -0.1614648904 0.001)
(0.5935959447 0.06752496772 0.001)
(0.5855408426 0.09655079023 0.001)
(-6.991211794 6.329684696 0.001)
(10.00560887 -5.072946965 0.001)
(1.046335267 -0.03994483453 0.001)
(0.9270589895 -0.03357006101 0.001)
(0.4113388747 -0.1254572889 0.001)
(0.7886211047 -0.1696725949 0.001)
(-0.03470190362 -7.481139204 0.001)
(-0.1770629512 -1.057476489 0.001)
(0.56101924 -0.1108575971 0.001)
(0.8802460578 -0.02715303175 0.001)
(0.9424022224 -0.06092995859 0.001)
(-0.01350849183 -0.05431681008 0.001)
(-2.141765202 -0.5835562345 0.001)
(0.532879408 0.0752160188 0.001)
(0.4303463099 -0.1266140632 0.001)
(3.737354395 -0.2145145189 0.001)
(0.96013958 -0.0619295114 0.001)
(-3.856043042 6.361993981 0.001)
(0.1896557526 -3.823333213 0.001)
(16.82105856 0.4154292704 0.001)
(0.3130728337 -0.1676919899 0.001)
(-2.130914372 2.945333794 0.001)
(1.131135253 -0.01941696092 0.001)
(-4.9042359 -1.044415365 0.001)
(0.7265066114 0.3778063693 0.001)
(-2.940293481 1.743863229 0.001)
(5.780266171 -2.644574407 0.001)
(12.00444562 7.004151078 0.001)
(-0.6467249505 -1.251563709 0.001)
(2.314486151 -7.305208655 0.001)
(0.8574902322 -0.02238027053 0.001)
(-1.763349188 3.711919608 0.001)
(1.304267199 -2.1321141 0.001)
(4.510075816 -8.550807052 0.001)
(0.8644104458 -0.3419792126 0.001)
(0.4429986488 0.05193497327 0.001)
(-0.2141709096 -0.0856712619 0.001)
(3.405881837 -3.541192219 0.001)
(-0.016797988 0.07654202388 0.001)
(-0.04052427017 0.06990169697 0.001)
(-0.01858492377 0.1029094204 0.001)
(-0.04963861064 0.1064874625 0.001)
(-0.01537988939 0.1441270054 0.001)
(2.312263597 -4.32826745 0.001)
(-0.06250583737 0.3237533946 0.001)
(-0.02109349873 0.4432337908 0.001)
(0.2677282543 0.4846399336 0.001)
(0.2660617567 0.359013316 0.001)
(0.3638151525 0.4116020381 0.001)
(-0.1365125005 0.2278066954 0.001)
(16.8208556 5.01094815 0.001)
(0.1131327705 -0.1365278318 0.001)
(-0.1650957318 -0.2177596418 0.001)
(0.5265069001 -0.1864778143 0.001)
(-0.0800903786 -0.5247206037 0.001)
(2.552235965 1.715689314 0.001)
(0.6770672267 0.05413812806 0.001)
(0.9251308788 -0.1717201264 0.001)
(0.2256506291 -0.09348929917 0.001)
(1.094826593 -0.1249616692 0.001)
(0.7237872568 0.08392107676 0.001)
(-6.649324297 -2.641348717 0.001)
(-0.02019353848 0.0361420673 0.001)
(0.90321428 -0.05214498411 0.001)
(0.9703532974 0.01211699456 0.001)
(-0.03435963344 0.04637435339 0.001)
(-0.07033228192 0.06698302732 0.001)
(-0.1199234418 0.0163156533 0.001)
(-0.9531758025 3.628726345 0.001)
(0.2732921595 0.2659340096 0.001)
(0.5016002581 -0.1100651916 0.001)
(0.5137757857 0.1070029732 0.001)
(1.356200069 -3.578093401 0.001)
(0.4551382086 -4.469751119 0.001)
(-1.343472281 -0.7295341364 0.001)
(5.733512457 0.1974501318 0.001)
(0.4061083486 0.03951216145 0.001)
(0.4851765123 0.268905985 0.001)
(0.2802657918 -0.1004407854 0.001)
(0.3022560346 0.1524154912 0.001)
(-3.206543911 -2.105581301 0.001)
(-0.02900139238 -0.02759577907 0.001)
(-1.035362998 1.584389948 0.001)
(-0.03768699594 0.008223078974 0.001)
(0.9431516836 -0.3636732161 0.001)
(1.005545595 -0.4548875214 0.001)
(-0.06299953599 0.6156493629 0.001)
(-0.3406539545 0.1937194528 0.001)
(1.746603013 -2.018230349 0.001)
(-8.614020863 1.599413717 0.001)
(-4.066313299 -1.029869625 0.001)
(0.2879550028 -0.1820169366 0.001)
(7.300502154 1.995328438 0.001)
(0.53540988 -0.1283404968 0.001)
(1.048167887 -0.1226201776 0.001)
(-3.606884037 2.265548488 0.001)
(0.3935985513 -0.275540204 0.001)
(0.4907814323 0.0818738137 0.001)
(0.8349664428 -0.01738291141 0.001)
(1.182959943 -0.1188518679 0.001)
(1.222590241 -0.0683791101 0.001)
(0.05647162888 -0.4595517733 0.001)
(-0.5916314054 -0.2554883549 0.001)
(0.6990940234 0.05660145306 0.001)
(0.5669293286 -8.721144042 0.001)
(-0.05528782909 -2.200245727 0.001)
(0.3146271461 -0.1996686144 0.001)
(0.7415360028 0.05165549051 0.001)
(0.7999846026 0.0815081635 0.001)
(0.7624701389 0.04448490633 0.001)
(0.8185359825 0.04023853881 0.001)
(1.094181449 -0.02288561604 0.001)
(0.2438993047 0.06996890274 0.001)
(0.4483517234 0.1158660464 0.001)
(0.4726064944 -1.129399456 0.001)
(3.671419345 2.563527409 0.001)
(0.7039772771 -0.173557111 0.001)
(0.6202986905 -0.1100881003 0.001)
(1.318356499 -0.0725498335 0.001)
(-1.640036603 -1.742778226 0.001)
(0.3211439669 0.08536238885 0.001)
(-0.03139262604 -0.04508674522 0.001)
(-0.7634284503 0.01583510981 0.001)
(-0.7157900904 0.3766993257 0.001)
(0.6178986294 -0.1827788362 0.001)
(0.1899805654 0.07256620085 0.001)
(0.6114244131 0.06138437641 0.001)
(1.49968363 0.03956155939 0.001)
(1.336306217 0.3986020164 0.001)
(1.191448391 0.3149419723 0.001)
(1.688680988 0.130917791 0.001)
(1.815804054 0.4365125438 0.001)
(0.3823851255 -0.1047402804 0.001)
(1.453495738 0.1932618009 0.001)
(9.093613109 4.091407969 0.001)
(0.8541871335 0.03943872048 0.001)
(0.9133995511 -0.2980872159 0.001)
(0.422540668 1.435533974 0.001)
(0.9696796603 -0.1581073511 0.001)
(0.6431892596 -0.4498392215 0.001)
(1.068107024 0.05984020568 0.001)
(0.7957665993 -0.357757737 0.001)
(0.9051913909 -0.1935088824 0.001)
(-8.619655892 -4.390826127 0.001)
(-0.1218029491 -0.04495446516 0.001)
(0.2463127851 -0.4636302118 0.001)
(0.1549341682 -0.5675438189 0.001)
(0.7394078875 -0.2089008137 0.001)
(0.209457389 -0.1852123357 0.001)
(-1.400317741 -2.145943278 0.001)
(1.523513915 0.5641155067 0.001)
(-7.298901804 -1.713051621 0.001)
(0.4827693975 -0.1290704673 0.001)
(1.205621412 0.1753119445 0.001)
(-0.09548486116 0.1055516345 0.001)
(1.173247009 0.5937597419 0.001)
(1.997575585 -0.6926260942 0.001)
(1.820207157 -0.1120013256 0.001)
(0.9778350746 -0.1018757678 0.001)
(0.8772710947 0.06459987869 0.001)
(0.4699335951 0.07936972306 0.001)
(0.9663104607 -0.1265628687 0.001)
(0.8125417557 -0.01282647401 0.001)
(-0.02152216069 -0.1511658734 0.001)
(0.1389468687 0.07230037688 0.001)
(0.9015162467 0.03333512431 0.001)
(1.009822761 -0.2475691547 0.001)
(17.13311181 1.976276197 0.001)
(-8.523466679 -8.543075833 0.001)
(-8.535898385 8.535898385 0.001)
(0.7474218322 -0.1793847502 0.001)
(1.094365193 -1.838594623 0.001)
(1.078790672 0.282874857 0.001)
(-8.558492522 4.365807645 0.001)
(-0.7716554786 -0.2449920831 0.001)
(0.9507530023 0.01656346389 0.001)
(0.1622829959 0.3006626154 0.001)
(0.3908421439 0.03980499989 0.001)
(0.3356634965 -0.1210067206 0.001)
(3.814121089 7.124212683 0.001)
(0.1299647765 0.1356494918 0.001)
(18.53589838 8.535898385 0.001)
(0.03143832519 0.1605121366 0.001)
(18.53589838 -8.535898385 0.001)
(1.09522362 -1.063694824 0.001)
(0.8933999575 -1.266848882 0.001)
(-0.1764181511 0.01736846837 0.001)
(0.5499892705 0.06967893429 0.001)
(16.81683996 -4.4773025 0.001)
(0.5082891526 -0.2126364434 0.001)
(0.4765775973 -0.2434299158 0.001)
(-0.7681358902 -1.896302231 0.001)
(4.221198844 1.493894649 0.001)
(11.49589053 -6.956114343 0.001)
(5.912787324 8.024314465 0.001)
(0.7415119634 -0.1294741287 0.001)
(0.5981372889 0.4886327082 0.001)
(0.04492645696 -0.3430593077 0.001)
(6.407224289 -3.51685253 0.001)
(1.705098179 -0.6482065867 0.001)
(0.2399136853 0.1476972995 0.001)
(-0.289352824 -1.907232024 0.001)
(1.014894162 -0.1231198254 0.001)
(0.9155593353 0.7558661403 0.001)
(0.5848513939 0.2554731552 0.001)
(0.7901536404 -0.008676808995 0.001)
(0.7373493968 -0.5375126886 0.001)
(-0.08790697631 -0.04232871129 0.001)
(0.2695441 -0.1147734871 0.001)
(0.271292759 0.06586439716 0.001)
(0.8060713252 -0.1969348115 0.001)
(0.7020151663 0.004474969494 0.001)
(-0.3130993903 0.4123436878 0.001)
(-0.005528421195 -0.123333685 0.001)
(0.5489238475 0.1320535796 0.001)
(0.9392607638 -0.1380096851 0.001)
(0.1844879706 0.1422362241 0.001)
(0.2434980957 -0.09232905992 0.001)
(1.445146148 0.8779459333 0.001)
(1.723605962 1.152667182 0.001)
(-8.446532644 0.1052183466 0.001)
(0.2592601255 0.6350512099 0.001)
(0.1158352857 0.7701950812 0.001)
(-0.1485909076 0.09432399824 0.001)
(3.224722399 -0.4599232146 0.001)
(0.9518082288 -0.176495034 0.001)
(0.5961464367 -0.1281296746 0.001)
(0.8471592236 -0.2096915565 0.001)
(2.524874874 -1.299640525 0.001)
(5.840140694 -8.204236528 0.001)
(0.9980229118 -0.166416725 0.001)
(0.6407737786 -0.2380337075 0.001)
(0.3882706139 0.1191181529 0.001)
(1.866856167 7.662681454 0.001)
(-1.978277471 7.522253827 0.001)
(3.797948087 -4.427010937 0.001)
(0.4391749177 -0.1402987606 0.001)
(1.261428602 -0.2477036403 0.001)
(0.7680115574 -0.004864248365 0.001)
(1.799673586 -8.398081589 0.001)
(-7.087609099 -6.299508704 0.001)
(0.8990878641 -0.5715726737 0.001)
(0.638249567 -0.1952468503 0.001)
(0.581879203 -0.2396508115 0.001)
(0.406691713 -0.1404167957 0.001)
(0.412864086 -0.1564976892 0.001)
(0.1666626088 -0.2026051817 0.001)
(0.7238459205 0.001662988924 0.001)
(0.3837729649 0.05837358582 0.001)
(0.7458250166 -0.001473760257 0.001)
(-0.4786274225 4.274512537 0.001)
(0.04765199314 0.1342939076 0.001)
(3.550685938 -0.8456830066 0.001)
(0.2902933709 0.06693989694 0.001)
(0.7029333562 -0.2409048999 0.001)
(0.07524358348 -0.1419340245 0.001)
(0.2395175078 -0.2099655343 0.001)
(0.2611871593 -0.1906058404 0.001)
(1.035056737 -0.282941035 0.001)
(0.04497164394 0.06135558141 0.001)
(-0.06161526842 -0.1470055501 0.001)
(0.9546758803 -0.1390569779 0.001)
(0.4187877125 0.03451347719 0.001)
(2.84717793 0.552724819 0.001)
(-0.09304241201 0.008891726581 0.001)
(-1.78926895 -1.376054301 0.001)
(0.5527152573 -0.4667320168 0.001)
(0.1223828104 -0.1862037188 0.001)
(-1.547395431 0.9621207131 0.001)
(0.4637268154 -0.1275472418 0.001)
(0.7655020337 -0.143297281 0.001)
(2.301221041 -1.879941405 0.001)
(1.5383525 8.776510908 0.001)
(-8.255752099 5.775937127 0.001)
(-3.459831636 -3.263654195 0.001)
(0.8506734623 -0.1612572456 0.001)
(-0.1551304024 0.4591036629 0.001)
(0.4568909187 -0.1466962905 0.001)
(0.5427451827 -0.2140240081 0.001)
(0.4482249309 -0.2170649483 0.001)
(-4.806146088 2.244395076 0.001)
(0.5504085025 -0.1901346038 0.001)
(-1.533936944 -1.00237193 0.001)
(-3.754177186 -2.469658152 0.001)
(0.4726514252 0.3930384196 0.001)
(1.373397839 -0.1844791664 0.001)
(-0.04594368755 -0.05005134964 0.001)
(0.4794795533 -0.1522755882 0.001)
(0.07949857715 0.1034822157 0.001)
(1.15860746 -0.509769002 0.001)
(0.61898819 0.1263825711 0.001)
(-0.1517763149 0.05060115186 0.001)
(-7.511783021 2.907503203 0.001)
(13.28524918 5.53141962 0.001)
(1.039341487 -0.1482551187 0.001)
(11.10629487 6.002075553 0.001)
(-0.01702812753 -0.2314714368 0.001)
(0.6010346588 1.80766603 0.001)
(-0.2721060528 0.2704858198 0.001)
(-8.297423245 -5.764578451 0.001)
(0.6888750279 0.1185919978 0.001)
(0.680639922 0.008436935279 0.001)
(0.762772208 0.1147175999 0.001)
(0.4794321187 0.1376535681 0.001)
(0.3069014904 0.06087015918 0.001)
(0.7558607112 -0.1279287215 0.001)
(0.842978564 0.1052440553 0.001)
(-1.056293352 0.7814282049 0.001)
(-3.944019753 7.432404279 0.001)
(0.3061175193 -0.116742541 0.001)
(0.6517012618 -0.1270925091 0.001)
(0.8787874151 -1.011471736 0.001)
(3.024505062 -4.192938323 0.001)
(0.2921243512 0.08433025983 0.001)
(-0.2682284423 -0.2114196046 0.001)
(0.9818928211 -0.1305382459 0.001)
(0.7797869562 -0.2262581487 0.001)
(-0.005556958782 0.01281673871 0.001)
(-0.04085948284 -0.020468773 0.001)
(-0.7700840209 7.41898785 0.001)
(0.444773603 -0.3100320354 0.001)
(-1.039081807 0.08386708865 0.001)
)


// ************************************************************************* //
