/*--------------------------------*- C++ -*----------------------------------*\
| =========                 |                                                 |
| \\      /  F ield         | OpenFOAM: The Open Source CFD Toolbox           |
|  \\    /   O peration     | Version:  2412                                  |
|   \\  /    A nd           | Website:  www.openfoam.com                      |
|    \\/     M anipulation  |                                                 |
\*---------------------------------------------------------------------------*/
FoamFile
{
    version     2.0;
    format      ascii;
    arch        "LSB;label=32;scalar=64";
    class       faceSet;
    location    "constant/polyMesh/sets";
    object      nonOrthoFaces;
}
// * * * * * * * * * * * * * * * * * * * * * * * * * * * * * * * * * * * * * //


1195
(
0
22528
22529
3
22532
22533
6
22536
9
22537
12
22540
4109
22541
2063
15
4112
22544
22545
18
4115
20499
22548
21
22549
4118
24
22552
4121
22553
27
22556
22557
30
22560
33
22561
36
22564
4133
22565
39
4136
22568
22569
42
4139
22572
45
22573
4142
48
4145
22577
22578
51
4148
22581
54
22582
4151
57
22585
4154
22586
6204
60
4157
22589
22590
63
22593
66
22594
69
22597
22598
72
22601
22602
75
22605
78
22606
81
22609
22610
84
22613
22614
87
22617
90
22618
93
22621
22622
96
22625
22626
99
22629
8294
22630
104
105
22633
22634
4203
108
22637
22638
111
22641
114
22642
117
22645
22646
120
22649
20602
22650
123
22653
126
22654
129
22657
22658
132
22661
22662
135
22665
138
22666
141
22669
22670
144
22673
22674
147
22677
150
22678
153
22681
22682
156
22685
22686
160
22689
162
22690
165
22693
22694
168
22697
22698
171
20653
22701
174
22702
4271
177
22705
22706
180
22709
22710
183
22713
186
22714
14524
189
22717
22718
192
22721
22722
195
22725
198
22726
201
22729
22730
204
22733
22734
207
22737
22738
212
22741
22742
215
22745
218
22746
221
22749
22750
224
22753
4322
22754
227
22757
230
22758
233
22761
22762
236
22765
22766
239
22769
242
22770
245
22773
22774
248
22777
22778
251
22781
254
22782
257
22785
22786
260
22789
22790
263
22794
22797
270
22798
22799
22800
22801
277
22805
22806
22809
282
22810
22813
22814
22817
290
22818
293
22821
22822
296
22825
22826
299
22829
302
22830
10544
305
22834
10547
308
22837
10550
22838
311
10553
22841
314
22842
10556
317
22845
22846
320
22849
22850
323
22853
326
22854
329
22857
22858
332
18765
22861
22862
335
22865
338
22866
340
22869
22870
343
22873
346
22874
349
22877
22878
352
22881
22882
355
8548
18788
22885
14694
358
22886
14696
361
22889
22890
364
22893
22894
368
22897
22898
370
22901
373
22902
376
22905
22906
379
22909
22910
382
22913
22914
386
22917
389
22918
392
22921
22922
395
22925
22926
398
22929
401
22930
404
22933
22934
407
22937
22938
410
22939
22940
412
22941
22942
22943
22944
416
22945
417
22946
420
22950
22951
22952
424
22953
22954
426
22955
22956
22957
431
22960
434
22964
22965
437
440
22969
443
22972
22973
446
22976
22977
449
450
22980
22981
22984
22985
22988
22989
22992
22993
22996
22997
23000
23001
23004
23005
23008
23009
16866
16867
23012
23013
23016
23017
23020
23021
23024
23025
23028
23029
23032
23033
23036
23040
23043
23044
6661
23047
23048
23051
23052
524
23055
527
23056
530
23059
23060
533
23063
23064
536
23067
539
23068
542
23071
23072
545
23075
23076
548
23079
551
23080
554
23083
23084
21036
8749
557
23087
23088
560
23091
563
23092
566
23095
23096
19000
569
23099
23100
23103
23104
576
19010
23107
579
23109
23112
23113
23116
23117
23120
23121
23124
23125
23128
23129
23132
23133
23136
23137
23140
23141
23144
23145
23148
23149
23152
23153
23156
23157
23160
23161
23164
23165
23168
23169
23172
23173
23176
23177
649
23180
19085
23184
23187
23188
19094
23191
23192
23195
23196
23199
23200
23203
23204
23207
23208
23211
23212
23215
23216
23219
23220
23223
23224
23227
23228
23229
703
23232
23233
23236
23237
19141
710
19143
23240
23241
19147
23244
23245
19151
23248
23249
19153
23252
23253
725
23256
728
731
23260
734
23263
737
23269
23270
743
746
749
755
21240
19195
23295
23298
23300
23303
23304
23307
23308
23311
23312
23315
23316
23319
23320
23323
23324
19230
23327
23328
19233
19234
23331
19235
23332
19236
19237
23335
23336
23339
23340
23343
23344
2865
23347
23348
23351
23352
23355
23356
23359
23360
833
23363
23364
836
23367
839
23369
841
23370
844
23373
23374
848
23377
23378
851
23381
854
23385
857
23388
860
21341
23390
863
21344
23393
21345
23394
866
23397
869
23398
871
23401
23402
874
23405
23406
878
23409
881
23410
884
23413
23414
23415
887
21367
23418
890
23419
891
23422
894
23423
23426
23427
899
23430
902
23431
23434
23435
23438
23439
23442
23443
23446
23447
23450
23451
23454
23456
929
23459
23460
23463
935
23464
937
23467
23468
941
23471
943
23472
946
23475
23477
13238
950
23480
13240
953
23482
13242
23483
13244
956
13246
958
13248
23490
13250
962
23491
964
23495
13255
967
23496
23497
13257
23498
23499
971
23500
974
23503
977
23506
23507
23508
980
23509
21461
23510
23511
23512
23513
3033
23514
986
23515
23516
988
23517
23518
990
23519
23520
23521
23522
994
23523
23524
23525
997
23526
23527
23528
1000
1003
1005
21485
21486
23535
1008
23538
23539
1011
23540
3061
1014
23543
23544
1017
23547
23548
1020
23551
1023
23552
1026
23555
23556
1029
23559
23560
23563
23564
21517
23567
23568
7186
23571
23572
1046
23575
23576
1049
23579
23580
1052
23583
1055
23584
1058
23587
23588
1061
23591
21543
23592
1064
23593
1067
23596
23598
1070
23599
1073
1075
23605
23608
23609
5178
23612
23618
23621
23622
23625
23626
1100
23629
23630
1103
23633
23634
1106
13396
23637
1109
21589
23638
1112
23641
23642
23645
23646
23649
23650
13412
23653
13414
13415
13417
23658
13418
23661
13421
23663
13423
13424
23666
23667
13427
13429
23670
13430
23671
13432
13433
7289
1145
23674
13435
1148
13438
13439
1151
13441
13442
21637
13446
13448
13451
21661
21666
21668
21670
17576
21673
1195
21675
21677
21679
21681
21683
21685
21687
21691
21693
21695
21697
21703
21714
21718
1251
1255
13550
13552
13554
13556
13558
13560
13562
13564
21756
13566
1287
5396
21792
21797
21805
21806
21815
21825
13645
13646
13650
21842
13652
1364
13654
13656
1368
1371
1374
13665
1377
1380
1383
1386
1389
19822
1392
19824
19826
1395
19828
21877
1398
19830
19832
1401
19834
21883
19836
1406
19838
21886
21887
1409
1412
1421
19857
21920
21926
21958
21960
21962
21964
21966
21974
21984
21990
21993
21996
21999
22002
22005
22008
22011
15868
13820
13822
22014
13824
13826
13828
13829
13832
13834
13836
13838
13840
13842
13844
13846
13848
22041
13850
13852
13853
13855
13858
22051
13862
22055
13864
13866
22058
13868
22060
13870
1582
22065
22070
22075
22076
22077
22078
22079
22080
22083
22087
22090
13903
22098
22100
22102
22104
22106
22108
22110
22112
22114
22116
22117
22118
22119
22120
5743
22128
22130
22138
22142
22150
22157
22161
22162
22163
22164
22165
22166
22167
22168
22169
13984
22188
13997
1709
13999
22191
14001
22194
14003
22195
3764
22196
14005
22197
22198
22199
22200
22201
22202
20155
22203
22207
22209
20171
22221
14032
22226
22228
22229
22230
22231
22232
22233
22234
22235
22236
22237
20202
22259
20212
20216
16125
22269
22270
16127
22271
22272
16129
22273
22274
16131
22276
16133
22277
22278
16135
22279
22280
16137
22281
22282
16139
22283
16141
22287
22288
22289
22291
1815
22295
1820
22301
1823
20256
22307
7981
22331
20289
22354
10102
20344
20347
20350
20355
20360
20363
10125
20366
20369
20374
20379
20384
1954
20387
6057
22499
22501
22504
4073
22505
22508
22509
22512
22513
22516
22517
22520
22521
22524
22525
)


// ************************************************************************* //
