/*--------------------------------*- C++ -*----------------------------------*\
| =========                 |                                                 |
| \\      /  F ield         | OpenFOAM: The Open Source CFD Toolbox           |
|  \\    /   O peration     | Version:  2412                                  |
|   \\  /    A nd           | Website:  www.openfoam.com                      |
|    \\/     M anipulation  |                                                 |
\*---------------------------------------------------------------------------*/
FoamFile
{
    version     2.0;
    format      ascii;
    arch        "LSB;label=32;scalar=64";
    note        "nPoints:2734  nCells:2582  nFaces:9113  nInternalFaces:3797";
    class       labelList;
    location    "constant/polyMesh";
    object      neighbour;
}
// * * * * * * * * * * * * * * * * * * * * * * * * * * * * * * * * * * * * * //


3797
(
60
153
601
64
191
769
96
619
757
616
1715
2505
161
237
1196
330
1777
2479
24
499
2130
8
627
798
960
1756
279
2156
2284
30
978
1269
59
144
397
53
495
558
92
855
2142
15
78
747
219
549
151
262
1617
46
496
1832
425
695
1250
198
226
329
213
242
2275
34
368
882
83
729
873
67
1570
2411
549
2381
135
253
1850
27
1890
1958
212
243
220
476
2491
674
1630
2497
915
1180
208
444
1456
298
353
410
41
428
617
111
772
297
1527
2335
138
507
946
57
262
609
708
2280
2577
106
318
939
76
165
1165
487
1446
93
197
1552
69
269
804
57
249
1507
251
1228
1964
1618
1865
209
343
461
51
133
1829
71
532
666
85
214
1619
239
2295
353
765
2029
289
1366
86
217
275
132
194
1160
362
791
1116
1230
644
1349
2576
146
908
185
1715
115
1161
1616
200
215
1191
795
2290
2578
959
1944
226
266
2028
528
786
1439
486
1358
145
413
807
134
1942
381
516
664
191
550
227
463
1249
120
1671
1689
166
366
1649
615
2041
2341
178
956
114
1205
2533
371
2229
143
176
346
332
453
2531
488
1887
2304
382
578
1740
395
1529
162
241
359
1659
2501
530
564
90
1306
1553
124
187
731
203
2281
2580
99
368
139
535
612
363
935
205
676
218
389
1570
116
350
363
478
1298
149
163
1641
407
651
687
111
1244
137
653
1236
592
1914
2390
158
509
1733
117
273
1474
286
357
124
555
597
505
909
210
340
1860
183
307
703
201
1470
2410
182
603
2485
590
181
553
692
225
335
953
351
596
125
1775
316
448
281
1139
160
305
1787
292
374
1089
1973
130
416
458
257
268
1399
337
811
2196
722
404
775
147
2109
2576
429
1175
1688
156
194
1596
311
537
541
309
2283
400
690
856
728
1353
170
1795
344
837
311
568
274
365
719
996
2420
314
355
442
900
409
510
818
144
649
2411
176
285
479
393
1194
656
339
1299
311
599
548
1258
388
462
755
608
1834
229
235
561
284
1448
235
246
1204
1278
2429
551
1207
1891
387
1562
1904
405
435
243
254
562
471
1924
558
594
709
799
1156
359
411
175
1559
230
1975
259
346
398
1429
1976
2124
2222
246
300
565
206
583
1396
193
297
1536
233
1725
317
556
1363
288
631
1571
245
790
1523
522
524
1361
398
411
1459
377
388
511
225
469
270
356
730
285
410
696
248
439
517
632
647
1266
343
369
1413
1732
1798
359
522
2435
212
1672
706
882
2197
321
675
1535
195
326
1101
1748
295
716
1967
1271
1402
1179
347
428
248
428
691
285
602
508
222
302
1261
498
740
1381
2320
787
1942
2372
231
2544
221
333
996
399
426
650
651
289
1484
1814
654
1677
301
962
715
1821
475
635
2214
446
1883
1912
918
2089
698
789
683
2279
2581
458
1978
1182
1689
1812
2539
560
912
671
2449
335
1291
299
590
1244
487
498
611
1184
536
1360
254
473
1346
350
741
641
1784
1744
2258
757
1918
2446
298
756
241
670
2478
1187
395
582
1441
278
1905
327
540
2442
587
2220
494
574
2345
1870
296
1729
526
276
580
693
1340
2008
760
569
759
1427
326
660
719
443
1303
1894
1331
1728
375
528
2099
794
1409
261
557
886
1245
281
576
1068
633
1627
384
1437
2312
483
1559
336
2114
2534
380
1547
378
328
470
615
320
517
1554
390
871
2200
534
1698
307
424
1853
1658
2554
606
2346
763
1118
331
1089
1520
520
864
1162
613
1217
532
625
394
1374
604
833
619
2016
2047
416
861
563
1873
431
490
785
682
547
1410
1716
293
329
2261
287
1892
678
2077
609
1442
472
733
802
383
794
796
360
437
1211
1023
1707
910
1418
348
748
1540
1465
2288
1831
2066
1663
1253
392
1893
345
1418
754
1286
639
1549
370
468
2573
750
1493
2464
372
1396
893
1076
1529
2263
1192
1212
1223
695
1905
864
1303
1744
364
651
2078
605
621
2549
695
1444
550
610
1512
354
935
842
1685
322
2579
343
419
2386
540
2110
418
1777
1357
1937
466
498
698
450
1488
2543
735
813
1640
685
574
1381
2144
2150
648
1431
1463
1441
1705
821
1358
430
2063
514
1351
2377
745
1337
2470
509
1907
355
356
880
427
826
438
2306
365
523
1480
386
1268
1697
362
1577
437
700
1451
859
1446
662
579
647
1502
1346
1286
2396
622
633
827
1564
383
593
1250
1114
612
1065
406
1631
2527
542
686
474
586
2154
810
567
663
2448
1274
2239
412
603
2185
2159
962
2510
1332
1645
1300
2333
650
710
874
1416
1437
833
1018
505
614
434
1356
1606
1489
1907
420
1822
589
825
1853
512
1245
493
1425
2281
2544
860
1432
1738
676
897
1925
872
1883
2290
2321
509
2178
2553
1327
2301
419
722
1193
1116
1717
483
819
416
1090
397
780
1251
1427
1696
1946
897
945
423
636
459
527
2565
409
450
663
484
700
1211
1665
2406
408
728
485
1840
2318
2551
595
724
567
1459
1599
1351
1953
464
2148
480
1767
455
569
1646
994
1225
2150
2262
2434
555
1230
1847
442
652
785
788
1123
1548
1674
825
1783
1373
2248
597
1224
1342
1505
451
2565
477
2514
1683
1736
829
2228
2269
478
742
2016
503
1673
717
774
441
680
1573
910
456
2437
685
751
500
1481
1638
475
1174
1065
520
2493
581
2458
962
1213
1352
562
855
634
761
808
561
931
530
661
1812
1917
2384
2407
571
621
838
477
1301
518
1370
1738
869
1417
1964
2218
1166
2128
2487
1977
1317
2407
1412
2260
2272
1193
1881
727
1641
1660
1974
933
1354
504
671
2574
914
1676
520
2168
2537
571
2126
1184
1260
973
1811
551
2155
502
1965
741
846
698
1064
2452
819
1901
1405
2273
1451
1552
974
1269
1172
1431
1745
515
1632
2166
1957
1819
2243
2383
2532
649
1692
1676
1781
2360
587
1345
1463
564
1978
539
1510
1739
529
1845
2184
748
854
853
1337
797
2151
1566
1985
668
828
1290
1605
1900
1267
2562
600
1455
1717
643
752
639
1334
1267
2313
1625
554
1581
2507
1347
1426
542
910
833
866
727
1398
846
943
544
678
1533
1972
2424
642
2243
1727
1889
2083
1280
2237
590
792
2372
764
1562
2187
2458
532
1930
690
1196
1462
2519
2520
1547
1903
670
2191
2320
1275
1391
2399
687
699
1901
753
1512
2060
1466
585
2058
725
1586
884
1314
575
789
820
1232
1959
2352
1362
2055
607
1551
1830
1952
1471
1627
640
1619
682
1474
1302
2277
2229
1944
2519
628
1226
1993
2197
1650
2557
945
1912
2275
943
1189
1814
665
1710
2529
1194
2029
849
810
707
2093
2319
577
1751
598
793
2053
604
884
1653
779
588
1710
2054
2546
871
1896
2329
646
1511
2533
2104
746
858
1208
919
1204
2304
2308
1652
2380
667
1018
1361
2011
656
1089
693
2078
669
697
1575
1984
2122
789
1066
2479
1550
2545
1561
2424
643
732
733
1788
2178
931
1447
814
1805
774
754
1511
2173
1614
2425
1696
1850
1244
1306
1708
1719
1224
1516
2405
2078
1462
1666
1512
1629
840
1492
1464
1624
1473
1629
1718
1714
1752
809
1859
1918
909
2110
1755
1719
1720
1737
1752
838
1940
2549
1428
677
930
1445
2310
1394
2184
1896
2165
2257
1302
1764
2236
1740
1807
629
1280
1750
778
1828
775
1602
874
1738
631
758
773
1774
1554
2579
1471
1532
1607
1332
1981
763
1514
744
954
1322
749
2182
2489
1214
767
1482
1310
1464
658
1211
1276
2094
1645
1986
2483
1689
2439
2387
1277
2028
2379
2318
843
1068
1788
2249
878
2141
1164
1252
1841
2294
724
783
1569
686
834
1285
1668
2153
1740
1786
1374
1579
721
854
1604
718
1307
757
1920
1718
1807
1568
677
1768
883
1440
1233
2430
702
1300
2575
768
1314
1404
1790
1801
1431
1908
716
1283
892
1352
2061
2517
707
1970
1631
2535
2569
843
1493
1991
720
1682
2555
982
1604
781
830
907
701
1715
2240
1525
1737
1823
1823
1860
1601
852
1853
2176
1516
1706
1216
1274
2491
2561
1751
1797
2505
1550
2254
1652
2447
752
806
876
736
1524
1827
1821
1860
2356
1815
1826
713
797
1417
2019
746
816
948
1377
1500
2056
726
839
1377
1415
2539
2168
2303
1552
1686
1954
854
1000
1862
1650
2566
1104
1400
887
1609
2350
1364
1387
783
841
1834
1569
1868
2344
1250
1514
1958
2173
1330
1772
736
760
1187
1720
2161
1855
758
902
950
790
1598
1103
1277
2062
1714
2125
857
973
1755
1234
1509
2309
1227
1616
1549
1691
1262
1579
1943
867
1239
2564
2299
2439
1956
1993
1709
1944
1222
1247
1924
765
1411
1387
2114
2474
2246
1227
1498
855
1403
1672
1326
1986
2010
2203
777
1162
1481
1391
1362
2476
1241
1593
1169
2001
2033
938
1987
1993
1821
1888
1965
1992
894
1582
2268
2355
1581
2375
845
2163
780
1289
1735
817
976
801
1160
1469
902
925
1508
2084
1457
1470
1894
1911
805
1336
840
1893
1942
1888
1911
2085
2465
893
1826
2453
1447
1635
836
875
888
1265
1417
1318
1491
1647
1264
1290
879
890
886
1273
1416
1894
2043
870
923
826
898
913
954
2428
892
2122
1346
1359
1858
980
1492
1643
1376
2505
839
1353
886
1315
1667
1067
1069
832
1898
1556
1917
2241
1191
1434
1692
1858
1404
1489
1531
1839
1861
2508
1386
1694
1931
2451
898
851
1399
1469
1765
1966
2333
1365
1500
838
2546
2556
911
965
2037
1932
2021
841
903
2346
2391
1569
1219
1424
900
993
1414
1688
848
888
2096
848
890
1963
1204
1350
1374
1375
1842
1560
2186
1487
2263
912
1565
1361
1674
1187
1827
1066
1067
896
1061
1076
1721
1599
1723
1237
1584
2103
875
891
1087
2375
885
992
1347
1556
1707
905
1397
872
1147
1603
1289
2244
917
989
1477
2035
1441
1922
1662
1342
1965
1001
1391
2184
1870
2363
1366
946
963
911
937
1830
2330
1295
1878
1806
889
1102
1466
1539
904
1282
1354
1183
1850
1186
906
1056
1956
1101
2231
1186
1190
2031
1716
1257
1741
1849
1364
2073
932
1092
916
1982
1100
917
983
2055
2379
1554
1246
2571
2076
1063
1064
1626
1866
924
1704
1443
1482
2332
1491
2397
952
1097
963
1099
1106
1682
2459
997
1248
926
1760
1238
1339
927
1510
928
1654
1867
1959
975
1096
1240
1290
1876
942
1333
1087
1947
958
1091
2057
1816
1061
1063
1651
1060
1062
2159
2330
1073
1078
1086
1095
986
1093
1305
1085
1254
1856
1088
1094
2386
992
958
998
1478
1000
1203
1072
1117
1223
1238
1485
1078
1125
1625
1048
1483
1080
1133
1624
1082
1134
1272
1079
1080
1105
1107
1107
1198
1851
1087
1857
984
986
1681
1043
1111
1112
1059
1060
1139
1217
1383
1113
1115
1208
1406
1120
1122
1121
1124
1127
1129
1128
1130
2232
981
1180
1044
1588
1057
1059
985
990
1086
1168
1572
1202
1708
2429
2209
2322
1098
1679
1056
1058
1055
1057
1135
1548
1093
1284
1136
1088
1480
2117
1281
2119
2391
1054
1055
1131
1622
1097
1576
2154
1099
1077
1119
2289
2389
1185
1711
2385
2514
1052
1054
1070
1105
1138
1367
1779
1104
1471
1138
1142
1157
1159
1156
1158
1130
1158
1129
1159
1155
1157
1128
1154
1156
1419
1127
1153
1152
1154
1151
1155
1150
1153
1149
1151
1124
1152
1122
1150
1148
1149
1121
1146
1148
1584
1120
1145
1115
1146
1144
1143
1145
1142
1583
1141
1144
1112
1143
1140
1141
1107
1140
1111
1448
1105
1137
1113
1767
1086
1137
1094
1557
1095
1136
1088
1594
1135
1136
1126
1135
1198
1593
1118
1126
1114
1118
1096
1195
1114
1097
1098
1138
1099
1102
1092
1102
1455
1085
1092
1075
1085
1074
1452
1075
1074
1100
1101
1533
1104
1131
1263
1091
1119
1544
1112
2143
1113
1937
1553
1468
2344
1144
1990
1115
1120
1165
1122
1210
1730
1749
1124
1132
1127
1261
1334
1159
1356
1401
1723
1842
1140
1095
1939
2162
1461
2118
2131
2367
1711
2466
1109
1125
1255
1121
1132
1833
1840
2264
1585
1576
1143
1176
1141
1248
1683
1146
1326
1433
1621
2177
1137
1338
1150
1291
1152
1200
1208
1270
1177
1283
1962
1294
1950
1669
1378
1201
1613
1713
1265
1288
1602
2311
1638
1188
1743
1852
1541
1782
1177
1890
2149
1289
1433
2177
1357
2287
2259
2260
1254
1683
1902
1199
1758
2121
1770
2452
1615
1706
2278
1745
2356
1800
2012
1177
1600
1231
1747
1769
1469
2174
1486
1496
1506
1749
1914
2439
1804
1952
1747
1741
1833
1954
1694
1730
1273
2164
1226
2112
1847
2009
2006
1564
1221
2160
1690
1256
1330
2350
1221
1771
1927
1201
1251
1735
1743
1794
1307
1380
1501
2147
1276
1371
1392
2024
2520
2081
2215
2408
1758
2092
1822
2143
1286
2517
1673
1927
1287
1771
2000
1668
2222
1472
1354
1997
1268
1534
1699
1794
2152
1520
1881
2100
1960
1811
2106
2059
1775
2070
2138
1401
1506
1606
1279
1260
1790
1408
1495
1559
1989
2262
1405
2178
2531
1700
2348
1319
1798
1348
2204
2408
1321
1395
1594
1636
1366
2020
1506
1657
1931
2266
1605
1637
1382
1462
1468
1313
1430
1316
2237
2298
1706
1886
1468
1439
2099
1466
1904
2378
1687
2367
1849
2182
2324
1630
1378
1380
1434
1701
1757
1321
1335
2244
1783
2120
2235
1912
1844
1367
2132
1318
2050
1316
1457
1761
1878
1482
1983
1864
2261
1384
1874
1786
2048
1841
1709
2060
1438
1530
1467
1456
1677
1575
1607
1691
1769
1335
2219
1378
1421
1619
1389
1627
1611
2103
1399
1460
1475
1608
1660
1363
2079
2169
1920
2101
1323
1947
2250
1450
2105
2547
2258
1509
2120
2357
1456
2011
1452
2071
1699
1803
2072
1368
1379
1508
1587
1712
1493
1969
2221
1479
1538
1563
1504
1586
2088
1778
2404
2098
1488
2026
1385
1583
1731
1825
2191
2496
1490
1464
1476
1348
1505
1515
2254
2526
1726
2054
2456
1548
1700
2359
1344
1724
1814
1335
1344
1499
2340
2313
2494
2463
1438
1902
1621
1443
2052
2038
1439
1457
1379
2255
1929
2139
1379
1393
1503
1992
1532
1575
1642
1805
1795
2156
1530
1791
1371
1687
1876
2397
2253
2461
2219
1435
1586
1595
1621
1844
2553
2189
2216
1475
1774
2108
2049
1595
1898
1900
1797
1395
1497
1390
1978
2036
1854
1970
1759
1513
1628
1685
1690
1905
1995
2044
1591
1797
2052
2179
2345
1641
1975
1406
1449
1798
2103
1518
2089
1852
2072
1774
2188
2230
1932
2554
1977
2354
1639
1762
1828
1836
1560
1845
1423
2042
1425
1897
1531
1998
1672
1703
1713
2089
2332
2013
2069
1817
1885
1408
1541
1729
2134
2213
1635
1802
1726
2297
1829
1955
2220
2479
1458
2393
1555
2384
2319
2399
2361
2246
1702
1787
1566
1620
2007
2230
2501
1458
1693
2231
1445
1592
1513
1519
2087
1444
1936
2314
1472
1918
1600
2370
1454
1675
1970
2093
1735
2017
1445
1467
1536
1835
1983
2402
2145
1642
1661
1557
1785
1500
2283
1651
2208
1766
1517
1899
1919
2063
1465
1808
1478
2057
2181
1974
2030
1808
2337
1564
1658
1661
1779
2107
2127
1946
1504
2098
1899
1507
1785
1623
1571
1587
1746
1776
2389
1757
1596
2174
1939
2440
1576
1717
1963
2245
1505
1992
1487
2327
1866
2376
2476
1497
1499
2394
1523
1528
2188
1957
2026
1606
2092
1503
1612
2209
1558
2101
2167
1640
2233
1574
1603
1862
1592
2286
1982
1973
1589
2248
1984
2256
2401
1895
2213
1659
1819
1597
1644
1973
1522
2021
1598
1988
1764
2558
1690
2248
1563
1765
1916
2050
2198
2037
1696
1936
2113
1612
2077
1644
2082
2040
2441
1994
1649
1872
1882
1597
1620
1698
2234
1739
1982
1742
1543
2020
2073
1688
1800
1546
1997
2076
2266
2000
2438
1665
2322
2158
1556
1990
2005
1574
1724
2032
1972
2190
2495
1644
1871
2029
1799
1789
1928
2023
1601
1702
1671
1754
1626
2185
1854
1981
1949
1588
2091
2180
2308
2544
2044
1757
1825
1941
2271
2194
2459
2064
2064
1617
2143
1926
2154
1799
1832
1591
1640
2380
1779
1595
2090
2090
1686
1799
1929
2217
2100
2042
1913
1675
2382
1898
2416
1762
1813
1639
1759
1611
1699
1874
1950
2067
1634
1657
1955
2347
1789
2004
1746
1822
1913
2311
1686
1677
1701
1726
1859
2315
2099
1953
1712
1877
2274
1976
2194
1879
2230
1634
1931
2072
1669
1968
1748
2117
1935
2130
1664
1910
2080
1988
2067
2214
2019
2444
1751
1819
1746
1865
2311
1948
2577
1676
2423
1802
1810
2074
2144
1863
2002
2359
1933
2049
2275
1713
2027
2343
2247
1670
1761
1780
1994
2146
2432
2437
1884
1975
2133
2361
2171
1803
1980
2008
2294
2121
1681
1678
1742
2035
1923
2327
1919
1971
2155
2011
2280
1705
1922
2006
2169
2022
1747
2189
1925
2097
1749
1984
2137
2269
1962
2082
2431
2563
2141
2006
2069
1897
2257
1881
1990
2460
1851
2285
2578
1753
2415
2058
2580
2291
2433
1816
2344
1756
1791
1857
1979
2245
1886
2225
1763
2087
1880
2183
2298
2467
1732
2132
2240
1919
2196
1809
2394
2397
1902
2036
2475
2290
2030
2292
2515
2127
1930
1780
1846
2282
1784
2169
1772
1813
2016
1836
2302
2234
2074
2289
1921
1796
2075
2502
2210
2174
1892
1869
1916
1962
2481
1908
1986
2471
2340
1961
2111
2398
2135
2106
2226
2272
2266
2336
1824
2308
2417
1838
2095
2286
1884
2202
2304
2042
1885
2362
2300
2255
1901
2382
2427
1838
1841
1846
1852
2284
1864
2247
2057
2003
2480
2265
1950
2137
2228
2219
1948
2124
2281
2198
2251
1818
1948
2581
2399
1910
2068
2157
2142
2140
2171
1872
2146
1838
1906
2094
2306
2109
2223
2181
2392
2096
1949
2053
1935
1933
2509
1877
1849
2115
1837
1845
2255
1843
2032
1863
2462
2385
2129
1872
1994
1869
2201
2267
1873
2046
2252
2160
2395
1915
2062
2210
2236
1947
2105
2446
2116
2502
2448
1951
1906
1926
2366
1895
2341
2013
2065
1937
2435
2104
2203
2199
2152
2086
2365
2541
2251
1926
2186
2343
2501
1951
2457
2032
2239
2134
2079
2514
2004
2003
2048
2303
2071
2364
1903
2068
2102
2005
2372
2041
2389
2165
2047
2056
2336
2187
2123
2334
2010
2051
2187
2441
2349
2493
2059
2299
2246
2261
2082
2445
2503
2109
2277
2065
2423
2447
2519
1967
2000
2133
2404
2021
2117
2139
2455
1935
1952
2195
2354
1967
1979
2129
2202
2024
2568
2141
2363
1996
2250
2003
2018
2267
2217
2170
2499
2377
2007
2203
1987
2241
2128
2213
2326
2369
2025
2368
2163
2432
2229
2338
2307
2335
2147
2413
2242
2373
2522
2238
2473
2283
2288
1988
2080
2227
2332
2031
2059
2118
2001
2512
2207
2299
2097
2388
2015
2061
2148
2115
2212
2045
2295
2465
2371
2409
2563
2034
2031
2027
2018
2293
2441
2181
2496
2142
2039
2046
2133
2044
2421
2368
2398
2497
2414
2151
2131
2234
2034
2046
2419
2276
2325
2358
2211
2431
2095
2262
2272
2199
2134
2145
2166
2561
2571
2312
2402
2175
2490
2047
2258
2274
2220
2339
2267
2400
2394
2175
2378
2084
2295
2529
2328
2381
2256
2346
2468
2558
2373
2069
2477
2560
2080
2419
2192
2504
2403
2151
2150
2301
2329
2148
2310
2482
2490
2351
2425
2319
2351
2484
2339
2443
2136
2124
2140
2162
2391
2121
2252
2201
2123
2210
2129
2314
2293
2413
2155
2193
2347
2196
2279
2380
2423
2216
2328
2442
2412
2462
2125
2368
2153
2171
2444
2315
2301
2359
2158
2160
2162
2316
2137
2238
2325
2400
2455
2305
2326
2338
2431
2240
2209
2406
2165
2329
2218
2536
2211
2222
2341
2354
2265
2464
2353
2362
2429
2212
2305
2205
2521
2159
2233
2331
2170
2236
2277
2188
2396
2503
2437
2245
2383
2523
2559
2326
2215
2366
2424
2244
2398
2403
2515
2557
2540
2192
2276
2485
2239
2469
2259
2371
2478
2486
2205
2242
2466
2228
2338
2330
2307
2225
2226
2348
2223
2448
2206
2331
2500
2270
2492
2390
2552
2251
2307
2554
2416
2452
2564
2334
2288
2524
2232
2273
2576
2270
2357
2408
2284
2550
2477
2509
2393
2581
2492
2500
2513
2525
2247
2427
2513
2343
2342
2348
2506
2312
2498
2541
2545
2297
2289
2443
2339
2323
2383
2540
2335
2518
2569
2526
2316
2521
2577
2413
2580
2499
2401
2548
2552
2578
2504
2536
2511
2542
2512
2485
2579
2516
2530
2523
2532
2370
2411
2528
2540
2559
2456
2560
2518
2538
2527
2535
2537
2356
2524
2434
2482
2400
2562
2410
2428
2387
2374
2396
2542
2414
2442
2422
2453
2406
2327
2447
2378
2564
2486
2469
2488
2575
2476
2353
2388
2510
2349
2390
2550
2470
2352
2350
2405
2425
2404
2418
2538
2482
2376
2427
2418
2480
2402
2548
2478
2502
2508
2465
2484
2377
2547
2401
2487
2473
2451
2430
2472
2517
2507
2382
2469
2539
2445
2466
2393
2492
2421
2419
2568
2477
2525
2412
2498
2543
2436
2457
2474
2508
2426
2486
2504
2428
2454
2566
2454
2449
2563
2461
2450
2556
2534
2551
2513
2562
2488
2516
2490
2458
2449
2574
2506
2511
2500
2521
2522
2534
2543
2529
2495
2570
2512
2572
2555
2463
2545
2494
2555
2523
2530
2510
2499
2509
2533
2527
2532
2472
2506
2474
2535
2567
2511
2497
2524
2536
2538
2518
2567
2495
2573
2498
2548
2489
2528
2571
2537
2574
2565
2542
2515
2528
2549
2541
2560
2575
2559
2553
2570
2558
2552
2561
2572
2566
2569
2572
2573
)


// ************************************************************************* //
