/*--------------------------------*- C++ -*----------------------------------*\
| =========                 |                                                 |
| \\      /  F ield         | OpenFOAM: The Open Source CFD Toolbox           |
|  \\    /   O peration     | Version:  2412                                  |
|   \\  /    A nd           | Website:  www.openfoam.com                      |
|    \\/     M anipulation  |                                                 |
\*---------------------------------------------------------------------------*/
FoamFile
{
    version     2.0;
    format      ascii;
    arch        "LSB;label=32;scalar=64";
    class       vectorField;
    location    "constant/polyMesh";
    object      points;
}
// * * * * * * * * * * * * * * * * * * * * * * * * * * * * * * * * * * * * * //


2734
(
(0 0 0)
(-10 -10 0)
(20 -10 0)
(-10 10 0)
(20 10 0)
(-10 -10 0.001)
(20 -10 0.001)
(-10 10 0.001)
(20 10 0.001)
(0 0 0.001)
(0.01226787719 0.01473823041 0)
(0.03071885679 0.0218304223 0)
(0.05016071524 0.02563714644 0)
(0.06987167083 0.02769543089 0)
(0.08967027314 0.02862008453 0)
(0.1094909965 0.02872352095 0)
(0.1293051867 0.02818953308 0)
(0.1490988685 0.02713790911 0)
(0.1688648485 0.02565234372 0)
(0.1885994042 0.02379452419 0)
(0.2083007329 0.02161184377 0)
(0.2279681572 0.01914192624 0)
(0.2476016876 0.01641543635 0)
(0.2672017692 0.01345790884 0)
(0.2867691263 0.01029098488 0)
(0.3063046633 0.006933274401 0)
(0.3258093992 0.003400974015 0)
(0.3452844217 -0.0002916853033 0)
(0.3647308531 -0.00413210718 0)
(0.3841498296 -0.008109057105 0)
(0.4035424847 -0.01221245984 0)
(0.4229099354 -0.01643324309 0)
(0.4422532697 -0.02076322299 0)
(0.4615735377 -0.02519500262 0)
(0.4808717488 -0.02972187599 0)
(0.5001488654 -0.03433776149 0)
(0.5194057969 -0.03903715368 0)
(0.5386433949 -0.04381508072 0)
(0.557862453 -0.04866705186 0)
(0.5770637042 -0.05358902441 0)
(0.5962478178 -0.05857738006 0)
(0.6154153954 -0.06362890487 0)
(0.6345669727 -0.06874075911 0)
(0.6537030171 -0.07391045883 0)
(0.6728239265 -0.07913586144 0)
(0.6919300272 -0.08441515473 0)
(0.7110215737 -0.08974684195 0)
(0.7300987479 -0.09512972862 0)
(0.7491616584 -0.1005629134 0)
(0.768210339 -0.1060457797 0)
(0.7872447482 -0.1115779876 0)
(0.806264768 -0.1171594661 0)
(0.8252702031 -0.1227904066 0)
(0.8442607797 -0.1284712557 0)
(0.8632361446 -0.13420271 0)
(0.8821958636 -0.1399857096 0)
(0.9011394198 -0.1458214354 0)
(0.9200662145 -0.1517112948 0)
(0.938975573 -0.1576568935 0)
(0.9578668081 -0.1636598278 0)
(0.9767362031 -0.1697309598 0)
(0.9560775891 -0.1738173422 0)
(0.9362724201 -0.1729993653 0)
(0.9164699093 -0.1721192876 0)
(0.8966700885 -0.1711806197 0)
(0.8768730329 -0.1701853275 0)
(0.8570788221 -0.1691349711 0)
(0.8372875387 -0.1680308251 0)
(0.8174992688 -0.1668739231 0)
(0.7977141063 -0.1656650403 0)
(0.7779321555 -0.1644046902 0)
(0.7581535348 -0.1630931193 0)
(0.7383783791 -0.1617303014 0)
(0.7186068438 -0.1603159314 0)
(0.6988391078 -0.1588494181 0)
(0.6790753776 -0.1573298776 0)
(0.6593158906 -0.1557561252 0)
(0.6395609197 -0.1541266675 0)
(0.619810778 -0.1524396899 0)
(0.6000658245 -0.1506930431 0)
(0.5803264693 -0.1488842329 0)
(0.5605931806 -0.1470104079 0)
(0.5408664919 -0.1450683421 0)
(0.5211470121 -0.1430544066 0)
(0.5014354351 -0.1409645519 0)
(0.4817325509 -0.1387942866 0)
(0.4620392598 -0.1365386476 0)
(0.4423565901 -0.1341921504 0)
(0.4226857175 -0.131748751 0)
(0.4030279872 -0.1292018029 0)
(0.3833849421 -0.126543996 0)
(0.3637583589 -0.1237672681 0)
(0.3441502908 -0.1208627119 0)
(0.3245631187 -0.1178204723 0)
(0.3049996172 -0.1146296039 0)
(0.2854630398 -0.1112778861 0)
(0.2659572316 -0.1077515746 0)
(0.2464867746 -0.104035101 0)
(0.2270571837 -0.1001106688 0)
(0.20767518 -0.09595769449 0)
(0.1883490785 -0.09155203153 0)
(0.1690893566 -0.08686486137 0)
(0.149909519 -0.08186106182 0)
(0.1308274683 -0.07649671546 0)
(0.1118678 -0.07071513003 0)
(0.09306589739 -0.06444012127 0)
(0.07447586013 -0.05756390928 0)
(0.05618746985 -0.04992359356 0)
(0.03836913936 -0.04124802912 0)
(0.02140161667 -0.03102158137 0)
(0.006488526216 -0.01804702436 0)
(-8 -10 0)
(-6 -10 0)
(-4 -10 0)
(-2 -10 0)
(0 -10 0)
(2 -10 0)
(4 -10 0)
(6 -10 0)
(8 -10 0)
(10 -10 0)
(12 -10 0)
(14 -10 0)
(16 -10 0)
(18 -10 0)
(-10 8 0)
(-10 6 0)
(-10 4 0)
(-10 2 0)
(-10 0 0)
(-10 -2 0)
(-10 -4 0)
(-10 -6 0)
(-10 -8 0)
(20 -8 0)
(20 -6 0)
(20 -4 0)
(20 -2 0)
(20 0 0)
(20 2 0)
(20 4 0)
(20 6 0)
(20 8 0)
(18 10 0)
(16 10 0)
(14 10 0)
(12 10 0)
(10 10 0)
(8 10 0)
(6 10 0)
(4 10 0)
(2 10 0)
(0 10 0)
(-2 10 0)
(-4 10 0)
(-6 10 0)
(-8 10 0)
(-8 -10 0.001)
(-6 -10 0.001)
(-4 -10 0.001)
(-2 -10 0.001)
(0 -10 0.001)
(2 -10 0.001)
(4 -10 0.001)
(6 -10 0.001)
(8 -10 0.001)
(10 -10 0.001)
(12 -10 0.001)
(14 -10 0.001)
(16 -10 0.001)
(18 -10 0.001)
(-10 8 0.001)
(-10 6 0.001)
(-10 4 0.001)
(-10 2 0.001)
(-10 0 0.001)
(-10 -2 0.001)
(-10 -4 0.001)
(-10 -6 0.001)
(-10 -8 0.001)
(20 -8 0.001)
(20 -6 0.001)
(20 -4 0.001)
(20 -2 0.001)
(20 0 0.001)
(20 2 0.001)
(20 4 0.001)
(20 6 0.001)
(20 8 0.001)
(18 10 0.001)
(16 10 0.001)
(14 10 0.001)
(12 10 0.001)
(10 10 0.001)
(8 10 0.001)
(6 10 0.001)
(4 10 0.001)
(2 10 0.001)
(0 10 0.001)
(-2 10 0.001)
(-4 10 0.001)
(-6 10 0.001)
(-8 10 0.001)
(0.01226787719 0.01473823041 0.001)
(0.03071885679 0.0218304223 0.001)
(0.05016071524 0.02563714644 0.001)
(0.06987167083 0.02769543089 0.001)
(0.08967027314 0.02862008453 0.001)
(0.1094909965 0.02872352095 0.001)
(0.1293051867 0.02818953308 0.001)
(0.1490988685 0.02713790911 0.001)
(0.1688648485 0.02565234372 0.001)
(0.1885994042 0.02379452419 0.001)
(0.2083007329 0.02161184377 0.001)
(0.2279681572 0.01914192624 0.001)
(0.2476016876 0.01641543635 0.001)
(0.2672017692 0.01345790884 0.001)
(0.2867691263 0.01029098488 0.001)
(0.3063046633 0.006933274401 0.001)
(0.3258093992 0.003400974015 0.001)
(0.3452844217 -0.0002916853033 0.001)
(0.3647308531 -0.00413210718 0.001)
(0.3841498296 -0.008109057105 0.001)
(0.4035424847 -0.01221245984 0.001)
(0.4229099354 -0.01643324309 0.001)
(0.4422532697 -0.02076322299 0.001)
(0.4615735377 -0.02519500262 0.001)
(0.4808717488 -0.02972187599 0.001)
(0.5001488654 -0.03433776149 0.001)
(0.5194057969 -0.03903715368 0.001)
(0.5386433949 -0.04381508072 0.001)
(0.557862453 -0.04866705186 0.001)
(0.5770637042 -0.05358902441 0.001)
(0.5962478178 -0.05857738006 0.001)
(0.6154153954 -0.06362890487 0.001)
(0.6345669727 -0.06874075911 0.001)
(0.6537030171 -0.07391045883 0.001)
(0.6728239265 -0.07913586144 0.001)
(0.6919300272 -0.08441515473 0.001)
(0.7110215737 -0.08974684195 0.001)
(0.7300987479 -0.09512972862 0.001)
(0.7491616584 -0.1005629134 0.001)
(0.768210339 -0.1060457797 0.001)
(0.7872447482 -0.1115779876 0.001)
(0.806264768 -0.1171594661 0.001)
(0.8252702031 -0.1227904066 0.001)
(0.8442607797 -0.1284712557 0.001)
(0.8632361446 -0.13420271 0.001)
(0.8821958636 -0.1399857096 0.001)
(0.9011394198 -0.1458214354 0.001)
(0.9200662145 -0.1517112948 0.001)
(0.938975573 -0.1576568935 0.001)
(0.9578668081 -0.1636598278 0.001)
(0.9767362031 -0.1697309598 0.001)
(0.9560775891 -0.1738173422 0.001)
(0.9362724201 -0.1729993653 0.001)
(0.9164699093 -0.1721192876 0.001)
(0.8966700885 -0.1711806197 0.001)
(0.8768730329 -0.1701853275 0.001)
(0.8570788221 -0.1691349711 0.001)
(0.8372875387 -0.1680308251 0.001)
(0.8174992688 -0.1668739231 0.001)
(0.7977141063 -0.1656650403 0.001)
(0.7779321555 -0.1644046902 0.001)
(0.7581535348 -0.1630931193 0.001)
(0.7383783791 -0.1617303014 0.001)
(0.7186068438 -0.1603159314 0.001)
(0.6988391078 -0.1588494181 0.001)
(0.6790753776 -0.1573298776 0.001)
(0.6593158906 -0.1557561252 0.001)
(0.6395609197 -0.1541266675 0.001)
(0.619810778 -0.1524396899 0.001)
(0.6000658245 -0.1506930431 0.001)
(0.5803264693 -0.1488842329 0.001)
(0.5605931806 -0.1470104079 0.001)
(0.5408664919 -0.1450683421 0.001)
(0.5211470121 -0.1430544066 0.001)
(0.5014354351 -0.1409645519 0.001)
(0.4817325509 -0.1387942866 0.001)
(0.4620392598 -0.1365386476 0.001)
(0.4423565901 -0.1341921504 0.001)
(0.4226857175 -0.131748751 0.001)
(0.4030279872 -0.1292018029 0.001)
(0.3833849421 -0.126543996 0.001)
(0.3637583589 -0.1237672681 0.001)
(0.3441502908 -0.1208627119 0.001)
(0.3245631187 -0.1178204723 0.001)
(0.3049996172 -0.1146296039 0.001)
(0.2854630398 -0.1112778861 0.001)
(0.2659572316 -0.1077515746 0.001)
(0.2464867746 -0.104035101 0.001)
(0.2270571837 -0.1001106688 0.001)
(0.20767518 -0.09595769449 0.001)
(0.1883490785 -0.09155203153 0.001)
(0.1690893566 -0.08686486137 0.001)
(0.149909519 -0.08186106182 0.001)
(0.1308274683 -0.07649671546 0.001)
(0.1118678 -0.07071513003 0.001)
(0.09306589739 -0.06444012127 0.001)
(0.07447586013 -0.05756390928 0.001)
(0.05618746985 -0.04992359356 0.001)
(0.03836913936 -0.04124802912 0.001)
(0.02140161667 -0.03102158137 0.001)
(0.006488526216 -0.01804702436 0.001)
(9.032851684 8.344714324 0)
(9.001807093 -8.302553788 0)
(18.37435308 1.052019996 0)
(-8.883731602 2.973735193 0)
(-8.225348614 -2.916894581 0)
(-2.999078739 8.357668927 0)
(-3.132802992 -8.303302413 0)
(0.6696674553 -0.1758518569 0)
(2.943263566 8.616184672 0)
(0.7061322 -0.07051209396 0)
(3.014146982 -8.327998249 0)
(13.00760207 8.35894791 0)
(12.92222396 -8.066736158 0)
(18.1234748 -3.004082218 0)
(18.63611753 4.946966388 0)
(17.02183064 -8.29505224 0)
(-6.891513984 -8.103080753 0)
(-8.358247117 7.095480967 0)
(16.99171203 8.308170479 0)
(-4.944803343 -8.328771452 0)
(-4.018525784 -6.775686433 0)
(-2.34931835 -6.730111784 0)
(-3.127978275 -5.473633709 0)
(-1.847899844 -5.366940249 0)
(-2.443962534 -4.414929094 0)
(0.3909047367 -0.1448842737 0)
(-1.397673295 -4.347424067 0)
(-1.87507777 -3.549861912 0)
(-1.039688285 -3.488043111 0)
(-1.400406557 -2.723614673 0)
(0.2137696034 -0.1148194765 0)
(-0.6771351864 -2.798369148 0)
(-2.223692816 -2.808676259 0)
(-1.860090977 -2.127839867 0)
(-2.544540433 -2.14755872 0)
(-2.197047458 -1.547478072 0)
(-2.873460987 -1.54116198 0)
(-2.491028584 -0.9513613751 0)
(-0.2881486042 -3.336628949 0)
(0.03073806398 -2.667587873 0)
(0.3700666573 -3.226740364 0)
(0.6565653505 -2.66981368 0)
(0.9865156273 -3.140715726 0)
(1.191584978 -2.606250227 0)
(1.57338023 -3.044725135 0)
(1.795412691 -2.469514489 0)
(2.207866625 -2.992962926 0)
(2.495702809 -2.353044978 0)
(2.91805401 -2.909428681 0)
(3.192921279 -2.207405829 0)
(3.715549411 -2.831859097 0)
(4.028821409 -2.019764955 0)
(4.63842076 -2.73844122 0)
(4.973866619 -1.809159569 0)
(4.239877247 -1.059557736 0)
(5.327956553 -0.8174314594 0)
(6.092357383 -1.639004037 0)
(6.478476195 -0.5178598602 0)
(7.356119216 -1.455262651 0)
(7.761289744 -0.1617416015 0)
(4.571690127 0.1834358003 0)
(-0.3818075362 -2.244957223 0)
(8.71227235 -1.211656861 0)
(-3.213732419 -0.92610117 0)
(-2.687348376 -0.3033514301 0)
(9.137035968 0.1780087098 0)
(0.8551056016 -2.135470016 0)
(0.8461963844 -0.1857653185 0)
(-1.848961257 -0.9999400066 0)
(2.776417569 -1.687035904 0)
(-3.579955819 -0.262328682 0)
(-3.145390144 0.410233707 0)
(-2.355339383 0.3951018031 0)
(-2.711744948 1.056000665 0)
(-1.930529922 1.004869661 0)
(0.2188460999 0.03813907086 0)
(-2.285742225 1.676046288 0)
(-1.594661926 1.672451643 0)
(0.4584699364 -0.004859669594 0)
(-1.877319774 2.3050871 0)
(-1.08062619 2.167637082 0)
(-2.649211437 2.37217717 0)
(-1.427644889 2.924253591 0)
(-0.6637380827 2.842835473 0)
(-0.3203490978 2.18879598 0)
(0.1208104667 2.83144351 0)
(0.3453444235 2.184464808 0)
(0.7707483792 2.676732147 0)
(1.008704664 2.126665319 0)
(1.473740237 2.755764567 0)
(-0.1674196658 3.569418763 0)
(10.14740799 -0.9297603193 0)
(10.61724447 0.5622471041 0)
(-3.612104393 -4.180965222 0)
(0.7307742693 -3.642768941 0)
(8.133815336 1.217361128 0)
(6.882412851 -2.660637191 0)
(-1.656473755 0.3664328364 0)
(-3.61613898 -1.671991009 0)
(-0.01428743208 1.614293145 0)
(2.587275259 -3.534016979 0)
(-4.035000381 0.4920059631 0)
(11.68079855 -0.6315431521 0)
(12.17133774 0.8940144412 0)
(11.06293492 2.119626038 0)
(9.642613471 -2.395864313 0)
(4.244273836 -3.651433111 0)
(12.67854831 2.484108465 0)
(1.713260315 1.906065934 0)
(2.335258699 2.670872685 0)
(1.922538766 3.58000608 0)
(2.989579407 3.514877802 0)
(-4.504947726 -0.2933472042 0)
(1.368769083 1.292445965 0)
(0.8585193359 -0.1155416172 0)
(13.27726179 -0.3283071372 0)
(12.75236931 -1.909567159 0)
(-5.025136436 0.5452040086 0)
(1.987512173 1.196954197 0)
(1.751825217 0.737753812 0)
(1.173903474 0.8527559459 0)
(2.204529403 0.6173841538 0)
(2.01280147 0.1566067779 0)
(2.757453415 1.118512817 0)
(-0.735031274 -5.117601936 0)
(11.51315357 3.710644643 0)
(1.468558743 0.246970056 0)
(2.466632035 0.1450780891 0)
(2.513564581 4.481274327 0)
(3.680955767 4.41686356 0)
(4.168055969 3.375718057 0)
(4.910022902 4.340787022 0)
(-5.595765176 -0.3941752658 0)
(13.12985341 4.065054539 0)
(2.134001059 -0.2193830617 0)
(2.695553631 -0.3402655496 0)
(-4.41784789 1.399607881 0)
(5.450870706 3.200938308 0)
(6.249227785 4.261803916 0)
(5.649489672 5.513623474 0)
(14.3683549 2.863884873 0)
(7.076859849 5.414768157 0)
(-6.203290677 0.6227876648 0)
(7.618267295 4.136295722 0)
(8.650084754 5.328289829 0)
(14.36051755 -1.574953544 0)
(13.77734205 -3.228006088 0)
(1.382611943 4.500431733 0)
(1.985461427 5.515338434 0)
(0.7496725286 5.527268512 0)
(3.100639498 0.07564029569 0)
(-7.11278501 -0.5061757973 0)
(-5.933320375 -1.642713733 0)
(12.16731526 -3.501656698 0)
(-2.975629992 -2.736292215 0)
(14.7942894 4.798284213 0)
(14.97641847 0.0468353161 0)
(6.424520785 6.744417559 0)
(13.26917816 -4.92459499 0)
(11.42561176 -5.355016014 0)
(15.14739026 -4.45007073 0)
(4.573583536 2.196750344 0)
(11.88720282 5.357693994 0)
(-7.502827896 0.682747993 0)
(1.409299778 6.625122202 0)
(0.05194315773 6.624802403 0)
(-0.5433724557 5.306929543 0)
(5.985087683 2.049687006 0)
(-1.959352485 -0.1266655459 0)
(-1.438494456 -0.08883568116 0)
(-1.147274694 0.2014848111 0)
(-1.024205682 -0.1746810981 0)
(-0.8075275126 0.23811923 0)
(-0.7049361646 -0.1198446962 0)
(0.0759560023 -0.07839644628 0)
(-0.9449184672 0.4940656413 0)
(-0.655015578 0.4384852123 0)
(0.05841838516 0.04370755511 0)
(-0.7471319823 0.7221551969 0)
(-0.4658756959 0.6206469117 0)
(-0.361463588 0.3853412425 0)
(-0.2145896325 0.5521587802 0)
(-0.1370226601 0.4059042888 0)
(-0.01466706165 0.4888803632 0)
(0.3393947736 0.01759458599 0)
(0.2794967329 0.02822211526 0)
(0.3768141927 0.01037553597 0)
(-0.2809678778 0.2443788941 0)
(0.04805475513 0.3520165956 0)
(0.141112267 0.04575760989 0)
(0.09881389713 0.04649958352 0)
(0.1493801749 0.4412963727 0)
(0.2058721847 0.3375140131 0)
(0.2946781286 0.4072490328 0)
(0.5908980324 -0.03883130099 0)
(0.5348716571 -0.0244576209 0)
(0.4935183432 -0.01497810021 0)
(0.6294568042 -0.04956299042 0)
(0.2681306375 0.5883851775 0)
(0.3412181151 0.3046882043 0)
(0.4328482975 0.374637413 0)
(0.488750671 0.278839623 0)
(0.5543820058 0.3225596351 0)
(0.6156481145 0.2414623246 0)
(-0.06271866593 0.2305676395 0)
(0.6878264935 0.3197106604 0)
(0.743876288 0.2199808643 0)
(0.7824554289 -0.09257011449 0)
(0.744302683 -0.08142531899 0)
(0.820578209 -0.1037382179 0)
(0.8166932469 0.2634440815 0)
(0.8801486531 0.1801640123 0)
(0.9338678636 -0.1379123607 0)
(-0.02172503092 0.7337927323 0)
(0.9509369014 0.2545302041 0)
(1.017055601 0.1470754076 0)
(0.5782501979 0.485074718 0)
(0.4554594929 0.7242522692 0)
(0.1112316462 0.2259491418 0)
(0.9179816091 0.04515540547 0)
(0.3929042421 0.1739985404 0)
(0.6540496349 0.119149102 0)
(-1.275239544 -0.4121615328 0)
(-0.539109927 0.9546530668 0)
(1.120591919 0.2334598851 0)
(1.184831513 0.1074311766 0)
(-0.5515305828 0.20950938 0)
(-1.113387301 0.8292256094 0)
(0.2427410101 0.1966956008 0)
(0.5168920243 0.1494984579 0)
(0.8290361711 0.4265263186 0)
(0.7896754147 0.0843994494 0)
(1.056692838 0.007777532133 0)
(16.10525363 3.181911854 0)
(5.28976651 -3.587759637 0)
(4.837902875 -4.63502188 0)
(6.087151616 -4.566169315 0)
(5.56647778 -5.777189429 0)
(6.985819919 -5.630139632 0)
(4.212765363 -5.814992246 0)
(4.978127305 -7.025145837 0)
(1.71430968 -0.1985841121 0)
(-1.280721142 6.540640984 0)
(-1.870133025 5.380889445 0)
(-0.6151604499 1.672200913 0)
(0.1353400194 -2.105861838 0)
(-0.1753027058 -1.775857211 0)
(-0.7397509367 -1.826532384 0)
(-0.428918222 -1.453511257 0)
(-0.0317590874 -1.403640976 0)
(-0.2329479224 -1.138037244 0)
(0.04860283374 -1.100166746 0)
(0.529243152 -0.1611783941 0)
(0.469927425 -0.1547658736 0)
(0.588626153 -0.1669083904 0)
(-0.1035583327 -0.9070728909 0)
(0.1298517046 -0.8677427209 0)
(0.2775387709 -1.050777186 0)
(0.3590833984 -0.8265758109 0)
(0.4858918155 -1.008361803 0)
(0.5656889803 -0.823029833 0)
(0.6839765565 -0.9840274838 0)
(0.7673287397 -0.7671258024 0)
(0.8900423925 -0.9663699434 0)
(0.9828279937 -0.7497625555 0)
(0.2333966964 -0.6994614322 0)
(0.4306506081 -0.1499289068 0)
(1.122363143 -0.9282877238 0)
(0.6232925607 -0.6573630786 0)
(-0.3606554278 -0.9029865551 0)
(0.002811378402 -0.03739123913 0)
(-0.2077037824 -0.6926245951 0)
(0.4085915159 -1.209547826 0)
(-0.4671234897 -0.6768314988 0)
(-0.3042313428 -0.4815512988 0)
(-0.1157104245 -0.5182378443 0)
(-0.2346237511 -0.307023049 0)
(-0.07013833008 -0.3416609362 0)
(-0.6318593799 -0.8936801271 0)
(1.026073629 -1.181998177 0)
(1.314494295 -1.133606841 0)
(1.189941921 -0.7061511039 0)
(1.039402621 -0.5618363889 0)
(0.9451477175 -0.1903735783 0)
(0.9057269479 -0.1888403281 0)
(1.220007721 -0.4875709197 0)
(1.362475808 -0.6192729973 0)
(1.129136295 -0.383140502 0)
(-0.85318215 -1.445487155 0)
(1.200528905 -1.433175778 0)
(1.549991912 -1.387436081 0)
(-0.3991362951 -0.3158960405 0)
(-0.2941193304 -0.2013016763 0)
(1.42737311 -1.734381382 0)
(0.8614734313 -1.454320273 0)
(-0.0282315336 -0.6287500242 0)
(0.01778299733 -0.4995648315 0)
(1.644304382 -1.02822756 0)
(2.342560748 -0.7647082656 0)
(0.4764896431 -0.6738685737 0)
(0.5395463269 -0.5486091246 0)
(0.653248451 -0.5259788499 0)
(0.767506718 -0.1796241376 0)
(0.7285279971 -0.1778226438 0)
(0.8068981421 -0.1832360663 0)
(0.5776202148 -0.4337833654 0)
(0.4793178316 -0.4538824576 0)
(0.6854342848 -0.4040247414 0)
(0.506741965 -0.3699515527 0)
(0.430584497 -0.3801003166 0)
(0.2923187158 -0.129879132 0)
(0.2530379058 -0.1225405897 0)
(0.3316489957 -0.1363615052 0)
(0.4629651141 -0.3135734868 0)
(0.3900920421 -0.3093111835 0)
(0.3547309584 -0.3841242862 0)
(0.3158802135 -0.3213154067 0)
(0.5230322971 -0.2925239109 0)
(0.2772020877 -0.389738406 0)
(0.2441849203 -0.3209619015 0)
(0.342706942 -0.2537729763 0)
(0.4811088655 -0.260251425 0)
(0.5433192698 -0.2530939445 0)
(0.5792233446 -0.2730720959 0)
(0.7618382621 -0.4970663504 0)
(0.772590321 -0.3910363477 0)
(0.7082154132 -0.3238394381 0)
(0.7778825561 -0.3218935546 0)
(0.8309019821 -0.3529189048 0)
(0.8434291143 -0.3008534776 0)
(0.8874605575 -0.3211493637 0)
(0.3214449653 -0.4605784823 0)
(0.9000259618 -0.2802180485 0)
(0.935404404 -0.2964954056 0)
(0.7188274589 -0.2706852609 0)
(0.5902117832 -0.2341538359 0)
(0.6282248834 -0.1703873029 0)
(0.6227269643 -0.2751756026 0)
(0.7950301947 -0.2576566054 0)
(0.9459483464 -0.2610154042 0)
(0.9749758631 -0.2756265424 0)
(0.9832037627 -0.2475041217 0)
(1.007405823 -0.2592546157 0)
(1.013556765 -0.2335591597 0)
(1.036186504 -0.2445842937 0)
(1.046267317 -0.2197928858 0)
(1.069656586 -0.236182421 0)
(1.065491602 -0.2027503891 0)
(1.105611847 -0.2213906201 0)
(1.048480191 -0.1820698924 0)
(1.069920658 -0.1708311596 0)
(1.043085446 -0.1582581191 0)
(1.073182994 -0.1399495541 0)
(1.044685695 -0.1282096182 0)
(1.109319557 -0.1567651899 0)
(1.071101293 -0.1065223756 0)
(0.9895619191 -0.3347911485 0)
(1.039912034 -0.2855932557 0)
(1.019647896 -0.1421363342 0)
(1.020707768 -0.1163280249 0)
(0.9721309944 -0.1504099992 0)
(0.9882091788 -0.2134850567 0)
(0.630450358 -0.2282420514 0)
(0.5579339778 -0.2106214692 0)
(0.8593410662 -0.2435768625 0)
(0.8984190059 -0.3986152647 0)
(0.6142823157 -0.3149984723 0)
(0.2296680207 -0.4682094136 0)
(0.911315016 -0.233123287 0)
(0.6500657327 -0.2500039289 0)
(0.6646550688 -0.2227545354 0)
(1.00110648 -0.1271640198 0)
(0.997987968 -0.1038776674 0)
(1.021713525 -0.08796054994 0)
(0.9937417271 -0.07498332883 0)
(0.9702994412 -0.09423491701 0)
(0.9638795722 -0.06268774648 0)
(0.9395686422 -0.08509217025 0)
(0.8957459273 -0.1277555031 0)
(0.9329718198 -0.05115837726 0)
(0.9125033943 -0.07393768543 0)
(0.9001560247 -0.04396968541 0)
(0.8755480156 -0.05845788595 0)
(0.8669107605 -0.03172289382 0)
(0.8423332765 -0.04644078246 0)
(0.8335393346 -0.01886111497 0)
(0.8084805458 -0.03356258593 0)
(0.6003401956 -0.2069646762 0)
(0.9920973317 -0.157187986 0)
(0.9951693699 -0.1770658588 0)
(0.5132127355 -0.2129019341 0)
(0.4359472625 -0.2519447094 0)
(0.4557454173 -0.2158575893 0)
(0.4122594871 -0.2210577338 0)
(1.017440356 -0.1976869796 0)
(-1.582606505 -1.504400194 0)
(0.8482699027 -0.08191097527 0)
(0.4297782527 -0.1861554289 0)
(0.9600325617 -0.02667637864 0)
(0.7993266998 -0.00553342571 0)
(0.7734286365 -0.02082253823 0)
(0.7636886147 0.007372974765 0)
(0.7370742333 -0.007872887522 0)
(0.7275450685 0.02248842746 0)
(0.693073071 0.006885350867 0)
(0.6677939152 -0.05993491428 0)
(0.707287189 -0.03169897196 0)
(-0.7307549598 -0.6265096518 0)
(-0.949692132 -0.8603389075 0)
(1.7583957 -1.673944889 0)
(0.9540705925 -0.2218679563 0)
(3.520173421 0.6857508003 0)
(0.7444084881 -0.04428183412 0)
(0.8143376999 -0.06881867621 0)
(0.6421316624 -0.1984548619 0)
(0.7804052817 -0.05649619271 0)
(0.4068996957 -0.5401689309 0)
(2.90854292 -0.9847268505 0)
(9.919800264 3.228918756 0)
(0.8830178813 -0.09205510168 0)
(1.0201845 -0.1641533623 0)
(1.433256559 -0.4442729445 0)
(1.608403755 -0.646363028 0)
(5.120649051 6.916774852 0)
(0.6408717012 1.313918108 0)
(16.23932173 -1.493558937 0)
(0.9818919891 -0.1921599203 0)
(-0.4478758952 -0.1493017156 0)
(-0.378219313 -0.01739934946 0)
(-0.197018693 -0.07141613208 0)
(-0.5776447804 -0.2759057135 0)
(-0.1552412127 -0.2016826415 0)
(7.435099988 -4.051868802 0)
(8.554073463 -5.415305711 0)
(0.6910195177 0.0437321256 0)
(0.6614735115 0.01999333332 0)
(0.6686122962 -0.01875656649 0)
(-1.192761028 -8.005513443 0)
(0.5755082753 -8.193602523 0)
(-0.7567072214 -0.3643381857 0)
(0.9156101395 -0.1008899147 0)
(0.9366453005 -0.1100724049 0)
(0.2189764358 -1.705473202 0)
(-1.279726936 -2.010334188 0)
(3.427670998 1.724638731 0)
(0.8288500863 0.02898356551 0)
(0.283016174 -0.2551755026 0)
(0.2170288716 -0.2547958254 0)
(0.1330028321 -0.09555576178 0)
(0.1711180179 -0.3066570222 0)
(0.1556811887 -0.2310212705 0)
(0.2530291314 -0.2115916391 0)
(0.1017029961 -0.2851043522 0)
(0.09235992518 -0.2120609596 0)
(0.1293200979 -0.1873460041 0)
(0.1746053913 -0.1058985815 0)
(0.07417213384 -0.1742571714 0)
(0.04026629297 -0.1927607977 0)
(0.02881893488 -0.1548442106 0)
(0.0381766513 -0.06102721062 0)
(-0.00544974179 -0.1729558222 0)
(-0.01526258042 -0.1348069508 0)
(0.1878621073 -0.1949054737 0)
(0.111428886 -0.1389997602 0)
(0.1627761053 -0.151684488 0)
(0.02201997004 -0.1073086657 0)
(0.06703056163 -0.1284581032 0)
(0.120535684 -0.3610034055 0)
(-0.0509110083 -0.1530363739 0)
(-0.06636256239 -0.1033507238 0)
(-0.01890742624 -0.08517803191 0)
(14.21234327 -6.390611336 0)
(-4.527513379 -5.420113856 0)
(-4.9599341 -4.104979701 0)
(-5.872992638 -5.208665544 0)
(-6.758858654 1.675684497 0)
(1.064205214 0.4194320164 0)
(-0.5934609469 7.985163 0)
(0.313588397 -0.2235396338 0)
(-1.341886514 4.409855705 0)
(-2.441523607 4.345037411 0)
(-3.148200702 5.318220253 0)
(-3.705859143 4.1936279 0)
(-4.474755021 5.244638504 0)
(-5.049829964 4.005110488 0)
(-5.890204297 5.15367434 0)
(-5.22443964 6.744957335 0)
(-1.633809015 -0.4996049103 0)
(0.01940769422 -0.04999134006 0)
(0.01861632038 -0.06949524705 0)
(0.03744359236 -0.08053494822 0)
(0.0008219855576 -0.05697010878 0)
(-0.01566200811 -0.04384366445 0)
(-6.712439856 -3.893698694 0)
(-7.349348278 -5.058567383 0)
(-0.04805669278 -0.2167555898 0)
(-1.357314451 -0.8058057038 0)
(0.686602047 -0.2402686283 0)
(0.6970816904 -0.212647075 0)
(0.7147086353 -0.2319155006 0)
(0.7185776011 -0.2083125947 0)
(0.7370822219 -0.2230648259 0)
(0.7019371724 -0.1929466682 0)
(0.7381257751 -0.1986998355 0)
(0.7582755983 -0.2150003946 0)
(0.7557589054 -0.2378565312 0)
(0.6828103916 -0.1936005165 0)
(-4.234259345 3.038226875 0)
(16.30284254 -6.057297243 0)
(0.3695813936 -0.2132090317 0)
(0.341349437 -0.1807058354 0)
(0.7135486232 0.6652773314 0)
(-6.615453162 4.038075382 0)
(-7.413257583 5.049731323 0)
(1.026887925 -0.04794027303 0)
(0.04042071829 -0.2563801008 0)
(0.2864020777 -0.5622743737 0)
(0.169947907 -0.5604334201 0)
(0.03841218215 0.0415256337 0)
(0.04634147978 0.05977133538 0)
(0.06663946498 0.0618781169 0)
(0.01830900442 0.03702230152 0)
(-0.0009760617554 0.03078940035 0)
(0.8642318851 -0.5895391697 0)
(-4.315388351 -3.172666653 0)
(-0.5170385664 0.02189021134 0)
(1.310980381 -0.3341898723 0)
(0.6508262146 0.9441985694 0)
(0.3852101625 1.042075339 0)
(2.465935308 6.482067846 0)
(0.9203781344 -0.1224504486 0)
(-0.07488984948 -6.965331777 0)
(1.070316398 -6.5990519 0)
(11.0129485 8.407995704 0)
(10.03289464 6.748122144 0)
(9.065910255 -3.870074003 0)
(-4.83096509 8.480745983 0)
(1.177393335 8.31923862 0)
(3.447718158 -1.48051323 0)
(0.6859520431 -0.2833711208 0)
(1.474613715 -0.2719825924 0)
(1.31724672 -0.1835888181 0)
(1.489725185 -0.09284846761 0)
(1.335433479 -0.03221659118 0)
(1.214590986 -0.09160179207 0)
(1.207520068 -0.18715422 0)
(10.88475619 -8.33928001 0)
(9.911594711 -6.656047089 0)
(-8.552625408 -1.179498757 0)
(0.05636879484 -0.06988417646 0)
(0.05675621418 -0.08973197574 0)
(0.07583945279 -0.09859988749 0)
(0.09714115241 -0.08655268435 0)
(0.09464361741 -0.1078857793 0)
(0.1119198753 -0.09980866364 0)
(-5.6383744 2.761140517 0)
(7.173255587 -8.368523837 0)
(1.680624934 0.08075773348 0)
(-0.5085317718 -4.158321249 0)
(0.142778141 -4.761826021 0)
(0.0785137357 0.04537535579 0)
(0.08670084308 0.06380683458 0)
(0.07481565198 0.08059218195 0)
(0.09528687123 0.082720991 0)
(0.1071534019 0.06496028234 0)
(0.1185877697 0.08366313005 0)
(0.1032191159 0.104750957 0)
(0.1293441576 0.1058789842 0)
(0.1436499321 0.08399425142 0)
(0.1803410418 0.04181402448 0)
(0.1562962112 0.106749122 0)
(0.1710967805 0.07990551744 0)
(0.1837767445 0.1061040458 0)
(0.1687872151 0.1356824643 0)
(0.1987446757 0.08245143834 0)
(0.2114311735 0.105977672 0)
(0.2260605609 0.07808899599 0)
(0.2405671438 0.1062554124 0)
(0.2569636459 0.07975893875 0)
(0.2719151919 0.1060006215 0)
(0.2872992311 0.07909971197 0)
(0.3014271017 0.112228977 0)
(0.3233474737 0.07837716785 0)
(0.1141165525 0.1328673238 0)
(0.08095605226 0.1243571188 0)
(0.3385857695 0.1102900609 0)
(0.3585034412 0.08367316782 0)
(0.3151328238 0.1436406671 0)
(0.3040605396 0.05598833752 0)
(0.3252225732 0.05403966463 0)
(0.3591184463 0.04816590808 0)
(0.3121848128 0.0390281927 0)
(0.2811906868 0.05824404341 0)
(0.241628613 0.05855402254 0)
(0.375007447 0.1096762268 0)
(0.3942664217 0.07709845232 0)
(0.416765631 0.001865311673 0)
(0.4163939627 0.1157615064 0)
(0.4331919118 0.07163364373 0)
(0.4099938168 0.04907468362 0)
(0.4537637526 0.0506314274 0)
(0.4653239716 0.06698087032 0)
(0.4786690541 0.04008403821 0)
(0.5011447351 0.06633404826 0)
(0.5124892379 0.03797209072 0)
(0.5357690358 0.06880007247 0)
(0.5436666823 0.0317190228 0)
(0.5704032029 0.06544265483 0)
(0.5758040153 0.02498474981 0)
(0.6057841083 0.05034466225 0)
(0.5637518691 -0.001764504349 0)
(0.5894878151 -0.00334691089 0)
(0.5361270936 0.008713107611 0)
(0.5734568581 -0.0207293688 0)
(0.607994335 0.01603778371 0)
(0.6141121398 -0.0114896895 0)
(0.4934366822 0.01398743779 0)
(0.4687300424 0.01505110841 0)
(0.6077296596 0.09590416057 0)
(0.2264584488 0.1448800496 0)
(0.4359492045 0.02444030431 0)
(0.1955136928 0.1720559756 0)
(0.2111340394 0.06068294814 0)
(0.1535996448 0.0624343685 0)
(0.478127927 -0.001039713372 0)
(0.4673031086 0.1038171133 0)
(0.6481256568 0.06361503883 0)
(0.3843629194 0.04550798142 0)
(0.3996601508 0.02764286958 0)
(0.1198392887 0.04633238438 0)
(0.4472324256 0.01199539117 0)
(0.1896109531 0.06124672455 0)
(0.03028839923 -0.3350448111 0)
(15.00038858 8.304830717 0)
(15.94877564 6.626975366 0)
(14.01309354 6.754472313 0)
(-0.1053173171 -0.1421284987 0)
(-0.1079076762 -0.0893502467 0)
(-0.06793622973 -0.061489324 0)
(-0.1022970374 -0.04344975979 0)
(-0.07696091638 -0.01868449311 0)
(-0.102135439 -0.006353935265 0)
(-0.07661146048 0.01401355791 0)
(-0.1094530961 0.03447509356 0)
(-0.07755101764 0.05540217785 0)
(0.003493182383 0.0505311849 0)
(-0.1154331276 0.07669832461 0)
(-0.1594163187 0.04506476442 0)
(-0.01601647972 0.04391022328 0)
(-0.01319504801 0.06408999641 0)
(-0.07887391247 0.09912951191 0)
(0.008876553976 0.07081457891 0)
(-0.008259822553 0.08684842986 0)
(-0.0201137625 0.02493943065 0)
(-0.1241546816 0.1264160548 0)
(-0.03503346314 0.03745576232 0)
(-0.03882354549 0.01784835466 0)
(-0.02115184318 0.00458053195 0)
(-0.04128458013 -0.001582105448 0)
(-0.02745475773 -0.01500716361 0)
(-0.03284786203 0.07733970197 0)
(-0.03954866753 0.107409381 0)
(-0.001436385001 0.1169203763 0)
(-0.0232011572 0.1450437273 0)
(0.02136669533 0.1501295594 0)
(-0.05004050765 -0.03487575454 0)
(-0.1466487675 -0.01515884074 0)
(-0.1572376868 -0.1192186168 0)
(14.97368017 -8.283144952 0)
(0.7273735108 0.07259645242 0)
(0.7339879797 -0.6074146502 0)
(18.24212231 -0.8871741036 0)
(0.6895243288 -0.1759835186 0)
(0.6616257546 -0.1995621715 0)
(0.6481224544 -0.1775440891 0)
(0.1546226431 -0.1009285762 0)
(0.1410300126 -0.1149496275 0)
(0.1604051779 -0.1196308593 0)
(0.1804072166 -0.1243701823 0)
(0.1482554475 -0.1333348056 0)
(7.195027452 8.380548344 0)
(18.10782663 3.141108249 0)
(0.1994720452 0.041214856 0)
(0.7820057273 -0.2316672969 0)
(0.7788059326 -0.2087296444 0)
(0.8006475958 -0.2171512038 0)
(0.1941750386 -0.1103609348 0)
(0.2001465096 -0.1294131935 0)
(0.2199759936 -0.1338664003 0)
(0.2062558077 -0.1486433828 0)
(0.2273552338 -0.153790023 0)
(0.2102420043 -0.1719151317 0)
(0.237772919 -0.1787016135 0)
(0.250390034 -0.1585496619 0)
(0.2171528327 -0.206331245 0)
(0.239003736 0.03761112267 0)
(16.34689018 -3.188000727 0)
(-0.0008423052475 -0.07794784786 0)
(1.280348813 0.2222201495 0)
(0.259792771 0.03132203798 0)
(0.2333629095 -0.1188658823 0)
(0.2989537925 0.02442188954 0)
(0.2710913523 4.495643308 0)
(0.2726946904 -0.1261623761 0)
(0.2798976532 -0.1447833712 0)
(0.2992619732 -0.1486316459 0)
(0.2860059433 -0.164369196 0)
(0.3063358222 -0.1679056967 0)
(0.2924602787 -0.1829592755 0)
(-5.479719742 -2.925527149 0)
(18.26574825 -5.044969544 0)
(0.3119552584 -0.1332142617 0)
(0.3584398375 0.01433818243 0)
(0.3693430486 0.02894079754 0)
(0.3513660667 -0.1393670865 0)
(0.338056358 -0.1560531249 0)
(0.358014992 -0.1606607422 0)
(0.3628848186 -0.185033499 0)
(0.3795906924 -0.1641137611 0)
(0.38767851 -0.1842992994 0)
(0.399568491 -0.1655894779 0)
(0.3189471572 -0.1520093937 0)
(-0.2102229458 0.006684067262 0)
(-0.2243652954 0.07356376425 0)
(0.3967100217 0.007832989772 0)
(0.3711699648 -0.1432228546 0)
(0.5524951963 -0.01760826825 0)
(0.4111148689 -0.147778861 0)
(0.4502008454 -0.1524328889 0)
(0.4583711764 -0.1706310973 0)
(0.4779343785 -0.1730382675 0)
(0.4896876695 -0.1570228674 0)
(0.4977514918 -0.1751811881 0)
(0.4863295068 -0.1897942168 0)
(0.5138248857 -0.02046283817 0)
(0.507746314 -0.001238629161 0)
(10.20280378 4.798443426 0)
(0.2406709875 -0.1379899531 0)
(0.1605844491 0.04345261651 0)
(0.5094712293 -0.1591131259 0)
(0.5490250825 -0.1631856269 0)
(0.5371806401 -0.1792444399 0)
(0.5571064082 -0.1803709887 0)
(0.5688005638 -0.1649245704 0)
(0.6110058194 -0.04512154956 0)
(0.6243133205 -0.03029345715 0)
(0.6427867354 -0.03570534808 0)
(0.636647673 -0.01652337313 0)
(0.6342669564 0.00619892138 0)
(0.9535233242 -0.1443209094 0)
(0.9683647521 -0.1308284015 0)
(-6.809175464 8.174078674 0)
(0.6084214313 -0.1686988235 0)
(0.6161889973 -0.186872694 0)
(0.9255497915 -0.1897308836 0)
(0.935767635 -0.2074090868 0)
(0.9152438523 -0.2106708504 0)
(0.8948697593 -0.2055646167 0)
(0.686968322 -0.06517342132 0)
(0.6812452679 -0.04867278643 0)
(0.7014697126 -0.05038263335 0)
(0.7204461851 -0.05663086138 0)
(0.8660503059 -0.1868535582 0)
(0.8551335689 -0.2035453704 0)
(0.8351903434 -0.2024241144 0)
(0.8446497829 -0.2208311819 0)
(0.8233414694 -0.2193994151 0)
(0.8318600193 -0.2363761689 0)
(0.8773329801 -0.1216385864 0)
(0.4394785288 -0.1684124096 0)
(0.8395322106 -0.1096959996 0)
(0.7633465962 -0.08710736168 0)
(0.7586180717 -0.06738453226 0)
(0.748282986 -0.1796362252 0)
(0.7872979223 -0.1805936812 0)
(0.8014693566 -0.09830550281 0)
(0.7982530294 -0.08011825351 0)
(0.648508098 -0.0547718934 0)
(0.8858940601 -0.1878440146 0)
(0.7252114321 -0.07604073041 0)
(0.8264209835 -0.1845687434 0)
(0.5772031425 -0.1819646612 0)
(0.5960672534 -0.1852135834 0)
(-4.588826562 -1.991838752 0)
(0.5175376648 -0.1772589788 0)
(0.8750114868 -0.2046100754 0)
(0.8819136469 -0.2232615032 0)
(6.613270653 0.8184594946 0)
(5.258153551 1.139507674 0)
(0.6642239275 -0.03811314965 0)
(1.000156231 -0.1955794676 0)
(0.9686542104 -0.2082108921 0)
(0.8154542238 -0.2010822132 0)
(0.8632099104 -0.2191649987 0)
(-0.05596411415 0.0310552056 0)
(0.4666154581 -0.1899431506 0)
(0.4361483061 -0.002746391351 0)
(0.1306570507 0.0645236711 0)
(0.05477735929 0.07828073564 0)
(0.03358392047 0.07588667916 0)
(0.04126741815 0.09618357027 0)
(0.02483605386 0.05592528559 0)
(-2.730914938 6.719540932 0)
(0.09252815426 0.1688553273 0)
(0.1416693466 0.1704779618 0)
(0.04741187874 0.2032394733 0)
(8.00040962 -6.883490322 0)
(0.1834766422 -0.1429947898 0)
(0.892142945 -0.1075357681 0)
(3.671576077 -4.671133185 0)
(2.971622471 -5.736916745 0)
(2.528709273 -4.441695818 0)
(-5.487971013 -6.657462593 0)
(13.83740258 1.266535144 0)
(0.4110712358 -0.1913863026 0)
(0.8248744969 3.487062873 0)
(-0.0294466885 0.05464885813 0)
(6.755105222 3.059032528 0)
(8.223593599 2.754447971 0)
(9.524616234 1.71148072 0)
(0.4487569867 0.1499576089 0)
(0.5962347786 -0.02091562047 0)
(0.949933954 -0.1254579739 0)
(-0.01281270374 -0.02597208684 0)
(18.327888 -6.918675253 0)
(11.15789994 -2.164698992 0)
(18.20935356 6.825661735 0)
(8.068706527 6.82681006 0)
(-8.430218206 -7.074812971 0)
(8.264136287 -2.526758842 0)
(10.56699899 -3.749692344 0)
(0.6258658849 -0.2063673948 0)
(4.617278669 8.467801842 0)
(-0.01942473335 -0.06367875434 0)
(-0.002905354167 -0.103590417 0)
(1.012084617 -0.1809220533 0)
(-3.534755556 1.161666716 0)
(0.09400318184 -0.6809145628 0)
(-0.04135159643 -0.07427826751 0)
(4.370670305 5.650966984 0)
(12.63778052 -6.340279942 0)
(0.688431824 -0.02438984674 0)
(0.738597372 -0.06515265543 0)
(-0.07179303228 0.1545954919 0)
(-0.1265731315 0.1858957323 0)
(0.8095566066 -0.2371476759 0)
(0.01724078953 0.09182670798 0)
(-0.03742889164 -0.05178232627 0)
(0.525389467 -0.1963251368 0)
(-2.947427813 3.360864303 0)
(0.7258610918 -0.03771507324 0)
(0.4202769975 -0.1682085645 0)
(6.411768077 -6.964723773 0)
(0.7659369222 -0.04192447455 0)
(0.3524543022 -0.6604698243 0)
(3.127586232 5.432734846 0)
(0.8349184803 -0.09213113467 0)
(1.056789679 -0.07598298871 0)
(1.105616899 -0.07502839682 0)
(3.598389872 -7.013777029 0)
(0.336241178 0.03894556169 0)
(0.778097155 -0.07447338832 0)
(0.7985119369 -0.05934643473 0)
(0.5839515759 -0.1980542196 0)
(-5.491015707 1.524704334 0)
(15.51248719 1.619536539 0)
(0.8531586251 -0.098165089 0)
(0.2606437802 -0.1412494242 0)
(-2.742487305 -3.540266612 0)
(9.928865753 -5.137368455 0)
(1.89342174 -5.528629518 0)
(1.590783681 -4.455622509 0)
(1.973716355 -3.677028234 0)
(16.73417864 0.3825629653 0)
(0.6312672622 0.03158571948 0)
(0.2679397788 -0.1813030869 0)
(0.9001869496 -0.002074404407 0)
(0.9955011955 0.05226427562 0)
(0.2715500583 -1.442754615 0)
(0.5545653713 -1.596459214 0)
(1.285086017 -2.146162947 0)
(0.7092331423 -0.1760951937 0)
(0.8165008747 -0.08618305546 0)
(0.7942064727 -0.1970728561 0)
(0.5675778494 -0.3436516007 0)
(0.6186207185 -0.3730703884 0)
(0.5497642454 -1.92278331 0)
(-7.002463153 6.312995587 0)
(0.8330279876 -0.07082074153 0)
(0.08346921289 0.09776989191 0)
(0.9817156055 -0.1178364016 0)
(0.2629451685 0.05892481177 0)
(1.158599921 -0.1382000306 0)
(0.1108490951 -0.1192444574 0)
(0.09020362262 -0.1254861487 0)
(0.9633456551 -0.1900790381 0)
(16.77677627 4.885370513 0)
(0.5701353944 -0.03912162553 0)
(0.3238329086 -0.1689914491 0)
(0.3148818465 -0.1909960542 0)
(-2.124099943 -0.5761846536 0)
(0.1710465739 0.0577706503 0)
(-0.2568048375 0.856167679 0)
(-0.3124274229 1.246366243 0)
(0.0304555015 1.067848362 0)
(1.070626471 -1.767371941 0)
(-0.5387595376 -0.4653291385 0)
(0.9849530206 -0.1376131551 0)
(-0.1960787425 0.1511140532 0)
(-0.3392182478 0.1179340334 0)
(-3.85801618 6.330731086 0)
(0.3909720612 -0.2425221679 0)
(0.2106924801 -3.925072072 0)
(0.8613775184 0.0893767901 0)
(-4.906153262 -1.046777257 0)
(12.00434262 6.996189846 0)
(-2.936056379 1.739820388 0)
(3.73263677 -0.2650341719 0)
(4.51846045 -8.545966182 0)
(1.618206354 -0.4122907303 0)
(1.86044806 -0.5002509742 0)
(-2.13365695 2.929841282 0)
(0.3186159362 0.01929694305 0)
(0.1253740479 -5.857701509 0)
(-0.04840616647 0.05523918346 0)
(0.290592588 0.04237621634 0)
(-1.766680839 3.686824247 0)
(5.699144806 -2.658350711 0)
(-0.03125766974 -0.03174825338 0)
(0.1971401734 -0.3878345046 0)
(0.1256125022 -0.4623613956 0)
(0.8415326262 -0.453307156 0)
(0.9212143009 -0.4906668987 0)
(0.9841878158 -0.4218196134 0)
(1.047442089 -0.3725304381 0)
(-0.5285778566 -1.153615965 0)
(-0.9698650549 3.608654739 0)
(0.7605649116 -0.195924776 0)
(0.3526017382 0.03024999477 0)
(3.277572978 -3.673261145 0)
(0.8667765337 -0.08322348521 0)
(1.005902302 -0.2138590328 0)
(0.5162692387 0.1023661701 0)
(0.8913704966 -0.2470552677 0)
(1.008004596 -0.1549532541 0)
(0.7810801221 -1.19972874 0)
(0.4471843051 -0.1904074212 0)
(0.5059598251 -0.1932783795 0)
(0.5350492727 -0.2189140129 0)
(0.4840152268 -0.2183524582 0)
(0.1278250317 -0.1278521245 0)
(0.1341416645 -0.1531430286 0)
(-0.6927361034 0.07124428961 0)
(0.1847816714 -0.1676098087 0)
(0.2724564248 0.1439737041 0)
(0.3189800019 0.202003818 0)
(-0.8813034008 -2.323741582 0)
(0.1825586401 0.2402164807 0)
(1.111689358 -0.1167372976 0)
(1.140196027 -0.1892569511 0)
(1.156087749 -0.2393730354 0)
(1.103253852 -0.2646067239 0)
(1.080557173 -0.3151923682 0)
(7.12769957 1.953424571 0)
(-6.64860514 -2.643681626 0)
(1.278731059 -3.730834576 0)
(1.908740274 -1.312417156 0)
(1.153460444 -0.3048718955 0)
(5.649909416 0.1612223299 0)
(0.06449212652 0.09954988945 0)
(0.04913823514 0.123036789 0)
(0.3135736324 1.401689295 0)
(0.7361869837 -0.2460280015 0)
(1.230583212 -0.2678830833 0)
(0.5956914205 0.1608858454 0)
(0.2689472468 -0.1596840244 0)
(0.1248945439 -0.1106746815 0)
(-0.4064933853 0.2607294987 0)
(1.364166684 -0.8610360381 0)
(1.220158699 0.009193173914 0)
(0.9752922909 -0.2273090342 0)
(0.5263045282 -0.007605370674 0)
(0.5184558585 0.01615695599 0)
(0.5443832919 -0.1968419223 0)
(0.2066813515 -1.244277151 0)
(0.8721576639 -0.1048102106 0)
(0.8982703366 -0.08964495611 0)
(-1.474960141 0.7969448514 0)
(-3.208908186 -2.108542402 0)
(0.9372838276 -0.3523158396 0)
(0.9533971621 -0.2035881103 0)
(0.9343826355 -0.2319746209 0)
(2.574934668 1.841950536 0)
(-0.05639036903 0.01090421272 0)
(-0.05663076183 0.07794096371 0)
(0.3985955896 -0.4437708947 0)
(0.8274483997 -0.2621040248 0)
(0.9754164976 0.626523459 0)
(1.470541115 0.06390859137 0)
(1.292845822 0.4110784964 0)
(-0.9652092311 -0.5025327984 0)
(-1.186053553 -1.204220721 0)
(-3.60420499 2.257411634 0)
(-0.006195230875 0.01521377493 0)
(0.9613122485 -0.24421628 0)
(-4.068292461 -1.032064012 0)
(-8.614688582 1.600570239 0)
(0.01589457016 -0.08927229186 0)
(0.9716524321 1.141798598 0)
(0.03888773077 -0.09978821208 0)
(0.03950672067 -0.1236177581 0)
(0.05951396417 -0.1091063527 0)
(3.288491562 2.631496925 0)
(-0.04170861831 -0.01845637646 0)
(0.3943125375 -0.2104949071 0)
(0.2530391774 0.04606216911 0)
(0.633236069 -0.1860324065 0)
(1.15866822 -0.03661078767 0)
(-1.314772359 1.20903719 0)
(-0.8150951908 1.180621753 0)
(-1.084063223 1.580389716 0)
(0.2874859344 -0.2075941987 0)
(0.5132896112 -0.2426729476 0)
(0.5545774923 -0.03239983601 0)
(0.3726412484 0.06444557976 0)
(0.6460061976 -0.292200889 0)
(-0.02600714453 -0.2748656409 0)
(-0.03893188694 -0.4152337308 0)
(-0.1077202739 -0.272424327 0)
(-1.876726863 7.647518057 0)
(0.7609143424 -0.2704773005 0)
(16.99354818 1.898939652 0)
(0.9638206241 -0.1135342874 0)
(-0.2906025922 0.02480614278 0)
(1.835158148 -7.730017913 0)
(-8.61949255 -4.391109044 0)
(0.205741275 0.7947133948 0)
(0.6570039322 -0.3374553206 0)
(0.2255951056 0.05319118719 0)
(0.868179266 -0.2758261741 0)
(-7.301750227 -1.718986678 0)
(-0.01240261442 -0.009503031324 0)
(1.20895901 -0.3596892328 0)
(-0.1759249694 0.271831099 0)
(-1.170356698 -1.577467499 0)
(0.9139404731 -0.1361081958 0)
(1.973389115 -0.8696122644 0)
(2.373364664 -1.262267669 0)
(0.1602925612 -0.1798040412 0)
(2.150700597 -1.850155482 0)
(0.05916776923 0.1535639358 0)
(8.90858897 4.080622988 0)
(1.661326791 -2.007095967 0)
(-0.1440713782 -0.06938268528 0)
(-8.523466679 -8.543075833 0)
(0.117376572 -0.08550820698 0)
(-8.535898385 8.535898385 0)
(0.453821661 0.02991086082 0)
(-8.561645396 4.36245667 0)
(5.816322284 -8.180871926 0)
(0.6550611179 -0.005046997883 0)
(0.6743726665 -0.00383864932 0)
(4.252305168 1.262314967 0)
(-1.093573733 -6.121466026 0)
(0.1422564097 0.1299623031 0)
(3.531056289 7.016950948 0)
(18.53589838 8.535898385 0)
(0.4193103637 0.02797491009 0)
(18.53589838 -8.535898385 0)
(1.410824172 0.6841935276 0)
(0.7179634038 -0.190652982 0)
(16.81288253 -4.556829849 0)
(0.4739307837 -0.01591354714 0)
(0.4910155493 -2.284863505 0)
(0.1047970631 -0.1669496102 0)
(0.9989750656 -0.008084999054 0)
(-0.2228053962 -0.1365951068 0)
(-0.05740262882 0.3347804449 0)
(-0.0005066838468 0.2607204621 0)
(1.073834659 -0.45383484 0)
(0.02551535063 0.1156194006 0)
(1.042999592 -0.1030007115 0)
(0.7249381195 0.1318354221 0)
(1.183439036 0.5987966891 0)
(1.010319077 -0.2967889548 0)
(0.1670641179 -0.134403025 0)
(2.305389655 7.411912858 0)
(3.195420269 -0.4877948767 0)
(0.9520596528 -0.1041823307 0)
(0.4058733509 0.5159197221 0)
(0.9888228448 -0.04305081771 0)
(6.278715154 -3.504957131 0)
(1.025894295 -0.2184394306 0)
(3.514807488 -0.8752575828 0)
(5.904441188 7.988833378 0)
(0.1169168866 0.6119264895 0)
(0.0002346864316 -0.2227435903 0)
(1.326645394 0.1029177594 0)
(0.9197411434 -0.2583136723 0)
(1.759221288 0.3955816376 0)
(0.92923345 -0.02156738398 0)
(0.8681410431 0.01847622464 0)
(-1.245840965 0.5544320308 0)
(-0.8256860176 -1.132534296 0)
(0.6703383451 0.1988373698 0)
(-0.01638833608 0.1929485043 0)
(0.6119933117 -0.2239993532 0)
(0.2711761874 0.04419189898 0)
(2.397175935 -6.822731892 0)
(0.788353013 0.03316488016 0)
(0.7599907206 0.0488844795 0)
(0.4328256245 -0.2109303124 0)
(1.080888683 -0.03346996412 0)
(-8.447809155 0.103967529 0)
(0.1258666775 0.3094134654 0)
(0.8059344315 -0.2943173113 0)
(0.686210032 0.08372673963 0)
(0.1971934549 0.1329400415 0)
(0.3536918502 0.142238526 0)
(0.6532909595 -0.02274527422 0)
(-0.007517605765 -0.7752520897 0)
(0.01245776284 -0.1321079178 0)
(0.9070140806 -0.1154981895 0)
(-0.05754878989 -0.008386382339 0)
(0.8989425542 -0.223935105 0)
(0.06641165474 0.2702678276 0)
(-0.4992866302 0.3464839434 0)
(0.2643413467 0.2813945249 0)
(-0.03261675466 -0.1090401275 0)
(-7.087649291 -6.299475494 0)
(0.3407702015 -0.2072002973 0)
(-0.5020602006 4.249026244 0)
(-1.544614027 8.786794553 0)
(0.2720996831 0.06900687647 0)
(11.43128305 -6.959714767 0)
(0.8970694484 0.8461107807 0)
(1.02940877 1.590543367 0)
(1.126197209 0.01632204372 0)
(1.098107938 -0.188198862 0)
(0.5637424309 -0.2346030244 0)
(0.1944312501 -0.2217634536 0)
(-1.502396195 -1.121325155 0)
(0.6459650021 -0.2179245253 0)
(1.149956143 -0.08922776342 0)
(-0.09404841701 -0.1892540993 0)
(0.6007672899 -1.349237834 0)
(0.59206146 -1.150180737 0)
(0.5768839986 -0.2154285887 0)
(0.05782432016 -0.1501293647 0)
(13.24285345 5.519530907 0)
(0.466961234 0.2022151233 0)
(2.809885554 0.5284732311 0)
(0.5439618854 -0.005002683651 0)
(0.4929350691 -0.0007418680374 0)
(0.9996057442 -0.1436800015 0)
(1.03532454 -0.323179227 0)
(-0.2921340927 -0.083310284 0)
(0.4069437603 0.256063787 0)
(0.6084837868 -0.02957764126 0)
(-8.26712265 5.76413291 0)
(0.3460752133 0.06192920148 0)
(-3.459302521 -3.267161908 0)
(0.4101962454 0.01503472597 0)
(0.05105753916 -0.4146416349 0)
(0.7734272924 -0.2494144335 0)
(0.08424276456 -0.1473800264 0)
(-4.804932849 2.237279593 0)
(0.5571257636 0.1071495602 0)
(0.8027848734 0.1615334366 0)
(0.5661272812 -0.1953760082 0)
(-3.952467633 7.460514739 0)
(1.866580256 -0.01577657925 0)
(0.9399816996 -5.271163061 0)
(1.06591323 -0.2692318125 0)
(-3.752760084 -2.47365489 0)
(0.937166913 0.1280943492 0)
(0.9949780473 -0.2316195447 0)
(0.7783070242 -1.775280951 0)
(0.7428603126 -0.3063240552 0)
(0.4282789821 0.01172674807 0)
(0.787469632 -0.03696965378 0)
(15.0939006 -2.747989055 0)
(-0.2373267308 0.3713761266 0)
(-0.1452260016 -0.3893551977 0)
(1.544419719 0.9680983542 0)
(0.7515122965 -0.02487468807 0)
(0.7132120796 -0.01205050019 0)
(-0.07430867279 -0.03962483286 0)
(0.8217314145 -0.04977266326 0)
(1.037345803 -0.2005521147 0)
(0.5397209117 0.2259101682 0)
(-7.512125299 2.90194375 0)
(1.081582029 0.08655957376 0)
(1.007412906 -0.168246205 0)
(-8.297341665 -5.764792978 0)
(0.6780282476 -0.2108048152 0)
(0.9503184719 0.006502752502 0)
(0.3844854536 0.02337471355 0)
(1.029770152 -0.1806070869 0)
(0.8554777461 -0.06209612737 0)
(-0.1638896331 0.09457139225 0)
(0.07790820409 -0.1140600901 0)
(0.7484617923 -0.3447247219 0)
(0.5308669496 1.721577752 0)
(0.815623555 -4.297881197 0)
(0.07241295395 -0.583128991 0)
(0.6141119157 -0.2474411447 0)
(-0.8789172522 0.02528058023 0)
(0.8893786977 -0.0735481333 0)
(0.7769214337 -0.1920242723 0)
(0.9352063131 -0.123973297 0)
(0.4662275855 -0.2376661217 0)
(1.536999969 0.4796070055 0)
(0.432733002 0.0417107563 0)
(0.5511106697 0.01235064496 0)
(9.032851684 8.344714324 0.001)
(9.001807093 -8.302553788 0.001)
(18.37435308 1.052019996 0.001)
(-8.883731602 2.973735193 0.001)
(-8.225348614 -2.916894581 0.001)
(-2.999078739 8.357668927 0.001)
(-3.132802992 -8.303302413 0.001)
(0.6696674553 -0.1758518569 0.001)
(2.943263566 8.616184672 0.001)
(0.7061322 -0.07051209396 0.001)
(3.014146982 -8.327998249 0.001)
(13.00760207 8.35894791 0.001)
(12.92222396 -8.066736158 0.001)
(18.1234748 -3.004082218 0.001)
(18.63611753 4.946966388 0.001)
(17.02183064 -8.29505224 0.001)
(-6.891513984 -8.103080753 0.001)
(-8.358247117 7.095480967 0.001)
(16.99171203 8.308170479 0.001)
(-4.944803343 -8.328771452 0.001)
(-4.018525784 -6.775686433 0.001)
(-2.34931835 -6.730111784 0.001)
(-3.127978275 -5.473633709 0.001)
(-1.847899844 -5.366940249 0.001)
(-2.443962534 -4.414929094 0.001)
(0.3909047367 -0.1448842737 0.001)
(-1.397673295 -4.347424067 0.001)
(-1.87507777 -3.549861912 0.001)
(-1.039688285 -3.488043111 0.001)
(-1.400406557 -2.723614673 0.001)
(0.2137696034 -0.1148194765 0.001)
(-0.6771351864 -2.798369148 0.001)
(-2.223692816 -2.808676259 0.001)
(-1.860090977 -2.127839867 0.001)
(-2.544540433 -2.14755872 0.001)
(-2.197047458 -1.547478072 0.001)
(-2.873460987 -1.54116198 0.001)
(-2.491028584 -0.9513613751 0.001)
(-0.2881486042 -3.336628949 0.001)
(0.03073806398 -2.667587873 0.001)
(0.3700666573 -3.226740364 0.001)
(0.6565653505 -2.66981368 0.001)
(0.9865156273 -3.140715726 0.001)
(1.191584978 -2.606250227 0.001)
(1.57338023 -3.044725135 0.001)
(1.795412691 -2.469514489 0.001)
(2.207866625 -2.992962926 0.001)
(2.495702809 -2.353044978 0.001)
(2.91805401 -2.909428681 0.001)
(3.192921279 -2.207405829 0.001)
(3.715549411 -2.831859097 0.001)
(4.028821409 -2.019764955 0.001)
(4.63842076 -2.73844122 0.001)
(4.973866619 -1.809159569 0.001)
(4.239877247 -1.059557736 0.001)
(5.327956553 -0.8174314594 0.001)
(6.092357383 -1.639004037 0.001)
(6.478476195 -0.5178598602 0.001)
(7.356119216 -1.455262651 0.001)
(7.761289744 -0.1617416015 0.001)
(4.571690127 0.1834358003 0.001)
(-0.3818075362 -2.244957223 0.001)
(8.71227235 -1.211656861 0.001)
(-3.213732419 -0.92610117 0.001)
(-2.687348376 -0.3033514301 0.001)
(9.137035968 0.1780087098 0.001)
(0.8551056016 -2.135470016 0.001)
(0.8461963844 -0.1857653185 0.001)
(-1.848961257 -0.9999400066 0.001)
(2.776417569 -1.687035904 0.001)
(-3.579955819 -0.262328682 0.001)
(-3.145390144 0.410233707 0.001)
(-2.355339383 0.3951018031 0.001)
(-2.711744948 1.056000665 0.001)
(-1.930529922 1.004869661 0.001)
(0.2188460999 0.03813907086 0.001)
(-2.285742225 1.676046288 0.001)
(-1.594661926 1.672451643 0.001)
(0.4584699364 -0.004859669594 0.001)
(-1.877319774 2.3050871 0.001)
(-1.08062619 2.167637082 0.001)
(-2.649211437 2.37217717 0.001)
(-1.427644889 2.924253591 0.001)
(-0.6637380827 2.842835473 0.001)
(-0.3203490978 2.18879598 0.001)
(0.1208104667 2.83144351 0.001)
(0.3453444235 2.184464808 0.001)
(0.7707483792 2.676732147 0.001)
(1.008704664 2.126665319 0.001)
(1.473740237 2.755764567 0.001)
(-0.1674196658 3.569418763 0.001)
(10.14740799 -0.9297603193 0.001)
(10.61724447 0.5622471041 0.001)
(-3.612104393 -4.180965222 0.001)
(0.7307742693 -3.642768941 0.001)
(8.133815336 1.217361128 0.001)
(6.882412851 -2.660637191 0.001)
(-1.656473755 0.3664328364 0.001)
(-3.61613898 -1.671991009 0.001)
(-0.01428743208 1.614293145 0.001)
(2.587275259 -3.534016979 0.001)
(-4.035000381 0.4920059631 0.001)
(11.68079855 -0.6315431521 0.001)
(12.17133774 0.8940144412 0.001)
(11.06293492 2.119626038 0.001)
(9.642613471 -2.395864313 0.001)
(4.244273836 -3.651433111 0.001)
(12.67854831 2.484108465 0.001)
(1.713260315 1.906065934 0.001)
(2.335258699 2.670872685 0.001)
(1.922538766 3.58000608 0.001)
(2.989579407 3.514877802 0.001)
(-4.504947726 -0.2933472042 0.001)
(1.368769083 1.292445965 0.001)
(0.8585193359 -0.1155416172 0.001)
(13.27726179 -0.3283071372 0.001)
(12.75236931 -1.909567159 0.001)
(-5.025136436 0.5452040086 0.001)
(1.987512173 1.196954197 0.001)
(1.751825217 0.737753812 0.001)
(1.173903474 0.8527559459 0.001)
(2.204529403 0.6173841538 0.001)
(2.01280147 0.1566067779 0.001)
(2.757453415 1.118512817 0.001)
(-0.735031274 -5.117601936 0.001)
(11.51315357 3.710644643 0.001)
(1.468558743 0.246970056 0.001)
(2.466632035 0.1450780891 0.001)
(2.513564581 4.481274327 0.001)
(3.680955767 4.41686356 0.001)
(4.168055969 3.375718057 0.001)
(4.910022902 4.340787022 0.001)
(-5.595765176 -0.3941752658 0.001)
(13.12985341 4.065054539 0.001)
(2.134001059 -0.2193830617 0.001)
(2.695553631 -0.3402655496 0.001)
(-4.41784789 1.399607881 0.001)
(5.450870706 3.200938308 0.001)
(6.249227785 4.261803916 0.001)
(5.649489672 5.513623474 0.001)
(14.3683549 2.863884873 0.001)
(7.076859849 5.414768157 0.001)
(-6.203290677 0.6227876648 0.001)
(7.618267295 4.136295722 0.001)
(8.650084754 5.328289829 0.001)
(14.36051755 -1.574953544 0.001)
(13.77734205 -3.228006088 0.001)
(1.382611943 4.500431733 0.001)
(1.985461427 5.515338434 0.001)
(0.7496725286 5.527268512 0.001)
(3.100639498 0.07564029569 0.001)
(-7.11278501 -0.5061757973 0.001)
(-5.933320375 -1.642713733 0.001)
(12.16731526 -3.501656698 0.001)
(-2.975629992 -2.736292215 0.001)
(14.7942894 4.798284213 0.001)
(14.97641847 0.0468353161 0.001)
(6.424520785 6.744417559 0.001)
(13.26917816 -4.92459499 0.001)
(11.42561176 -5.355016014 0.001)
(15.14739026 -4.45007073 0.001)
(4.573583536 2.196750344 0.001)
(11.88720282 5.357693994 0.001)
(-7.502827896 0.682747993 0.001)
(1.409299778 6.625122202 0.001)
(0.05194315773 6.624802403 0.001)
(-0.5433724557 5.306929543 0.001)
(5.985087683 2.049687006 0.001)
(-1.959352485 -0.1266655459 0.001)
(-1.438494456 -0.08883568116 0.001)
(-1.147274694 0.2014848111 0.001)
(-1.024205682 -0.1746810981 0.001)
(-0.8075275126 0.23811923 0.001)
(-0.7049361646 -0.1198446962 0.001)
(0.0759560023 -0.07839644628 0.001)
(-0.9449184672 0.4940656413 0.001)
(-0.655015578 0.4384852123 0.001)
(0.05841838516 0.04370755511 0.001)
(-0.7471319823 0.7221551969 0.001)
(-0.4658756959 0.6206469117 0.001)
(-0.361463588 0.3853412425 0.001)
(-0.2145896325 0.5521587802 0.001)
(-0.1370226601 0.4059042888 0.001)
(-0.01466706165 0.4888803632 0.001)
(0.3393947736 0.01759458599 0.001)
(0.2794967329 0.02822211526 0.001)
(0.3768141927 0.01037553597 0.001)
(-0.2809678778 0.2443788941 0.001)
(0.04805475513 0.3520165956 0.001)
(0.141112267 0.04575760989 0.001)
(0.09881389713 0.04649958352 0.001)
(0.1493801749 0.4412963727 0.001)
(0.2058721847 0.3375140131 0.001)
(0.2946781286 0.4072490328 0.001)
(0.5908980324 -0.03883130099 0.001)
(0.5348716571 -0.0244576209 0.001)
(0.4935183432 -0.01497810021 0.001)
(0.6294568042 -0.04956299042 0.001)
(0.2681306375 0.5883851775 0.001)
(0.3412181151 0.3046882043 0.001)
(0.4328482975 0.374637413 0.001)
(0.488750671 0.278839623 0.001)
(0.5543820058 0.3225596351 0.001)
(0.6156481145 0.2414623246 0.001)
(-0.06271866593 0.2305676395 0.001)
(0.6878264935 0.3197106604 0.001)
(0.743876288 0.2199808643 0.001)
(0.7824554289 -0.09257011449 0.001)
(0.744302683 -0.08142531899 0.001)
(0.820578209 -0.1037382179 0.001)
(0.8166932469 0.2634440815 0.001)
(0.8801486531 0.1801640123 0.001)
(0.9338678636 -0.1379123607 0.001)
(-0.02172503092 0.7337927323 0.001)
(0.9509369014 0.2545302041 0.001)
(1.017055601 0.1470754076 0.001)
(0.5782501979 0.485074718 0.001)
(0.4554594929 0.7242522692 0.001)
(0.1112316462 0.2259491418 0.001)
(0.9179816091 0.04515540547 0.001)
(0.3929042421 0.1739985404 0.001)
(0.6540496349 0.119149102 0.001)
(-1.275239544 -0.4121615328 0.001)
(-0.539109927 0.9546530668 0.001)
(1.120591919 0.2334598851 0.001)
(1.184831513 0.1074311766 0.001)
(-0.5515305828 0.20950938 0.001)
(-1.113387301 0.8292256094 0.001)
(0.2427410101 0.1966956008 0.001)
(0.5168920243 0.1494984579 0.001)
(0.8290361711 0.4265263186 0.001)
(0.7896754147 0.0843994494 0.001)
(1.056692838 0.007777532133 0.001)
(16.10525363 3.181911854 0.001)
(5.28976651 -3.587759637 0.001)
(4.837902875 -4.63502188 0.001)
(6.087151616 -4.566169315 0.001)
(5.56647778 -5.777189429 0.001)
(6.985819919 -5.630139632 0.001)
(4.212765363 -5.814992246 0.001)
(4.978127305 -7.025145837 0.001)
(1.71430968 -0.1985841121 0.001)
(-1.280721142 6.540640984 0.001)
(-1.870133025 5.380889445 0.001)
(-0.6151604499 1.672200913 0.001)
(0.1353400194 -2.105861838 0.001)
(-0.1753027058 -1.775857211 0.001)
(-0.7397509367 -1.826532384 0.001)
(-0.428918222 -1.453511257 0.001)
(-0.0317590874 -1.403640976 0.001)
(-0.2329479224 -1.138037244 0.001)
(0.04860283374 -1.100166746 0.001)
(0.529243152 -0.1611783941 0.001)
(0.469927425 -0.1547658736 0.001)
(0.588626153 -0.1669083904 0.001)
(-0.1035583327 -0.9070728909 0.001)
(0.1298517046 -0.8677427209 0.001)
(0.2775387709 -1.050777186 0.001)
(0.3590833984 -0.8265758109 0.001)
(0.4858918155 -1.008361803 0.001)
(0.5656889803 -0.823029833 0.001)
(0.6839765565 -0.9840274838 0.001)
(0.7673287397 -0.7671258024 0.001)
(0.8900423925 -0.9663699434 0.001)
(0.9828279937 -0.7497625555 0.001)
(0.2333966964 -0.6994614322 0.001)
(0.4306506081 -0.1499289068 0.001)
(1.122363143 -0.9282877238 0.001)
(0.6232925607 -0.6573630786 0.001)
(-0.3606554278 -0.9029865551 0.001)
(0.002811378402 -0.03739123913 0.001)
(-0.2077037824 -0.6926245951 0.001)
(0.4085915159 -1.209547826 0.001)
(-0.4671234897 -0.6768314988 0.001)
(-0.3042313428 -0.4815512988 0.001)
(-0.1157104245 -0.5182378443 0.001)
(-0.2346237511 -0.307023049 0.001)
(-0.07013833008 -0.3416609362 0.001)
(-0.6318593799 -0.8936801271 0.001)
(1.026073629 -1.181998177 0.001)
(1.314494295 -1.133606841 0.001)
(1.189941921 -0.7061511039 0.001)
(1.039402621 -0.5618363889 0.001)
(0.9451477175 -0.1903735783 0.001)
(0.9057269479 -0.1888403281 0.001)
(1.220007721 -0.4875709197 0.001)
(1.362475808 -0.6192729973 0.001)
(1.129136295 -0.383140502 0.001)
(-0.85318215 -1.445487155 0.001)
(1.200528905 -1.433175778 0.001)
(1.549991912 -1.387436081 0.001)
(-0.3991362951 -0.3158960405 0.001)
(-0.2941193304 -0.2013016763 0.001)
(1.42737311 -1.734381382 0.001)
(0.8614734313 -1.454320273 0.001)
(-0.0282315336 -0.6287500242 0.001)
(0.01778299733 -0.4995648315 0.001)
(1.644304382 -1.02822756 0.001)
(2.342560748 -0.7647082656 0.001)
(0.4764896431 -0.6738685737 0.001)
(0.5395463269 -0.5486091246 0.001)
(0.653248451 -0.5259788499 0.001)
(0.767506718 -0.1796241376 0.001)
(0.7285279971 -0.1778226438 0.001)
(0.8068981421 -0.1832360663 0.001)
(0.5776202148 -0.4337833654 0.001)
(0.4793178316 -0.4538824576 0.001)
(0.6854342848 -0.4040247414 0.001)
(0.506741965 -0.3699515527 0.001)
(0.430584497 -0.3801003166 0.001)
(0.2923187158 -0.129879132 0.001)
(0.2530379058 -0.1225405897 0.001)
(0.3316489957 -0.1363615052 0.001)
(0.4629651141 -0.3135734868 0.001)
(0.3900920421 -0.3093111835 0.001)
(0.3547309584 -0.3841242862 0.001)
(0.3158802135 -0.3213154067 0.001)
(0.5230322971 -0.2925239109 0.001)
(0.2772020877 -0.389738406 0.001)
(0.2441849203 -0.3209619015 0.001)
(0.342706942 -0.2537729763 0.001)
(0.4811088655 -0.260251425 0.001)
(0.5433192698 -0.2530939445 0.001)
(0.5792233446 -0.2730720959 0.001)
(0.7618382621 -0.4970663504 0.001)
(0.772590321 -0.3910363477 0.001)
(0.7082154132 -0.3238394381 0.001)
(0.7778825561 -0.3218935546 0.001)
(0.8309019821 -0.3529189048 0.001)
(0.8434291143 -0.3008534776 0.001)
(0.8874605575 -0.3211493637 0.001)
(0.3214449653 -0.4605784823 0.001)
(0.9000259618 -0.2802180485 0.001)
(0.935404404 -0.2964954056 0.001)
(0.7188274589 -0.2706852609 0.001)
(0.5902117832 -0.2341538359 0.001)
(0.6282248834 -0.1703873029 0.001)
(0.6227269643 -0.2751756026 0.001)
(0.7950301947 -0.2576566054 0.001)
(0.9459483464 -0.2610154042 0.001)
(0.9749758631 -0.2756265424 0.001)
(0.9832037627 -0.2475041217 0.001)
(1.007405823 -0.2592546157 0.001)
(1.013556765 -0.2335591597 0.001)
(1.036186504 -0.2445842937 0.001)
(1.046267317 -0.2197928858 0.001)
(1.069656586 -0.236182421 0.001)
(1.065491602 -0.2027503891 0.001)
(1.105611847 -0.2213906201 0.001)
(1.048480191 -0.1820698924 0.001)
(1.069920658 -0.1708311596 0.001)
(1.043085446 -0.1582581191 0.001)
(1.073182994 -0.1399495541 0.001)
(1.044685695 -0.1282096182 0.001)
(1.109319557 -0.1567651899 0.001)
(1.071101293 -0.1065223756 0.001)
(0.9895619191 -0.3347911485 0.001)
(1.039912034 -0.2855932557 0.001)
(1.019647896 -0.1421363342 0.001)
(1.020707768 -0.1163280249 0.001)
(0.9721309944 -0.1504099992 0.001)
(0.9882091788 -0.2134850567 0.001)
(0.630450358 -0.2282420514 0.001)
(0.5579339778 -0.2106214692 0.001)
(0.8593410662 -0.2435768625 0.001)
(0.8984190059 -0.3986152647 0.001)
(0.6142823157 -0.3149984723 0.001)
(0.2296680207 -0.4682094136 0.001)
(0.911315016 -0.233123287 0.001)
(0.6500657327 -0.2500039289 0.001)
(0.6646550688 -0.2227545354 0.001)
(1.00110648 -0.1271640198 0.001)
(0.997987968 -0.1038776674 0.001)
(1.021713525 -0.08796054994 0.001)
(0.9937417271 -0.07498332883 0.001)
(0.9702994412 -0.09423491701 0.001)
(0.9638795722 -0.06268774648 0.001)
(0.9395686422 -0.08509217025 0.001)
(0.8957459273 -0.1277555031 0.001)
(0.9329718198 -0.05115837726 0.001)
(0.9125033943 -0.07393768543 0.001)
(0.9001560247 -0.04396968541 0.001)
(0.8755480156 -0.05845788595 0.001)
(0.8669107605 -0.03172289382 0.001)
(0.8423332765 -0.04644078246 0.001)
(0.8335393346 -0.01886111497 0.001)
(0.8084805458 -0.03356258593 0.001)
(0.6003401956 -0.2069646762 0.001)
(0.9920973317 -0.157187986 0.001)
(0.9951693699 -0.1770658588 0.001)
(0.5132127355 -0.2129019341 0.001)
(0.4359472625 -0.2519447094 0.001)
(0.4557454173 -0.2158575893 0.001)
(0.4122594871 -0.2210577338 0.001)
(1.017440356 -0.1976869796 0.001)
(-1.582606505 -1.504400194 0.001)
(0.8482699027 -0.08191097527 0.001)
(0.4297782527 -0.1861554289 0.001)
(0.9600325617 -0.02667637864 0.001)
(0.7993266998 -0.00553342571 0.001)
(0.7734286365 -0.02082253823 0.001)
(0.7636886147 0.007372974765 0.001)
(0.7370742333 -0.007872887522 0.001)
(0.7275450685 0.02248842746 0.001)
(0.693073071 0.006885350867 0.001)
(0.6677939152 -0.05993491428 0.001)
(0.707287189 -0.03169897196 0.001)
(-0.7307549598 -0.6265096518 0.001)
(-0.949692132 -0.8603389075 0.001)
(1.7583957 -1.673944889 0.001)
(0.9540705925 -0.2218679563 0.001)
(3.520173421 0.6857508003 0.001)
(0.7444084881 -0.04428183412 0.001)
(0.8143376999 -0.06881867621 0.001)
(0.6421316624 -0.1984548619 0.001)
(0.7804052817 -0.05649619271 0.001)
(0.4068996957 -0.5401689309 0.001)
(2.90854292 -0.9847268505 0.001)
(9.919800264 3.228918756 0.001)
(0.8830178813 -0.09205510168 0.001)
(1.0201845 -0.1641533623 0.001)
(1.433256559 -0.4442729445 0.001)
(1.608403755 -0.646363028 0.001)
(5.120649051 6.916774852 0.001)
(0.6408717012 1.313918108 0.001)
(16.23932173 -1.493558937 0.001)
(0.9818919891 -0.1921599203 0.001)
(-0.4478758952 -0.1493017156 0.001)
(-0.378219313 -0.01739934946 0.001)
(-0.197018693 -0.07141613208 0.001)
(-0.5776447804 -0.2759057135 0.001)
(-0.1552412127 -0.2016826415 0.001)
(7.435099988 -4.051868802 0.001)
(8.554073463 -5.415305711 0.001)
(0.6910195177 0.0437321256 0.001)
(0.6614735115 0.01999333332 0.001)
(0.6686122962 -0.01875656649 0.001)
(-1.192761028 -8.005513443 0.001)
(0.5755082753 -8.193602523 0.001)
(-0.7567072214 -0.3643381857 0.001)
(0.9156101395 -0.1008899147 0.001)
(0.9366453005 -0.1100724049 0.001)
(0.2189764358 -1.705473202 0.001)
(-1.279726936 -2.010334188 0.001)
(3.427670998 1.724638731 0.001)
(0.8288500863 0.02898356551 0.001)
(0.283016174 -0.2551755026 0.001)
(0.2170288716 -0.2547958254 0.001)
(0.1330028321 -0.09555576178 0.001)
(0.1711180179 -0.3066570222 0.001)
(0.1556811887 -0.2310212705 0.001)
(0.2530291314 -0.2115916391 0.001)
(0.1017029961 -0.2851043522 0.001)
(0.09235992518 -0.2120609596 0.001)
(0.1293200979 -0.1873460041 0.001)
(0.1746053913 -0.1058985815 0.001)
(0.07417213384 -0.1742571714 0.001)
(0.04026629297 -0.1927607977 0.001)
(0.02881893488 -0.1548442106 0.001)
(0.0381766513 -0.06102721062 0.001)
(-0.00544974179 -0.1729558222 0.001)
(-0.01526258042 -0.1348069508 0.001)
(0.1878621073 -0.1949054737 0.001)
(0.111428886 -0.1389997602 0.001)
(0.1627761053 -0.151684488 0.001)
(0.02201997004 -0.1073086657 0.001)
(0.06703056163 -0.1284581032 0.001)
(0.120535684 -0.3610034055 0.001)
(-0.0509110083 -0.1530363739 0.001)
(-0.06636256239 -0.1033507238 0.001)
(-0.01890742624 -0.08517803191 0.001)
(14.21234327 -6.390611336 0.001)
(-4.527513379 -5.420113856 0.001)
(-4.9599341 -4.104979701 0.001)
(-5.872992638 -5.208665544 0.001)
(-6.758858654 1.675684497 0.001)
(1.064205214 0.4194320164 0.001)
(-0.5934609469 7.985163 0.001)
(0.313588397 -0.2235396338 0.001)
(-1.341886514 4.409855705 0.001)
(-2.441523607 4.345037411 0.001)
(-3.148200702 5.318220253 0.001)
(-3.705859143 4.1936279 0.001)
(-4.474755021 5.244638504 0.001)
(-5.049829964 4.005110488 0.001)
(-5.890204297 5.15367434 0.001)
(-5.22443964 6.744957335 0.001)
(-1.633809015 -0.4996049103 0.001)
(0.01940769422 -0.04999134006 0.001)
(0.01861632038 -0.06949524705 0.001)
(0.03744359236 -0.08053494822 0.001)
(0.0008219855576 -0.05697010878 0.001)
(-0.01566200811 -0.04384366445 0.001)
(-6.712439856 -3.893698694 0.001)
(-7.349348278 -5.058567383 0.001)
(-0.04805669278 -0.2167555898 0.001)
(-1.357314451 -0.8058057038 0.001)
(0.686602047 -0.2402686283 0.001)
(0.6970816904 -0.212647075 0.001)
(0.7147086353 -0.2319155006 0.001)
(0.7185776011 -0.2083125947 0.001)
(0.7370822219 -0.2230648259 0.001)
(0.7019371724 -0.1929466682 0.001)
(0.7381257751 -0.1986998355 0.001)
(0.7582755983 -0.2150003946 0.001)
(0.7557589054 -0.2378565312 0.001)
(0.6828103916 -0.1936005165 0.001)
(-4.234259345 3.038226875 0.001)
(16.30284254 -6.057297243 0.001)
(0.3695813936 -0.2132090317 0.001)
(0.341349437 -0.1807058354 0.001)
(0.7135486232 0.6652773314 0.001)
(-6.615453162 4.038075382 0.001)
(-7.413257583 5.049731323 0.001)
(1.026887925 -0.04794027303 0.001)
(0.04042071829 -0.2563801008 0.001)
(0.2864020777 -0.5622743737 0.001)
(0.169947907 -0.5604334201 0.001)
(0.03841218215 0.0415256337 0.001)
(0.04634147978 0.05977133538 0.001)
(0.06663946498 0.0618781169 0.001)
(0.01830900442 0.03702230152 0.001)
(-0.0009760617554 0.03078940035 0.001)
(0.8642318851 -0.5895391697 0.001)
(-4.315388351 -3.172666653 0.001)
(-0.5170385664 0.02189021134 0.001)
(1.310980381 -0.3341898723 0.001)
(0.6508262146 0.9441985694 0.001)
(0.3852101625 1.042075339 0.001)
(2.465935308 6.482067846 0.001)
(0.9203781344 -0.1224504486 0.001)
(-0.07488984948 -6.965331777 0.001)
(1.070316398 -6.5990519 0.001)
(11.0129485 8.407995704 0.001)
(10.03289464 6.748122144 0.001)
(9.065910255 -3.870074003 0.001)
(-4.83096509 8.480745983 0.001)
(1.177393335 8.31923862 0.001)
(3.447718158 -1.48051323 0.001)
(0.6859520431 -0.2833711208 0.001)
(1.474613715 -0.2719825924 0.001)
(1.31724672 -0.1835888181 0.001)
(1.489725185 -0.09284846761 0.001)
(1.335433479 -0.03221659118 0.001)
(1.214590986 -0.09160179207 0.001)
(1.207520068 -0.18715422 0.001)
(10.88475619 -8.33928001 0.001)
(9.911594711 -6.656047089 0.001)
(-8.552625408 -1.179498757 0.001)
(0.05636879484 -0.06988417646 0.001)
(0.05675621418 -0.08973197574 0.001)
(0.07583945279 -0.09859988749 0.001)
(0.09714115241 -0.08655268435 0.001)
(0.09464361741 -0.1078857793 0.001)
(0.1119198753 -0.09980866364 0.001)
(-5.6383744 2.761140517 0.001)
(7.173255587 -8.368523837 0.001)
(1.680624934 0.08075773348 0.001)
(-0.5085317718 -4.158321249 0.001)
(0.142778141 -4.761826021 0.001)
(0.0785137357 0.04537535579 0.001)
(0.08670084308 0.06380683458 0.001)
(0.07481565198 0.08059218195 0.001)
(0.09528687123 0.082720991 0.001)
(0.1071534019 0.06496028234 0.001)
(0.1185877697 0.08366313005 0.001)
(0.1032191159 0.104750957 0.001)
(0.1293441576 0.1058789842 0.001)
(0.1436499321 0.08399425142 0.001)
(0.1803410418 0.04181402448 0.001)
(0.1562962112 0.106749122 0.001)
(0.1710967805 0.07990551744 0.001)
(0.1837767445 0.1061040458 0.001)
(0.1687872151 0.1356824643 0.001)
(0.1987446757 0.08245143834 0.001)
(0.2114311735 0.105977672 0.001)
(0.2260605609 0.07808899599 0.001)
(0.2405671438 0.1062554124 0.001)
(0.2569636459 0.07975893875 0.001)
(0.2719151919 0.1060006215 0.001)
(0.2872992311 0.07909971197 0.001)
(0.3014271017 0.112228977 0.001)
(0.3233474737 0.07837716785 0.001)
(0.1141165525 0.1328673238 0.001)
(0.08095605226 0.1243571188 0.001)
(0.3385857695 0.1102900609 0.001)
(0.3585034412 0.08367316782 0.001)
(0.3151328238 0.1436406671 0.001)
(0.3040605396 0.05598833752 0.001)
(0.3252225732 0.05403966463 0.001)
(0.3591184463 0.04816590808 0.001)
(0.3121848128 0.0390281927 0.001)
(0.2811906868 0.05824404341 0.001)
(0.241628613 0.05855402254 0.001)
(0.375007447 0.1096762268 0.001)
(0.3942664217 0.07709845232 0.001)
(0.416765631 0.001865311673 0.001)
(0.4163939627 0.1157615064 0.001)
(0.4331919118 0.07163364373 0.001)
(0.4099938168 0.04907468362 0.001)
(0.4537637526 0.0506314274 0.001)
(0.4653239716 0.06698087032 0.001)
(0.4786690541 0.04008403821 0.001)
(0.5011447351 0.06633404826 0.001)
(0.5124892379 0.03797209072 0.001)
(0.5357690358 0.06880007247 0.001)
(0.5436666823 0.0317190228 0.001)
(0.5704032029 0.06544265483 0.001)
(0.5758040153 0.02498474981 0.001)
(0.6057841083 0.05034466225 0.001)
(0.5637518691 -0.001764504349 0.001)
(0.5894878151 -0.00334691089 0.001)
(0.5361270936 0.008713107611 0.001)
(0.5734568581 -0.0207293688 0.001)
(0.607994335 0.01603778371 0.001)
(0.6141121398 -0.0114896895 0.001)
(0.4934366822 0.01398743779 0.001)
(0.4687300424 0.01505110841 0.001)
(0.6077296596 0.09590416057 0.001)
(0.2264584488 0.1448800496 0.001)
(0.4359492045 0.02444030431 0.001)
(0.1955136928 0.1720559756 0.001)
(0.2111340394 0.06068294814 0.001)
(0.1535996448 0.0624343685 0.001)
(0.478127927 -0.001039713372 0.001)
(0.4673031086 0.1038171133 0.001)
(0.6481256568 0.06361503883 0.001)
(0.3843629194 0.04550798142 0.001)
(0.3996601508 0.02764286958 0.001)
(0.1198392887 0.04633238438 0.001)
(0.4472324256 0.01199539117 0.001)
(0.1896109531 0.06124672455 0.001)
(0.03028839923 -0.3350448111 0.001)
(15.00038858 8.304830717 0.001)
(15.94877564 6.626975366 0.001)
(14.01309354 6.754472313 0.001)
(-0.1053173171 -0.1421284987 0.001)
(-0.1079076762 -0.0893502467 0.001)
(-0.06793622973 -0.061489324 0.001)
(-0.1022970374 -0.04344975979 0.001)
(-0.07696091638 -0.01868449311 0.001)
(-0.102135439 -0.006353935265 0.001)
(-0.07661146048 0.01401355791 0.001)
(-0.1094530961 0.03447509356 0.001)
(-0.07755101764 0.05540217785 0.001)
(0.003493182383 0.0505311849 0.001)
(-0.1154331276 0.07669832461 0.001)
(-0.1594163187 0.04506476442 0.001)
(-0.01601647972 0.04391022328 0.001)
(-0.01319504801 0.06408999641 0.001)
(-0.07887391247 0.09912951191 0.001)
(0.008876553976 0.07081457891 0.001)
(-0.008259822553 0.08684842986 0.001)
(-0.0201137625 0.02493943065 0.001)
(-0.1241546816 0.1264160548 0.001)
(-0.03503346314 0.03745576232 0.001)
(-0.03882354549 0.01784835466 0.001)
(-0.02115184318 0.00458053195 0.001)
(-0.04128458013 -0.001582105448 0.001)
(-0.02745475773 -0.01500716361 0.001)
(-0.03284786203 0.07733970197 0.001)
(-0.03954866753 0.107409381 0.001)
(-0.001436385001 0.1169203763 0.001)
(-0.0232011572 0.1450437273 0.001)
(0.02136669533 0.1501295594 0.001)
(-0.05004050765 -0.03487575454 0.001)
(-0.1466487675 -0.01515884074 0.001)
(-0.1572376868 -0.1192186168 0.001)
(14.97368017 -8.283144952 0.001)
(0.7273735108 0.07259645242 0.001)
(0.7339879797 -0.6074146502 0.001)
(18.24212231 -0.8871741036 0.001)
(0.6895243288 -0.1759835186 0.001)
(0.6616257546 -0.1995621715 0.001)
(0.6481224544 -0.1775440891 0.001)
(0.1546226431 -0.1009285762 0.001)
(0.1410300126 -0.1149496275 0.001)
(0.1604051779 -0.1196308593 0.001)
(0.1804072166 -0.1243701823 0.001)
(0.1482554475 -0.1333348056 0.001)
(7.195027452 8.380548344 0.001)
(18.10782663 3.141108249 0.001)
(0.1994720452 0.041214856 0.001)
(0.7820057273 -0.2316672969 0.001)
(0.7788059326 -0.2087296444 0.001)
(0.8006475958 -0.2171512038 0.001)
(0.1941750386 -0.1103609348 0.001)
(0.2001465096 -0.1294131935 0.001)
(0.2199759936 -0.1338664003 0.001)
(0.2062558077 -0.1486433828 0.001)
(0.2273552338 -0.153790023 0.001)
(0.2102420043 -0.1719151317 0.001)
(0.237772919 -0.1787016135 0.001)
(0.250390034 -0.1585496619 0.001)
(0.2171528327 -0.206331245 0.001)
(0.239003736 0.03761112267 0.001)
(16.34689018 -3.188000727 0.001)
(-0.0008423052475 -0.07794784786 0.001)
(1.280348813 0.2222201495 0.001)
(0.259792771 0.03132203798 0.001)
(0.2333629095 -0.1188658823 0.001)
(0.2989537925 0.02442188954 0.001)
(0.2710913523 4.495643308 0.001)
(0.2726946904 -0.1261623761 0.001)
(0.2798976532 -0.1447833712 0.001)
(0.2992619732 -0.1486316459 0.001)
(0.2860059433 -0.164369196 0.001)
(0.3063358222 -0.1679056967 0.001)
(0.2924602787 -0.1829592755 0.001)
(-5.479719742 -2.925527149 0.001)
(18.26574825 -5.044969544 0.001)
(0.3119552584 -0.1332142617 0.001)
(0.3584398375 0.01433818243 0.001)
(0.3693430486 0.02894079754 0.001)
(0.3513660667 -0.1393670865 0.001)
(0.338056358 -0.1560531249 0.001)
(0.358014992 -0.1606607422 0.001)
(0.3628848186 -0.185033499 0.001)
(0.3795906924 -0.1641137611 0.001)
(0.38767851 -0.1842992994 0.001)
(0.399568491 -0.1655894779 0.001)
(0.3189471572 -0.1520093937 0.001)
(-0.2102229458 0.006684067262 0.001)
(-0.2243652954 0.07356376425 0.001)
(0.3967100217 0.007832989772 0.001)
(0.3711699648 -0.1432228546 0.001)
(0.5524951963 -0.01760826825 0.001)
(0.4111148689 -0.147778861 0.001)
(0.4502008454 -0.1524328889 0.001)
(0.4583711764 -0.1706310973 0.001)
(0.4779343785 -0.1730382675 0.001)
(0.4896876695 -0.1570228674 0.001)
(0.4977514918 -0.1751811881 0.001)
(0.4863295068 -0.1897942168 0.001)
(0.5138248857 -0.02046283817 0.001)
(0.507746314 -0.001238629161 0.001)
(10.20280378 4.798443426 0.001)
(0.2406709875 -0.1379899531 0.001)
(0.1605844491 0.04345261651 0.001)
(0.5094712293 -0.1591131259 0.001)
(0.5490250825 -0.1631856269 0.001)
(0.5371806401 -0.1792444399 0.001)
(0.5571064082 -0.1803709887 0.001)
(0.5688005638 -0.1649245704 0.001)
(0.6110058194 -0.04512154956 0.001)
(0.6243133205 -0.03029345715 0.001)
(0.6427867354 -0.03570534808 0.001)
(0.636647673 -0.01652337313 0.001)
(0.6342669564 0.00619892138 0.001)
(0.9535233242 -0.1443209094 0.001)
(0.9683647521 -0.1308284015 0.001)
(-6.809175464 8.174078674 0.001)
(0.6084214313 -0.1686988235 0.001)
(0.6161889973 -0.186872694 0.001)
(0.9255497915 -0.1897308836 0.001)
(0.935767635 -0.2074090868 0.001)
(0.9152438523 -0.2106708504 0.001)
(0.8948697593 -0.2055646167 0.001)
(0.686968322 -0.06517342132 0.001)
(0.6812452679 -0.04867278643 0.001)
(0.7014697126 -0.05038263335 0.001)
(0.7204461851 -0.05663086138 0.001)
(0.8660503059 -0.1868535582 0.001)
(0.8551335689 -0.2035453704 0.001)
(0.8351903434 -0.2024241144 0.001)
(0.8446497829 -0.2208311819 0.001)
(0.8233414694 -0.2193994151 0.001)
(0.8318600193 -0.2363761689 0.001)
(0.8773329801 -0.1216385864 0.001)
(0.4394785288 -0.1684124096 0.001)
(0.8395322106 -0.1096959996 0.001)
(0.7633465962 -0.08710736168 0.001)
(0.7586180717 -0.06738453226 0.001)
(0.748282986 -0.1796362252 0.001)
(0.7872979223 -0.1805936812 0.001)
(0.8014693566 -0.09830550281 0.001)
(0.7982530294 -0.08011825351 0.001)
(0.648508098 -0.0547718934 0.001)
(0.8858940601 -0.1878440146 0.001)
(0.7252114321 -0.07604073041 0.001)
(0.8264209835 -0.1845687434 0.001)
(0.5772031425 -0.1819646612 0.001)
(0.5960672534 -0.1852135834 0.001)
(-4.588826562 -1.991838752 0.001)
(0.5175376648 -0.1772589788 0.001)
(0.8750114868 -0.2046100754 0.001)
(0.8819136469 -0.2232615032 0.001)
(6.613270653 0.8184594946 0.001)
(5.258153551 1.139507674 0.001)
(0.6642239275 -0.03811314965 0.001)
(1.000156231 -0.1955794676 0.001)
(0.9686542104 -0.2082108921 0.001)
(0.8154542238 -0.2010822132 0.001)
(0.8632099104 -0.2191649987 0.001)
(-0.05596411415 0.0310552056 0.001)
(0.4666154581 -0.1899431506 0.001)
(0.4361483061 -0.002746391351 0.001)
(0.1306570507 0.0645236711 0.001)
(0.05477735929 0.07828073564 0.001)
(0.03358392047 0.07588667916 0.001)
(0.04126741815 0.09618357027 0.001)
(0.02483605386 0.05592528559 0.001)
(-2.730914938 6.719540932 0.001)
(0.09252815426 0.1688553273 0.001)
(0.1416693466 0.1704779618 0.001)
(0.04741187874 0.2032394733 0.001)
(8.00040962 -6.883490322 0.001)
(0.1834766422 -0.1429947898 0.001)
(0.892142945 -0.1075357681 0.001)
(3.671576077 -4.671133185 0.001)
(2.971622471 -5.736916745 0.001)
(2.528709273 -4.441695818 0.001)
(-5.487971013 -6.657462593 0.001)
(13.83740258 1.266535144 0.001)
(0.4110712358 -0.1913863026 0.001)
(0.8248744969 3.487062873 0.001)
(-0.0294466885 0.05464885813 0.001)
(6.755105222 3.059032528 0.001)
(8.223593599 2.754447971 0.001)
(9.524616234 1.71148072 0.001)
(0.4487569867 0.1499576089 0.001)
(0.5962347786 -0.02091562047 0.001)
(0.949933954 -0.1254579739 0.001)
(-0.01281270374 -0.02597208684 0.001)
(18.327888 -6.918675253 0.001)
(11.15789994 -2.164698992 0.001)
(18.20935356 6.825661735 0.001)
(8.068706527 6.82681006 0.001)
(-8.430218206 -7.074812971 0.001)
(8.264136287 -2.526758842 0.001)
(10.56699899 -3.749692344 0.001)
(0.6258658849 -0.2063673948 0.001)
(4.617278669 8.467801842 0.001)
(-0.01942473335 -0.06367875434 0.001)
(-0.002905354167 -0.103590417 0.001)
(1.012084617 -0.1809220533 0.001)
(-3.534755556 1.161666716 0.001)
(0.09400318184 -0.6809145628 0.001)
(-0.04135159643 -0.07427826751 0.001)
(4.370670305 5.650966984 0.001)
(12.63778052 -6.340279942 0.001)
(0.688431824 -0.02438984674 0.001)
(0.738597372 -0.06515265543 0.001)
(-0.07179303228 0.1545954919 0.001)
(-0.1265731315 0.1858957323 0.001)
(0.8095566066 -0.2371476759 0.001)
(0.01724078953 0.09182670798 0.001)
(-0.03742889164 -0.05178232627 0.001)
(0.525389467 -0.1963251368 0.001)
(-2.947427813 3.360864303 0.001)
(0.7258610918 -0.03771507324 0.001)
(0.4202769975 -0.1682085645 0.001)
(6.411768077 -6.964723773 0.001)
(0.7659369222 -0.04192447455 0.001)
(0.3524543022 -0.6604698243 0.001)
(3.127586232 5.432734846 0.001)
(0.8349184803 -0.09213113467 0.001)
(1.056789679 -0.07598298871 0.001)
(1.105616899 -0.07502839682 0.001)
(3.598389872 -7.013777029 0.001)
(0.336241178 0.03894556169 0.001)
(0.778097155 -0.07447338832 0.001)
(0.7985119369 -0.05934643473 0.001)
(0.5839515759 -0.1980542196 0.001)
(-5.491015707 1.524704334 0.001)
(15.51248719 1.619536539 0.001)
(0.8531586251 -0.098165089 0.001)
(0.2606437802 -0.1412494242 0.001)
(-2.742487305 -3.540266612 0.001)
(9.928865753 -5.137368455 0.001)
(1.89342174 -5.528629518 0.001)
(1.590783681 -4.455622509 0.001)
(1.973716355 -3.677028234 0.001)
(16.73417864 0.3825629653 0.001)
(0.6312672622 0.03158571948 0.001)
(0.2679397788 -0.1813030869 0.001)
(0.9001869496 -0.002074404407 0.001)
(0.9955011955 0.05226427562 0.001)
(0.2715500583 -1.442754615 0.001)
(0.5545653713 -1.596459214 0.001)
(1.285086017 -2.146162947 0.001)
(0.7092331423 -0.1760951937 0.001)
(0.8165008747 -0.08618305546 0.001)
(0.7942064727 -0.1970728561 0.001)
(0.5675778494 -0.3436516007 0.001)
(0.6186207185 -0.3730703884 0.001)
(0.5497642454 -1.92278331 0.001)
(-7.002463153 6.312995587 0.001)
(0.8330279876 -0.07082074153 0.001)
(0.08346921289 0.09776989191 0.001)
(0.9817156055 -0.1178364016 0.001)
(0.2629451685 0.05892481177 0.001)
(1.158599921 -0.1382000306 0.001)
(0.1108490951 -0.1192444574 0.001)
(0.09020362262 -0.1254861487 0.001)
(0.9633456551 -0.1900790381 0.001)
(16.77677627 4.885370513 0.001)
(0.5701353944 -0.03912162553 0.001)
(0.3238329086 -0.1689914491 0.001)
(0.3148818465 -0.1909960542 0.001)
(-2.124099943 -0.5761846536 0.001)
(0.1710465739 0.0577706503 0.001)
(-0.2568048375 0.856167679 0.001)
(-0.3124274229 1.246366243 0.001)
(0.0304555015 1.067848362 0.001)
(1.070626471 -1.767371941 0.001)
(-0.5387595376 -0.4653291385 0.001)
(0.9849530206 -0.1376131551 0.001)
(-0.1960787425 0.1511140532 0.001)
(-0.3392182478 0.1179340334 0.001)
(-3.85801618 6.330731086 0.001)
(0.3909720612 -0.2425221679 0.001)
(0.2106924801 -3.925072072 0.001)
(0.8613775184 0.0893767901 0.001)
(-4.906153262 -1.046777257 0.001)
(12.00434262 6.996189846 0.001)
(-2.936056379 1.739820388 0.001)
(3.73263677 -0.2650341719 0.001)
(4.51846045 -8.545966182 0.001)
(1.618206354 -0.4122907303 0.001)
(1.86044806 -0.5002509742 0.001)
(-2.13365695 2.929841282 0.001)
(0.3186159362 0.01929694305 0.001)
(0.1253740479 -5.857701509 0.001)
(-0.04840616647 0.05523918346 0.001)
(0.290592588 0.04237621634 0.001)
(-1.766680839 3.686824247 0.001)
(5.699144806 -2.658350711 0.001)
(-0.03125766974 -0.03174825338 0.001)
(0.1971401734 -0.3878345046 0.001)
(0.1256125022 -0.4623613956 0.001)
(0.8415326262 -0.453307156 0.001)
(0.9212143009 -0.4906668987 0.001)
(0.9841878158 -0.4218196134 0.001)
(1.047442089 -0.3725304381 0.001)
(-0.5285778566 -1.153615965 0.001)
(-0.9698650549 3.608654739 0.001)
(0.7605649116 -0.195924776 0.001)
(0.3526017382 0.03024999477 0.001)
(3.277572978 -3.673261145 0.001)
(0.8667765337 -0.08322348521 0.001)
(1.005902302 -0.2138590328 0.001)
(0.5162692387 0.1023661701 0.001)
(0.8913704966 -0.2470552677 0.001)
(1.008004596 -0.1549532541 0.001)
(0.7810801221 -1.19972874 0.001)
(0.4471843051 -0.1904074212 0.001)
(0.5059598251 -0.1932783795 0.001)
(0.5350492727 -0.2189140129 0.001)
(0.4840152268 -0.2183524582 0.001)
(0.1278250317 -0.1278521245 0.001)
(0.1341416645 -0.1531430286 0.001)
(-0.6927361034 0.07124428961 0.001)
(0.1847816714 -0.1676098087 0.001)
(0.2724564248 0.1439737041 0.001)
(0.3189800019 0.202003818 0.001)
(-0.8813034008 -2.323741582 0.001)
(0.1825586401 0.2402164807 0.001)
(1.111689358 -0.1167372976 0.001)
(1.140196027 -0.1892569511 0.001)
(1.156087749 -0.2393730354 0.001)
(1.103253852 -0.2646067239 0.001)
(1.080557173 -0.3151923682 0.001)
(7.12769957 1.953424571 0.001)
(-6.64860514 -2.643681626 0.001)
(1.278731059 -3.730834576 0.001)
(1.908740274 -1.312417156 0.001)
(1.153460444 -0.3048718955 0.001)
(5.649909416 0.1612223299 0.001)
(0.06449212652 0.09954988945 0.001)
(0.04913823514 0.123036789 0.001)
(0.3135736324 1.401689295 0.001)
(0.7361869837 -0.2460280015 0.001)
(1.230583212 -0.2678830833 0.001)
(0.5956914205 0.1608858454 0.001)
(0.2689472468 -0.1596840244 0.001)
(0.1248945439 -0.1106746815 0.001)
(-0.4064933853 0.2607294987 0.001)
(1.364166684 -0.8610360381 0.001)
(1.220158699 0.009193173914 0.001)
(0.9752922909 -0.2273090342 0.001)
(0.5263045282 -0.007605370674 0.001)
(0.5184558585 0.01615695599 0.001)
(0.5443832919 -0.1968419223 0.001)
(0.2066813515 -1.244277151 0.001)
(0.8721576639 -0.1048102106 0.001)
(0.8982703366 -0.08964495611 0.001)
(-1.474960141 0.7969448514 0.001)
(-3.208908186 -2.108542402 0.001)
(0.9372838276 -0.3523158396 0.001)
(0.9533971621 -0.2035881103 0.001)
(0.9343826355 -0.2319746209 0.001)
(2.574934668 1.841950536 0.001)
(-0.05639036903 0.01090421272 0.001)
(-0.05663076183 0.07794096371 0.001)
(0.3985955896 -0.4437708947 0.001)
(0.8274483997 -0.2621040248 0.001)
(0.9754164976 0.626523459 0.001)
(1.470541115 0.06390859137 0.001)
(1.292845822 0.4110784964 0.001)
(-0.9652092311 -0.5025327984 0.001)
(-1.186053553 -1.204220721 0.001)
(-3.60420499 2.257411634 0.001)
(-0.006195230875 0.01521377493 0.001)
(0.9613122485 -0.24421628 0.001)
(-4.068292461 -1.032064012 0.001)
(-8.614688582 1.600570239 0.001)
(0.01589457016 -0.08927229186 0.001)
(0.9716524321 1.141798598 0.001)
(0.03888773077 -0.09978821208 0.001)
(0.03950672067 -0.1236177581 0.001)
(0.05951396417 -0.1091063527 0.001)
(3.288491562 2.631496925 0.001)
(-0.04170861831 -0.01845637646 0.001)
(0.3943125375 -0.2104949071 0.001)
(0.2530391774 0.04606216911 0.001)
(0.633236069 -0.1860324065 0.001)
(1.15866822 -0.03661078767 0.001)
(-1.314772359 1.20903719 0.001)
(-0.8150951908 1.180621753 0.001)
(-1.084063223 1.580389716 0.001)
(0.2874859344 -0.2075941987 0.001)
(0.5132896112 -0.2426729476 0.001)
(0.5545774923 -0.03239983601 0.001)
(0.3726412484 0.06444557976 0.001)
(0.6460061976 -0.292200889 0.001)
(-0.02600714453 -0.2748656409 0.001)
(-0.03893188694 -0.4152337308 0.001)
(-0.1077202739 -0.272424327 0.001)
(-1.876726863 7.647518057 0.001)
(0.7609143424 -0.2704773005 0.001)
(16.99354818 1.898939652 0.001)
(0.9638206241 -0.1135342874 0.001)
(-0.2906025922 0.02480614278 0.001)
(1.835158148 -7.730017913 0.001)
(-8.61949255 -4.391109044 0.001)
(0.205741275 0.7947133948 0.001)
(0.6570039322 -0.3374553206 0.001)
(0.2255951056 0.05319118719 0.001)
(0.868179266 -0.2758261741 0.001)
(-7.301750227 -1.718986678 0.001)
(-0.01240261442 -0.009503031324 0.001)
(1.20895901 -0.3596892328 0.001)
(-0.1759249694 0.271831099 0.001)
(-1.170356698 -1.577467499 0.001)
(0.9139404731 -0.1361081958 0.001)
(1.973389115 -0.8696122644 0.001)
(2.373364664 -1.262267669 0.001)
(0.1602925612 -0.1798040412 0.001)
(2.150700597 -1.850155482 0.001)
(0.05916776923 0.1535639358 0.001)
(8.90858897 4.080622988 0.001)
(1.661326791 -2.007095967 0.001)
(-0.1440713782 -0.06938268528 0.001)
(-8.523466679 -8.543075833 0.001)
(0.117376572 -0.08550820698 0.001)
(-8.535898385 8.535898385 0.001)
(0.453821661 0.02991086082 0.001)
(-8.561645396 4.36245667 0.001)
(5.816322284 -8.180871926 0.001)
(0.6550611179 -0.005046997883 0.001)
(0.6743726665 -0.00383864932 0.001)
(4.252305168 1.262314967 0.001)
(-1.093573733 -6.121466026 0.001)
(0.1422564097 0.1299623031 0.001)
(3.531056289 7.016950948 0.001)
(18.53589838 8.535898385 0.001)
(0.4193103637 0.02797491009 0.001)
(18.53589838 -8.535898385 0.001)
(1.410824172 0.6841935276 0.001)
(0.7179634038 -0.190652982 0.001)
(16.81288253 -4.556829849 0.001)
(0.4739307837 -0.01591354714 0.001)
(0.4910155493 -2.284863505 0.001)
(0.1047970631 -0.1669496102 0.001)
(0.9989750656 -0.008084999054 0.001)
(-0.2228053962 -0.1365951068 0.001)
(-0.05740262882 0.3347804449 0.001)
(-0.0005066838468 0.2607204621 0.001)
(1.073834659 -0.45383484 0.001)
(0.02551535063 0.1156194006 0.001)
(1.042999592 -0.1030007115 0.001)
(0.7249381195 0.1318354221 0.001)
(1.183439036 0.5987966891 0.001)
(1.010319077 -0.2967889548 0.001)
(0.1670641179 -0.134403025 0.001)
(2.305389655 7.411912858 0.001)
(3.195420269 -0.4877948767 0.001)
(0.9520596528 -0.1041823307 0.001)
(0.4058733509 0.5159197221 0.001)
(0.9888228448 -0.04305081771 0.001)
(6.278715154 -3.504957131 0.001)
(1.025894295 -0.2184394306 0.001)
(3.514807488 -0.8752575828 0.001)
(5.904441188 7.988833378 0.001)
(0.1169168866 0.6119264895 0.001)
(0.0002346864316 -0.2227435903 0.001)
(1.326645394 0.1029177594 0.001)
(0.9197411434 -0.2583136723 0.001)
(1.759221288 0.3955816376 0.001)
(0.92923345 -0.02156738398 0.001)
(0.8681410431 0.01847622464 0.001)
(-1.245840965 0.5544320308 0.001)
(-0.8256860176 -1.132534296 0.001)
(0.6703383451 0.1988373698 0.001)
(-0.01638833608 0.1929485043 0.001)
(0.6119933117 -0.2239993532 0.001)
(0.2711761874 0.04419189898 0.001)
(2.397175935 -6.822731892 0.001)
(0.788353013 0.03316488016 0.001)
(0.7599907206 0.0488844795 0.001)
(0.4328256245 -0.2109303124 0.001)
(1.080888683 -0.03346996412 0.001)
(-8.447809155 0.103967529 0.001)
(0.1258666775 0.3094134654 0.001)
(0.8059344315 -0.2943173113 0.001)
(0.686210032 0.08372673963 0.001)
(0.1971934549 0.1329400415 0.001)
(0.3536918502 0.142238526 0.001)
(0.6532909595 -0.02274527422 0.001)
(-0.007517605765 -0.7752520897 0.001)
(0.01245776284 -0.1321079178 0.001)
(0.9070140806 -0.1154981895 0.001)
(-0.05754878989 -0.008386382339 0.001)
(0.8989425542 -0.223935105 0.001)
(0.06641165474 0.2702678276 0.001)
(-0.4992866302 0.3464839434 0.001)
(0.2643413467 0.2813945249 0.001)
(-0.03261675466 -0.1090401275 0.001)
(-7.087649291 -6.299475494 0.001)
(0.3407702015 -0.2072002973 0.001)
(-0.5020602006 4.249026244 0.001)
(-1.544614027 8.786794553 0.001)
(0.2720996831 0.06900687647 0.001)
(11.43128305 -6.959714767 0.001)
(0.8970694484 0.8461107807 0.001)
(1.02940877 1.590543367 0.001)
(1.126197209 0.01632204372 0.001)
(1.098107938 -0.188198862 0.001)
(0.5637424309 -0.2346030244 0.001)
(0.1944312501 -0.2217634536 0.001)
(-1.502396195 -1.121325155 0.001)
(0.6459650021 -0.2179245253 0.001)
(1.149956143 -0.08922776342 0.001)
(-0.09404841701 -0.1892540993 0.001)
(0.6007672899 -1.349237834 0.001)
(0.59206146 -1.150180737 0.001)
(0.5768839986 -0.2154285887 0.001)
(0.05782432016 -0.1501293647 0.001)
(13.24285345 5.519530907 0.001)
(0.466961234 0.2022151233 0.001)
(2.809885554 0.5284732311 0.001)
(0.5439618854 -0.005002683651 0.001)
(0.4929350691 -0.0007418680374 0.001)
(0.9996057442 -0.1436800015 0.001)
(1.03532454 -0.323179227 0.001)
(-0.2921340927 -0.083310284 0.001)
(0.4069437603 0.256063787 0.001)
(0.6084837868 -0.02957764126 0.001)
(-8.26712265 5.76413291 0.001)
(0.3460752133 0.06192920148 0.001)
(-3.459302521 -3.267161908 0.001)
(0.4101962454 0.01503472597 0.001)
(0.05105753916 -0.4146416349 0.001)
(0.7734272924 -0.2494144335 0.001)
(0.08424276456 -0.1473800264 0.001)
(-4.804932849 2.237279593 0.001)
(0.5571257636 0.1071495602 0.001)
(0.8027848734 0.1615334366 0.001)
(0.5661272812 -0.1953760082 0.001)
(-3.952467633 7.460514739 0.001)
(1.866580256 -0.01577657925 0.001)
(0.9399816996 -5.271163061 0.001)
(1.06591323 -0.2692318125 0.001)
(-3.752760084 -2.47365489 0.001)
(0.937166913 0.1280943492 0.001)
(0.9949780473 -0.2316195447 0.001)
(0.7783070242 -1.775280951 0.001)
(0.7428603126 -0.3063240552 0.001)
(0.4282789821 0.01172674807 0.001)
(0.787469632 -0.03696965378 0.001)
(15.0939006 -2.747989055 0.001)
(-0.2373267308 0.3713761266 0.001)
(-0.1452260016 -0.3893551977 0.001)
(1.544419719 0.9680983542 0.001)
(0.7515122965 -0.02487468807 0.001)
(0.7132120796 -0.01205050019 0.001)
(-0.07430867279 -0.03962483286 0.001)
(0.8217314145 -0.04977266326 0.001)
(1.037345803 -0.2005521147 0.001)
(0.5397209117 0.2259101682 0.001)
(-7.512125299 2.90194375 0.001)
(1.081582029 0.08655957376 0.001)
(1.007412906 -0.168246205 0.001)
(-8.297341665 -5.764792978 0.001)
(0.6780282476 -0.2108048152 0.001)
(0.9503184719 0.006502752502 0.001)
(0.3844854536 0.02337471355 0.001)
(1.029770152 -0.1806070869 0.001)
(0.8554777461 -0.06209612737 0.001)
(-0.1638896331 0.09457139225 0.001)
(0.07790820409 -0.1140600901 0.001)
(0.7484617923 -0.3447247219 0.001)
(0.5308669496 1.721577752 0.001)
(0.815623555 -4.297881197 0.001)
(0.07241295395 -0.583128991 0.001)
(0.6141119157 -0.2474411447 0.001)
(-0.8789172522 0.02528058023 0.001)
(0.8893786977 -0.0735481333 0.001)
(0.7769214337 -0.1920242723 0.001)
(0.9352063131 -0.123973297 0.001)
(0.4662275855 -0.2376661217 0.001)
(1.536999969 0.4796070055 0.001)
(0.432733002 0.0417107563 0.001)
(0.5511106697 0.01235064496 0.001)
)


// ************************************************************************* //
