/*--------------------------------*- C++ -*----------------------------------*\
| =========                 |                                                 |
| \\      /  F ield         | OpenFOAM: The Open Source CFD Toolbox           |
|  \\    /   O peration     | Version:  2412                                  |
|   \\  /    A nd           | Website:  www.openfoam.com                      |
|    \\/     M anipulation  |                                                 |
\*---------------------------------------------------------------------------*/
FoamFile
{
    version     2.0;
    format      ascii;
    arch        "LSB;label=32;scalar=64";
    note        "nPoints:3450  nCells:3348  nFaces:11769  nInternalFaces:4971";
    class       labelList;
    location    "constant/polyMesh";
    object      neighbour;
}
// * * * * * * * * * * * * * * * * * * * * * * * * * * * * * * * * * * * * * //


4971
(
747
840
3095
77
117
2705
65
199
530
307
721
2797
432
833
2642
57
297
640
23
152
2688
19
343
594
45
402
2562
170
2346
2349
13
1730
2621
154
216
3224
180
215
1380
1717
2335
31
92
2269
171
250
708
145
264
2036
194
2357
2573
150
218
2062
200
3059
159
2125
3060
141
204
2305
178
243
3156
593
2766
30
394
2074
550
623
655
29
795
2348
618
669
2542
89
659
1097
140
3237
322
1618
258
864
39
336
598
308
2281
2448
129
199
330
101
3335
376
3121
3345
425
492
2734
111
413
773
587
588
130
133
461
1859
3059
3340
182
395
932
49
213
3315
76
597
598
861
2280
232
275
2032
616
2329
3071
2067
3094
3339
2707
3337
59
309
733
227
475
3266
176
350
530
74
335
608
75
76
336
73
2150
2473
88
254
1281
476
1065
162
406
1649
467
1869
135
1056
1463
96
1407
2876
110
1111
1854
239
2007
3068
320
612
877
166
806
144
469
1276
240
408
1669
175
338
1493
410
715
743
137
866
3130
94
392
2121
156
315
2616
254
1678
347
727
345
728
1014
316
799
157
323
2347
396
1106
2130
583
596
859
132
440
3102
337
2251
3134
85
429
1483
362
2202
2294
318
3148
242
968
2411
2032
2156
3162
519
782
197
2005
674
894
3000
161
279
3255
677
2002
231
506
594
588
982
158
232
2156
521
717
147
441
929
977
3129
3341
109
1385
2000
134
2262
2594
137
273
244
2459
2462
286
379
1098
554
2156
2651
294
464
888
343
407
1777
129
2341
2623
115
259
2114
523
2369
615
956
267
2504
233
371
1870
120
333
646
168
2692
3173
685
2223
185
617
2861
608
921
591
2801
3178
211
487
3085
219
759
131
581
919
2428
2864
3347
161
198
3269
202
323
688
723
2116
298
361
1831
201
315
151
809
2480
2501
997
2319
397
1911
540
3280
252
1047
1135
2816
260
458
167
462
1932
3330
505
506
2740
165
693
3343
617
2861
2971
3253
293
491
2689
169
556
2204
677
969
2026
2194
373
1041
2752
279
513
499
535
2684
153
2080
2958
975
2788
627
2164
262
3155
171
2396
625
741
173
263
2912
289
288
678
823
678
2420
214
539
1372
510
750
2118
206
224
691
251
378
692
549
3250
1881
2192
696
697
492
523
2765
2642
2838
949
235
658
1488
599
2629
189
363
2206
1528
2421
681
2276
271
292
1939
536
2603
217
604
3270
987
2079
742
3097
3100
481
2491
2163
3137
3344
193
694
768
259
427
403
783
865
415
475
2452
266
268
3325
701
2358
253
707
708
359
2305
2922
447
2492
2837
446
2915
2570
2835
247
2264
2529
357
585
893
228
2244
423
2337
661
1859
2139
2148
674
3135
3342
634
2993
586
3098
3271
381
384
417
2084
2940
224
507
577
529
2433
2463
221
534
1131
2257
3179
850
955
1998
866
2359
1051
1354
1121
2669
2180
3231
594
1989
246
1787
649
816
503
1979
3343
497
2634
378
486
1029
501
3328
3346
545
281
327
3258
317
360
1046
474
2839
2022
2108
591
823
1994
421
1437
2063
661
2439
2841
445
542
2375
2482
2770
2087
2543
256
2601
2690
257
2066
3262
363
1711
2108
2744
2991
1666
2370
373
2554
3304
2086
3077
272
2490
650
2773
483
498
1752
285
573
391
1776
324
1705
2451
565
631
2242
1079
2625
597
1066
344
1902
349
1901
456
258
2265
2858
457
1048
818
3050
2505
607
1040
2209
1961
2633
3191
2380
3287
725
2296
1586
2894
388
1028
611
353
2597
386
2869
448
503
2998
465
1657
2014
446
2296
2823
2826
415
657
2762
2037
3187
874
2109
2129
624
2329
2732
2398
2760
3196
3152
604
2749
3207
2353
3251
661
968
2088
457
613
1969
482
522
2828
2038
2096
837
1899
411
628
2916
425
2889
426
2891
409
724
2719
385
2809
3008
671
2347
2985
319
1042
386
388
3128
419
441
3071
827
1968
701
1796
393
1050
2746
375
557
807
669
886
2482
2869
3246
3336
471
601
681
319
606
942
331
553
2397
419
905
2933
415
3076
2237
2360
689
317
690
424
769
829
474
2027
3035
365
1867
2059
369
1868
2293
2964
377
2427
397
1471
3061
514
850
962
399
2642
3166
2465
2471
2970
1050
2282
356
497
1103
496
748
1237
2490
3268
350
471
803
480
2067
2303
1881
2272
832
2655
576
848
3147
944
1066
534
2162
2333
342
980
982
2305
2993
1480
2020
452
839
1112
459
821
822
423
2711
3267
815
2709
951
364
826
366
828
367
377
827
368
829
370
830
2458
372
452
806
466
758
924
445
764
917
772
920
454
788
916
451
766
923
780
918
777
922
601
857
880
504
2995
581
2181
687
1595
2539
3037
2289
730
1936
729
1933
732
1941
734
1930
735
1920
736
1915
738
1952
737
1948
739
1938
2579
562
2195
2306
488
555
1012
2218
644
2242
1061
2394
485
2017
2081
433
835
434
567
836
435
566
569
436
568
945
2077
799
1123
2338
3115
2025
2409
2589
657
698
2303
915
1775
2203
3040
1121
2312
2135
2516
2632
3073
2587
2633
495
512
687
2416
2552
453
625
2480
559
2174
2453
926
2052
451
2332
617
2170
2297
450
722
2830
2225
2706
651
3059
2390
2506
822
2983
2128
2907
2147
2232
817
2224
2233
950
1901
518
847
2582
484
839
2122
3088
3320
679
1958
2605
2219
430
856
2226
2681
3061
511
793
3243
426
454
846
2114
2769
519
763
1064
547
1179
1290
2254
463
2339
3248
887
2995
638
642
637
645
641
643
638
647
443
2024
2386
527
861
869
607
695
2314
2469
3333
3152
2213
2342
3234
986
2898
571
2935
3181
2731
725
559
2109
752
2969
507
609
912
849
2962
2914
948
627
2409
2819
626
997
2698
1966
2458
2293
2261
2502
654
1001
653
654
683
996
636
2043
2076
2384
2626
911
2974
702
2336
2377
2595
968
1859
2261
2184
3200
548
910
1875
858
560
2043
3036
494
2154
2202
3170
3158
870
2376
590
2374
2646
744
2191
2220
489
2151
2717
2197
3249
2365
3240
2931
3048
911
1654
2611
3149
2035
2181
631
1009
1005
3212
541
606
2323
2586
508
526
794
2970
3105
3298
703
880
1642
2414
2470
701
2804
875
2249
517
2282
2378
2964
3104
2436
3159
3274
2131
2236
789
885
2230
2975
564
3279
796
2251
604
999
543
546
926
929
2178
632
1994
3286
582
1478
632
2178
533
622
542
2076
2754
702
704
1167
776
2756
883
2414
2039
2413
2452
3321
2552
2757
2234
2866
1350
621
1094
3322
2016
2323
3201
595
860
804
2052
635
1906
3163
2441
3244
2738
1605
2223
2968
694
779
1871
888
1975
2140
2616
2899
1028
1012
2101
2713
593
2179
3153
2061
2566
2886
3240
691
835
2149
566
889
567
720
927
568
890
569
891
960
2208
667
959
844
2613
2997
3054
682
2155
3338
557
975
2124
991
2666
823
2596
633
893
1299
2813
1002
879
2766
3190
1961
2878
2904
2542
2825
3078
2372
3070
2463
2608
2810
2251
3290
2408
3016
1016
1019
1020
1021
2148
2826
2624
2948
684
2351
2726
579
2788
2139
2823
810
1056
1617
2394
2403
622
942
756
843
1895
1841
1990
629
680
897
2576
852
2071
2736
3145
908
999
1856
2072
2781
1108
3150
712
2142
900
603
2066
2941
2019
2625
2999
628
656
2395
3136
629
825
796
2439
902
2585
1337
3208
846
980
2777
1500
726
2581
743
2270
624
989
2509
974
3219
907
908
1057
715
2539
3235
747
3335
2523
3190
645
984
698
2503
2541
1812
1990
2509
3152
2001
2274
675
791
2691
852
901
2193
2447
2993
912
3032
3161
3232
2772
2364
2510
3084
1792
1083
705
709
913
1439
1611
835
922
2447
2732
2456
3014
731
2015
757
916
760
761
918
1064
762
919
767
917
770
922
774
920
775
921
778
784
925
785
923
786
924
2756
683
787
928
2120
824
2177
687
852
2263
869
1612
1613
2535
3189
2702
2764
3158
2308
2683
799
2705
790
812
2637
2032
2054
2957
2367
2433
2608
705
1003
2415
755
935
1027
2095
2896
2987
820
2008
1024
2047
2533
2919
700
2054
2707
946
1932
962
2241
2645
828
1965
2121
699
2000
2437
680
906
937
814
2999
2457
2676
873
2275
2874
3334
1902
847
2249
2796
3293
798
841
2498
2127
2327
978
1936
979
1952
942
943
944
3044
3083
1084
2137
3272
2024
2111
946
947
2067
936
2650
2007
2882
1071
714
863
1258
2926
1641
804
934
948
949
950
856
1647
2371
3292
3323
801
964
2699
802
2585
720
868
952
896
1492
2941
811
953
954
2533
2537
1094
2094
2736
843
2280
2387
1101
859
3167
2810
2994
1204
2673
2425
3051
2393
822
1613
921
1972
925
1967
1965
1962
1964
1967
1963
1968
1972
1969
1971
1966
1970
814
864
1754
2409
2737
2653
3026
2489
2142
2228
2321
3020
3333
1906
2107
3202
2921
2302
2545
834
2270
2489
1120
2665
858
2466
2558
967
2174
2401
2537
2552
1010
2717
3259
897
1114
821
2913
1912
1944
1922
1926
1928
1949
1917
1921
1913
1918
1911
1947
1913
1931
1916
1948
1032
1923
1942
1935
1945
1916
1943
1927
1939
1909
1920
1921
1929
1910
1919
2072
1934
1951
1934
1950
1943
1951
1908
1930
1924
1946
1919
1929
1907
1944
1927
1937
1918
1946
1922
1942
2098
1925
1931
1923
1935
1914
1949
1917
1945
1924
1926
1928
1940
1909
1912
910
2166
1856
3147
805
1385
2155
2732
3253
2428
2596
813
1000
2981
3062
3134
1776
2185
2322
2528
2538
933
2407
2454
856
1013
2228
3072
2558
2703
1612
1574
1973
1985
974
1099
863
2361
2466
1723
2335
2255
2283
889
1072
890
1069
825
976
1298
907
2132
996
2440
2205
2908
2801
3284
2382
2796
2931
935
1004
2719
2175
3340
873
978
983
2467
982
980
979
981
2221
2239
2334
2692
3119
3186
2477
3053
899
984
1159
2003
1997
2353
2965
2123
2179
3325
2751
3195
2004
2359
2707
2520
2366
2487
876
1815
2584
2524
875
1061
1856
2608
3313
2645
909
957
1100
914
2360
3211
1900
2454
3011
1824
1998
2083
858
863
2872
889
1037
2520
867
876
1894
995
1032
2252
2845
878
2085
892
1169
1001
998
2259
932
2269
2686
2237
2301
3309
1984
884
2462
1810
2021
2688
2766
1027
2100
2834
3231
1637
1021
2099
2597
2182
2456
2854
1974
2202
2492
3229
1388
2186
2668
2790
2922
3132
2750
999
1000
2099
958
1011
1002
1996
2850
2114
2134
2223
2361
2540
1004
2184
2700
3116
927
938
1006
2207
2315
2570
2242
2578
1054
2012
2046
1251
2093
2402
1978
2187
959
1004
1007
1008
913
1003
2083
1738
2354
1013
2532
3026
2271
2776
1019
1016
1018
1015
1021
1020
1017
1014
2666
985
1022
2020
991
993
2238
2438
2040
2133
2173
2002
2682
2714
1611
2246
2183
1996
2965
965
2126
1089
1958
1983
2477
2880
2257
2433
2559
973
1980
2550
1029
1030
2440
2519
2802
2474
1031
2160
1034
2018
1033
1710
1989
985
1036
1037
2051
1038
2149
2688
3033
1055
2124
1198
1988
1234
2031
2166
1502
2628
972
2379
2664
2728
1979
2436
3206
972
2307
994
1984
1029
2078
2331
1075
2530
2491
2966
2127
2245
2587
992
1146
1980
2232
2019
2829
1042
1099
1043
2011
2677
2821
2377
1046
1045
2028
1044
1047
1048
1035
2159
2526
1344
2240
2205
2720
2880
2831
3278
2367
3289
3313
2219
1000
1043
1003
1988
1054
2058
2311
2505
2362
1896
1052
1053
2913
1055
2478
2997
1058
2203
1059
2705
1060
1061
2273
2331
1961
2820
1026
1036
3165
1063
1066
1065
1068
1072
1071
2318
1067
1070
1073
1069
1074
2729
1024
1705
2627
1744
2292
2529
2563
1140
2208
1999
3124
1077
2791
1078
2912
2630
1079
2504
1080
2030
1874
1958
1081
1083
1082
2065
1882
2038
2309
2411
3024
2730
2739
1085
1086
1088
2715
1087
2473
2035
1896
1089
1090
1842
2484
1891
2373
2767
1093
2782
1092
1954
2211
2781
1095
2050
2410
1096
1765
1097
2196
1098
2050
1084
1091
1689
1100
2307
2042
2288
1105
2042
1102
2576
2914
1103
1889
1104
2731
1101
2819
1106
1107
2854
3023
2425
2849
1109
2078
1110
2629
2019
1111
1112
1113
1874
1115
2076
1114
1588
1116
2006
1117
1118
1119
2787
1120
1955
2676
1771
1977
1795
1871
1122
2536
1123
1959
3069
2175
2502
1124
2723
1125
1126
2006
1127
1133
1128
2521
1131
1129
1130
1132
1892
2245
1134
2044
2429
3252
1136
1137
1138
2310
1139
2611
1140
1141
2100
1142
2043
1145
2384
1147
2045
1146
1819
1148
2075
1149
1268
1151
1152
2005
1157
2878
1158
2244
1159
1699
1161
1696
1163
1166
1167
1805
1162
2162
1165
1164
1168
1169
2247
1171
2116
1173
1260
1174
1175
2319
2362
1176
1177
1812
2089
1179
2277
2308
2021
2085
1144
1155
1382
1991
2927
1183
1786
2829
1184
1826
1186
2172
1185
2225
1703
1838
2682
1780
1976
1192
2853
1160
1172
1512
1181
1182
1481
1156
1205
1160
1178
1194
1845
1195
2093
1196
1496
1197
1198
1202
1809
2290
2840
1203
1779
1956
2140
2268
2431
1201
1200
2104
1199
1180
1189
1496
1204
2758
1205
1206
1686
1817
2165
2768
1207
2698
1208
1209
1801
2291
1189
1366
2600
1190
1221
1366
1456
1189
1497
1214
1215
1216
2070
1217
1981
1218
1219
1190
1212
1547
1210
1635
2383
1497
1739
1756
1764
1222
1789
1213
1239
1670
1225
2893
1226
1227
1228
1229
1230
2574
2496
1231
1234
1232
1782
1233
1847
1236
2333
1235
1898
2372
2029
1237
1714
2345
2510
1238
2146
1732
1802
1663
1742
1223
1861
2368
1213
1706
1221
1240
2950
1241
1736
1242
1243
1245
2092
1246
1734
1244
2017
1283
1332
2446
1673
1247
2392
1646
1722
1690
1715
1716
1248
1249
1250
1251
1704
2534
1741
2341
1252
1774
1254
1772
1255
2112
1256
1259
1258
1598
2910
1260
2561
1257
1597
1993
1262
1737
1724
1731
1264
1740
1682
1798
1266
1700
1267
1844
1738
2818
1269
2795
1268
2079
1270
1271
1667
2953
1273
1877
1275
1708
1666
1276
1746
1265
1277
2221
1278
2710
2279
2390
1280
1676
1282
2103
1279
1281
2039
1800
1272
1559
3022
1284
2159
1677
1698
1750
1286
2444
1601
1656
1287
2012
1288
1701
1289
1290
1291
1640
1803
1292
1293
1551
1643
1294
1674
1285
1596
2258
1297
1671
1298
1300
1767
1301
2250
1303
2551
1306
1793
1678
1304
1305
1311
1747
1307
1308
1552
1563
1311
1312
1313
1315
1314
1540
1752
2746
1647
1316
2204
1319
1645
1610
2943
1321
1603
2387
2405
2068
2388
1322
1323
1797
1330
1565
1325
2726
1792
2702
1309
1317
1513
1326
1662
1632
1661
1327
1531
1328
1835
1329
2604
1600
1755
1330
1343
1318
1392
2564
1749
1332
2858
1618
1713
1333
1335
1334
2046
1648
2765
1564
1565
1324
1545
1338
1616
1324
1336
1508
1339
1340
1331
1341
1342
1726
2499
2201
2486
1346
1347
1345
1633
1344
1692
1349
1604
1350
1563
1581
1351
1352
1354
1353
1623
1587
1707
1561
1562
1524
1566
1355
1356
1359
1693
1360
1554
1361
1691
1563
1638
1555
1579
1362
1363
1556
1364
2895
2252
2332
1357
1478
2804
1367
2412
1368
2265
2567
1372
1593
1371
2479
1592
1373
1374
1537
1659
1520
1521
1369
1435
2590
1376
1557
1375
1609
1377
1533
1380
1814
1379
1575
1684
2403
1370
1381
1851
1382
1383
1527
1385
1555
1381
1499
1516
1517
1388
2115
1387
1538
1631
1391
1543
1394
1474
1393
1395
1396
1581
1384
1389
1467
1399
1400
1398
1401
1759
1402
2483
1403
1569
1499
1500
2275
1405
2675
2722
1494
1495
1404
1412
1417
1407
1539
1453
1519
1410
2097
1409
1570
1672
2164
1411
1412
1404
1498
2423
1414
1816
1431
1568
1413
1415
1416
1866
1418
1419
1420
1422
1433
1424
1608
1415
1431
1504
1427
1421
1461
2464
1429
1432
1571
2284
1430
1433
1536
1586
2575
1873
2669
1434
1435
1486
1501
1518
1493
1532
1428
2457
1421
2455
1467
1585
2497
1425
1426
1457
2298
2946
1446
1447
2348
2764
1553
2757
1491
2683
1479
1582
1596
2326
1523
1441
1503
2344
1438
2262
1443
1439
1445
1452
1471
2117
1442
2925
1468
1453
1465
2210
1451
1477
1469
1504
1448
1454
1454
2337
2501
1450
2408
1466
2170
1452
1460
2276
2738
1455
1457
1460
1451
1514
1459
1459
2687
1487
1475
2588
1464
1760
2395
1463
1470
2209
1466
1468
1462
1464
1768
2500
2283
1472
1470
1509
1482
1472
2273
1470
2610
1476
1481
1476
1483
1501
1503
2485
2696
2916
1485
1479
1482
1490
2287
1488
2120
1495
2297
1502
1487
1899
2231
1489
2253
1487
1879
1491
1498
2419
1505
2324
1493
1507
1626
1513
1579
1510
1511
1510
1501
1517
1515
1518
1514
1509
1520
2557
1521
1711
2358
1522
2434
1522
2443
1519
1526
1525
1673
1525
1729
1526
1960
1529
1637
1530
1827
1529
1534
1523
1541
1542
1544
1545
1546
1748
1546
1547
1532
1614
1532
1709
1549
1549
1660
1575
2036
1535
1536
1536
2649
1669
2299
1543
1548
1539
2956
2644
1593
1825
1560
2266
1560
1735
1553
1561
1639
1562
1567
1564
1675
2105
1572
1569
1574
1585
1573
2775
1573
2572
2106
1557
1570
1574
1568
1594
1571
1583
2553
3029
1584
2267
1584
1594
1568
1590
1591
1589
2393
1589
1694
1579
1577
1578
1599
1651
1638
1586
1582
1605
2134
1578
1582
1607
1585
1973
2560
1596
1587
2399
1615
1592
1619
2915
1619
1620
1706
1620
2706
2256
1608
1628
1625
2422
1661
1818
1662
1864
1627
1685
1604
1698
1629
2239
1629
2224
2352
1609
1843
1614
1607
1636
2507
2836
2285
1852
2220
1616
1657
1695
1643
1715
1631
1646
2176
1623
1650
1649
1622
1628
1639
1627
1652
2471
1631
1654
2381
1653
1783
1639
1642
1632
1633
1655
1655
1719
2195
1633
1665
2061
2373
1664
2527
1665
2330
1651
1679
1645
1653
1648
2013
1652
1679
1680
2449
2751
1659
1687
1648
1688
1670
1689
1652
1658
1657
1697
1697
1756
1668
2278
1668
1685
1807
1685
1684
1702
2153
1703
2407
1702
1671
1674
1730
1675
1691
1694
1691
1693
1723
1694
1693
2812
1678
1692
1719
1733
1716
1717
2173
1682
1753
2185
1718
1718
2391
2714
1878
1721
2721
1721
2255
1725
1731
1724
1704
1728
2657
1709
1712
1772
2147
1733
1712
1774
2119
1701
1713
1707
1743
1742
1708
1745
1731
2920
1726
2670
1751
1804
1727
1720
2400
1729
2545
1735
1726
1757
1758
1720
2306
1761
1761
1848
1730
1762
1762
2118
1728
1735
2243
1748
1737
1769
1764
1738
1752
1740
1753
1755
1778
2784
1749
1746
2932
1770
1770
2141
1773
2200
1773
1891
2184
1775
2857
2955
1784
1755
1766
1777
1860
1788
1781
2593
1767
1785
2133
1787
2096
1760
2404
1768
1790
1795
1799
2302
2350
1766
1845
2418
1769
2351
2426
1778
1806
1806
2060
1792
1808
1797
1784
1788
1811
1799
1782
1800
1789
1834
1797
2049
1793
1803
1831
1788
1815
2909
1798
2062
1798
1803
1813
1817
1825
1830
1852
1829
1821
2386
2954
1822
1823
2206
1802
1833
1802
2654
1883
2069
1809
1846
1838
1818
1836
1840
2158
1818
1993
2518
1849
2177
1885
1832
1853
1835
1839
1863
1828
1839
1833
1826
1830
1867
2212
2339
1868
2442
1869
2048
1834
1897
1875
2645
1844
1844
1836
1837
1855
1865
1832
1833
2374
1834
1835
1846
1851
1858
1882
1853
1880
1883
1885
1886
1884
2157
1877
2191
1877
1847
1858
1853
1855
1850
1861
1860
1865
1862
2646
2611
3075
1861
1866
1872
1879
1864
1890
1866
1876
1894
2286
1876
1873
1903
1905
1904
1903
2754
1904
1878
2906
1893
2693
1953
1878
1887
1888
1891
3020
1977
1890
1982
1987
1982
1987
2038
1899
2385
1893
2312
1892
1956
1893
1898
1999
2091
2405
1955
1976
2041
2023
2292
2322
1970
1962
1971
1963
1964
2928
3241
1969
1972
2122
1967
1964
1966
1971
1963
2123
1962
1965
1968
1970
2008
2241
1959
1976
1981
2026
2214
2716
3199
2053
2229
2938
2493
2617
2640
2216
2354
1987
2897
3151
3083
2099
2364
2064
2586
3138
2011
2703
2846
2489
2556
3046
2547
2144
2944
2029
2930
2153
2383
2811
2029
2110
2603
2622
3171
2678
2678
2684
2641
2198
2033
2295
2790
2491
2231
2341
2689
3187
2082
2062
2957
2143
2136
2143
2631
2063
2152
2806
2045
2070
2057
2369
2548
2943
2024
2928
2571
3163
2075
2030
2080
2044
2904
2082
2289
2026
2900
2737
2856
2684
2899
2035
2075
2089
2208
2546
2057
3064
2199
2586
3004
2103
2689
2985
2104
2136
2328
2053
2494
2104
2759
2058
2115
2635
2793
2118
2595
2119
2325
2119
2065
2100
2246
2082
3187
2064
2080
2157
2342
2877
3336
2415
2070
2121
3040
2141
2517
2141
3229
2089
2085
3238
2397
2562
2144
2158
2324
2639
3149
2074
2135
2399
2400
2741
2877
2165
2172
2431
2818
2186
2882
3337
2797
3076
2277
2513
2797
2872
2237
2887
3003
2343
2565
2204
2725
2196
2661
3321
2316
3302
2406
2450
2718
2336
2630
3017
3041
2217
2599
3184
2763
2106
2346
2838
2125
2667
2243
2633
3079
3282
2160
2898
2247
2648
2233
2352
2372
2230
2245
2152
2253
2543
2942
2942
2944
2774
2166
2211
2161
2201
3235
2130
2459
2729
2760
3169
2196
2680
2286
2287
3164
2235
2852
3328
2513
2681
2773
2304
2194
2207
2183
3270
2320
2451
2956
2310
2733
2307
2313
2731
2657
2787
2530
2571
3345
2330
2294
2340
3120
2959
2260
2733
2310
2227
3012
2318
2881
3171
2450
2967
2332
2637
2914
2171
2426
3005
2248
2668
3332
2348
2404
2786
2475
2498
2820
2176
2368
2368
2246
2555
2834
3110
2268
2936
3250
2198
2391
2481
2417
2785
2663
3042
3081
2392
2548
2568
2425
2761
2418
2846
2917
2639
2883
2763
2352
2677
3261
2235
2717
3012
2260
2635
2617
2989
2525
2494
2418
2210
2771
2230
2996
3040
3115
3128
2734
2889
2278
2357
2812
2495
3087
2711
2891
2453
2837
2655
2485
2486
2596
2651
2789
2580
2725
2345
2699
2327
3004
2229
2485
2501
2696
2673
2856
2939
2286
2852
2940
2415
2961
2580
2475
2657
2631
2534
2534
2524
2532
3285
2350
2620
2986
2551
2643
2510
2795
2461
2553
2767
3324
2460
2830
2288
2536
3175
2411
2575
2315
2422
2776
2822
2269
2267
2745
3125
2576
3091
2857
3027
2860
3180
2588
3058
3283
2590
2590
2600
2422
2370
2577
2388
2822
3211
2746
2610
2285
2828
3048
2769
2521
2494
2548
2973
2629
2873
2658
2690
2833
2976
3327
2474
2769
2396
2646
2506
2649
2565
3028
2847
3303
2654
3218
2964
3093
2670
2693
2406
2682
2593
2817
2669
2970
3096
2855
3082
2357
2794
3099
2579
2663
2708
2634
2698
2627
2644
2917
2972
2529
2598
2990
2410
2495
2460
2591
2694
2727
3031
2472
2742
2606
2763
2701
3046
2449
2926
2738
2427
2782
2754
2512
2786
3131
2719
3051
2591
2660
2768
2573
3288
2835
3186
2784
2784
3104
2410
2356
2761
2581
2804
3105
3247
3144
2791
2437
2704
3222
2795
2886
3230
3044
3334
3324
2765
2402
2774
3201
2836
2829
2919
2947
2467
2782
2715
2381
2451
2967
3216
2555
2807
2956
2939
2987
2951
2950
2394
2906
2928
2902
2902
2677
2903
3218
2910
2454
2943
2915
2916
2625
2940
2991
2920
2920
2952
3114
2680
2906
2927
2923
2714
3011
2938
2592
3052
2839
3013
2518
2952
2995
2655
2692
2583
2713
2841
3015
2759
3194
2583
2660
2527
2658
3011
2888
2467
2789
2934
3123
2432
2849
2973
3028
2540
2724
2897
3039
3063
3017
2808
2554
2730
2872
2791
3161
3239
2690
2984
2724
2779
2614
2638
2531
2554
2961
2695
3154
3232
2776
3205
2480
3084
3167
2998
2755
2783
3112
3160
2473
2729
2994
2721
2753
3034
2978
2755
2792
2809
2842
3055
2514
2545
2955
2972
3009
2930
2963
2656
3120
3331
2912
2787
2622
3176
3209
2598
2863
3314
2656
2815
2641
2988
3332
3052
3160
2517
2618
2907
2874
3030
2760
2824
3038
2843
2806
2691
2905
2593
2862
2884
2783
2868
3031
2779
2875
2647
2792
3340
2762
2827
2550
2615
2814
2569
2947
2671
2871
3300
3255
2541
2659
2875
2624
3005
2979
2654
2873
3081
3118
3222
2842
3306
2566
2930
3210
3263
2913
2662
2549
3027
3154
2528
2728
2819
2580
2701
2604
2954
2798
3031
2820
2808
3214
3122
3185
2971
3132
2679
2793
2937
3190
2640
3025
3094
2805
2773
2712
3159
3264
2628
2814
2730
2862
2871
3254
2597
2911
2825
3246
2701
3053
2745
3085
3341
2997
3161
2778
2868
2816
2900
2666
2652
2822
2875
3019
2923
2675
2686
2695
2840
2853
2805
2892
2901
3014
2830
2962
2812
2884
3038
3182
2648
2851
2585
3016
3297
2983
2617
2726
3041
2870
2918
3191
2800
2866
3084
3174
2604
3010
2721
2925
2665
3018
2636
3013
3148
2890
2960
2607
3071
3331
3124
2683
2693
2800
2967
2933
3168
2744
2752
2879
2753
2650
3006
3301
2936
3039
2615
2858
3092
3308
2799
2959
2685
2802
2815
2977
2982
2909
2953
3156
2860
2932
2833
2638
2980
3185
2649
2911
2727
2671
3271
2756
3111
2945
3308
2895
2950
3049
3235
3057
2713
3345
2876
2780
2888
2777
3135
3045
2653
3142
3211
3066
3142
2827
3019
3193
3013
3184
2679
2840
3045
2699
2768
2715
3015
3199
3344
3194
3098
2949
3188
3204
2694
2821
2850
2903
2799
2890
3035
2853
2851
3034
2867
2988
3073
2929
3019
2704
2908
3254
3216
2741
3215
3327
3102
3280
2982
3129
2832
2813
3068
3080
2777
2851
3038
3169
3108
2810
3206
2747
3015
2828
2866
2908
3138
2815
2988
2989
3036
3339
2813
2728
2898
3177
2821
3000
3319
3322
3001
2862
2879
2749
3146
3131
2947
3109
2978
3083
3244
3196
3179
3126
3288
3177
3245
3257
3242
2980
3087
2772
3068
2925
3223
3166
2759
3070
2983
3157
2981
3065
3109
3227
2929
3024
3224
3202
2962
3139
2905
3089
3094
2935
3079
3075
2864
3173
3233
2963
2944
3042
3137
3101
3106
3107
3275
2855
2951
3100
2946
3216
3225
3066
2833
3037
3050
2919
3121
3197
3336
3064
3066
3074
3109
2910
3182
3087
3092
2974
2843
3143
3196
2892
2845
3141
3108
3267
2905
3118
3136
3226
3065
3121
3166
2945
3126
3008
3093
3058
3164
3306
3096
3307
3098
3123
3042
3089
3118
3021
2859
3088
3014
3007
3133
3154
3170
3281
3117
3219
3054
3213
3243
3054
3119
3132
3057
3263
3347
3128
2885
2904
3303
3208
3090
3185
3197
2885
3143
3053
3056
3124
2991
2901
3310
3143
2893
3047
3123
3176
3181
3288
3160
3308
3065
2924
2900
3182
3147
2939
2992
2933
2945
3043
3281
3046
2918
2926
3127
2924
3236
3260
2971
2953
2963
3141
3293
3116
3176
3256
3282
3063
3195
3231
3072
3262
2958
3050
3284
3198
3273
3097
3279
3010
3208
3080
2959
2984
3052
3064
3251
3200
3240
3048
3293
3023
3343
3342
2974
3017
3165
3131
3234
3062
3346
3206
3061
3148
3092
2982
3010
3126
3169
3346
3007
2996
3085
3212
3133
3273
3264
3248
3165
3228
3265
3110
3204
3063
3112
3151
3209
3247
3138
3181
3113
3150
3107
3215
3047
3135
3259
3072
3091
3201
3180
3028
3051
3139
3289
3250
3077
3249
3339
3103
3205
3078
3164
3039
3168
3239
3338
3057
3155
3229
3170
3248
3262
3274
3140
3226
3311
3162
3301
3212
3314
3261
3341
3115
3276
3078
3228
3323
3318
3077
3141
3157
3221
3278
3194
3300
3097
3227
3149
3157
3101
3162
3297
3088
3217
3136
3153
3188
3347
3120
3220
3292
3104
3153
3198
3105
3130
3277
3142
3286
3203
3227
3285
3114
3242
3217
3221
3188
3207
3242
3294
3251
3252
3146
3117
3203
3140
3296
3344
3289
3316
3265
3342
3319
3315
3204
3322
3276
3313
3213
3249
3261
3167
3321
3290
3326
3233
3299
3268
3192
3295
3202
3220
3172
3209
3296
3298
3264
3295
3207
3270
3298
3282
3284
3316
3317
3260
3277
3302
3221
3226
3253
3338
3259
3218
3266
3274
3295
3224
3210
3260
3257
3280
3317
3309
3287
3310
3222
3304
3312
3320
3272
3331
3243
3286
3228
3305
3271
3326
3278
3245
3276
3330
3335
3272
3318
3292
3305
3329
3257
3294
3311
3294
3325
3296
3258
3300
3269
3258
3268
3299
3307
3281
3269
3302
3291
3315
3330
3290
3312
3327
3332
3299
3320
3337
3304
3326
3309
3323
3312
3319
3314
3329
3324
3333
3328
3334
)


// ************************************************************************* //
