/*--------------------------------*- C++ -*----------------------------------*\
| =========                 |                                                 |
| \\      /  F ield         | OpenFOAM: The Open Source CFD Toolbox           |
|  \\    /   O peration     | Version:  2412                                  |
|   \\  /    A nd           | Website:  www.openfoam.com                      |
|    \\/     M anipulation  |                                                 |
\*---------------------------------------------------------------------------*/
FoamFile
{
    version     2.0;
    format      ascii;
    arch        "LSB;label=32;scalar=64";
    note        "nPoints:6368  nCells:6156  nFaces:21652  nInternalFaces:9128";
    class       labelList;
    location    "constant/polyMesh";
    object      neighbour;
}
// * * * * * * * * * * * * * * * * * * * * * * * * * * * * * * * * * * * * * //


9128
(
100
320
14
76
933
59
3951
5971
164
392
2568
32
612
3917
274
5701
5714
301
576
5924
384
452
5500
89
641
1126
83
159
4297
168
199
457
176
344
2981
84
763
5894
113
743
5070
262
496
79
241
5386
158
418
3363
36
2035
4846
346
5300
5737
71
3410
4199
180
551
3834
191
5684
5774
235
385
2547
66
1106
1528
317
544
876
74
5870
6153
186
590
3023
263
330
830
55
575
5091
464
671
5929
34
3831
4623
1276
5768
6154
57
3795
51
5865
6151
913
2376
249
252
3401
1183
1240
68
906
5339
76
94
5019
58
993
5570
258
677
5230
88
1596
3775
89
137
4729
452
915
5185
269
270
2275
419
482
1118
177
253
1553
352
373
1126
49
4042
5095
303
2466
81
4890
4992
138
1099
63
75
4134
243
681
3149
195
477
1585
688
4239
733
4871
5466
131
1403
1491
4636
440
1077
247
935
4360
213
540
4520
390
485
5485
380
5499
370
981
5443
308
596
5415
4775
5413
485
3675
1112
4745
105
332
939
180
5808
5990
1339
4673
175
539
2737
327
594
3182
1004
1293
86
1448
524
343
750
2603
80
3123
3965
3888
4321
249
1202
516
849
121
291
1529
371
720
5666
5770
279
415
3255
739
5657
96
198
5645
4524
4624
1439
116
1061
5201
226
601
3362
99
1862
4356
125
1474
3133
4590
353
686
749
456
969
124
1525
4423
229
372
720
533
5611
105
2540
152
268
4019
122
908
1304
155
972
1506
143
3881
5392
3100
236
1104
1223
311
402
4873
554
4194
4393
294
441
3272
115
984
5479
315
666
2506
118
238
5846
583
1368
371
372
2402
255
4105
225
4839
359
381
607
132
794
146
1059
4461
343
468
3838
4515
4574
211
2601
763
4907
6152
4585
5179
868
1217
281
384
5625
670
5730
6149
314
1376
5064
166
3910
5010
394
396
3053
571
747
161
3699
259
277
6113
417
4004
6090
161
206
4823
219
795
1518
1789
1872
4482
5818
149
590
1423
374
408
768
216
538
1745
278
470
4041
3647
4770
203
848
1149
806
4571
5940
530
4920
799
5231
5434
1409
4891
5467
236
2319
416
434
1584
178
185
4419
379
3835
303
1024
1159
922
5836
6150
613
4655
429
471
2465
363
3999
4243
3381
4385
412
567
162
671
4872
937
367
5890
289
577
3693
697
4272
191
476
6018
539
2787
199
406
5030
1161
5346
309
3416
5941
190
1152
1235
212
500
685
438
508
769
240
325
4949
230
836
2532
1303
2270
726
3874
839
4227
296
868
395
821
4821
5786
483
583
5366
225
761
3545
184
366
3992
350
4006
1217
3655
394
4583
291
664
843
459
3901
5277
354
783
1434
663
5361
5885
328
690
3439
1188
5825
6042
265
286
5590
434
1252
217
1763
4639
646
779
5288
752
4494
2255
376
585
1143
1239
4004
6105
261
356
1145
611
3719
244
639
3483
251
549
4234
210
3873
901
1206
6049
250
694
1506
656
794
1305
566
928
248
1319
938
5302
4113
4604
357
4825
6154
393
1380
4389
764
4054
1367
4793
869
935
5165
702
4217
1344
4103
4111
446
4435
5907
332
493
3095
469
636
3168
361
815
1018
872
1488
4579
331
4372
4635
875
5972
6013
1292
5594
3792
348
428
1253
437
912
5374
298
753
1483
300
667
1186
1236
4817
1059
558
568
1628
326
504
345
2512
5097
326
5764
1237
1378
653
834
4808
1231
4544
457
5030
731
1129
5508
495
1117
2667
5005
5240
3979
4608
3199
1100
4295
391
5965
305
3183
578
5428
256
1862
4704
282
2812
3423
4758
742
3799
5012
1371
4806
421
6040
368
621
2575
453
3492
310
1119
5082
5797
757
1035
1201
502
6044
591
1084
5263
288
425
5239
3888
4279
323
2287
2386
5158
292
571
953
3817
5978
6155
520
948
3869
673
4591
281
1234
5375
442
767
1720
1444
828
4250
1384
4568
401
1295
5738
4112
4722
5063
695
1259
6109
304
331
4924
587
1476
6077
766
3646
381
740
1241
4626
6023
4047
5302
503
1493
4653
4654
696
773
342
784
1708
3287
3655
432
4263
4428
320
3100
329
5299
5426
1083
4322
306
4087
5980
995
1065
4675
5425
423
735
1804
1550
848
3061
409
1202
4683
5472
562
677
5122
707
1481
3867
6074
674
805
422
5409
426
4648
4677
598
634
957
1501
4273
4540
4680
323
946
3016
1085
4731
580
845
3374
389
844
1396
3631
369
725
5113
593
4283
5853
632
573
1137
3830
623
3646
5183
4373
4718
1187
4010
4465
5121
1446
3878
5393
3109
625
630
634
360
455
5883
404
4323
4805
362
1093
2229
516
1120
5661
565
1014
1081
410
802
1538
519
1564
3693
522
4541
5928
741
5206
2570
5602
3889
4760
1437
5427
567
574
1125
563
759
424
3576
5623
351
3993
4001
4885
3608
5938
3947
5064
4336
4663
557
649
751
804
1644
3645
4106
386
1465
2518
988
3623
5215
5962
4147
5586
680
2829
1334
5409
413
4027
4046
366
4007
4645
4034
900
6004
852
1105
1601
4166
552
5757
2359
2368
932
5141
990
1067
531
1231
3601
495
3334
478
932
967
414
875
4536
1095
3405
822
4067
4254
1077
5824
5921
804
1200
2193
447
4417
4687
3907
760
5467
5504
421
1129
4189
918
4292
996
4626
1136
4366
2739
5720
1147
4860
3022
4449
4773
535
3444
485
628
629
3875
713
1197
1807
427
4172
4867
3402
4628
618
5716
405
4864
5321
662
4881
1342
5301
2801
5286
463
557
1002
908
1319
1218
5611
945
4210
537
4802
5292
460
689
483
4481
4872
6004
1479
3767
676
3315
546
5970
4371
4811
4333
4761
653
809
999
748
5970
1124
4109
4022
4475
4598
6080
4213
4217
4557
4898
585
4836
1216
1472
486
4876
4902
547
881
5616
4979
5148
454
641
4352
3368
464
755
4872
718
4379
4857
963
6071
4980
5565
449
6134
4892
5736
1217
3125
490
4338
1062
1294
3659
698
717
3599
669
860
1031
1450
5943
1063
4242
479
1384
3084
4894
6098
534
964
1526
604
1161
1740
5554
952
4729
5188
4990
6007
493
939
894
506
761
3193
655
5997
515
574
542
4603
4953
1019
3694
4985
928
1140
5224
758
4325
4326
3643
4182
5713
5007
5694
5908
4815
5400
1107
4641
914
1421
2735
4672
697
813
4713
649
857
1426
548
936
1559
640
1321
5106
4930
5507
538
3773
1125
1126
1121
4336
675
4287
5804
685
1240
5294
1286
4681
4156
785
4588
4935
4393
6053
990
1063
1115
712
3940
5523
672
1116
6069
553
3591
3682
4541
5327
529
4949
5706
4232
512
728
1132
4836
3957
5019
562
1274
6025
570
1034
1326
644
1050
1322
1049
1324
846
1056
1323
810
5214
4473
4862
937
1273
1041
1145
1487
1009
3476
904
1010
3477
1008
3474
535
1012
3465
1011
1028
3502
887
1017
3471
1015
3489
586
1016
3482
780
1013
3604
1167
5108
1091
610
904
3445
605
1141
1183
586
4762
4457
4720
909
4949
5841
1481
4715
617
873
614
589
1303
4616
689
1167
5184
4078
4907
5214
3875
4894
5449
5764
584
1053
1205
5162
606
3816
4235
1218
2499
1080
4303
4583
569
997
5598
699
4287
3368
3911
2976
5520
556
601
4270
1199
5325
607
1154
1442
4122
4644
738
913
5186
5789
6101
826
4424
1075
4132
1286
5089
637
687
3751
5022
6133
4891
5017
808
1842
5878
6057
796
4251
4331
1543
5571
710
1095
4019
4291
5859
6027
4675
5966
6138
929
3306
4220
4478
858
4586
678
926
3538
4124
5167
1002
1496
1781
1405
3568
864
3776
584
1619
3666
608
886
3536
1095
3568
967
2517
5527
1277
6079
586
938
765
4110
820
863
3652
1782
5047
611
4290
6034
661
4238
5330
4528
5320
1261
4089
5991
645
4880
6045
4426
5785
1956
1068
4610
833
4873
5716
5409
5465
4466
4852
1476
5517
5660
1402
4649
708
1365
1501
659
5627
631
3854
4266
706
1158
3440
3711
4311
5007
6131
818
891
897
894
898
895
896
786
4380
5154
1103
3975
798
5745
6113
631
4886
4516
4676
6108
620
3753
699
4869
643
989
4701
654
5219
1065
1074
1437
5465
1195
1283
5243
3952
5309
713
1632
788
824
880
1273
1656
814
5236
5811
734
797
890
956
1340
4529
4674
996
4590
4529
5867
659
5423
5579
3013
3565
944
1350
4518
1168
693
4751
5910
4582
4913
840
1451
658
884
4944
884
5119
5820
5938
787
4317
4936
4394
5695
966
4647
5027
6088
5133
5142
800
5408
5732
1206
5533
5973
5101
957
1113
1274
883
5953
5979
724
1507
3903
4993
3675
6117
659
4850
711
6063
664
1088
1128
5030
5286
692
914
4219
4395
5681
1030
3567
701
920
4035
688
854
5193
678
4833
684
1074
770
4618
5008
1096
1268
4695
5532
5915
695
6075
5024
6086
734
3957
4509
5496
705
4384
5247
4160
1351
4089
4593
4145
4486
4687
4938
927
4056
5169
852
940
1313
920
5849
5370
1363
5348
703
2701
3145
4296
4533
5004
1391
1582
4530
905
4074
5202
5935
918
1497
5966
735
3931
2192
854
1518
3894
904
931
1078
5476
5863
854
4213
816
1649
979
1113
4478
1252
5493
1264
4361
5128
5952
5483
5511
1277
5281
5533
736
1426
3643
4536
5635
6145
4743
4587
5573
5888
1131
4231
4464
857
949
1235
1466
5193
4887
5169
4916
5735
5976
1781
1135
1245
3731
966
970
1915
968
969
856
3762
1112
3822
1000
2785
1092
4631
4713
762
1246
1704
3757
3926
1582
4534
4983
3999
5826
858
1253
1254
5185
5800
1341
1445
1199
4834
865
4716
5433
780
5417
1311
4636
4561
4599
995
4224
4341
5434
4670
5051
1227
1318
1564
803
1284
1434
916
1387
3539
773
3870
4004
4243
4273
5290
4247
4505
4039
4785
4232
4705
945
1449
1309
4277
5267
4388
5256
782
793
4936
4433
5168
887
5181
1261
1680
3810
5674
1729
3443
5748
5995
767
4005
811
4511
1656
3924
3322
1108
1268
892
4113
4642
5629
1112
4390
4682
864
949
1181
3807
859
4600
6089
882
3951
5200
1003
1081
1839
787
793
902
4331
4892
6144
5092
5394
5201
832
4506
4779
1185
1347
1269
4216
825
4395
4512
5241
976
3979
5080
973
4792
917
1057
5414
791
3106
4429
3965
5603
842
1189
1610
1454
5998
4629
5334
810
6059
805
1345
1174
5907
5687
6056
5238
6094
977
1284
3411
1075
1353
1269
4102
4926
4822
5098
5904
1136
1275
1286
926
4863
4030
4399
925
5138
5340
1144
1153
1207
958
4057
4942
5725
891
4374
1006
1150
1258
4253
4874
4555
5586
1209
3955
5269
3729
5493
4830
5632
1089
4400
825
4224
4382
855
1066
5330
872
4839
994
1243
4781
4367
4854
1260
5200
5776
838
4792
987
1172
1190
5245
6051
5756
5787
4806
5218
5050
5840
5926
4490
5679
855
907
982
880
1219
948
4248
1153
5011
942
4672
4749
1263
3922
1146
1169
1080
1609
4373
5173
3944
5747
3663
3941
4524
4471
1224
1310
1110
1111
930
1143
2746
4743
866
943
5496
961
1086
3301
4068
5405
5951
5967
1001
1313
1147
1278
5458
1139
1249
4325
1252
1657
4068
5203
5923
1155
4152
1285
4206
4209
3743
923
975
1251
4606
5759
1020
4228
4709
4072
4674
5040
1018
4326
4572
3643
1141
1325
2725
4282
4454
950
4970
5672
1079
1109
4765
907
1670
1987
4896
6100
5293
5922
1007
1178
4861
5939
1204
1263
1139
3875
5238
6026
1032
1322
1323
1036
1227
1037
1038
4520
1040
3944
4939
1042
1045
1324
1046
1325
1047
1326
1048
1327
1005
4819
5810
4192
5857
4896
5281
5385
5688
1006
1758
1875
1421
1432
5094
5334
3949
5407
3646
3777
924
1148
3526
4484
4668
5675
3731
4947
2625
4847
5389
5760
3228
4439
3957
4893
4093
934
5693
5947
5207
1029
1525
4550
5297
5814
4943
5448
1329
3808
3924
4621
3648
4777
4928
1191
4723
5058
1261
3860
1044
3831
5961
4488
4869
4670
5723
4828
1103
1810
5954
1039
968
4312
4354
1101
1622
4179
5305
5338
962
5049
3878
4455
4088
1358
4615
949
1152
1408
3908
1099
5865
1180
2172
5320
1443
3489
1164
1445
1301
1377
4499
1134
5511
5666
1054
1487
4346
1055
4272
978
4727
4997
982
1415
1469
1343
1469
1066
1343
1025
1245
1264
1737
991
1023
1658
1741
5450
2540
2539
1966
5582
1088
1355
1415
980
4240
5703
5969
1475
4577
5137
5555
6116
1031
1531
1121
1892
4852
4964
1298
4708
989
3753
5609
5652
3783
1064
4721
4945
4265
4871
1086
1214
1561
1374
1588
4719
3513
4139
1442
4486
4911
5407
1172
1410
3380
4556
4783
1289
4775
5060
1170
1123
6020
3834
4845
6038
5189
5226
4205
4378
4312
4431
4834
1327
3551
3794
4637
4908
5993
1864
3547
3542
3545
3543
3552
3544
3550
3551
3548
3549
3546
2894
1496
4327
4778
4905
1085
1325
3687
1147
1354
1412
1070
3597
3687
4222
1087
4855
1281
4469
4746
4703
5086
4771
4895
5087
5744
3816
3496
3497
3499
3500
4057
3494
3495
3463
3501
3481
3485
3468
3469
3470
3474
3480
3482
3467
3473
3491
3492
3483
3486
3472
3493
4060
3477
3479
3487
3488
3478
3488
3468
3494
3484
3486
3480
3487
3472
3496
1604
3463
3493
3466
3469
4374
3464
3495
3485
3491
3498
3500
3473
3497
1156
5901
1133
1256
1386
2420
1562
4165
4168
3475
3604
4499
4856
5375
4573
5000
3421
4868
5061
5350
5643
1450
5484
5896
1160
1687
1250
1262
2254
4922
5631
5927
1123
1359
4203
5476
4021
1164
1440
3606
5668
4623
5359
1652
3567
4070
1932
1128
1355
3678
4245
4633
5886
6042
1550
3923
1388
3774
3783
5134
6119
1215
4757
5074
1135
1310
4057
5864
2118
4888
4429
4688
5264
4431
4634
1198
1430
1640
3921
4183
5382
5547
4655
5537
5085
5443
1165
1426
4607
3929
4038
4354
5120
1256
4515
1420
1452
4634
4868
1316
1857
1218
2534
1202
2530
4750
1149
3061
3941
5061
5271
3625
4559
1477
2406
1225
1275
1309
4488
3731
4796
1434
1182
3968
4145
3741
4120
4285
1439
5183
5519
6070
1169
1237
5362
5685
4193
4218
1443
5268
1196
1528
4815
5474
1507
3217
1160
1375
1645
3443
4039
5833
5402
1272
4611
5068
3333
1451
3871
4926
1229
1529
1302
1539
6034
1244
3843
3758
4296
4842
5207
5437
1457
4878
4442
4509
1170
5239
1222
1289
1398
3140
3228
4284
3722
4313
1212
1438
1688
1333
1364
3585
3989
4068
5598
4347
4551
5451
5626
1345
3826
1320
5486
1579
3618
5379
3280
4192
5753
5829
1444
5831
4392
5032
5897
1185
1388
1454
1190
1410
1640
5166
5977
1488
3664
3952
1619
5048
1349
1505
4017
4521
5294
1255
1311
1462
4224
5410
1364
4316
4632
5221
1329
3115
3861
4823
4835
1367
4786
5530
1316
1530
4950
3882
4728
5653
1482
4887
1398
4227
3207
4324
1509
1733
4607
4223
4594
1604
4470
3542
4272
4980
1306
1610
1900
5985
6006
1265
5284
1722
3964
5344
4848
4953
1378
4300
5362
1357
1358
2211
1539
3788
1225
1412
4333
1290
3735
5031
5216
2316
3973
1446
3765
3402
4087
4123
1300
1392
1699
1291
1491
4461
1247
4306
5836
5911
4762
1485
4669
4805
1386
3605
1232
1474
5620
4542
3564
4758
1630
3852
3896
1552
2438
5101
3085
5690
5100
1243
1707
5261
5175
5399
2964
3623
4017
1246
5268
5278
1758
3812
5318
1484
5115
3837
3889
5473
4032
5748
2273
3812
4521
4561
1517
4053
4617
1348
1448
1529
1267
1389
1583
5036
5037
5803
6097
3867
5512
1758
2615
3859
4064
1524
3961
1271
1654
3512
1634
5241
1531
1519
3741
3991
5035
1328
3336
3987
4115
5633
5627
1427
5733
5873
4333
5280
1441
5017
5652
1282
1405
4976
1342
4286
1628
5152
4688
4772
4368
4121
4122
1566
1573
4670
1567
1574
4858
1528
1546
1702
1462
4720
1789
4763
4981
5793
1301
1484
3462
4589
3502
4589
4937
1468
1757
1898
4477
5218
1372
1403
4676
1509
1705
1394
1688
4427
1552
2835
3699
5212
1307
3356
1549
1616
1314
1624
5166
4822
1491
1592
1605
5116
1555
1429
5349
1508
2519
5125
4903
1338
1581
3865
4712
5680
1531
3605
3927
5742
6117
1572
3813
5294
5440
1571
1352
3509
3833
1336
1617
5027
3804
4876
5024
1360
1533
3370
3583
4023
4283
5508
3547
4520
4944
1379
5534
1361
1370
1651
1797
3932
1382
3885
5531
5680
4893
5423
3991
4152
4815
5511
4932
1368
4528
1369
1651
5148
1408
3840
4269
5164
4675
5999
1425
1832
1463
1559
1380
4364
1756
3749
3752
2725
4844
2287
3766
3776
1551
1631
1459
1471
1373
1393
1666
5144
5184
3441
1376
4693
1498
1523
4826
1599
1573
1574
3803
1448
5499
4478
5218
1379
1401
1490
5506
3878
5164
1533
1626
4714
1390
1634
3453
1592
1396
1502
1563
1543
3836
1397
1715
4557
4567
1394
1621
1681
3815
3280
4139
1628
3832
1576
4473
1424
4998
1658
1733
1459
5518
3417
4571
4773
5291
1497
1542
4776
4248
1425
1629
1661
1401
1495
1500
1759
5042
5420
1495
1416
1590
1612
1624
4092
4393
4715
3981
4489
5900
4150
5463
5913
1733
1413
5646
5844
4451
5861
1430
1514
3736
4915
1470
3173
5406
5859
5929
1589
4153
4301
4514
4797
5719
1560
1673
3890
1431
1600
4908
4038
4583
4573
5429
3268
4299
5252
1452
3168
3745
1617
3772
3314
3264
5390
4271
4304
1510
1865
4852
1512
1518
4682
1500
1546
1797
5110
1654
3108
1641
1515
1534
5589
5692
4790
1644
3868
1534
1588
1879
3703
4155
1513
1538
5034
1649
4460
1515
1744
3131
3851
1597
1850
3629
1562
3648
4710
1660
4686
1578
1719
3611
4400
1470
1526
1806
4022
4474
5712
4531
1480
1602
1512
1606
4390
4829
5205
1570
2513
1827
4298
5386
3723
3879
4592
1738
1666
5426
1473
1990
1999
4386
4739
5561
5766
5376
3987
4138
1880
1902
3677
4143
4437
1537
1580
4092
4492
5204
1520
5203
3898
4504
1489
3522
5153
5038
4526
1689
4394
1715
5561
1547
1557
4240
1508
1576
4598
5503
5552
3666
5957
3527
1547
1569
3887
4085
5428
3880
6046
1568
1743
3998
4125
5160
4532
4660
5188
3430
3776
1557
4063
1578
1511
3182
1639
1866
3599
1520
1558
3559
3793
1669
1547
1575
1743
4115
4138
4218
5442
5333
1668
1711
5113
1622
1623
2612
1535
1799
1712
4963
2769
1609
1558
1565
1602
4177
4511
1603
1639
3104
3680
3630
3398
5045
1717
3054
3574
1565
1584
1602
3725
3898
3998
4404
1549
1591
1593
3264
5624
4673
1569
1575
1751
1586
4373
5192
1759
4204
5311
6111
3654
5490
1611
3173
5676
3887
3908
1568
1575
1598
3816
4446
1584
1608
1620
3527
3249
1635
1655
4344
1759
3453
4344
1609
1738
2557
3315
5438
5456
3271
3530
3442
1740
1742
1741
3866
1608
1745
3127
3314
4407
5670
1620
1635
1714
3131
5429
4512
5152
1657
1747
1685
3182
1590
1598
1782
4025
3770
3962
3271
1643
1672
1618
1720
1599
1647
4639
1613
1762
1802
4899
5125
3400
3688
3374
1891
3522
4119
1605
1711
1648
2541
5156
1668
1718
3713
3969
4694
3368
1696
1612
1773
3256
3260
3352
1621
1650
1662
1653
1727
3825
1672
1696
3781
1713
3322
5562
1646
3594
2751
2669
4180
3939
3061
3663
5393
1631
1770
3314
3319
3809
1716
1771
3813
5747
3234
1633
2416
1807
2788
4045
3424
1643
1772
3143
1645
1687
1778
1683
1817
1843
1685
3793
1781
1789
1780
4500
3239
4594
3144
1690
3127
1698
3047
3069
1788
1691
1755
4764
4125
4156
1768
1809
3701
3648
4160
5209
3613
1663
1662
1726
3065
1792
5543
1692
3449
1784
1684
1687
1685
1891
4975
1706
1750
1949
4799
1671
3406
3510
1730
3702
4441
4744
3070
3091
1724
4453
5216
1859
3520
4054
1678
1716
1856
1698
1754
4188
1693
3619
3674
1734
3320
1682
1809
3629
5020
5315
1755
1760
1765
1777
3414
3628
1699
3161
1732
3156
3582
1760
3398
4791
1840
3424
1700
3132
1728
1752
1764
3260
1725
1785
1832
3768
4468
5065
3418
1754
1901
5317
2503
1801
1791
3152
1703
3141
3223
3679
3846
1818
3114
1749
1796
1719
1897
1768
3078
4458
4519
1842
3448
4338
3690
3891
5026
1824
1825
3127
3654
3602
3782
4789
1832
1826
5266
3442
1861
3239
1722
2411
4352
2698
3662
3899
4656
1761
3143
3388
3509
3143
3594
1732
1815
1771
1786
3942
4072
3630
4716
1752
1769
3071
1831
1771
1836
1833
1851
3319
3584
3985
4485
1806
3440
3271
4382
5065
5410
1837
1838
1839
4305
3527
3593
3602
3322
3647
3872
5229
3262
3561
1749
2500
5384
1809
1830
3374
3710
1855
1766
1805
3172
2494
1800
3728
3935
1787
3688
3324
3235
3418
1764
1774
3577
5276
3844
1767
1850
3254
3366
1794
1828
1831
3152
3449
3144
3560
3065
3557
3234
3540
1775
3876
1822
1835
3124
3191
3611
1830
1844
3161
3407
2487
4371
5205
1901
2507
3256
3724
3919
4175
3132
4168
1856
3390
3083
3121
1798
1850
1864
4028
3570
3756
4040
3071
3432
1867
4921
1811
3045
3055
1798
1834
1796
2504
5255
3679
1919
3530
3658
1823
3152
1897
3572
1822
3366
1831
1874
3120
3630
5433
1822
1871
1813
3206
1906
3093
3101
3424
3536
1965
3896
1819
1820
1870
3173
3370
3325
3425
4253
3431
3789
1847
1868
3981
1819
3412
1884
3727
3274
1843
3156
3738
3945
3953
3187
3324
3332
3996
1885
4525
1888
3099
4086
4810
1844
1846
1833
3452
3505
3064
3312
1905
1917
3059
3066
3083
3331
4034
4307
1894
1895
1896
3356
3654
1863
3205
3739
3538
3686
3094
1860
3052
4422
1905
3102
1848
2521
3025
1882
4056
4314
1852
3349
1853
3809
3124
3358
1878
1879
1975
3121
3357
3308
3895
4156
1893
3213
3250
3588
4005
1882
1886
3191
3323
2548
3046
3097
4487
2524
3373
2541
3373
1908
4794
3052
5583
3019
3058
3062
3074
3219
3066
3185
4659
4763
1889
3050
4379
3078
3162
4095
4176
1877
4547
2510
4723
2384
4275
2748
1881
2866
2874
3636
3050
3079
3086
3114
3086
3098
1909
3351
1904
2486
3049
3057
3779
1910
3347
2485
5607
3049
3450
3689
3104
3084
3384
3048
3126
1915
3060
1914
4114
1913
1916
3276
1919
3950
1900
4542
2488
4697
1918
3639
3048
3079
3135
3056
3159
3055
3198
3046
3088
3119
1921
4771
3517
3824
1924
1925
3067
3087
4535
1917
1919
3980
1930
1932
1931
3063
1929
4001
4006
3136
1935
4766
1933
1943
2907
1939
1940
1934
1937
2867
1926
1944
3943
1947
4749
1948
3122
1963
3020
1933
1936
2843
1938
1942
3000
1951
1952
1954
4315
1953
3105
4467
3042
1963
3035
3935
4383
1937
3033
2022
1963
2966
1958
4550
3029
4795
1955
1956
1993
3020
3021
1946
2702
1960
3035
2995
3026
3028
3038
5140
1962
3521
1961
5539
3117
3171
1957
1959
2994
1966
3024
1964
3073
1965
3852
4264
5023
1957
3023
3005
1974
1967
3034
3017
3018
1968
4424
1971
4994
1970
5338
1977
3027
3198
3039
1983
1984
1987
1988
1979
1980
2289
3670
5412
1989
1990
1976
1981
2893
1974
1993
2443
2969
1979
1994
1978
2017
1992
2989
1982
2666
2458
1981
2609
1994
1986
2875
1996
5179
1995
3012
1986
1991
2008
2988
1998
3033
3042
1999
2000
4748
1997
2965
2001
2002
3004
2846
2003
3040
3014
4169
2987
2999
3038
5314
2004
3006
4447
2007
2996
2005
3030
2010
2011
2013
3007
2014
2997
2009
2012
2621
2015
3003
2967
2983
2081
2983
2991
4197
2023
3015
2967
2968
2056
4901
2059
2064
2062
2063
2022
2030
2497
2037
2609
2038
2042
2067
2028
2100
2742
2032
2036
2281
2024
2195
2356
2771
2109
2992
2028
2734
2038
2050
2234
2075
2100
2248
2084
2116
2326
2918
2798
2823
2917
2862
2867
2039
2154
4689
2115
5272
2090
2176
3004
2052
2103
2242
2076
2468
2199
2221
2860
2875
2135
2244
2292
2041
2169
5383
2161
2877
2947
2979
2054
2092
2710
2131
2147
2776
2280
2805
4685
2077
2118
2685
2065
2182
2657
2057
2136
2623
2086
2098
2681
2213
2813
2081
2087
2382
2957
5285
2094
2095
2580
2099
2137
2088
2342
4625
2158
4141
2137
2883
2094
2430
2830
2160
2168
2099
2102
2705
2230
2623
4575
2874
2998
2155
2941
2868
3026
2223
2619
2272
2279
5142
2813
2833
2715
2807
2852
2731
2836
2908
2138
2142
2396
2074
2202
2251
2264
2555
4325
2080
2161
5538
2114
5048
2135
2947
2269
2381
2229
2478
2144
2150
2740
2105
2178
2744
2299
2593
2602
2129
2830
2889
2096
2119
2573
2098
2865
2113
2167
2292
2173
2819
2760
2984
2122
2304
2187
2783
5606
2558
2792
2104
2640
2920
2678
2849
2121
2162
2190
2824
2170
2232
2478
2690
2111
2778
5593
2583
2623
2732
2239
2407
2924
2230
2774
2214
2421
2303
2400
2159
2212
2110
2123
2659
2156
2278
4660
2185
2222
4106
2128
2584
2728
4423
2117
2641
2143
2225
2871
2338
2885
2172
2881
2327
2482
2484
2903
2302
2699
4075
2229
2348
2341
2679
2845
2219
2780
2228
2286
2337
2595
2134
2645
4107
2174
2184
2722
2358
2363
4999
2179
2624
2921
2706
3011
2195
2938
2562
2702
5282
2755
2796
2159
2166
2730
2224
2407
2448
2310
2633
2553
2929
4206
2845
2204
2280
2184
2291
4551
2141
2688
5278
2594
2700
2676
2805
2151
2847
2151
2891
2165
2301
2353
2191
3902
4444
2550
2896
2225
2350
2793
2174
2370
2572
2354
2848
2858
2157
2717
2855
2214
2226
4087
2164
2316
2365
2888
2236
2442
2871
2897
2210
5372
2331
2876
3001
5055
2281
2864
2193
2662
2863
2811
2878
2340
4658
2672
2744
2206
2926
2426
2736
2895
4267
2430
2477
2282
2356
2918
2806
2865
4359
2844
2176
2480
2606
2443
2686
3874
4378
2188
2454
2861
2926
2454
2886
5478
2257
2364
2566
2872
2897
2255
2755
5346
2818
2209
4825
2208
2800
2839
2318
2901
2757
2898
2815
3037
4433
2196
2711
2648
2841
2234
2810
2687
2240
2611
2628
2930
2392
2840
2322
2329
2586
2222
2245
2405
2203
4619
2255
2580
2796
2227
2309
2895
2357
2777
2791
5581
2577
2611
2375
2395
2836
2244
2656
2284
2642
3584
2329
5079
2227
2245
3893
4679
2419
2646
2399
2898
2367
2810
4627
2333
2587
5568
2315
3051
5597
2397
2949
5619
2648
2726
4112
2404
2692
2558
2765
2806
2431
2864
2645
2379
2852
2741
2785
2717
2738
5287
4268
2329
2605
2387
2694
2777
2789
2390
2796
2367
2379
2767
2568
2340
2549
3333
2411
5188
2258
2825
3089
2382
2422
5066
2884
2970
2280
4130
2246
2647
2702
2643
2890
2429
2628
4476
5258
2428
2346
2428
2297
2587
2722
2918
2963
2299
2571
2589
2353
2434
2657
2347
2822
2588
2640
5324
2283
2599
2745
2414
2668
2425
2756
2961
2424
2622
2628
2837
2377
2896
4008
2335
2420
2859
2273
2637
2668
2270
2330
2440
2618
2946
3910
2419
2934
2332
2899
3093
2471
2591
4906
2325
2569
2672
2331
2635
4767
2576
5220
2787
2287
2607
2646
2410
5092
2370
2372
2446
2654
2579
2607
2327
2585
2664
2285
2775
2975
2462
2640
2610
4249
2840
2406
2695
2842
4711
2557
4712
2345
2675
2586
2713
2632
2780
2788
2452
2606
2395
2697
2838
2673
2844
2878
2387
2466
2762
2445
2786
2811
2710
2790
2974
2450
2683
2873
2408
4091
2320
2629
2638
2877
2636
4605
5565
2312
2388
2814
2816
2588
2672
2479
4094
2612
2820
2903
2444
2784
4334
2334
2341
2592
2313
2706
2798
2428
2596
2374
4991
2356
2472
2578
2483
2657
2584
2653
2797
5118
5394
2774
2809
2828
2361
2478
2564
2437
2469
2420
3005
2601
4608
2369
2729
2784
2800
4350
2409
2450
2465
2574
2783
5612
2400
2561
2378
2417
2840
2446
2594
2962
2362
2721
2764
2429
2837
2408
5012
2473
2673
2806
4920
2352
2386
2579
2352
2694
2423
2831
2660
2761
2851
2655
2883
2605
4904
2360
2599
2639
2359
2616
2719
2653
2951
2405
2562
2564
2753
2384
2829
2375
2597
2631
2351
2444
2439
4026
2634
2453
2389
2402
2426
2442
2462
2753
2803
2658
4257
4538
2618
2856
2590
2822
2393
2633
2416
2575
2738
2919
2396
2577
2560
4105
4940
2850
2389
2752
2467
2708
2714
2432
2550
2613
2570
5002
2649
2669
2899
2393
4865
2773
2699
2842
2475
2747
2583
2849
2782
2474
2602
5548
2412
2802
2474
2459
2557
4048
2458
2571
2596
2909
2595
2779
2451
4246
2826
2433
2776
2737
2814
2916
2477
2585
2617
2437
2629
2712
2469
2680
2691
2786
2411
2582
2652
2764
2826
2971
2427
4839
5616
2719
2670
2797
4879
2432
2788
2457
2472
2921
2665
2735
5308
2461
2741
2414
2615
2674
2724
5170
2576
2447
2555
2749
2632
2678
2707
2451
2483
2696
2749
2622
2738
2661
2760
2455
2662
2715
2808
2667
3334
2915
2627
5186
2669
2650
2567
2791
3206
2477
2711
2619
2833
2666
2761
2893
2468
2479
2802
2697
2682
2726
2616
4178
2620
4427
2689
2799
4103
2652
2759
2708
2704
2831
2688
2654
4454
2461
2624
2463
2563
2600
5062
2799
2456
2573
2655
2978
2795
2723
2944
2480
2690
2758
4962
2573
2642
2800
2651
2671
2940
2610
2943
2464
2565
2709
4310
2828
5490
2696
2855
2964
2631
2614
3750
4788
2733
2900
4493
2679
2681
4917
2550
3327
2597
2639
2781
2713
2792
2600
2747
4318
2727
5054
2872
2649
2707
2528
2529
3025
2491
2518
2551
2508
2546
2499
2548
2498
2498
4549
4582
4929
2507
2511
3841
4290
2506
2509
2663
2693
4883
2534
2517
2505
2509
2514
2517
2511
2544
2512
2542
3889
2520
2527
4451
4540
2515
2542
2514
5091
2545
3653
2538
2545
4817
4624
5587
4370
4369
4568
4567
4664
4727
2537
4544
2556
4494
5495
4084
3056
4753
2546
4756
4415
3743
4739
2548
4740
4416
4663
2552
4687
2547
5494
4522
4533
3069
5313
2552
2746
4247
2554
5617
2568
2732
2556
4032
4705
2859
2578
2727
5078
2617
4866
2815
4127
4426
3992
4007
2685
4380
4609
2782
2850
2703
4256
2630
4459
2962
2904
2604
2637
2597
2912
5083
4207
2956
2930
4496
2801
2617
2721
4434
2698
3933
2679
2902
2650
2821
2818
2730
2693
2771
2677
2690
2748
4137
2604
2844
2693
4289
2651
4959
2647
2642
2839
4523
2766
4882
2712
2644
2746
4452
2935
4946
2718
2754
2720
2820
5240
2718
4474
2825
2649
2692
2776
2698
4690
4095
2793
2781
2767
2633
2758
2644
2768
2643
5041
2627
2699
2801
2824
5265
2641
2901
2744
2795
2783
2658
2789
4148
2730
4661
2739
2742
2763
2709
2743
2927
4744
2804
4288
2758
2939
2907
2959
2889
2970
2945
2823
4337
2716
2861
5553
2703
2803
2880
2661
4294
5228
2704
2768
4725
2727
2955
2701
4233
2882
2695
4576
2686
2775
2700
2723
2925
2676
2680
2923
3733
5001
2765
2792
2790
2942
2960
2697
2835
2786
2953
2747
3207
4381
2892
2977
2691
4741
4031
2696
2729
2704
2711
2803
2963
4595
3843
2853
2710
2809
2832
2906
2717
5257
2835
2948
2722
3842
2782
2756
3516
2759
2740
2914
4360
2869
2863
2866
4065
2749
2838
2769
2834
4693
2950
4747
2739
2761
4293
2770
2938
5305
2868
2943
4616
2847
4205
2770
2913
3993
2854
2856
2846
2826
2848
2922
2820
5075
2764
5594
2911
2894
4147
2887
2979
2886
2957
2860
2851
2774
4759
2929
4209
2881
2910
5432
2813
2862
4343
5246
2843
2794
2810
4713
2781
2908
2952
4480
2814
5270
4208
4731
2853
4714
2924
2869
4884
2879
4859
2847
2850
2919
4678
2931
4646
5260
4425
2808
2891
4503
2858
2871
2858
2972
2873
2841
2950
2973
2842
2854
2827
2884
2921
5451
2933
4943
2936
4047
2881
2975
2976
2932
2885
2926
2873
3968
2928
2878
3016
4622
2978
2880
4076
2954
3101
2954
5242
5479
2904
2849
2900
2937
2882
2897
2864
2916
2872
4211
2928
2938
4604
3010
2969
4475
2968
4223
2914
2942
2966
2905
4969
2905
2920
2971
2888
2965
2915
3752
2909
2906
3160
2911
2988
2935
2940
2944
4628
2896
5337
2942
2955
2937
2958
2937
2911
4398
2900
2939
2909
2922
2906
2913
2951
2990
2914
2907
3028
2946
2927
5550
2927
5614
4754
2945
3911
2980
5223
4631
2943
2958
2952
5234
2981
2960
5180
2976
2935
2955
2952
5150
2956
3090
2960
4726
2939
4326
2948
5370
2944
2956
3008
3749
5610
2961
2964
2953
4050
2959
3734
4485
2959
2958
2963
2982
2986
2985
2987
2985
2986
2982
2973
2974
3045
3036
3092
2977
2980
2979
3705
2982
2984
2988
2993
2994
2993
3003
3058
2992
5161
2992
4226
3000
2999
3024
3041
2997
2998
3001
3755
3009
3009
3637
3011
3013
3016
3008
3010
3010
3007
5291
4142
3062
3018
3015
3014
3015
3014
3022
3023
3021
3063
3134
3031
3032
3032
3027
3052
3030
3030
3036
3034
4996
3044
4252
3044
3035
3040
3043
3043
4470
3042
3041
5029
4198
3043
3053
3051
3928
3069
3104
3378
3297
3056
4187
3068
3347
3517
3092
3296
3897
3073
3435
3706
3063
3073
3090
3117
3137
4513
3204
3158
3408
3193
3942
3111
3382
3406
3091
3252
3339
3120
3222
3095
3110
3158
3081
3153
3158
3100
3109
4419
3197
3232
3176
3179
4420
3130
3573
3113
3129
3230
3438
3255
3174
3233
3177
3095
4841
3194
3946
3166
3181
3181
3745
3160
3160
3137
3151
3600
3747
4779
3169
3195
3696
4941
3122
4821
3166
3151
3196
3113
3123
3199
3134
3210
3123
4768
3136
3159
3164
3324
3336
3110
3128
3252
3381
3164
3167
3796
5596
3378
3418
3526
3146
3212
5013
3227
3167
3211
3523
3169
3178
3156
3371
4449
3365
3133
3147
3155
3190
3153
4956
3138
3146
3184
3200
3606
3579
3564
3181
3155
3218
4020
3294
4772
4931
3183
3186
3224
3539
3617
3208
3289
3147
3167
3272
3389
3740
4558
3150
3221
3183
3819
5611
3165
3601
3175
3329
3170
3179
5050
5742
5943
3157
3175
3240
3201
3541
3222
3226
3178
3186
3245
3316
3236
3361
3210
3339
3244
3180
3293
3197
3215
3214
3237
3299
3504
3231
3229
3287
3257
4418
3220
3184
3184
3229
3214
3278
3401
3268
3449
3311
3321
5058
3236
3241
3290
3195
3242
3569
3835
4044
4657
3444
3220
4037
3213
3201
3229
3246
3210
3386
3293
3460
3270
3214
3225
3913
3459
3580
3615
3289
3391
3213
3225
3327
3327
3250
3378
3248
3295
3845
3221
4706
3231
4777
3216
3265
3241
3299
3762
3937
3231
3261
3259
3310
3224
3423
3313
3391
4033
4062
3302
3246
3457
3265
3335
4090
3329
3386
3257
3261
3241
4417
3609
3417
3594
4938
3238
3742
3254
3879
3591
3242
3253
3244
3284
3676
3716
3245
3263
3299
3248
3267
3384
4029
3571
5245
3302
3284
3303
3364
5107
3263
3329
3284
3267
3566
4517
3338
3350
3390
3313
3337
3446
5601
3638
3773
3413
3881
3290
3328
3348
3412
4143
3336
3307
3317
3415
3287
3316
3316
3303
3309
3383
3310
3328
3305
3317
3419
3281
3323
3295
3340
3737
3289
3302
3363
3387
3420
3597
3507
3585
3305
3309
3446
3288
3355
3439
3343
3367
3426
3310
3318
3529
3434
4565
3534
3330
3369
3404
3354
3414
3447
3294
3335
3409
3340
3343
3343
3360
3340
3367
3411
3360
3375
3450
3735
3909
3797
3311
3318
3580
3341
3311
3615
3338
3437
3350
3354
3352
3376
3379
3436
3571
3515
3337
3736
3346
3354
3337
3514
3428
3770
3958
3376
3403
3505
3581
3338
3399
3346
3348
3351
4783
3516
3516
3525
3372
3383
3598
3377
3395
3503
3711
3848
5571
3371
3382
3387
3429
3521
3433
3375
3379
3508
3685
3364
3376
3506
3524
4490
5004
3536
3382
3406
3375
3451
3369
3377
3427
3454
3396
3534
3664
3821
3649
3366
3455
3556
4368
3403
3642
3511
4829
4913
3388
3519
4904
5316
3387
3764
3409
3395
3427
3553
3413
3404
3393
3407
3404
3435
3395
3422
3537
3577
4278
3578
3598
3814
3532
3596
4652
4954
5382
3644
3415
3456
3676
3692
3413
4627
3456
3830
4000
3575
3531
3573
3411
3533
3621
3429
3429
3673
3558
5776
3526
3437
3634
3511
3554
4392
5703
3458
3512
3564
3801
3959
3454
3864
3505
3434
3586
4011
4013
3692
3806
3510
3579
3438
3518
3507
3938
3457
3514
3508
3511
3441
3642
3507
3599
3548
3544
3543
4671
3515
3508
3641
3588
5312
3519
3454
3455
3553
3736
3781
4043
3524
3504
3563
3701
3649
4811
3525
3532
3739
3778
3928
4123
4461
4038
3546
4284
3547
3548
3545
3544
3687
3550
3549
3551
3543
5584
3542
5360
3552
3509
3512
5592
3519
3791
3995
3562
3589
4803
3619
3614
3554
3581
3638
4760
3616
4372
3592
3982
3684
3534
3537
3563
3744
3581
3595
3698
3596
5162
3573
3748
3906
3562
3563
3587
3559
4680
3624
3566
5530
3572
3583
5181
4762
5417
5168
3559
3633
3587
3589
3725
3569
4464
3591
4863
5347
5981
3577
3609
3669
4707
3861
4169
5158
5364
5160
4063
3586
3869
4428
4384
3585
3824
5350
3583
4691
3823
4408
3628
3686
4165
3595
3686
3789
4097
4231
3788
5473
3590
3622
4154
4052
5721
3702
3784
3633
3601
3624
3634
3702
5461
5191
3622
3657
3833
4328
3932
3635
3668
3859
4780
5344
4793
3863
4130
4685
3809
3651
3660
3929
3669
3704
3616
3685
5638
3670
3642
3680
3801
4958
3673
3657
3668
4090
3972
5439
3808
4145
3722
3856
6055
3635
3651
4064
3721
3785
4466
3641
3825
3743
3857
4024
5208
3649
3641
4361
3639
3755
3755
3849
5377
3936
3841
4510
3658
4988
5018
5117
3855
4094
4176
4625
3975
3704
3759
4355
5482
4420
3660
3671
4070
4439
3718
4838
5115
4303
3671
3700
4021
3912
4782
3775
3790
3737
3845
3847
3989
3695
3730
5537
3922
4662
5028
4132
3943
4072
4424
3684
3712
3786
5106
3797
4065
4717
3927
5545
3886
3722
3695
3697
4088
5749
5809
3697
3700
4093
3712
4556
3716
3709
3791
3915
4577
3729
3787
5563
3825
4048
4848
5634
4295
3805
4339
4210
3710
3761
5112
4292
3788
4137
4986
4069
3874
5544
3818
3876
3718
3721
4471
3839
4011
4403
3779
3786
5173
3858
3791
3976
4465
3769
3771
5057
3771
3802
4109
3879
3729
3759
5235
3761
3720
3721
4516
4964
3742
3778
3977
4228
3808
3783
3949
4035
3805
4033
3750
4377
3754
4322
3775
3855
4650
3734
5369
4798
3948
3897
3983
4597
3913
3759
4239
4214
3913
3793
3861
3995
4099
4129
4702
3784
3787
3883
4742
3933
3933
4233
5275
3849
3790
3769
4633
4108
4263
4707
5255
4178
5283
4254
5154
5427
3785
3971
3934
4134
4349
3806
3814
3949
4202
4011
4173
4369
5887
4365
4507
4814
4874
4285
3903
3939
4054
3851
4407
5577
5590
3950
3800
4071
4463
4667
3923
3820
3914
4677
4718
3844
4648
3814
4701
5004
5151
4580
4668
3870
3885
3982
4020
3806
3802
3827
4579
5568
6131
3862
3963
4002
4526
4546
4936
5175
6137
4055
3827
3850
4182
5649
5826
6134
3842
3866
4110
4227
5387
6064
3847
3963
4062
4987
4629
4640
3858
5248
3912
4745
3893
5357
4610
4346
5395
3931
3914
3986
5094
5040
5217
5863
4036
5417
4019
4045
3922
5843
4066
3850
3870
4540
5312
4111
4505
4099
4128
4013
4362
5654
4091
4091
3862
3956
3920
3948
3938
3883
5454
3936
4270
5222
4114
3900
4061
4200
4671
5023
4899
4630
6047
3994
4751
4819
3975
4452
5020
3876
4179
5143
3916
4043
3886
3914
4114
4784
5219
4126
3961
4028
3915
5136
4327
5954
3885
3917
5396
3932
3989
4119
4858
5681
5575
4167
4259
4413
3967
4412
4045
3900
4163
3976
5526
3966
3984
5202
5677
5060
4481
5801
4187
3963
4323
3977
5131
4304
5303
5604
4843
5176
3923
4016
4258
4495
3917
3966
5630
3990
4867
4913
5227
4184
3971
4665
4211
4211
4923
4862
4102
4368
4104
4136
4298
3983
5458
3967
5262
4617
5254
5398
3984
4003
5509
4662
5384
5722
3954
4132
4785
4804
4990
4109
4067
4618
3936
4036
4402
4049
4063
5358
5813
5654
4252
4252
4612
4058
4761
3954
3960
5132
5435
5159
3974
6149
5899
4397
4497
3974
4603
4840
4049
4055
4079
4098
4079
4241
3997
4161
3996
4098
4135
4690
5274
4753
5418
3986
4275
4108
4856
4073
4079
4255
4778
3990
3994
4386
4689
3980
5480
4860
4058
4073
4397
4609
3997
5558
4161
5280
4880
4410
4712
5339
4493
4003
4059
4642
4340
4230
4310
4310
5636
4501
4620
4020
4405
5769
4066
4376
4315
4234
5670
5194
4338
4305
4318
4318
4443
4081
4083
4212
4522
5931
4083
4101
5039
4128
4897
5046
5589
4059
4081
5307
4255
4397
4561
5110
5546
5716
4210
5728
4316
4345
4067
5134
4202
4280
4334
5283
4222
4432
4055
4560
4401
4436
4337
5318
4337
4049
4305
4276
4463
4052
4161
6114
4185
5298
4163
4309
4284
4939
5069
4135
4281
4528
4350
4350
4410
5531
4982
5572
6030
4062
4115
4183
4379
4681
4861
4647
5156
4140
4774
4303
5404
4258
4239
5445
4292
4497
4597
4308
4101
4158
4116
4398
4398
5249
4167
4186
4353
5751
6044
4135
4153
5655
5025
4236
4237
4365
4797
4411
4456
4177
4947
4136
4153
4322
5628
4361
5042
4295
4425
4425
4250
4330
4581
4523
5190
4332
5037
4246
4505
5260
4271
4357
5483
4173
4203
4434
4107
5117
4838
4328
5260
4444
4605
4409
5259
4215
4229
4440
4280
4302
4719
4635
4245
5433
4207
4643
4208
5472
5584
5366
4184
4185
4459
5502
4181
4181
4236
4476
4236
5225
5688
4237
4238
4507
4140
4358
5397
4836
4154
5657
4142
4875
5453
4560
4215
4219
5588
4494
5421
4496
4496
5371
4158
4219
4438
4468
4827
4755
5422
4320
4439
4275
4450
4981
5462
5932
4588
4203
4214
4335
4453
4458
5492
4170
4555
4884
5371
4501
4923
5116
5685
4513
4585
4200
5570
4678
4703
5478
4340
5457
4363
4229
4274
4552
4597
4709
4487
5374
4538
4180
4476
4479
5884
4611
4472
4992
4214
4230
4978
4639
5033
5326
5508
4519
5447
4738
4854
4925
5822
4807
5251
4329
5869
4351
4375
4469
4289
4534
5538
4198
5356
5149
5396
6078
4965
4288
4530
5548
4276
4630
6052
4638
4575
4576
4575
4576
4260
4271
4558
4448
4416
5640
4640
4357
4547
5989
4250
4309
5413
5771
4595
4699
5369
5637
5084
5673
4656
4925
4259
4565
4841
5114
4241
4324
4381
5080
4317
4826
4308
5271
5554
5399
4260
4304
4774
5203
4658
4658
4720
5327
5712
4621
4977
4958
5916
4332
4257
5053
5788
4281
4286
5172
4918
5643
5793
4302
4330
4574
4694
4266
4319
4940
5466
5613
4268
4578
4948
4462
4613
4579
5178
4351
4502
4654
5049
5897
4691
5557
4321
4657
4684
4332
4818
5541
5380
4633
4375
4869
4725
4725
4752
4329
6126
4294
5111
5306
4297
4538
4335
4692
4910
4543
5241
4358
4800
4960
5798
6104
4313
4645
5089
4972
5434
5572
5832
5341
4422
4928
4445
5773
5289
4445
5608
4592
4669
4810
5160
4446
6073
5138
4769
4900
5522
5132
4353
4664
4348
4560
6091
5648
5994
4912
4961
5536
4895
5249
4460
4539
4691
4724
5003
5908
4437
5244
4774
5008
4406
5862
5100
5689
4817
5354
4704
4987
5069
4363
4360
5165
4468
4479
4403
4881
5087
4479
4855
4581
5815
4870
4870
5558
4883
4791
4572
4570
4463
4495
4383
5071
4879
4882
4882
5796
5699
4506
5107
5205
4901
4473
4809
5526
5109
5441
5116
5131
5113
4432
4487
4736
5049
5045
4728
4406
4462
4537
4498
4808
5499
4537
5043
4667
4778
4801
4491
4584
4566
5070
4698
5975
5459
5728
4790
4888
5680
4755
4472
4796
4570
5355
4483
5438
4951
5237
4951
4938
4941
5471
4956
4956
4850
4934
5303
4877
4959
4962
4962
4457
4756
4587
5367
5813
5696
4620
5502
4722
5831
6076
4462
4518
5900
4448
4935
4502
5551
5314
5593
4669
4696
4645
5337
5625
4885
4743
4773
4994
4995
4994
4521
5759
5157
5497
5074
5002
4554
5082
4651
5607
4531
5693
5498
4501
5069
5026
4964
5023
5167
4537
5029
4988
5661
5041
5041
4569
4808
5048
5129
5771
4666
5866
5492
5859
5876
5062
4888
5804
5244
5868
5251
4566
5536
5195
5861
5078
4497
4518
4554
4809
5139
5419
4570
4889
5046
4584
4696
5877
5796
4607
5014
5325
5292
4524
5304
5428
5719
4710
5152
5489
4900
4997
4933
5052
4728
5139
4849
4610
5263
5057
4724
5182
5253
4813
4534
5148
4659
4729
5151
5162
5469
5256
4831
5599
5501
5163
4935
5146
5163
4837
5293
5510
4858
5289
5174
4553
5456
5174
5464
5179
5180
4698
5505
5447
4569
5440
5028
5506
5235
5345
5924
4902
5452
6022
4741
4926
5038
4598
4971
5103
5251
5051
5211
5211
4700
4830
5181
5093
4684
5229
5295
5983
4981
5578
4960
5227
4912
5898
5315
5672
5021
5039
5486
5288
5452
5016
5425
5682
5072
5067
4655
4814
5309
5564
5644
4837
5874
4611
5155
5556
4646
4818
5223
4820
5246
5246
5564
5845
5257
5257
4978
5210
4698
5147
4816
5096
5634
4622
4844
5270
5381
5208
4974
5272
5196
5639
4646
4711
5304
4736
5485
5285
5285
5094
4832
5287
5296
5945
5944
4770
4965
4649
5816
5092
5126
5191
4929
5216
5025
4644
5220
5402
5582
5235
5102
4770
5393
5204
5817
5524
5574
5125
5136
4684
5099
5655
4661
5324
5324
5445
5335
5335
4905
5159
5491
5921
4709
5816
5580
4748
4742
5791
5534
5191
5498
4875
5477
5312
5089
5334
5360
4914
4790
5342
4768
4973
5470
6123
6132
5483
5299
4934
5552
5059
4831
5419
4798
5424
4708
5792
5248
5036
5225
4937
4706
4919
5721
5377
4730
4863
5432
5724
6053
5461
4766
5523
5173
5535
4968
5015
4969
5482
4750
5448
5854
5615
4750
5481
5490
4734
5495
4735
5421
5422
5494
5197
5219
5831
6096
5505
5815
5622
4758
5618
5619
5571
5616
4952
5043
5321
5063
5610
5539
5539
5439
5124
5605
4885
5606
5844
5600
5587
5095
5597
5473
5280
4767
4979
5426
4950
5744
5635
5594
5596
5750
6057
5543
5596
4972
4898
5390
5601
5563
5274
5683
4961
5727
4952
4967
5196
4916
5895
5279
4975
5364
5105
5213
5277
5071
5525
5137
5624
4924
5821
5530
4795
5717
5546
4947
5307
5161
5121
5561
4801
4874
5037
5060
5727
4812
5592
4984
5802
5016
5077
5442
5679
5480
5655
5009
5073
5354
5215
5992
5537
4942
5765
4844
5454
4864
5542
5329
5319
5112
5221
5353
5932
4948
4911
5207
5455
5504
5667
5107
5870
5773
5345
5973
5074
5587
5468
5833
6106
6140
5298
4993
5189
4989
5184
5348
4871
5479
5839
5968
5220
5402
4854
5588
5957
5135
5514
5363
5021
5449
6062
5424
5789
6031
5975
5480
5204
5607
5053
5352
5458
5509
5526
5325
4866
5684
5774
5575
5779
5187
5560
5878
4933
5583
4921
5300
5126
5630
4915
5076
5129
5359
5550
4931
4914
5919
5115
5298
5937
5730
5850
5642
5659
5882
5081
5888
5566
5136
5413
5130
5024
5374
5801
5197
5099
5111
5691
6112
5153
5032
5182
5332
5834
5840
5045
5430
5609
5016
4970
5000
5515
5886
5932
4989
5617
5320
5737
5034
5373
5131
4988
5588
5123
5355
5685
5052
5031
5517
6061
5013
5319
5446
5471
5103
5738
5875
5807
5244
5171
5165
5520
5199
5515
5079
5316
5710
5340
5336
5468
5254
6011
5127
5236
5247
4993
5077
5269
5488
5898
5310
5261
5263
5700
5657
5706
5841
5856
5099
5233
5343
5436
5761
5512
5239
5901
5570
5130
5258
5524
5556
5192
5166
5489
5104
5595
5747
5299
5720
5555
5665
5090
5538
5361
5863
5765
5958
5709
5759
5721
5469
6114
5117
5591
5661
5146
5551
5149
5756
5124
5000
5548
5368
6028
5046
5663
6000
5694
5854
5232
5741
5038
5531
5619
6030
5172
5076
5638
5610
5761
5275
5743
5114
5169
5301
6092
5093
5373
6039
5733
5871
5414
6151
5936
5751
6016
5172
5766
5349
5651
5559
5446
5276
5317
5513
5301
6020
5488
5719
5476
5869
5226
5252
5762
5768
5192
5364
5119
5947
5601
5956
5068
5155
5090
5987
5297
5525
5755
5899
5073
5292
5430
6058
5190
5761
5724
5455
5515
5731
5072
5278
5078
5366
6021
5268
5482
5085
5740
5464
5096
5177
5688
5351
5663
5792
5120
5368
5356
6031
5757
5322
5498
5545
5133
5501
5702
5763
5193
5631
5875
5230
5255
5377
5102
5415
5386
5279
5870
5521
5105
5708
5127
5145
5450
5843
5752
5838
5717
6050
5540
5994
5288
5714
5698
6037
5766
5127
5378
5146
5362
5615
5394
5707
5928
5562
5372
5724
5452
5636
5198
5242
6017
5722
5250
5282
5683
5798
5702
5443
5609
5626
5808
5485
6012
5273
5905
5787
5714
5775
5695
5300
5272
5559
5195
5313
5898
5233
5673
5273
5580
5322
5663
5851
5230
5247
6155
5185
5500
5242
5331
5770
5906
5854
5395
5846
5201
5920
5970
5542
5308
5202
5629
5243
5197
5412
5984
5436
5731
5971
5497
5818
5910
5704
5783
5597
5875
5256
5516
5595
5604
6059
5403
5791
5802
5886
5379
5385
5647
5408
5838
5812
6041
5567
5731
6017
5648
5829
5504
5782
5262
5775
5889
5708
5640
5679
5867
5740
5264
5333
5810
5259
5314
5569
5896
5431
5481
5790
5401
5342
5780
5336
5313
5286
5520
5329
5891
5496
5804
5634
5974
5909
5535
6150
6032
5557
5378
5361
6099
5785
5435
5700
5825
5980
5681
5808
5835
5940
5967
5710
5852
5822
5942
5585
5370
5532
6024
5567
6118
5939
5514
5899
5535
5758
5959
6014
5865
5651
5599
5748
5897
6041
5502
5507
5800
5819
5380
5960
5702
5577
5911
6143
5855
5796
5412
5651
5703
5969
5923
5339
5341
5984
5772
5346
5659
5842
5951
5862
6079
6006
6049
5435
5977
5891
5573
5851
5411
5823
5822
5857
5690
5551
5726
5477
5830
5529
6001
5432
5864
5423
5521
5512
5547
5824
6001
6110
5847
5889
5586
5487
5416
5676
5698
5926
6025
5739
5918
5405
5976
5556
5983
5987
5527
5812
6057
6124
5574
5950
6011
5930
6095
5993
5718
6005
6065
5624
6017
5446
5418
5691
5979
5704
5811
5978
5818
5866
5487
5553
5867
6010
5705
5851
5735
5408
6122
5676
5849
5574
5581
5486
6054
5842
5872
5935
5931
5816
5876
5645
5646
5673
5777
5933
5576
5727
5821
5969
5912
5825
5945
5723
6078
5562
5444
5516
5640
5806
5982
5527
5653
6129
6110
6038
5669
5686
5940
6003
5849
5653
5506
5518
5749
5830
5519
5837
5913
6051
5857
5890
5674
5678
5989
5933
5819
5782
5957
5985
5525
6150
5868
5866
5894
5660
5760
6077
5794
5738
5734
5762
5927
5677
5739
5939
5881
5894
5723
5877
5645
5646
6151
5625
6022
5949
6099
5905
5660
6045
5964
6115
5872
5907
6024
5540
6002
6119
5678
5850
5595
5860
5705
5581
5642
5750
6126
5585
6043
5715
6079
6088
5729
6106
5647
6000
6041
5659
5602
5647
6029
5756
5921
5918
5964
6084
5579
6125
5623
6127
5667
5599
5887
5582
5686
5778
5877
6093
5720
5575
6003
5912
5669
5593
5974
6056
5934
5763
5917
5948
5890
5915
5614
5584
5868
5664
5919
5621
5684
5871
5690
6092
5603
6000
5605
5715
5608
5612
5613
5614
5985
5620
5622
5988
6016
5677
5990
5997
5698
5754
5910
6108
5917
5855
6153
5783
6008
5699
6091
6102
6103
5989
5708
5811
5697
5855
5925
6026
5697
5893
5916
5986
5665
5667
5662
5917
5927
5919
6034
5874
6009
6113
5805
5852
6035
5805
5903
5767
5856
5884
6046
5736
5881
5827
5965
5741
5757
5937
5735
5713
5915
5929
5858
5754
5880
5836
5904
5753
5972
6047
6052
5953
5888
5936
5780
6129
5810
6055
6069
5891
6083
6042
5775
6087
5725
5934
6110
5794
5830
5845
5979
6154
5914
5981
6005
5809
6063
5860
5737
5746
6028
5772
5996
5787
5920
5809
5780
5947
5860
5838
6010
6123
5792
5797
5781
5812
5741
6076
5784
5945
6029
5848
5872
5847
5959
5928
6098
5946
5806
5962
6013
5820
6021
6043
5815
5905
5800
5805
5903
6070
5996
5814
5948
5852
5978
6064
6046
6071
6029
5931
5807
6100
5873
6015
5794
5952
6075
6109
6128
6144
5937
6033
5942
5986
5974
5835
5946
6028
6065
6103
5895
5976
5992
5925
5799
5912
5951
5821
5968
6036
6118
6071
5883
6138
6142
6007
6018
5934
5911
5844
5861
6018
6012
5828
6072
5971
6048
5908
6131
5941
5950
5942
6047
6055
5879
5896
5943
5906
6062
6081
6104
6133
6067
5948
6089
5990
5922
5998
6111
5874
6089
5901
5892
5902
6001
5998
6063
5938
5980
6027
5885
5949
6027
6155
5982
6019
6015
6023
5995
6125
6149
5992
6066
6121
5900
6120
5916
5933
5902
6068
6060
5918
5955
6054
6152
6097
6135
6039
5959
6139
6101
6115
6051
5966
6153
6067
6127
6146
6078
6081
6082
6069
6075
6152
6080
6074
6054
6085
6008
5987
6035
6065
6072
6033
6073
6040
6084
5968
6038
6010
6090
6105
6141
6068
5975
6036
6066
6014
6045
6082
6106
6035
6024
6032
6133
6143
5999
6095
6003
6032
6128
6033
6025
6130
6067
6132
6013
6136
6139
6019
6073
6040
6140
6060
6023
6139
6080
6044
6114
6092
6083
6053
6094
6116
6101
6085
6052
6111
6081
6145
6064
6107
6100
6085
6118
6066
6097
6109
6147
6074
6121
6132
6070
6093
6136
6096
6095
6136
6145
6140
6137
6148
6120
6148
6108
6103
6119
6115
6122
6117
6124
6125
6120
6141
6143
6137
6124
6134
6128
6147
6129
6123
6126
6135
6138
6146
6142
6148
6146
6147
)


// ************************************************************************* //
