/*--------------------------------*- C++ -*----------------------------------*\
| =========                 |                                                 |
| \\      /  F ield         | OpenFOAM: The Open Source CFD Toolbox           |
|  \\    /   O peration     | Version:  2412                                  |
|   \\  /    A nd           | Website:  www.openfoam.com                      |
|    \\/     M anipulation  |                                                 |
\*---------------------------------------------------------------------------*/
FoamFile
{
    version     2.0;
    format      ascii;
    arch        "LSB;label=32;scalar=64";
    class       vectorField;
    location    "constant/polyMesh";
    object      points;
}
// * * * * * * * * * * * * * * * * * * * * * * * * * * * * * * * * * * * * * //


972
(
(0 0 0)
(10 0 0)
(10 2 0)
(0 2 0)
(0 0 0.001)
(10 0 0.001)
(10 2 0.001)
(0 2 0.001)
(0.2336787732 0 0)
(0.4834201337 0 0)
(0.7040759351 0 0)
(0.9636999023 0 0)
(1.17829173 0 0)
(1.440606423 0 0)
(1.656062784 0 0)
(1.913891285 0 0)
(2.137148236 0 0)
(2.383290088 0 0)
(2.621137159 0 0)
(2.850904512 0 0)
(3.103792839 0 0)
(3.32228073 0 0)
(3.5832503 0 0)
(3.797409246 0 0)
(4.059276265 0 0)
(4.276033082 0 0)
(4.531616739 0 0)
(4.757910768 0 0)
(5 0 0)
(5.242089232 0 0)
(5.468383261 0 0)
(5.723966918 0 0)
(5.940723735 0 0)
(6.202590754 0 0)
(6.4167497 0 0)
(6.67771927 0 0)
(6.896207161 0 0)
(7.149095488 0 0)
(7.378862841 0 0)
(7.616709912 0 0)
(7.862851764 0 0)
(8.086108715 0 0)
(8.343937216 0 0)
(8.559393577 0 0)
(8.82170827 0 0)
(9.036300098 0 0)
(9.295924065 0 0)
(9.516579866 0 0)
(9.766321227 0 0)
(10 0.2305852702 0)
(10 0.5519949981 0)
(10 1 0)
(10 1.448005002 0)
(10 1.76941473 0)
(9.766321227 2 0)
(9.516579866 2 0)
(9.295924065 2 0)
(9.036300098 2 0)
(8.82170827 2 0)
(8.559393577 2 0)
(8.343937216 2 0)
(8.086108715 2 0)
(7.862851764 2 0)
(7.616709912 2 0)
(7.378862841 2 0)
(7.149095488 2 0)
(6.896207161 2 0)
(6.67771927 2 0)
(6.4167497 2 0)
(6.202590754 2 0)
(5.940723735 2 0)
(5.723966918 2 0)
(5.468383261 2 0)
(5.242089232 2 0)
(5 2 0)
(4.757910768 2 0)
(4.531616739 2 0)
(4.276033082 2 0)
(4.059276265 2 0)
(3.797409246 2 0)
(3.5832503 2 0)
(3.32228073 2 0)
(3.103792839 2 0)
(2.850904512 2 0)
(2.621137159 2 0)
(2.383290088 2 0)
(2.137148236 2 0)
(1.913891285 2 0)
(1.656062784 2 0)
(1.440606423 2 0)
(1.17829173 2 0)
(0.9636999023 2 0)
(0.7040759351 2 0)
(0.4834201337 2 0)
(0.2336787732 2 0)
(0 1.76941473 0)
(0 1.448005002 0)
(0 1 0)
(0 0.5519949981 0)
(0 0.2305852702 0)
(0.2336787732 0 0.001)
(0.4834201337 0 0.001)
(0.7040759351 0 0.001)
(0.9636999023 0 0.001)
(1.17829173 0 0.001)
(1.440606423 0 0.001)
(1.656062784 0 0.001)
(1.913891285 0 0.001)
(2.137148236 0 0.001)
(2.383290088 0 0.001)
(2.621137159 0 0.001)
(2.850904512 0 0.001)
(3.103792839 0 0.001)
(3.32228073 0 0.001)
(3.5832503 0 0.001)
(3.797409246 0 0.001)
(4.059276265 0 0.001)
(4.276033082 0 0.001)
(4.531616739 0 0.001)
(4.757910768 0 0.001)
(5 0 0.001)
(5.242089232 0 0.001)
(5.468383261 0 0.001)
(5.723966918 0 0.001)
(5.940723735 0 0.001)
(6.202590754 0 0.001)
(6.4167497 0 0.001)
(6.67771927 0 0.001)
(6.896207161 0 0.001)
(7.149095488 0 0.001)
(7.378862841 0 0.001)
(7.616709912 0 0.001)
(7.862851764 0 0.001)
(8.086108715 0 0.001)
(8.343937216 0 0.001)
(8.559393577 0 0.001)
(8.82170827 0 0.001)
(9.036300098 0 0.001)
(9.295924065 0 0.001)
(9.516579866 0 0.001)
(9.766321227 0 0.001)
(10 0.2305852702 0.001)
(10 0.5519949981 0.001)
(10 1 0.001)
(10 1.448005002 0.001)
(10 1.76941473 0.001)
(9.766321227 2 0.001)
(9.516579866 2 0.001)
(9.295924065 2 0.001)
(9.036300098 2 0.001)
(8.82170827 2 0.001)
(8.559393577 2 0.001)
(8.343937216 2 0.001)
(8.086108715 2 0.001)
(7.862851764 2 0.001)
(7.616709912 2 0.001)
(7.378862841 2 0.001)
(7.149095488 2 0.001)
(6.896207161 2 0.001)
(6.67771927 2 0.001)
(6.4167497 2 0.001)
(6.202590754 2 0.001)
(5.940723735 2 0.001)
(5.723966918 2 0.001)
(5.468383261 2 0.001)
(5.242089232 2 0.001)
(5 2 0.001)
(4.757910768 2 0.001)
(4.531616739 2 0.001)
(4.276033082 2 0.001)
(4.059276265 2 0.001)
(3.797409246 2 0.001)
(3.5832503 2 0.001)
(3.32228073 2 0.001)
(3.103792839 2 0.001)
(2.850904512 2 0.001)
(2.621137159 2 0.001)
(2.383290088 2 0.001)
(2.137148236 2 0.001)
(1.913891285 2 0.001)
(1.656062784 2 0.001)
(1.440606423 2 0.001)
(1.17829173 2 0.001)
(0.9636999023 2 0.001)
(0.7040759351 2 0.001)
(0.4834201337 2 0.001)
(0.2336787732 2 0.001)
(0 1.76941473 0.001)
(0 1.448005002 0.001)
(0 1 0.001)
(0 0.5519949981 0.001)
(0 0.2305852702 0.001)
(3.684627102 1.825995731 0)
(6.309670227 0.185467088 0)
(1.30913172 1.807221298 0)
(8.690550924 0.1862163281 0)
(4.401066761 1.807345996 0)
(5.609734692 0.1998175748 0)
(2.978640681 0.1950423707 0)
(7.022651324 1.805899786 0)
(7.988339462 1.795027886 0)
(2.012201802 0.2043567288 0)
(6.071657244 1.813408001 0)
(3.928342756 0.1865919988 0)
(1.070995816 0.1858419739 0)
(8.916774949 1.80883579 0)
(4.890348766 0.2013952941 0)
(7.497786377 0.2024829853 0)
(2.501224595 1.797554685 0)
(5.364385342 1.800633164 0)
(6.81661522 0.2060606747 0)
(3.213036784 1.810783936 0)
(0.8338879187 1.811532248 0)
(9.172721551 0.1891853435 0)
(8.235552185 0.2081703642 0)
(1.781679557 1.807817567 0)
(8.454074379 1.811599734 0)
(1.545185679 0.1892661922 0)
(3.45567975 0.1889532072 0)
(6.545609176 1.815398186 0)
(7.498618427 1.79534868 0)
(2.515856869 0.2369620557 0)
(4.874723577 1.796841016 0)
(4.381733173 0.2254767879 0)
(0.5937480344 0.1910935295 0)
(9.398415835 1.815134639 0)
(0.3006196249 1.293642712 0)
(9.652655823 0.7704435831 0)
(0.3579509473 1.801159056 0)
(9.625765551 0.2478010063 0)
(9.754326048 1.623744945 0)
(0.2390208456 0.3912901342 0)
(9.605556459 1.142338479 0)
(9.358666751 0.9614822659 0)
(9.332329726 1.274940502 0)
(9.10486254 1.094734771 0)
(9.112162226 0.8164356889 0)
(8.881953793 0.9482248827 0)
(8.842714157 1.225179816 0)
(8.648849032 1.061091869 0)
(8.643277306 0.7884733555 0)
(8.45100809 0.9387380449 0)
(8.408358208 1.198090224 0)
(8.237147635 1.05160661 0)
(8.243404583 0.8240483073 0)
(8.034994004 0.9255639649 0)
(8.021357623 1.151801837 0)
(7.825830711 1.032012615 0)
(7.835240993 0.7974291486 0)
(7.627869334 0.908028057 0)
(7.618531637 1.139342615 0)
(7.423313509 1.017137515 0)
(7.41916573 1.237891496 0)
(7.223005783 1.121998096 0)
(7.229825077 0.8970295738 0)
(7.031480033 1.002653318 0)
(7.038912342 0.7789624599 0)
(6.842024295 0.8845067454 0)
(6.83348299 1.106555646 0)
(6.646364118 0.9880692148 0)
(6.6544453 0.7681419269 0)
(6.460224818 0.8711083417 0)
(6.451688286 1.090353363 0)
(6.266256925 0.973312625 0)
(6.257821503 1.192460215 0)
(6.071990931 1.075958318 0)
(6.080516852 0.8563874694 0)
(5.884877673 0.9587177644 0)
(5.877346097 1.178566179 0)
(5.692063946 1.055988678 0)
(5.697858554 0.799183613 0)
(5.499653862 0.9431358292 0)
(5.492329984 1.14225821 0)
(5.295610675 1.035305226 0)
(5.289876084 0.797325918 0)
(5.107630802 0.9258437044 0)
(5.100021545 1.148167853 0)
(4.911408752 1.025032842 0)
(4.911298448 0.8137786248 0)
(4.716906774 0.9122249706 0)
(4.720134732 1.117820045 0)
(4.520759028 1.013558836 0)
(4.526133563 0.7943000239 0)
(4.330165148 0.8993029464 0)
(4.323019077 1.12001805 0)
(4.134856767 1.004579254 0)
(4.128587667 1.22426108 0)
(3.941003658 1.10908157 0)
(3.947265784 0.8891463657 0)
(3.753772878 0.9939756424 0)
(3.758411995 0.7765807111 0)
(3.566166459 0.8789607219 0)
(3.55995049 1.098987019 0)
(3.372523629 0.9832413434 0)
(3.366467159 1.203723335 0)
(3.177634789 1.088450668 0)
(3.189783051 0.8617128943 0)
(2.990825515 0.9765509699 0)
(2.988924508 1.18577123 0)
(2.797337702 1.06867025 0)
(2.816571328 0.8830777754 0)
(2.60756334 0.9756456156 0)
(2.601069574 1.198474169 0)
(2.397108385 1.06457102 0)
(2.421657922 0.8436830876 0)
(2.213789208 0.9595085228 0)
(2.199847538 1.175184497 0)
(2.00759289 1.050847382 0)
(2.042418009 0.8137756794 0)
(1.827980243 0.9398003683 0)
(1.806089361 1.158564251 0)
(1.621748849 1.046228571 0)
(1.638243915 0.7800054968 0)
(1.419408186 0.9143019644 0)
(1.414892953 1.164972179 0)
(1.200033796 1.042104057 0)
(1.205730609 0.7853552459 0)
(3.930309153 1.318623738 0)
(1.201048995 1.295821436 0)
(0.9747100173 0.9159686841 0)
(3.94331918 0.6820887176 0)
(6.442880697 1.30919469 0)
(7.237198501 0.6718914131 0)
(6.468184407 0.6521382832 0)
(3.575594347 0.6576544414 0)
(7.226857934 1.32593556 0)
(4.304772378 1.346809362 0)
(7.610378533 1.352676017 0)
(4.336601381 0.6778998978 0)
(0.9736186325 0.6495112993 0)
(0.7447406998 0.7825120054 0)
(7.63361082 0.6717300593 0)
(7.83332713 0.5760902982 0)
(3.553044244 1.317522786 0)
(4.532637839 0.5722255426 0)
(6.247833071 1.409735641 0)
(7.044976624 0.5541164979 0)
(1.407847369 1.391142467 0)
(3.362229046 1.413611432 0)
(6.661441847 0.5503797556 0)
(1.197050875 0.5301143043 0)
(7.240133834 0.4525631688 0)
(3.559366 1.52015863 0)
(6.43062804 1.516326022 0)
(6.627811896 1.422718016 0)
(7.03832261 0.3353550455 0)
(6.490473535 0.4392325071 0)
(6.297440075 0.5381267304 0)
(0.7623672185 1.07825781 0)
(0.7321115846 0.5298925275 0)
(0.4794772386 0.6351350111 0)
(1.194353254 1.569977919 0)
(0.9886032099 1.428418641 0)
(5.839772904 1.811244811 0)
(5.952882692 1.625336445 0)
(5.733693685 1.618446633 0)
(8.690550924 1.813783672 0)
(8.570629935 1.620271335 0)
(8.345563053 1.615500225 0)
(1.308943781 0.1810451686 0)
(1.412231147 0.4041418921 0)
(1.651422552 0.3843554928 0)
(3.919980129 1.815743064 0)
(3.778035141 1.629762894 0)
(4.024901145 1.633704388 0)
(6.081898904 0.1937583698 0)
(5.836535017 0.2021032093 0)
(5.719226425 0.3935928138 0)
(5.494927822 0.3934643831 0)
(5.945317666 0.4049534329 0)
(4.353367674 0.4621789032 0)
(3.692818753 0.1873862085 0)
(3.817636174 0.368619784 0)
(4.027781064 0.367704028 0)
(6.309279221 1.825064046 0)
(6.533274998 0.2106627204 0)
(3.451652488 1.828776587 0)
(8.466311416 0.1953515958 0)
(8.592129329 0.3812592175 0)
(8.803300483 0.3925515101 0)
(8.370942154 0.3960196591 0)
(8.175983205 0.3907871515 0)
(7.998285468 0.2434991033 0)
(8.501812333 0.5781314428 0)
(1.538586959 1.806932444 0)
(1.664166339 1.620417192 0)
(1.888558101 1.611122593 0)
(5.600546775 0.58105729 0)
(8.792490837 1.617956545 0)
(9.01497724 1.60501595 0)
(8.694381594 1.4298357 0)
(0.8494405336 0.1835215167 0)
(9.155535911 1.805773181 0)
(7.750233599 0.2088674112 0)
(1.787321225 1.400416421 0)
(2.001067024 1.45190903 0)
(2.128857155 1.611131015 0)
(3.2317991 0.2021337145 0)
(3.098480418 0.3911195053 0)
(2.880318747 0.3866059449 0)
(2.971874157 0.5737884534 0)
(3.207267543 0.6023530907 0)
(2.756139042 0.5793558461 0)
(6.781632032 1.810282276 0)
(6.895428873 1.629598994 0)
(7.137325557 1.630075049 0)
(3.581190388 0.420588439 0)
(7.624548101 0.4143754493 0)
(9.288711456 1.571431817 0)
(1.407503375 0.6608735944 0)
(5.862133303 1.409913137 0)
(5.661001884 1.443586082 0)
(4.634923976 1.80119828 0)
(4.748263469 1.603919211 0)
(4.979553965 1.595711041 0)
(4.857316051 1.422130842 0)
(4.637485551 1.434119962 0)
(2.978394942 1.805420062 0)
(3.096790394 1.625019745 0)
(2.870589198 1.605889947 0)
(1.091779259 1.799769807 0)
(5.11042259 1.791097024 0)
(5.237309472 1.598885625 0)
(5.10451396 1.381358286 0)
(5.322817554 1.429588409 0)
(3.352997598 0.3950176791 0)
(4.160612133 1.812816359 0)
(4.282928015 1.58455658 0)
(9.352349348 0.6799568001 0)
(9.14414178 0.5872934559 0)
(5.489768661 1.576368646 0)
(8.217237272 1.808476494 0)
(8.120612169 1.603163168 0)
(7.875934457 1.601943877 0)
(8.258554526 1.414389955 0)
(7.740872114 1.798493947 0)
(4.167654673 0.1877169097 0)
(1.784977034 0.1899684367 0)
(1.88123559 0.3950762732 0)
(2.107363538 0.4132980798 0)
(2.248003901 0.2153786666 0)
(2.364864873 0.4635734594 0)
(2.182293563 0.6231657045 0)
(2.57982295 0.4600028072 0)
(1.760736014 0.5766613714 0)
(2.255811452 1.800779508 0)
(2.367443573 1.598909703 0)
(2.611942197 1.591819959 0)
(9.080924288 1.353870742 0)
(5.385529673 0.5840760039 0)
(5.268699897 0.3944843887 0)
(5.165718933 0.584084555 0)
(7.249949038 0.2186523851 0)
(9.329147379 0.3988816678 0)
(2.230335643 1.399507923 0)
(5.026409071 0.3953317427 0)
(4.637637203 0.2019763644 0)
(4.751554688 0.4305376582 0)
(8.900800817 0.6369028476 0)
(0.9629908309 0.3909895147 0)
(2.539575938 0.6550079218 0)
(9.546416323 1.44159958 0)
(7.263979165 1.801015635 0)
(7.364489651 1.626513821 0)
(2.736020835 0.198984365 0)
(6.216092412 1.623822335 0)
(0.5959623669 1.796756379 0)
(0.7509700178 1.558161822 0)
(0.4670573578 1.571029469 0)
(8.01538112 1.397489324 0)
(4.503687638 1.610462158 0)
(2.487909068 1.40553462 0)
(5.603328462 1.801115542 0)
(6.846188295 0.4430382742 0)
(2.735033828 1.796940578 0)
(2.728939538 1.410475006 0)
(8.037677291 0.7055034008 0)
(7.811056352 1.253248778 0)
(7.613928287 1.578551809 0)
(4.139611996 0.7844185523 0)
(7.02540694 1.21976413 0)
(4.130172518 0.548444623 0)
(6.277163834 0.7548375517 0)
(6.848550434 0.6632310385 0)
(3.746796061 1.214550196 0)
(7.431645534 0.7882148288 0)
(6.064995566 1.291387378 0)
(3.378980392 0.7629546762 0)
(6.637967925 1.20736953 0)
(6.063642701 0.606179407 0)
(5.903139316 0.7517644636 0)
(6.819981782 1.313384295 0)
(4.726952286 0.6843208678 0)
(3.179305403 1.297382277 0)
(2.014180033 1.803420588 0)
(4.103918212 1.436233064 0)
(4.530380123 1.25211704 0)
(7.438055961 0.5634723546 0)
(1.97144765 0.5961582373 0)
(3.345950933 1.628109978 0)
(5.375789461 0.2001633874 0)
(8.929004184 0.1858419739 0)
(4.944322356 0.6098444446 0)
(2.981757262 1.415074723 0)
(5.133889405 0.1985624688 0)
(3.741221842 1.420852748 0)
(8.251964875 0.5953390531 0)
(0.9900414395 1.178023428 0)
(1.605670638 1.268309516 0)
(9.724949139 0.4917953247 0)
(0.5956901803 1.307415325 0)
(0.2014673703 1.611145451 0)
(6.14372434 0.3853877398 0)
(1.451701618 1.607370755 0)
(0.4436129661 0.9793301347 0)
(0.2223958005 0.7583480795 0)
(6.642944329 1.627297879 0)
(0.3673357944 0.1931146064 0)
(9.641450547 1.806023259 0)
(8.481834203 1.421636595 0)
(3.75641242 0.5703415054 0)
(7.020010921 1.444832119 0)
(6.669598779 0.3698747864 0)
(0.5232375059 0.3770774733 0)
(9.388027683 0.1671736035 0)
(8.694578185 0.5563412795 0)
(8.885237468 1.429631476 0)
(4.524838517 0.3732004685 0)
(5.81124473 0.5715455223 0)
(5.49469299 0.7409557308 0)
(3.009217565 0.7764077167 0)
(1.189986836 0.3361059501 0)
(0.9551740324 1.637715367 0)
(6.068787409 1.472038987 0)
(4.916642444 1.225383159 0)
(1.847198046 0.7463725408 0)
(3.403840473 0.5773284253 0)
(7.024574112 0.1441953929 0)
(5.691085028 1.254709849 0)
(7.853738782 0.3801398079 0)
(7.410094662 0.3703092686 0)
(9.028831489 0.3829471012 0)
(1.985988426 1.244978522 0)
(7.427688204 1.431082984 0)
(7.78533575 1.436781961 0)
(5.291355874 1.239630664 0)
(6.326698565 0.35800077 0)
(1.572355516 0.5513226626 0)
(2.354194677 0.6721610656 0)
(8.197487604 1.234582007 0)
(4.462069954 1.439141841 0)
(1.596124068 1.448533209 0)
(8.424499609 0.753747929 0)
(4.201943299 0.3584667284 0)
(2.383254042 1.248654446 0)
(3.905287984 1.49652429 0)
(8.614140911 1.257357026 0)
(5.08400071 0.7510132191 0)
(9.850678179 0.1682916477 0)
(0.1756107969 1.825147485 0)
(3.935064271 0.5074397316 0)
(2.242870676 0.782458812 0)
(9.824564975 1.825325615 0)
(0.1754350247 0.1746743849 0)
(3.198819651 1.477662275 0)
(6.427518125 1.695195415 0)
(9.781259766 1.331137601 0)
(3.572439588 1.700554676 0)
(0.7300652931 0.3283552971 0)
(6.787884153 1.489205625 0)
(0.8163775523 1.309345272 0)
(2.820369928 1.246056618 0)
(9.840278574 0.3380936494 0)
(8.013529034 0.5094409933 0)
(2.653316394 0.7873231306 0)
(5.493852144 1.331312228 0)
(4.744420143 1.293351186 0)
(9.520064402 0.5329305539 0)
(2.710341603 0.3620543458 0)
(9.524789924 1.655414443 0)
(7.245834619 1.500329322 0)
(2.86617662 0.7118174422 0)
(3.684627102 1.825995731 0.001)
(6.309670227 0.185467088 0.001)
(1.30913172 1.807221298 0.001)
(8.690550924 0.1862163281 0.001)
(4.401066761 1.807345996 0.001)
(5.609734692 0.1998175748 0.001)
(2.978640681 0.1950423707 0.001)
(7.022651324 1.805899786 0.001)
(7.988339462 1.795027886 0.001)
(2.012201802 0.2043567288 0.001)
(6.071657244 1.813408001 0.001)
(3.928342756 0.1865919988 0.001)
(1.070995816 0.1858419739 0.001)
(8.916774949 1.80883579 0.001)
(4.890348766 0.2013952941 0.001)
(7.497786377 0.2024829853 0.001)
(2.501224595 1.797554685 0.001)
(5.364385342 1.800633164 0.001)
(6.81661522 0.2060606747 0.001)
(3.213036784 1.810783936 0.001)
(0.8338879187 1.811532248 0.001)
(9.172721551 0.1891853435 0.001)
(8.235552185 0.2081703642 0.001)
(1.781679557 1.807817567 0.001)
(8.454074379 1.811599734 0.001)
(1.545185679 0.1892661922 0.001)
(3.45567975 0.1889532072 0.001)
(6.545609176 1.815398186 0.001)
(7.498618427 1.79534868 0.001)
(2.515856869 0.2369620557 0.001)
(4.874723577 1.796841016 0.001)
(4.381733173 0.2254767879 0.001)
(0.5937480344 0.1910935295 0.001)
(9.398415835 1.815134639 0.001)
(0.3006196249 1.293642712 0.001)
(9.652655823 0.7704435831 0.001)
(0.3579509473 1.801159056 0.001)
(9.625765551 0.2478010063 0.001)
(9.754326048 1.623744945 0.001)
(0.2390208456 0.3912901342 0.001)
(9.605556459 1.142338479 0.001)
(9.358666751 0.9614822659 0.001)
(9.332329726 1.274940502 0.001)
(9.10486254 1.094734771 0.001)
(9.112162226 0.8164356889 0.001)
(8.881953793 0.9482248827 0.001)
(8.842714157 1.225179816 0.001)
(8.648849032 1.061091869 0.001)
(8.643277306 0.7884733555 0.001)
(8.45100809 0.9387380449 0.001)
(8.408358208 1.198090224 0.001)
(8.237147635 1.05160661 0.001)
(8.243404583 0.8240483073 0.001)
(8.034994004 0.9255639649 0.001)
(8.021357623 1.151801837 0.001)
(7.825830711 1.032012615 0.001)
(7.835240993 0.7974291486 0.001)
(7.627869334 0.908028057 0.001)
(7.618531637 1.139342615 0.001)
(7.423313509 1.017137515 0.001)
(7.41916573 1.237891496 0.001)
(7.223005783 1.121998096 0.001)
(7.229825077 0.8970295738 0.001)
(7.031480033 1.002653318 0.001)
(7.038912342 0.7789624599 0.001)
(6.842024295 0.8845067454 0.001)
(6.83348299 1.106555646 0.001)
(6.646364118 0.9880692148 0.001)
(6.6544453 0.7681419269 0.001)
(6.460224818 0.8711083417 0.001)
(6.451688286 1.090353363 0.001)
(6.266256925 0.973312625 0.001)
(6.257821503 1.192460215 0.001)
(6.071990931 1.075958318 0.001)
(6.080516852 0.8563874694 0.001)
(5.884877673 0.9587177644 0.001)
(5.877346097 1.178566179 0.001)
(5.692063946 1.055988678 0.001)
(5.697858554 0.799183613 0.001)
(5.499653862 0.9431358292 0.001)
(5.492329984 1.14225821 0.001)
(5.295610675 1.035305226 0.001)
(5.289876084 0.797325918 0.001)
(5.107630802 0.9258437044 0.001)
(5.100021545 1.148167853 0.001)
(4.911408752 1.025032842 0.001)
(4.911298448 0.8137786248 0.001)
(4.716906774 0.9122249706 0.001)
(4.720134732 1.117820045 0.001)
(4.520759028 1.013558836 0.001)
(4.526133563 0.7943000239 0.001)
(4.330165148 0.8993029464 0.001)
(4.323019077 1.12001805 0.001)
(4.134856767 1.004579254 0.001)
(4.128587667 1.22426108 0.001)
(3.941003658 1.10908157 0.001)
(3.947265784 0.8891463657 0.001)
(3.753772878 0.9939756424 0.001)
(3.758411995 0.7765807111 0.001)
(3.566166459 0.8789607219 0.001)
(3.55995049 1.098987019 0.001)
(3.372523629 0.9832413434 0.001)
(3.366467159 1.203723335 0.001)
(3.177634789 1.088450668 0.001)
(3.189783051 0.8617128943 0.001)
(2.990825515 0.9765509699 0.001)
(2.988924508 1.18577123 0.001)
(2.797337702 1.06867025 0.001)
(2.816571328 0.8830777754 0.001)
(2.60756334 0.9756456156 0.001)
(2.601069574 1.198474169 0.001)
(2.397108385 1.06457102 0.001)
(2.421657922 0.8436830876 0.001)
(2.213789208 0.9595085228 0.001)
(2.199847538 1.175184497 0.001)
(2.00759289 1.050847382 0.001)
(2.042418009 0.8137756794 0.001)
(1.827980243 0.9398003683 0.001)
(1.806089361 1.158564251 0.001)
(1.621748849 1.046228571 0.001)
(1.638243915 0.7800054968 0.001)
(1.419408186 0.9143019644 0.001)
(1.414892953 1.164972179 0.001)
(1.200033796 1.042104057 0.001)
(1.205730609 0.7853552459 0.001)
(3.930309153 1.318623738 0.001)
(1.201048995 1.295821436 0.001)
(0.9747100173 0.9159686841 0.001)
(3.94331918 0.6820887176 0.001)
(6.442880697 1.30919469 0.001)
(7.237198501 0.6718914131 0.001)
(6.468184407 0.6521382832 0.001)
(3.575594347 0.6576544414 0.001)
(7.226857934 1.32593556 0.001)
(4.304772378 1.346809362 0.001)
(7.610378533 1.352676017 0.001)
(4.336601381 0.6778998978 0.001)
(0.9736186325 0.6495112993 0.001)
(0.7447406998 0.7825120054 0.001)
(7.63361082 0.6717300593 0.001)
(7.83332713 0.5760902982 0.001)
(3.553044244 1.317522786 0.001)
(4.532637839 0.5722255426 0.001)
(6.247833071 1.409735641 0.001)
(7.044976624 0.5541164979 0.001)
(1.407847369 1.391142467 0.001)
(3.362229046 1.413611432 0.001)
(6.661441847 0.5503797556 0.001)
(1.197050875 0.5301143043 0.001)
(7.240133834 0.4525631688 0.001)
(3.559366 1.52015863 0.001)
(6.43062804 1.516326022 0.001)
(6.627811896 1.422718016 0.001)
(7.03832261 0.3353550455 0.001)
(6.490473535 0.4392325071 0.001)
(6.297440075 0.5381267304 0.001)
(0.7623672185 1.07825781 0.001)
(0.7321115846 0.5298925275 0.001)
(0.4794772386 0.6351350111 0.001)
(1.194353254 1.569977919 0.001)
(0.9886032099 1.428418641 0.001)
(5.839772904 1.811244811 0.001)
(5.952882692 1.625336445 0.001)
(5.733693685 1.618446633 0.001)
(8.690550924 1.813783672 0.001)
(8.570629935 1.620271335 0.001)
(8.345563053 1.615500225 0.001)
(1.308943781 0.1810451686 0.001)
(1.412231147 0.4041418921 0.001)
(1.651422552 0.3843554928 0.001)
(3.919980129 1.815743064 0.001)
(3.778035141 1.629762894 0.001)
(4.024901145 1.633704388 0.001)
(6.081898904 0.1937583698 0.001)
(5.836535017 0.2021032093 0.001)
(5.719226425 0.3935928138 0.001)
(5.494927822 0.3934643831 0.001)
(5.945317666 0.4049534329 0.001)
(4.353367674 0.4621789032 0.001)
(3.692818753 0.1873862085 0.001)
(3.817636174 0.368619784 0.001)
(4.027781064 0.367704028 0.001)
(6.309279221 1.825064046 0.001)
(6.533274998 0.2106627204 0.001)
(3.451652488 1.828776587 0.001)
(8.466311416 0.1953515958 0.001)
(8.592129329 0.3812592175 0.001)
(8.803300483 0.3925515101 0.001)
(8.370942154 0.3960196591 0.001)
(8.175983205 0.3907871515 0.001)
(7.998285468 0.2434991033 0.001)
(8.501812333 0.5781314428 0.001)
(1.538586959 1.806932444 0.001)
(1.664166339 1.620417192 0.001)
(1.888558101 1.611122593 0.001)
(5.600546775 0.58105729 0.001)
(8.792490837 1.617956545 0.001)
(9.01497724 1.60501595 0.001)
(8.694381594 1.4298357 0.001)
(0.8494405336 0.1835215167 0.001)
(9.155535911 1.805773181 0.001)
(7.750233599 0.2088674112 0.001)
(1.787321225 1.400416421 0.001)
(2.001067024 1.45190903 0.001)
(2.128857155 1.611131015 0.001)
(3.2317991 0.2021337145 0.001)
(3.098480418 0.3911195053 0.001)
(2.880318747 0.3866059449 0.001)
(2.971874157 0.5737884534 0.001)
(3.207267543 0.6023530907 0.001)
(2.756139042 0.5793558461 0.001)
(6.781632032 1.810282276 0.001)
(6.895428873 1.629598994 0.001)
(7.137325557 1.630075049 0.001)
(3.581190388 0.420588439 0.001)
(7.624548101 0.4143754493 0.001)
(9.288711456 1.571431817 0.001)
(1.407503375 0.6608735944 0.001)
(5.862133303 1.409913137 0.001)
(5.661001884 1.443586082 0.001)
(4.634923976 1.80119828 0.001)
(4.748263469 1.603919211 0.001)
(4.979553965 1.595711041 0.001)
(4.857316051 1.422130842 0.001)
(4.637485551 1.434119962 0.001)
(2.978394942 1.805420062 0.001)
(3.096790394 1.625019745 0.001)
(2.870589198 1.605889947 0.001)
(1.091779259 1.799769807 0.001)
(5.11042259 1.791097024 0.001)
(5.237309472 1.598885625 0.001)
(5.10451396 1.381358286 0.001)
(5.322817554 1.429588409 0.001)
(3.352997598 0.3950176791 0.001)
(4.160612133 1.812816359 0.001)
(4.282928015 1.58455658 0.001)
(9.352349348 0.6799568001 0.001)
(9.14414178 0.5872934559 0.001)
(5.489768661 1.576368646 0.001)
(8.217237272 1.808476494 0.001)
(8.120612169 1.603163168 0.001)
(7.875934457 1.601943877 0.001)
(8.258554526 1.414389955 0.001)
(7.740872114 1.798493947 0.001)
(4.167654673 0.1877169097 0.001)
(1.784977034 0.1899684367 0.001)
(1.88123559 0.3950762732 0.001)
(2.107363538 0.4132980798 0.001)
(2.248003901 0.2153786666 0.001)
(2.364864873 0.4635734594 0.001)
(2.182293563 0.6231657045 0.001)
(2.57982295 0.4600028072 0.001)
(1.760736014 0.5766613714 0.001)
(2.255811452 1.800779508 0.001)
(2.367443573 1.598909703 0.001)
(2.611942197 1.591819959 0.001)
(9.080924288 1.353870742 0.001)
(5.385529673 0.5840760039 0.001)
(5.268699897 0.3944843887 0.001)
(5.165718933 0.584084555 0.001)
(7.249949038 0.2186523851 0.001)
(9.329147379 0.3988816678 0.001)
(2.230335643 1.399507923 0.001)
(5.026409071 0.3953317427 0.001)
(4.637637203 0.2019763644 0.001)
(4.751554688 0.4305376582 0.001)
(8.900800817 0.6369028476 0.001)
(0.9629908309 0.3909895147 0.001)
(2.539575938 0.6550079218 0.001)
(9.546416323 1.44159958 0.001)
(7.263979165 1.801015635 0.001)
(7.364489651 1.626513821 0.001)
(2.736020835 0.198984365 0.001)
(6.216092412 1.623822335 0.001)
(0.5959623669 1.796756379 0.001)
(0.7509700178 1.558161822 0.001)
(0.4670573578 1.571029469 0.001)
(8.01538112 1.397489324 0.001)
(4.503687638 1.610462158 0.001)
(2.487909068 1.40553462 0.001)
(5.603328462 1.801115542 0.001)
(6.846188295 0.4430382742 0.001)
(2.735033828 1.796940578 0.001)
(2.728939538 1.410475006 0.001)
(8.037677291 0.7055034008 0.001)
(7.811056352 1.253248778 0.001)
(7.613928287 1.578551809 0.001)
(4.139611996 0.7844185523 0.001)
(7.02540694 1.21976413 0.001)
(4.130172518 0.548444623 0.001)
(6.277163834 0.7548375517 0.001)
(6.848550434 0.6632310385 0.001)
(3.746796061 1.214550196 0.001)
(7.431645534 0.7882148288 0.001)
(6.064995566 1.291387378 0.001)
(3.378980392 0.7629546762 0.001)
(6.637967925 1.20736953 0.001)
(6.063642701 0.606179407 0.001)
(5.903139316 0.7517644636 0.001)
(6.819981782 1.313384295 0.001)
(4.726952286 0.6843208678 0.001)
(3.179305403 1.297382277 0.001)
(2.014180033 1.803420588 0.001)
(4.103918212 1.436233064 0.001)
(4.530380123 1.25211704 0.001)
(7.438055961 0.5634723546 0.001)
(1.97144765 0.5961582373 0.001)
(3.345950933 1.628109978 0.001)
(5.375789461 0.2001633874 0.001)
(8.929004184 0.1858419739 0.001)
(4.944322356 0.6098444446 0.001)
(2.981757262 1.415074723 0.001)
(5.133889405 0.1985624688 0.001)
(3.741221842 1.420852748 0.001)
(8.251964875 0.5953390531 0.001)
(0.9900414395 1.178023428 0.001)
(1.605670638 1.268309516 0.001)
(9.724949139 0.4917953247 0.001)
(0.5956901803 1.307415325 0.001)
(0.2014673703 1.611145451 0.001)
(6.14372434 0.3853877398 0.001)
(1.451701618 1.607370755 0.001)
(0.4436129661 0.9793301347 0.001)
(0.2223958005 0.7583480795 0.001)
(6.642944329 1.627297879 0.001)
(0.3673357944 0.1931146064 0.001)
(9.641450547 1.806023259 0.001)
(8.481834203 1.421636595 0.001)
(3.75641242 0.5703415054 0.001)
(7.020010921 1.444832119 0.001)
(6.669598779 0.3698747864 0.001)
(0.5232375059 0.3770774733 0.001)
(9.388027683 0.1671736035 0.001)
(8.694578185 0.5563412795 0.001)
(8.885237468 1.429631476 0.001)
(4.524838517 0.3732004685 0.001)
(5.81124473 0.5715455223 0.001)
(5.49469299 0.7409557308 0.001)
(3.009217565 0.7764077167 0.001)
(1.189986836 0.3361059501 0.001)
(0.9551740324 1.637715367 0.001)
(6.068787409 1.472038987 0.001)
(4.916642444 1.225383159 0.001)
(1.847198046 0.7463725408 0.001)
(3.403840473 0.5773284253 0.001)
(7.024574112 0.1441953929 0.001)
(5.691085028 1.254709849 0.001)
(7.853738782 0.3801398079 0.001)
(7.410094662 0.3703092686 0.001)
(9.028831489 0.3829471012 0.001)
(1.985988426 1.244978522 0.001)
(7.427688204 1.431082984 0.001)
(7.78533575 1.436781961 0.001)
(5.291355874 1.239630664 0.001)
(6.326698565 0.35800077 0.001)
(1.572355516 0.5513226626 0.001)
(2.354194677 0.6721610656 0.001)
(8.197487604 1.234582007 0.001)
(4.462069954 1.439141841 0.001)
(1.596124068 1.448533209 0.001)
(8.424499609 0.753747929 0.001)
(4.201943299 0.3584667284 0.001)
(2.383254042 1.248654446 0.001)
(3.905287984 1.49652429 0.001)
(8.614140911 1.257357026 0.001)
(5.08400071 0.7510132191 0.001)
(9.850678179 0.1682916477 0.001)
(0.1756107969 1.825147485 0.001)
(3.935064271 0.5074397316 0.001)
(2.242870676 0.782458812 0.001)
(9.824564975 1.825325615 0.001)
(0.1754350247 0.1746743849 0.001)
(3.198819651 1.477662275 0.001)
(6.427518125 1.695195415 0.001)
(9.781259766 1.331137601 0.001)
(3.572439588 1.700554676 0.001)
(0.7300652931 0.3283552971 0.001)
(6.787884153 1.489205625 0.001)
(0.8163775523 1.309345272 0.001)
(2.820369928 1.246056618 0.001)
(9.840278574 0.3380936494 0.001)
(8.013529034 0.5094409933 0.001)
(2.653316394 0.7873231306 0.001)
(5.493852144 1.331312228 0.001)
(4.744420143 1.293351186 0.001)
(9.520064402 0.5329305539 0.001)
(2.710341603 0.3620543458 0.001)
(9.524789924 1.655414443 0.001)
(7.245834619 1.500329322 0.001)
(2.86617662 0.7118174422 0.001)
)


// ************************************************************************* //
