/*--------------------------------*- C++ -*----------------------------------*\
| =========                 |                                                 |
| \\      /  F ield         | OpenFOAM: The Open Source CFD Toolbox           |
|  \\    /   O peration     | Version:  2412                                  |
|   \\  /    A nd           | Website:  www.openfoam.com                      |
|    \\/     M anipulation  |                                                 |
\*---------------------------------------------------------------------------*/
FoamFile
{
    version     2.0;
    format      ascii;
    arch        "LSB;label=32;scalar=64";
    note        "nPoints:5294  nCells:5104  nFaces:17958  nInternalFaces:7562";
    class       labelList;
    location    "constant/polyMesh";
    object      neighbour;
}
// * * * * * * * * * * * * * * * * * * * * * * * * * * * * * * * * * * * * * //


7562
(
63
81
2517
67
80
4781
16
227
4918
17
228
4919
86
117
1361
27
257
4850
8
175
4866
66
133
4588
251
293
60
165
660
61
166
1331
83
246
1073
64
261
1332
65
262
3485
59
188
4671
89
241
684
300
4942
301
4943
111
225
1082
118
219
811
119
220
1316
124
215
1352
84
100
255
114
217
2584
115
218
1614
131
177
5017
132
178
5018
4883
4931
101
126
2074
135
160
134
161
2935
48
127
2086
137
153
128
129
3797
49
136
139
162
2816
50
140
141
163
2769
51
142
42
147
102
157
2080
144
158
43
1385
154
143
164
3043
148
155
52
150
130
151
2772
69
283
68
285
70
287
71
289
72
292
113
186
3659
112
187
3582
175
176
82
214
964
87
200
1363
138
190
303
4777
4921
4449
4962
3358
4963
95
100
308
225
4903
4871
4933
4870
4935
4604
4987
4896
4897
204
203
3549
205
206
207
96
154
4888
222
271
3260
201
221
2493
191
192
193
194
195
196
197
198
4499
5026
5036
93
316
312
4926
4890
4952
232
265
1410
275
5048
202
4890
99
254
4886
4901
4924
170
234
576
169
233
171
235
173
4046
172
236
3573
174
3145
294
315
242
259
476
243
260
3643
4881
4981
202
169
268
171
266
146
173
272
152
170
269
145
174
258
149
172
267
248
263
482
247
264
1816
210
5022
211
5023
4920
4927
251
1148
315
466
5011
5012
252
270
2931
4899
4980
4917
4960
4916
4961
121
233
268
234
269
123
235
266
236
267
4915
4979
212
4904
5073
187
192
193
278
196
302
194
278
186
198
250
3045
249
838
4900
4985
135
2934
3394
139
3393
138
3077
1724
2899
141
1886
3602
143
1885
3301
145
2514
3072
147
2274
2515
149
1817
2846
151
1884
3550
153
1724
3078
1883
156
1655
183
2846
158
3072
2583
237
277
674
203
284
204
286
205
288
206
291
207
290
4872
4993
4873
4994
181
312
3365
182
3362
4867
2777
3584
2583
3210
3531
4311
3504
2942
5081
217
4912
218
4913
231
296
2937
230
295
677
4884
4885
214
317
276
310
4658
226
311
487
294
293
4882
4996
244
254
927
195
302
293
3504
2777
3395
2776
3077
2776
294
1883
1884
245
256
5074
277
4941
309
4877
3759
2934
3394
3393
1886
1885
249
4875
4909
250
4874
4908
4966
4972
4967
4974
4876
4999
229
4886
5091
2615
4902
4997
238
273
4905
4911
4914
4896
5002
4898
5001
4945
4989
4944
4990
239
3571
4871
240
2076
4870
4894
3772
4883
250
3073
249
1407
4905
4964
3548
4992
281
4991
252
4947
4854
4857
4855
4856
2275
5010
3850
5009
300
5065
301
5066
4980
5005
248
4949
247
4951
273
4163
1348
5103
4985
5004
4950
4948
299
4946
274
275
627
4982
4878
5100
4901
5043
5001
5003
298
308
4927
5034
4928
5035
4997
5007
4998
5008
4923
5037
4922
5038
4961
5030
4863
4862
4861
4860
4929
5039
4979
5027
306
316
4886
1087
5057
1800
4959
5040
4940
2617
303
304
3253
281
305
3985
2698
306
307
284
3395
286
2899
3540
288
3602
3352
291
3301
292
1610
2771
3550
4939
5046
4938
5047
298
4895
2514
313
4881
2822
1888
304
1773
3600
4903
5076
2515
317
1655
4878
4864
4868
4936
5060
4937
5061
4925
4876
4986
4858
4960
5094
4889
317
319
2620
4966
321
1783
321
322
732
1510
333
711
327
351
3000
325
335
934
329
3916
328
339
2518
341
2900
340
2994
414
3617
337
385
909
338
408
1889
334
336
1330
389
3604
344
971
336
1345
1369
342
1544
339
3815
3767
3601
4027
393
633
402
2746
347
560
4811
350
876
524
662
1797
350
366
2889
751
4809
428
507
630
383
489
1349
4453
361
367
360
381
3001
459
510
2471
367
534
391
493
1549
501
532
4491
406
479
1811
377
499
386
932
366
2098
377
390
380
382
1371
374
406
567
371
380
1160
1469
4481
423
940
1709
446
467
2844
399
583
1795
432
484
401
440
3529
564
633
750
390
1545
378
605
1154
426
509
2837
4482
423
3494
383
471
2495
3249
1089
388
3689
1730
450
470
4288
431
566
464
1046
391
416
3402
396
1414
479
567
2101
4381
410
411
826
473
2888
395
396
1890
415
548
911
442
511
3905
413
418
3260
4429
4666
405
523
812
470
4167
467
4173
404
428
807
481
557
415
475
2925
1652
4392
4619
501
640
413
443
4525
656
710
435
3641
424
425
1489
2240
532
640
526
424
3170
420
864
1169
2694
5027
497
569
611
455
2683
520
530
3375
558
570
3284
4709
2940
474
1109
469
3950
579
601
2553
4297
448
4125
4743
439
444
3436
466
970
441
1406
434
448
865
493
1057
636
1158
3658
4474
4568
456
926
4395
1006
4015
4441
735
4800
443
2922
463
3633
910
1240
4515
461
3420
482
704
1990
710
3641
485
635
2879
2901
622
623
3410
511
4492
477
572
5020
472
1114
2874
2284
4315
4790
517
762
463
484
496
2720
696
913
945
533
750
2507
471
4527
465
480
848
544
2047
547
634
698
573
563
762
542
767
4575
2845
697
4320
4823
571
3687
968
4069
504
4415
750
3634
503
2622
505
3146
482
1507
584
1470
518
910
3809
654
497
2863
514
1991
525
593
4083
1350
513
1769
582
687
3356
607
1542
637
1056
1067
507
2682
496
553
873
548
682
911
636
3264
3835
1582
512
614
1749
549
574
2847
1880
2964
526
812
1169
1473
581
2036
4462
4124
777
1791
3624
651
1110
752
1699
548
2981
739
837
1607
2495
1080
2286
2658
1079
4714
523
3146
2729
629
2773
522
2671
517
563
584
1386
2733
723
742
4942
529
547
1720
736
746
2808
579
3130
555
1291
2744
531
2764
4069
4569
4791
546
4210
2292
545
917
4451
986
2003
4620
557
850
2870
643
3322
4614
749
752
904
2097
595
904
4667
2697
4314
4674
754
882
2684
542
665
1309
663
3023
4364
656
884
2051
775
1065
2833
2717
574
717
3836
606
2090
2467
4275
553
3871
1757
612
4227
616
953
2154
2093
4654
4742
3984
3992
4565
3302
635
658
1603
608
1207
676
914
2896
1729
601
3130
620
4223
4504
2518
3601
562
947
1392
673
3614
2476
932
1089
580
692
3243
1065
4203
1389
612
634
3818
4262
4512
658
3466
735
3420
587
2451
864
1127
3804
597
834
3354
688
1422
653
1310
1802
679
726
3894
4551
772
3574
625
2085
695
1488
926
3522
4022
849
2351
2352
4204
4407
4607
845
2064
631
721
2002
763
791
1954
670
693
1027
608
719
1149
627
925
3544
817
3178
676
1313
2962
626
3215
638
773
869
814
3807
3351
4581
4681
730
1103
1838
1997
3295
4943
4445
609
802
3816
661
1421
4244
621
731
1418
733
4764
755
1999
1181
2767
3324
921
4077
645
667
3546
848
1775
883
664
2786
3011
849
2353
708
817
2963
631
1529
657
1059
2436
682
804
2981
624
1008
2809
4060
4772
954
4097
646
4226
720
2825
4085
4442
646
3118
907
1732
3613
866
1016
1250
761
1021
642
1538
1572
794
2884
3636
4741
4271
2696
4599
861
4434
665
4102
718
1802
2933
935
741
1196
3999
807
1031
869
1137
3919
4213
4458
1361
1546
1072
946
1146
3059
677
728
2007
786
1026
3525
1404
4233
4916
716
3044
911
1571
3689
1649
1815
711
1876
709
770
1533
1253
1968
3287
4445
944
3981
4735
772
1106
885
1237
2568
4666
4544
4579
689
4585
3858
850
1126
4410
2728
3813
2511
3075
3609
764
1444
3291
1982
3377
748
847
2579
994
3207
4038
1042
4523
790
1363
699
872
3620
4624
3040
1248
2041
3588
707
3918
725
730
1209
701
999
1012
2932
859
912
3486
871
2290
724
3154
4817
874
1066
2600
696
1093
722
3610
945
1093
773
1137
2044
1391
3545
4768
1133
1346
782
1039
734
740
785
835
2880
2280
4708
4800
859
3917
3367
4782
759
3023
3180
2117
4355
705
939
1974
778
1239
2552
770
3569
1467
4149
864
1360
1365
975
2040
1355
3177
1314
2913
4173
3209
942
4677
4759
820
1382
3861
1216
2547
4172
732
1783
880
3405
1367
2592
804
4559
823
2749
801
1072
1367
2262
809
3584
2842
4442
1217
1415
953
1572
1589
4145
828
1003
1008
3039
3548
823
854
1208
1213
755
3656
2293
3090
4589
3779
4018
1778
801
3429
1120
1486
4284
747
3468
4524
1291
1998
1038
2733
2279
4156
1275
3073
816
3915
4218
779
1023
1134
760
1396
2881
1362
2259
3834
4433
868
2243
878
3634
2900
4453
1774
1021
1088
1412
1193
4274
4109
875
964
1601
3730
4510
4747
1126
3435
3949
1497
1796
2871
2872
1044
2893
3001
775
2747
767
1309
2006
3769
4175
1212
1446
3425
1543
861
2714
3900
997
1023
2388
2065
873
2718
2720
3481
2959
1156
1439
1453
4245
933
1104
3315
2813
4537
1107
1462
982
2687
3769
3914
4055
887
1995
4234
1042
2498
1061
1075
1504
835
1112
2911
969
3346
2871
4030
852
2422
2431
1511
2435
4087
950
3202
5044
1086
1151
1764
3138
3127
3629
3851
794
947
1047
4570
1252
1346
3817
2753
2869
4138
1028
2206
2471
1236
1804
2835
889
890
4480
1362
2190
2392
4344
1342
4283
1409
4544
5039
1841
2432
2453
4910
862
1365
3597
877
1046
2476
2477
1157
3593
1223
1276
3819
891
3271
2627
856
2950
4606
2689
4072
1035
2873
2875
4094
4640
1807
1050
1756
4123
968
1129
4141
3638
4561
840
1196
2113
827
1594
2749
1465
988
3153
899
2205
3685
893
4599
1465
3329
1423
2201
1208
3296
4913
3663
3690
3847
895
1348
934
1369
1094
3079
4929
900
3532
1969
874
1212
1644
965
2014
1407
3296
3428
3842
4202
999
3347
906
1426
2639
881
1334
1716
918
2885
4557
931
1009
1118
1238
4912
949
1238
1275
906
3945
903
4037
4551
980
1459
1468
1041
4067
981
3355
4023
1877
5021
1003
2482
2851
1918
3314
2207
2887
3874
965
1869
1996
1720
1526
2043
3237
1055
2918
3141
943
2280
2938
1061
3450
2722
3032
1546
2728
4924
1009
1263
1539
995
1269
4154
2701
2520
4813
3748
2673
2615
2760
1424
3570
1991
2472
1699
4030
888
2459
3069
2848
3408
1813
2677
2610
3273
920
4298
1758
4173
1532
2759
2610
3034
5040
1042
3848
1029
4031
1755
2661
3438
4144
3552
1054
1632
2050
1253
2567
1361
1800
3859
2702
5094
1099
1731
3364
1786
2686
2791
921
1043
1785
2046
4301
976
4786
980
1456
3288
1107
3640
5031
1543
2497
4699
1759
1966
1971
2806
915
2018
976
1054
2688
1358
1479
4492
1716
3251
943
1199
929
4328
1731
2684
1102
1529
2856
2066
3477
1600
3140
1139
1165
2078
1933
2686
1142
2962
3711
4536
1341
2411
3376
1628
3299
3629
2192
4363
4580
979
4369
966
984
3908
3762
4546
2489
3201
3252
2245
3734
2507
2155
3777
1370
1053
2943
1131
1622
3014
3241
3523
4073
954
1113
1528
2569
3236
4117
4797
1059
1069
2697
3292
4723
3408
1968
3883
3890
1793
2605
2414
2618
2652
4231
1840
2064
1643
3877
1033
2470
4809
1723
2010
4177
1881
1870
1408
4691
4808
1243
1471
3362
1315
1373
4967
1090
1190
1585
1162
1202
1321
1203
1785
2953
1451
1934
4591
978
1204
1530
1085
3633
3665
2609
2582
2774
3849
1304
1310
3285
2729
3350
4534
1544
3659
1081
2703
2106
3095
3097
2125
3101
3106
1232
1626
3116
3123
3938
3807
979
1559
1697
1310
3974
2057
2757
2606
2803
2578
3484
1201
1209
1838
1125
3607
2268
2269
3151
3691
4462
3392
4285
4466
1123
1887
1660
3162
3443
1661
1662
3445
1103
3168
3702
1829
2591
3172
1076
1672
3841
1247
4326
1249
3971
2366
2536
2955
2687
3123
1694
1837
3113
3865
3186
3199
4196
3476
3729
3830
3196
3198
3733
1340
3199
4187
4200
2081
2273
3991
3992
4770
1726
3211
3430
4024
1702
1215
1307
2549
1368
3064
3563
1214
3036
1164
3211
3500
2941
3470
4205
1129
3032
3786
3786
3868
3049
3216
3218
3262
4001
4358
2532
2629
3051
1171
1286
3371
2357
2857
3626
3746
2864
1294
2873
3525
1496
2873
3541
1699
2874
1563
4224
1254
1564
3380
3381
1127
1360
1399
1116
3846
1298
1299
3070
3755
3756
2551
2881
3634
1305
1403
1260
1306
1987
1568
3067
4048
1569
4022
1400
3848
2453
2474
5008
1762
2475
1304
1955
1305
1412
1347
2486
3706
1182
1765
3614
1576
3067
3852
1052
2851
2955
1088
4119
1779
3218
4211
1573
2635
3617
4315
2813
3035
1537
4135
2089
4381
2778
3272
5001
3883
2929
4388
4475
4125
3760
4325
4498
1073
2945
2143
2706
2854
1479
2428
3021
1068
3035
2608
3337
3480
4256
1991
2473
2476
1140
1961
3899
3149
3365
1082
2902
1581
3703
1247
4374
1098
3717
4393
2226
2227
2838
3725
4117
4396
4649
1349
2517
3154
3274
4789
2406
3181
3232
1406
2980
1379
2727
1383
3536
1751
4487
1907
1909
1326
1903
4486
2613
4892
5080
2621
2821
1523
2325
2527
1368
4199
4345
1279
4201
4444
4422
4552
1449
1160
1371
1110
3370
3405
1624
2592
3951
1342
4263
2071
2195
3591
2257
3243
4956
2001
2774
3952
1170
3170
1170
2381
2385
3606
1378
1478
1698
2834
1392
4523
1119
1257
2202
1400
2472
1134
2453
3484
2455
3339
2465
2992
1646
4047
1272
2506
3840
1657
1818
4923
4873
5041
3437
3679
4107
1940
2033
4254
1973
1237
1402
1405
4151
1743
2818
3502
1552
2154
2435
2601
2721
2651
2830
2877
1194
3080
4799
3401
3951
3966
3058
1607
1997
3796
2804
4023
3426
3943
2009
4893
5078
1191
1815
1606
3913
4168
3811
4059
4268
2678
3352
4680
2041
3460
1970
1989
3289
3244
4887
1206
1208
3860
4569
4659
2275
3062
1364
2816
3352
2104
2105
3926
1619
2094
1187
2735
3282
2661
2968
1541
1773
1487
3043
1241
2508
3952
1472
2114
2299
3960
1552
1831
1679
1790
3826
2828
3959
1540
2082
2753
3434
3603
2518
2626
2999
1316
2852
4457
1669
1335
2348
1436
2741
4590
1340
2180
2387
2849
4120
4194
2190
2544
3181
2671
2750
2879
1762
2422
4013
1808
2571
2723
4189
4260
4563
2492
2493
4864
1574
3209
1774
2507
2699
2935
4750
1299
1430
3046
1277
2273
3944
2822
4932
2375
2712
1417
1477
2667
1453
1629
1689
2055
3359
3585
3816
1317
1352
1373
1731
1891
3886
1619
1892
3888
3989
2127
2337
3966
2126
2130
3448
3661
4052
3278
3648
4212
2132
2141
1784
1829
1955
3113
1254
1293
1297
2696
3332
1207
2810
1998
1210
1321
1881
3432
4133
4134
2428
3910
4417
2247
3834
1329
4033
1327
4091
3034
3273
2310
2312
4375
1283
1284
2132
1748
2558
3053
1335
1413
2359
3861
4461
4505
1296
4198
2814
4243
4601
1512
1612
1617
2019
3085
3920
2020
3087
3922
1892
2021
3924
1894
2022
3089
1669
3370
3404
3404
4251
4425
2036
3118
2047
3683
3684
1837
1955
3285
1641
2605
3881
2075
2236
4721
3045
1461
5074
1720
1812
3102
3213
2027
2063
2095
4899
5052
1821
3963
3964
3168
3967
4003
1669
2823
2905
3995
3120
4532
2152
2287
3518
3678
1684
1685
2177
2830
3901
2647
1760
2190
2259
3187
1531
2060
2653
1565
2060
2142
2209
3214
1844
1845
2440
1851
3382
1859
2217
3976
2242
3979
4689
1766
2455
2221
3983
3990
3036
3203
3204
1867
2247
4433
2220
2254
2623
1426
2092
3709
2838
3488
1503
2484
2501
2233
3207
3487
2317
3254
2699
3549
4622
4114
4494
4539
4531
1426
4090
2393
2421
1753
2266
3539
4208
4584
2329
3050
3217
2328
2330
2334
2329
2331
4360
2340
2341
1827
4004
2344
2345
3053
2346
3053
1347
2368
4007
1322
2538
3819
2394
3231
3750
2396
2871
3231
4556
1558
1953
2799
3235
4014
2413
2874
1518
1780
2418
1394
2538
1595
2879
2307
2512
3553
1805
2733
3779
1984
2244
2490
2577
3240
4309
1717
2555
2663
1815
3541
1848
3534
1984
4372
1346
3574
4135
3598
2736
3267
4160
1900
1902
3011
1941
4328
2916
3569
4274
5060
3272
3440
4997
1550
3009
3167
1899
3406
3661
1905
2787
3310
2141
1555
3056
1951
2796
3902
1690
1717
2182
1693
2171
2191
1905
2055
1969
2745
1442
3545
4233
1857
3247
1463
3570
1992
3343
2891
3571
1873
1913
2752
2847
3836
1923
2148
3786
3935
1938
3679
3895
1452
1689
2791
1788
1961
3280
2643
2408
4278
3785
1922
2459
3668
2615
2846
3210
1463
3692
3654
2700
2098
1472
2100
1580
3439
4979
1580
2149
2790
3706
2161
2162
3678
2719
2862
2045
2048
3724
2961
4056
4231
2648
2746
2072
2756
2802
2918
4344
3248
3765
4060
4457
2281
2940
3499
1529
4509
2703
3617
2099
2821
2945
1449
1582
2134
2135
2166
3412
4509
2384
2385
3464
2564
3327
4567
2187
2867
2655
2979
1502
1503
3490
2241
3727
3730
3250
4309
1879
2493
1878
3764
4917
2274
4888
2698
2937
2315
2548
4029
2119
2680
3473
2101
2944
2906
3176
4574
1419
4130
2413
1499
2419
3609
1531
2876
1964
2752
3300
2878
3756
1499
2426
2444
2246
2423
4476
3027
3721
1563
2929
2973
4477
1424
2759
2884
2893
2886
4898
2926
4629
3249
3295
4656
4802
2931
3037
1427
2931
1455
3862
4294
4123
2487
3385
1513
2099
3618
3619
3154
3619
3620
1791
1835
3898
3937
1438
1442
1560
1562
3182
1600
3770
3720
4719
1460
2809
2889
1769
2764
3424
3639
4399
1600
4267
4816
2086
2617
4642
2182
2663
1732
2684
2704
1450
3274
3620
2315
3554
3660
1584
1826
4397
2092
2370
3056
1833
2169
1790
1835
3265
1629
3126
1630
3131
2545
2968
3131
2376
2417
2750
2973
1596
2428
3424
1644
3425
2762
4266
4985
2660
3424
1538
2495
4527
4629
4655
4721
2291
1514
3367
1626
1936
1755
3824
1755
2645
2832
4407
2969
4121
1704
1983
2656
2980
3142
1483
1863
3188
2509
3847
2258
2457
1481
5043
3150
3292
1483
1465
1877
2007
1715
2275
2731
2859
4534
1983
2662
3599
4481
2282
2937
4164
2683
2144
2706
4337
1625
1935
3115
3121
3589
4158
2860
2958
2880
3715
2649
2603
3141
3630
1536
2728
4332
4421
4609
1511
1570
2075
3354
1642
2071
2269
4148
4174
3264
3301
2280
3498
2088
3499
1664
2118
2120
1666
2120
2303
1736
2124
3008
1747
2130
2559
1826
2709
4541
1667
1675
3456
2394
2396
2642
3374
2052
3137
4279
3762
1715
2917
3062
1763
2656
2839
2208
3419
1705
2855
2882
1809
1983
4111
1767
1772
2245
2840
3569
2920
3988
4068
1811
1876
4695
1542
3209
4261
1782
1890
3442
3774
1735
2307
3505
1735
2512
3738
1737
1738
3828
1739
3047
2313
2314
4093
1742
1744
2320
2318
2320
4447
1744
2322
3555
1747
2126
1786
1933
3316
1834
2664
3280
1789
3857
1949
2641
3413
1943
3711
1802
1841
2654
3188
3770
1598
2726
1698
1803
1870
1766
2550
3943
2552
3794
2608
2657
3666
2660
2764
2068
4443
1814
3253
2620
1604
2845
3597
4482
4980
2326
2327
2528
2133
2134
3703
2135
2137
2283
3313
2033
2593
2631
1881
1554
2367
3055
2368
2537
2537
4009
2397
2634
2636
2637
3517
4193
1631
2374
1695
2571
2052
3374
1636
2569
3133
2672
3137
2427
4014
4377
1597
2654
2721
2724
4087
1974
2800
3028
2433
3387
1981
3346
3384
3532
2604
2932
3910
2397
2482
1876
3259
2767
3259
4796
3775
4280
1880
3302
3576
2504
2512
3754
1872
2157
3206
2705
3010
3450
2135
2136
2560
1902
1904
1905
2788
1906
3891
3892
1909
3557
3559
1919
1920
2595
1945
2160
3318
3562
3565
1945
3319
3791
1951
3323
3791
1952
2796
2797
2797
2967
2751
2755
1603
3466
2573
3471
2975
3337
1980
2803
3328
2985
3291
1764
2452
3342
1769
2760
3291
1808
1992
2988
1988
3421
1869
2494
3253
4310
2007
3038
3329
2844
2936
1782
4951
5095
4939
5013
5018
1888
4919
2702
3271
4960
4882
5032
3853
4726
4775
3090
2024
2025
3801
2236
2855
3560
1831
3662
2856
3014
3114
2155
3114
3318
3805
2037
2043
2054
4137
2390
3870
1630
4130
2397
3286
2646
3129
2648
2649
2870
2798
2834
3711
2601
2798
4086
2054
3543
2059
3184
3469
2721
3136
3579
2059
3421
3592
2431
3379
4496
2572
2984
2196
2208
2762
3189
2985
2071
2271
3596
2067
4334
3143
3147
3946
2081
2272
2930
2933
3585
1651
3881
4420
3586
4169
4677
4795
2087
2939
4511
1892
2094
4707
2625
2997
4998
2946
2108
3157
3930
3160
3699
3958
2110
2297
2110
2298
2113
3999
2118
2737
3866
2119
2121
2120
2302
2737
2121
3306
3306
3447
1781
2586
2587
2905
3404
4338
1751
2358
3822
3173
4326
2561
3372
3622
1726
3455
3960
3457
3605
3447
3457
3474
2365
3707
4064
2164
2909
3605
2043
2665
2164
2172
2377
2377
2393
2909
2172
2174
2379
2378
2380
2912
2174
2175
2379
3185
2175
2382
3461
2178
2382
2400
2179
2383
3463
3681
2289
2372
2184
3184
3463
2261
2383
4341
2203
2393
2398
3973
2719
2963
2429
2910
3464
2829
2976
4066
2200
2430
2466
2200
3467
4329
2801
2915
2203
3330
4347
1763
3142
2197
3489
1882
2216
2221
2233
3194
3475
3829
3978
3979
2231
2241
2248
2251
2463
2462
2464
2928
2251
2252
2266
2466
2924
4538
2256
2272
2468
2257
3917
2263
2264
2484
3489
2265
2266
2775
2450
4370
4692
2288
2468
2930
4059
4124
2580
2734
4209
4593
3735
2277
2912
3501
3153
4950
4297
3856
4230
2305
2306
3505
2308
3307
3505
2522
2308
2310
2309
2310
2311
4207
2523
3506
2525
2526
3509
2316
2318
4357
2319
2526
2319
3509
2321
2320
2322
3528
2321
2323
3459
3512
2350
3371
2354
2357
2355
2535
4253
3223
2420
2538
4009
2371
3459
1835
2375
2958
2363
4012
2965
3521
2599
2746
2751
3904
1801
1841
2978
3239
3240
3242
1809
4245
2454
4367
2579
2202
2253
2577
2978
3655
2437
2553
4186
2554
2555
3533
3535
4029
2580
3537
2581
3573
2503
3533
3669
2086
2898
3549
3950
4807
2334
4040
2503
2818
3503
3980
4928
2102
2032
2953
3662
3824
2365
2716
4071
2169
2826
1834
2665
2666
4235
2039
2386
4121
2565
2572
2564
2566
3522
2566
2568
2052
4364
3239
3876
2194
2690
3065
2978
3876
4762
3544
2206
2981
2982
2990
2883
3263
2698
3066
1807
2723
2988
4210
3547
3568
2885
2989
4656
3664
3486
4139
2479
3251
2237
4467
3642
3643
4862
4948
2946
5092
2323
2325
3478
2127
2336
1824
2128
3965
1824
2129
3967
3017
2129
3968
4003
2738
1829
2141
2589
2950
3789
1842
1915
2345
2953
1943
2962
3651
2859
4152
3577
3238
3462
4011
2407
2339
2651
2979
3416
2193
2425
1843
2209
1844
2439
2210
1847
2211
2210
2211
2270
1849
2212
2212
2440
1850
2213
2214
3333
2212
2214
2213
2215
3192
1854
2215
2219
1866
3191
1856
2214
2217
2220
3975
2218
2219
1860
2441
3334
1862
2220
1861
2221
2222
3203
1868
4514
2759
3570
2222
2244
3204
1866
1985
3206
2270
2244
4350
2254
3208
2611
3656
3251
3635
3849
2270
3986
2765
3297
2004
2768
3297
3347
3983
3989
3040
3640
4834
4988
4989
4049
2623
3975
5093
3270
2820
2943
2292
3002
3788
3003
3888
3889
3003
4542
2330
2332
4359
2331
2485
4002
1898
2341
2343
2142
3052
2140
3276
1901
3647
1903
3277
2787
2787
3310
3648
1907
2788
1908
2588
3557
1930
1911
1917
2343
2017
3220
3012
3559
3792
2951
3558
1915
2343
2344
2142
1917
2344
2346
2347
1919
3789
1929
2590
3041
1922
2346
2348
2347
2349
2352
1925
2349
2351
1928
2350
1927
2351
2353
1928
3222
1931
2740
2795
2035
3359
1932
3268
3054
4039
4227
1935
3116
4600
2160
4098
2040
3894
4226
3790
4095
1942
3649
4095
2692
2711
1942
3651
4545
4097
3562
3869
4277
4503
2858
3412
4318
2860
2861
3637
2640
2794
2860
2376
2794
3791
4055
4483
4627
2749
3324
2425
2596
2600
2748
2407
2408
3183
2408
2409
3235
2410
2412
3061
1960
2410
4522
1962
2411
3903
2416
3380
2505
4084
4240
3891
4218
2412
2427
4099
2755
2756
2693
3287
3544
4180
3356
2795
3875
2802
3879
3906
4148
4601
3632
3633
4018
1976
2416
2454
3245
4019
2439
2440
4026
1984
2222
2441
2735
2803
3281
2223
3383
2675
4345
2454
2498
2219
2458
1987
2442
4034
3261
3144
4217
4215
4507
2805
5037
3781
2613
3547
3781
2578
2611
3344
2473
2477
2578
2669
4650
3796
3657
3880
2479
2612
4216
3583
3909
2612
3345
3947
4634
3638
4411
3289
3298
4175
2811
4535
2009
2993
3763
3548
2994
3427
2616
4215
4305
2496
4925
4990
2621
3356
4091
2817
4556
2508
3401
4184
3839
4098
4591
2510
3389
3364
3697
3080
4818
3084
4320
3086
4830
3088
4473
2104
3091
3092
3092
3093
3091
4651
3096
3104
4147
2106
4147
3100
3152
3398
2784
3370
4251
2140
2785
4405
2708
3132
3313
2591
3113
3452
2632
3107
3108
3110
3590
2159
3117
3676
3111
3121
3317
2365
3176
3410
4409
2373
3123
3410
2713
3227
3683
4108
2399
2540
4109
3684
3687
2670
2832
3129
2670
4790
2543
2689
2774
3132
3607
3236
4501
3025
3135
3939
2977
4982
2880
3498
4115
3591
4365
2205
2725
2987
3108
3143
3694
3104
3143
2443
2445
2805
3074
3590
2883
2972
2804
3200
3780
3794
4256
3386
3591
3596
2576
3388
2575
2576
3033
3582
4506
3949
2763
3485
2267
2287
4154
3422
3667
3814
4404
4426
3256
4694
4202
4140
4354
2808
2812
4383
2812
3691
4323
3149
3691
3391
4079
2622
4494
2281
2901
3357
3436
3361
4767
4851
3819
4712
4762
4709
3147
3398
3552
3616
3215
2683
5086
3088
3923
3924
3925
3673
4592
3098
3098
3930
3931
3158
3159
3161
3162
3699
3444
2297
2298
4520
2299
3445
4061
4061
3164
3735
2299
2300
3004
2300
2301
3701
3004
3701
2301
3399
3821
2304
2737
4524
3015
3046
3306
3166
3307
3927
3947
3048
3102
3219
4084
3016
4062
2559
2586
3010
3169
2587
3010
3449
3449
4053
2904
3402
2823
3402
3451
2904
3451
3470
4276
3009
3013
2707
3013
2707
3171
3867
2631
2789
3171
3173
3704
3823
2631
3893
2710
2894
3111
3674
3705
2360
3704
3743
2360
3823
2857
3745
3802
2856
3803
2364
3175
3777
3016
3017
2790
2824
4063
3675
3936
3676
2536
2824
2366
3226
2372
3564
3605
2907
3121
3179
3870
2793
3563
2639
3018
3709
3018
3412
3623
2664
2665
2666
3282
2909
3564
2378
2377
2379
2421
2380
2381
2380
2381
2971
2382
3713
2668
3608
2384
3606
2366
2851
2390
2961
3179
3015
3650
3683
3937
2384
2910
2499
2828
4112
2400
3713
3722
2966
3714
2597
3414
3465
3465
4597
4698
3022
3330
2424
2693
2799
4531
2916
2974
2196
3469
2429
2914
3419
3184
3592
4260
2430
2924
3722
2467
2643
3242
2573
3944
2461
3024
3330
4249
3146
3028
3066
2268
3190
3190
3191
3191
3193
3192
3334
3382
2549
3193
2606
3942
2550
3383
3653
2455
2550
3029
2837
3725
3472
4154
2446
3725
4116
3475
3726
4116
2446
3475
3487
2447
2448
3194
3195
3476
3728
3195
3729
4565
3197
3830
3832
3384
2984
3593
3479
3832
4437
3197
3205
3479
2922
3202
3494
3730
4657
2801
2806
2915
3032
4141
3204
2462
3024
2461
2462
3491
2434
2463
2480
2464
2991
3068
2465
4258
4156
2467
3392
3731
2491
2924
4993
3293
3571
3833
2808
3814
3833
3608
4649
2677
3836
2480
2554
2927
3431
2464
2488
3724
3953
3732
3152
3147
3152
3428
3493
2659
2502
2680
3431
2502
2927
2895
4034
4516
3208
4669
4757
4911
5047
3213
3360
4743
4779
2897
4683
4794
3477
4275
3736
3185
3713
2415
2480
4164
5087
3604
3159
3160
3955
3956
3957
4112
3162
3163
3958
3163
4419
3165
3399
2521
3005
2521
3046
3005
3006
2782
3005
3006
3007
2782
2522
2522
3368
2523
3368
2949
3008
2524
3554
2525
3446
3510
2525
4269
3446
4269
2526
3511
3511
2783
3555
2527
2783
3048
3400
3008
3961
2949
3216
3217
3218
4165
3050
2529
2629
3739
2530
2531
3740
3775
3167
3776
3963
3167
3213
3964
3965
3702
3965
3967
3168
3169
2533
3052
3220
3160
4548
4787
3530
3389
3385
3371
3054
4219
2534
2534
2535
3221
4160
2535
3223
3224
3223
3173
3224
4219
4348
3174
2362
3743
3745
3174
4107
3515
3744
3778
3803
2955
3225
3708
2537
2956
3225
3458
3972
3502
3511
3456
2388
2825
2636
4222
2666
3019
3710
2668
3266
2716
4270
3226
3462
3520
2825
4185
4344
3127
2541
2864
3520
2865
4185
3230
2872
3231
4159
3525
2591
3758
2830
3416
3718
2599
2648
3873
2541
3627
3751
2864
2877
3627
2544
3232
3751
3232
3233
3752
3234
4196
3716
3376
4290
3376
3381
4224
2875
2875
2884
3022
3564
3377
2650
3904
3669
3754
2872
2878
2876
3527
3719
3238
2722
3379
3186
3234
2983
2878
3755
3846
3419
3718
2758
2877
4638
3527
4128
3022
3024
4394
3480
3546
3332
4601
3666
4099
4188
3530
2549
3382
4427
2675
2983
4074
4546
2726
2761
2838
4116
4117
3726
3727
3197
3729
3984
3199
3981
2675
4022
3423
3595
3230
3541
4123
2891
3242
3247
3782
3385
3029
3254
3339
4132
3068
4371
3731
3722
2758
4067
4915
2888
2900
4295
2890
2890
2841
3485
2891
5007
3537
3035
3580
4537
3583
2773
2893
3636
4024
2556
2914
3266
3430
4050
4229
2894
3212
2557
3069
3572
4089
4028
4582
3882
4104
4353
4389
3257
3536
3600
4718
3202
3260
2614
3573
3614
3732
4118
3430
3431
3455
3211
3996
2676
3538
3070
3495
3782
4142
3339
3734
3909
3438
4250
3172
3758
3626
4687
2941
3482
4042
4076
4964
3616
4897
5075
3619
4586
3553
3507
3047
3507
3555
3049
4358
3050
3739
3051
3776
4002
4025
2854
3962
3169
4003
3221
3055
2540
2964
3125
3901
2865
3746
3750
4012
2647
3807
2865
3628
4550
2973
3126
4388
4158
4553
4088
4207
2888
3756
2921
4243
3068
3495
3489
3761
3245
4348
3530
3854
3556
2904
4058
2709
4428
2715
2743
3228
2718
3229
4578
2718
3686
3712
3523
2646
4195
4073
2800
2970
2974
4393
4369
4161
2915
2755
3332
3906
2802
2807
4444
4668
3426
3584
4262
4856
3918
3938
5017
4938
5000
3512
3275
3558
3892
3312
3558
3012
3789
3279
2711
3935
3122
3460
3588
3283
3349
3064
4222
2644
4194
2645
3128
4607
2689
2691
3808
2967
3329
4654
3611
3628
2919
3688
4409
2804
3335
3336
3341
2726
3031
4046
4658
4650
2677
3850
2760
3210
3914
4644
2732
3773
4745
2679
2772
2845
5061
4325
2850
3990
4965
5024
4906
3767
3856
4941
4953
4041
3948
3954
4006
3409
3411
3120
3176
3707
2635
3516
3225
3517
2793
3972
3747
3749
4298
3519
2641
2667
2742
3521
3749
4013
3578
4597
2869
2688
2688
3375
2794
3637
2917
4302
4465
4017
4020
4198
2725
3685
2919
2761
3574
3941
4609
3423
3531
4102
3690
3993
4250
3070
3857
3624
3461
2687
3938
4734
3019
3812
4738
2754
3031
3630
3664
4603
3473
3474
3353
3602
2844
3550
3454
3246
4031
4430
4297
2906
3742
4647
3747
2970
3133
2754
3138
3908
4139
4180
2758
4525
3249
3688
3689
4186
4728
2934
2701
4901
3273
3618
2855
3556
3631
2708
3453
3561
2789
3867
2954
3321
3625
2714
2908
4153
2908
4416
3229
2743
2863
2829
3522
4011
2963
3140
3770
2986
2986
3248
3896
2987
3255
3256
4891
5079
3797
4716
2935
3540
3355
4028
4497
3542
3648
3741
4005
4094
3314
3331
2826
2858
3124
3843
3858
3323
3902
2911
4057
3060
3284
3021
3284
2751
3892
4504
3982
4468
3027
4232
3481
4926
3344
4618
2952
3638
3491
3492
3997
3772
4294
4313
2770
3353
2771
3433
3264
3659
4037
3459
3478
4931
2852
4947
2902
4949
4940
5025
3553
4208
3308
3406
3277
3309
3647
3890
3311
3970
3970
4247
3177
3460
3682
3018
3283
4571
3325
4402
4085
3874
3471
4449
4090
3340
3422
2842
3294
3296
3298
3784
3429
4540
4334
4610
2899
3071
3497
3071
3918
4145
3508
3341
3349
4105
3767
3737
3366
3170
4221
3899
3326
3625
4178
3996
4237
2867
2868
3715
4138
3060
3375
3808
2972
3560
3181
3187
4349
3977
3771
4273
3338
5034
3344
3484
3293
2892
3532
4766
3818
2938
2939
4079
4576
3044
4539
4961
3556
3560
4062
3587
4008
3320
4054
3321
3326
3682
3844
3125
3714
3872
4725
4474
3414
4568
4223
4254
4017
4030
2892
3384
4610
3827
3545
4717
4307
4368
2926
3848
4125
4045
4028
4366
4177
4602
4657
4678
3773
4724
4779
4927
3165
3399
3454
3403
3119
3457
3710
2959
3469
3714
3526
2974
2975
3464
3338
3243
3611
4558
3029
3653
3292
3780
3877
3482
3944
3991
3597
3793
3599
3761
3572
4092
3639
3493
4559
4273
3043
3641
3391
3044
4381
4478
5089
3604
5004
3441
4952
5088
3863
3864
4822
4361
2951
2952
4431
3896
3905
3056
3516
3280
3281
3328
3321
3858
3180
3825
4460
3020
4301
3374
3809
4554
4704
4572
3663
4270
4495
3543
3266
3526
3845
4617
2977
4587
3244
3062
3688
2989
3723
4414
4398
3031
3757
4304
4101
4265
3880
4292
3533
3539
3783
4365
3039
4659
3815
3568
3785
3816
3766
3837
5035
4935
4907
4945
4811
4741
3646
3885
3305
3865
3468
3307
4206
3962
4397
3312
3313
4236
3456
3838
4136
3322
3566
4382
3466
4543
3335
4613
3529
3812
3877
3632
3779
3065
3338
3348
4140
4336
4499
3347
3639
4579
3039
4763
3884
3575
3792
4612
4622
4750
3073
3508
4584
3513
3369
3968
3854
4007
3320
3695
3899
3124
3413
3682
3712
3130
4290
4448
4781
4789
4817
4414
4459
3985
4181
4019
4648
3148
3359
4439
3762
4346
3594
4351
4519
4860
4946
3887
3082
3887
3920
4146
4316
3671
3920
3921
3085
3921
4823
3087
3923
4676
3156
3888
3924
3889
4722
3673
3094
3928
3096
3927
3801
3928
3101
3397
3930
3398
3157
3397
4794
3151
3931
3103
3401
3105
3932
3932
3107
3933
3933
4634
3109
3932
3805
3934
3559
3810
3372
3373
3674
3742
3315
3934
3936
3936
3118
4226
3120
3373
3178
4064
3227
3228
3681
4056
3578
4761
4287
3567
3360
4413
3135
3418
3810
3139
3808
4066
4131
3595
3941
4421
3579
3793
3665
3592
4563
3757
3759
3256
4311
3429
3640
4759
4118
4922
3156
3799
3954
4488
3955
3931
3957
3956
3959
4112
4441
3444
3445
3960
3961
4343
3452
4004
3736
4144
4150
3178
4340
3749
3809
4684
3285
3974
3719
4197
4435
4087
3812
4131
3986
3333
3334
3978
3829
3830
3831
3201
3832
3942
3988
4366
3983
3483
4635
3987
4155
4636
3387
4032
3838
3968
3697
4010
3513
3514
3964
4004
3222
3267
3841
3518
3900
4259
3748
4012
3234
4363
3974
3237
4149
3379
4073
3241
3250
3290
4367
3973
4021
4373
3759
4461
3733
4374
4068
4228
4249
3258
4016
4562
4880
4688
4035
4039
4036
4312
3949
4410
4235
4552
3268
4035
4040
4100
4376
4934
3670
3449
4170
3309
4052
4257
3311
3891
3803
3804
3577
3577
3907
4024
4085
3859
3632
3665
3907
3582
4646
5065
3295
3796
3300
3912
3586
4182
3915
4080
3551
3642
5038
3326
3612
3911
3672
4665
3405
4106
3647
3311
3557
4682
4283
3778
4150
3677
3806
4134
4145
4401
3623
3413
4401
3902
4300
4701
3523
4461
3903
3875
4703
3975
4455
3575
3939
3580
3612
3879
4626
4575
4889
3576
4101
3910
4403
4199
3496
4920
3575
4054
4075
4688
4821
4129
3435
3625
3657
4653
3551
3576
3952
4707
4849
3644
4936
4918
4675
3738
3739
4002
3589
4070
4522
3527
3654
3708
4019
4430
4242
3421
4183
3654
4174
4201
4126
3852
3994
4048
3498
4451
4930
4937
3929
3512
3980
3451
4205
4113
4113
4251
4390
4106
3562
3805
3694
3869
4120
3578
4406
4471
3685
3792
3810
3939
3590
3940
3684
4140
4984
3598
3695
4027
4602
4353
3784
4456
3434
3835
4129
4072
4708
3736
3953
3690
4944
4933
4872
5042
3670
4760
3700
3959
3700
4000
3821
4047
4454
3703
3453
3607
3455
3516
3517
3606
4013
4616
4780
3608
3718
4518
4110
4255
3724
3977
3821
3501
3728
3940
4089
4351
3813
4449
4347
3984
4770
3635
3488
4038
3732
3996
4092
4042
4132
3719
4747
3669
4307
4894
3540
4756
3615
3700
3735
3710
3538
3572
4170
3738
3754
3660
4093
4093
3535
3840
4001
3740
4240
3745
3746
4011
3623
3945
4185
4271
3751
3752
4562
3761
4078
4564
4288
3878
4026
4039
3734
3613
4415
3539
3561
4400
3717
3859
4293
4049
5002
4000
4005
4193
4133
4171
3872
4753
4239
4533
3771
3827
4594
4324
4455
4626
3849
3771
3806
3994
4041
3707
4408
4161
3976
4514
3878
3946
4102
4384
3797
4720
4335
4608
4159
3686
4161
3721
3667
4291
4238
4517
3696
4549
3787
4502
4824
3705
4005
3843
4362
4639
3753
4472
4550
3652
3994
3908
4560
3911
4157
3766
3696
4959
3864
3885
3886
4282
4502
3895
4008
3790
4327
3897
4032
4045
3942
4625
4686
3880
4321
4740
4774
4207
4106
4077
3753
3793
3846
4178
4031
4126
4792
4146
4191
3800
3926
3927
3677
3969
4513
3894
4169
4063
4327
4075
4318
4509
4319
3720
3977
3916
4261
4244
4484
4721
4248
3945
3774
3820
4392
3956
3866
3966
3822
4081
4221
4009
3972
4342
4065
3973
4278
4137
4378
4241
3827
4066
3978
3979
3831
4440
3995
4900
5045
3963
4081
4645
4081
3744
4119
3825
3871
4362
4016
4241
4122
4304
4021
4428
4541
3860
4996
4842
4896
4547
4648
4308
3820
3863
4619
4485
4850
4642
4775
4359
3962
4339
4082
4773
4994
3987
4376
4379
4628
4111
3863
3885
3887
4696
3898
3813
3875
4215
4769
3921
3922
4317
3922
3923
3889
3925
3929
3895
4107
4082
3870
4272
4402
4330
4124
4299
4452
3917
4726
4119
4286
4480
4247
4137
4552
4088
4375
4788
4155
4463
4355
4335
4429
4777
3986
4485
4535
4000
4253
4338
4425
4540
4237
4342
4047
4062
4232
4163
4310
4744
4296
4731
4841
4026
4103
4361
4375
4069
4152
4671
4411
4469
4493
4808
4061
4391
4337
3893
4063
3913
4071
4057
4072
4254
4413
4303
3982
4225
4182
4036
4350
4754
4914
5046
4691
4052
3970
4151
4095
4096
4096
4540
4259
4242
4225
4139
4468
4105
4216
4225
4105
4528
4183
4507
4313
4614
4735
4754
4589
4697
4147
4490
3969
3969
4151
4109
3941
4242
4248
4592
4333
4370
4767
4417
4108
4317
4683
4118
4015
4179
4038
4286
4427
4089
4197
4046
4368
4136
4555
4387
4387
4478
4801
4111
4263
4155
4053
4058
4289
4426
4479
4419
4165
4162
4488
4221
4687
4051
4211
4290
4548
4291
4128
4534
4100
4246
4126
4178
4229
4240
4074
4258
4048
4127
4380
4497
4497
4436
4281
4280
4296
4110
4076
4904
4166
4357
4447
4337
4395
4360
4380
4361
4379
4192
4590
4627
4302
4172
4110
4491
4680
4083
4115
4120
4902
4530
4169
4532
4083
4122
4199
5077
4236
4208
4470
4115
4101
4210
4227
4136
4272
4394
4450
4255
4498
4192
4400
4097
4503
4448
4365
4371
4450
4312
4372
4327
4276
4633
4673
4574
4720
4220
4372
4181
4611
4239
4266
4347
4508
4600
4452
4608
4167
4229
4373
4322
4702
4752
4385
4458
4334
4152
4480
4416
4434
4387
4308
4395
4340
4362
4582
4187
4289
4293
5005
4521
4354
4443
4515
4277
4631
4192
4277
4664
4382
4468
4507
4500
4668
4670
4268
4358
4436
4197
4246
4398
4248
4403
4417
4445
4370
4295
4527
4396
4609
4257
4405
4466
4317
4333
4222
4406
4214
4287
4349
4255
4349
4352
4284
4438
4245
4575
4693
4727
4446
4343
4518
4740
4750
4376
4218
4400
4316
4755
4335
4599
4403
4424
4631
4281
4360
4521
4761
4522
4262
4694
4549
4667
4753
4241
4477
4415
4523
4643
4283
4489
4494
4693
4681
4660
4267
4280
4319
4512
4385
4356
4405
4577
4412
4674
4486
4450
4299
4616
4615
4339
4272
4491
4598
4292
4802
4588
4731
4624
4530
4578
4298
4558
4658
4329
4577
4430
4588
4672
4560
4630
4696
4454
4486
4501
4326
4608
4738
4352
4363
4321
4369
4711
4377
4359
4416
4305
4571
4512
4744
4569
4712
4311
4758
4350
4386
4652
4459
4580
4670
4467
4521
4493
4630
4793
4786
4696
4590
4605
4783
4566
4701
4758
4331
4620
4508
4664
4585
4346
4649
4383
4661
4383
4596
4424
4563
4736
4432
4470
4446
4385
4382
4396
4616
4378
4386
4414
4545
4526
4662
4435
4621
4432
4391
4440
4538
4637
4672
4437
4570
4995
4379
4380
4412
4448
4418
4529
4831
4436
4605
4538
4583
4583
4621
4524
4760
4617
4615
4663
4472
4477
5030
4556
4536
4473
4542
4673
4734
4428
4553
4420
4730
4711
4582
4459
4489
4715
4669
4532
4613
4594
4643
4490
4685
4794
4706
4621
4463
4516
4580
4561
4606
4564
4652
4452
4463
4519
4446
4478
4451
4501
4466
4690
4531
4555
4470
4564
4679
4584
4732
4535
4573
4482
4736
4543
4605
4513
4514
4636
4662
4642
4716
4472
4574
4647
4607
4633
4479
4704
4543
4579
4496
4515
4488
4699
4485
4503
4771
4782
4741
4587
4651
4684
4640
4505
4711
4525
4553
4817
4606
4682
4793
4611
4567
4700
4861
4628
4685
4828
4539
4576
4634
4519
4727
4757
4652
4690
4765
4560
4570
4626
4628
4629
4819
4637
4550
4581
4624
4643
4663
4661
4604
4687
4602
4698
4772
4801
4586
4660
4725
4748
4637
4623
4816
4559
4670
4639
4814
4705
4836
4578
4780
4644
4701
4742
4591
4600
4673
4583
4603
4663
4810
4646
4722
4632
4756
4774
4617
4653
4708
4798
4665
4697
4784
4614
4615
4695
4672
4730
4680
4748
4815
4706
4650
5066
4824
4632
4724
4656
4803
4752
4762
4644
4755
4710
4697
4693
4662
4729
4713
4639
4865
4645
4648
4739
4756
4647
4700
4828
4705
4763
4782
4813
4685
4829
4730
4665
4710
4838
4832
4751
4765
4791
4812
4771
4775
4783
4848
4844
4689
4778
4811
4768
4737
4787
4738
4702
4751
4695
4788
4749
4845
4735
4736
4863
4739
4831
4715
4733
4733
4737
4815
4825
4732
4830
4849
4732
4829
4729
4765
4767
4797
4719
4718
4837
4843
4744
4857
4809
4746
4773
4795
4785
4776
4822
4805
4754
4755
4749
4771
4769
4805
4751
4827
4815
4752
4766
4776
4785
4764
4828
4764
4785
4770
4776
4804
4769
4852
4844
4784
4829
4786
4837
4784
4812
4827
4838
4787
4826
4804
4827
4842
4840
4814
4820
4806
4838
4820
4846
4833
4835
4821
4853
4849
4818
4823
4825
4845
4840
4826
4836
4808
4839
4806
4806
4840
4851
4819
4832
4833
4819
4826
4841
4825
4847
4837
4839
4835
4848
4832
4835
4847
4852
4845
4841
4847
4853
5003
4846
4852
4851
4853
4860
4862
4863
4861
5031
5083
4865
4868
4910
4880
4880
4876
5081
4988
5052
5101
4904
5082
4934
4932
5098
5099
4918
4919
4907
5102
4895
4895
5084
4887
5097
4930
4990
5067
4989
5068
4982
4984
4984
4953
4993
5055
4994
5056
4996
5049
4995
5002
5003
5005
5004
5007
4995
4965
5014
5090
5014
5017
5018
4983
5020
5020
5021
5021
5027
5030
5031
5034
5032
5035
5041
5042
5043
5044
5044
5032
5045
5051
5051
5053
5053
5054
5054
5059
5058
5062
5063
5064
5064
5065
5066
5067
5068
5069
5069
5070
5070
5071
5071
5072
5072
4976
5019
5049
4983
5006
5101
5074
5083
4978
5015
5055
4977
5016
5056
5075
5037
5042
5038
5041
5085
5085
5086
5087
4972
5086
4970
5088
5084
4973
5082
5089
4975
5087
5095
5093
5092
4986
5091
5008
5073
5039
5045
5057
5000
5076
5013
5078
5006
5081
5096
5050
5090
5024
5080
5025
5079
5047
5062
5046
5063
5033
5028
5079
5029
5080
5033
5078
5058
5061
5059
5060
5029
5028
5040
5075
5050
5076
5052
5057
5097
5098
5099
5077
5091
5096
5103
5100
5100
5096
5102
5098
5099
5103
5097
5102
)


// ************************************************************************* //
