/*--------------------------------*- C++ -*----------------------------------*\
| =========                 |                                                 |
| \\      /  F ield         | OpenFOAM: The Open Source CFD Toolbox           |
|  \\    /   O peration     | Version:  2412                                  |
|   \\  /    A nd           | Website:  www.openfoam.com                      |
|    \\/     M anipulation  |                                                 |
\*---------------------------------------------------------------------------*/
FoamFile
{
    version     2.0;
    format      ascii;
    arch        "LSB;label=32;scalar=64";
    note        "nPoints:2010  nCells:1852  nFaces:6560  nInternalFaces:2700";
    class       labelList;
    location    "constant/polyMesh";
    object      neighbour;
}
// * * * * * * * * * * * * * * * * * * * * * * * * * * * * * * * * * * * * * //


2700
(
85
144
146
189
128
147
145
186
6
1522
1758
40
294
1520
635
1000
57
430
1482
19
343
1539
11
422
1655
86
109
595
964
1308
163
168
95
167
119
169
118
166
74
195
991
97
191
859
22
54
623
432
601
69
550
1839
24
490
1641
552
604
91
122
1469
58
794
93
108
125
39
104
1155
35
571
819
88
204
1220
53
1101
1126
44
90
1737
121
212
106
213
43
348
1574
77
346
410
64
586
55
1767
1785
78
86
1091
45
451
548
53
135
1137
1360
190
224
383
56
200
1741
127
260
321
386
1038
1555
66
101
290
79
161
1200
52
53
607
112
438
1163
81
151
355
120
131
857
1318
1598
64
590
216
377
163
458
1195
63
1178
96
149
127
154
848
134
155
856
73
132
1630
745
1368
939
173
260
1807
67
1173
203
1266
108
280
1078
1292
1389
153
265
170
266
96
1225
1838
860
1676
935
158
943
1288
135
1204
191
349
1322
1356
466
526
185
188
864
820
1380
114
277
1760
239
1232
111
159
613
97
349
338
206
317
866
149
467
105
257
352
357
507
1719
1779
94
1208
1288
112
1307
283
447
131
382
1527
136
235
1608
165
574
152
442
502
337
1254
241
356
587
210
835
1451
396
1598
134
426
185
418
161
301
1517
525
604
1579
251
358
1531
389
1601
1095
240
244
1499
1488
1547
125
182
525
209
435
198
425
520
154
348
155
352
237
512
206
369
1421
1653
130
551
1537
137
395
1708
682
247
431
1123
522
132
345
269
297
415
346
566
269
272
609
476
565
877
1176
1465
1607
171
689
1757
361
425
1349
298
304
608
144
566
1188
398
432
1165
157
1225
1709
491
176
492
179
493
178
1102
399
417
1166
992
175
1230
1578
397
821
964
1024
272
415
299
300
383
462
1642
347
647
238
1594
233
344
1069
419
303
523
1190
1067
319
1177
1505
270
608
172
477
174
478
177
479
180
480
298
439
1359
1404
496
537
603
1353
355
670
1378
1818
538
1327
498
542
506
535
501
539
499
544
195
201
615
1202
1328
212
548
1127
265
486
534
518
1695
266
497
543
1357
1508
519
1696
562
1442
1483
291
514
789
217
1247
1798
222
1512
1663
211
226
283
852
227
280
843
403
527
207
1427
1451
437
870
1124
1784
215
1197
1377
254
1523
300
1473
304
439
460
365
455
225
449
231
609
303
1223
248
1528
470
271
472
556
1167
1841
1430
1663
378
1626
375
1357
275
517
1086
223
1237
1534
223
361
224
1060
293
341
1157
1156
333
866
1406
1374
257
339
630
403
1777
284
1210
1502
380
581
347
584
600
309
637
338
471
1181
296
1646
241
245
1226
242
320
428
1512
359
1187
549
1530
1099
382
1380
450
1707
313
1660
1265
1421
394
602
1183
1081
1303
1158
1506
250
659
716
1253
1589
1196
1778
366
540
1548
1242
1794
1845
1040
1393
279
504
273
536
1349
1704
438
1474
1843
582
1475
1850
663
470
1691
472
1692
1162
1268
1840
1270
1703
1847
450
737
1485
1487
1841
358
1486
1848
380
464
554
1394
1562
1240
1678
569
1746
558
1575
487
1430
1174
1757
357
1407
1573
597
864
553
1137
1297
1842
1138
1298
1849
555
435
581
477
1679
478
1680
479
1681
480
1682
1494
1608
1846
297
610
642
1296
360
420
1140
1765
414
1734
314
365
862
1470
1846
1173
324
516
1442
520
588
1420
1428
1844
805
464
491
1671
492
1672
493
1673
1413
1499
1851
364
1168
363
798
1412
531
583
1260
318
485
1324
1498
1851
1428
529
1497
1844
737
1658
599
1145
1581
1800
583
599
322
611
448
546
427
1768
935
1511
1510
568
579
896
419
1169
1271
437
587
1265
350
398
849
351
399
867
416
887
1760
1130
1492
1131
1491
531
599
971
1753
1333
1777
1217
1430
388
1243
1409
421
1252
1093
1717
428
526
1219
832
1776
468
882
406
535
1286
954
537
566
1297
1298
544
1114
1490
1113
1489
382
1471
1827
1609
1698
1375
1418
570
978
403
468
1256
1275
460
618
532
1051
585
593
1632
1561
1826
1839
407
1434
1518
548
557
1133
1654
376
642
1189
739
1470
384
471
858
385
602
845
465
1239
1194
1419
1370
1379
420
510
920
575
565
1535
1819
1268
1270
996
1022
466
1219
1224
1414
1521
434
1155
426
1448
1704
1387
1662
1490
1567
1840
513
1489
1847
896
1549
598
1762
434
1750
540
670
1509
596
1084
1498
1085
1497
1531
1602
1848
1102
1622
1095
1374
1843
1023
1630
979
1125
1214
1406
1850
513
1042
1634
589
930
461
1345
1633
1408
1686
1582
1804
1849
1580
1842
534
1352
1504
671
1456
1234
1394
1635
626
1496
1835
700
1163
505
576
1134
528
532
591
1240
1644
454
1314
1215
1062
1494
589
1047
549
885
1809
448
606
634
1283
971
467
564
570
1310
1713
543
1207
1413
446
611
1668
451
1049
1187
1575
498
509
1702
459
1376
1385
454
1652
485
639
911
511
1093
1828
1127
1044
1486
1043
1487
1362
475
716
494
501
530
496
541
628
1053
1811
1422
1466
1304
1236
1563
1491
1838
1467
1492
1845
1274
1508
1754
520
1527
1715
505
1070
1732
1212
1457
1213
1264
1580
1263
1582
757
1788
1336
1644
541
1180
509
1382
613
1204
1154
1232
1005
1475
1004
1474
1763
1439
1621
1060
1197
556
1294
1295
1602
1159
1514
1346
1172
530
777
1302
777
988
1347
1557
1376
1615
1651
1139
1461
551
1317
1747
1235
1308
1341
550
1330
1683
569
1195
1207
1455
1559
554
1293
559
1501
1651
1590
792
1709
531
1309
611
1364
1703
624
917
1219
1755
1473
1426
1591
592
1313
594
1315
1279
1561
663
1401
529
1656
798
1321
1524
638
1350
1224
1777
615
1153
1223
1604
561
586
590
919
610
619
1251
1506
614
620
1695
625
1696
833
1603
627
1067
618
630
1029
1115
1743
568
1291
671
1355
1381
1186
1826
1188
563
842
638
1259
1022
639
1257
1721
1145
1555
1187
1203
1539
1702
733
1196
1238
637
1454
1782
1791
957
1312
1220
1258
1101
580
1333
606
1482
920
646
1352
607
1081
1126
628
1359
1443
1022
1133
1040
1173
1346
1671
998
1255
1830
1138
1355
1804
1117
1552
1755
1076
600
647
1249
1311
1529
716
1342
826
1741
1240
1744
1483
842
1251
1316
1108
670
1180
1109
1162
1567
1361
1632
1357
1623
1693
1761
1720
1509
1702
1106
785
1595
1356
626
792
836
1052
1468
1414
623
892
939
1215
1452
1460
1528
617
622
987
621
1407
1437
1178
1641
643
941
636
1182
629
911
1579
1042
1179
946
1272
1061
1478
1666
1749
634
705
1685
880
1079
1261
658
837
1082
648
748
1289
650
1461
1824
678
1573
1715
1358
1572
641
649
827
657
1171
1191
746
1576
876
1035
1285
675
763
1159
887
1724
1214
655
774
667
1566
665
1694
652
653
750
654
1525
666
1545
656
748
656
660
762
676
783
739
796
757
1334
662
952
789
1055
1284
669
755
1150
734
779
873
668
1052
675
681
680
778
677
730
673
995
1568
686
707
735
679
940
693
771
1677
794
688
752
683
761
760
802
685
970
687
767
698
747
697
782
686
754
1080
1389
1450
717
1458
694
691
1314
699
874
702
787
710
768
1149
712
1587
714
804
1296
724
744
697
706
830
1192
1432
711
725
732
781
713
763
701
702
932
1713
704
758
773
746
808
1600
711
787
1049
1341
714
738
761
1515
728
837
1645
719
822
1639
713
765
723
764
1362
731
735
749
790
810
801
841
724
740
1334
727
732
967
1174
1700
834
908
1706
724
729
1351
727
1365
758
1568
730
754
1655
751
796
877
743
771
1369
742
900
1381
980
1698
1596
1705
904
763
900
934
1832
782
786
872
776
808
770
800
816
753
768
759
797
776
988
748
750
1037
765
1317
753
788
794
772
1711
773
1280
809
781
774
989
768
788
793
1351
807
769
813
1092
1177
1117
930
1286
878
1570
1147
898
1311
1720
1323
1353
803
806
799
811
775
822
831
1245
910
813
1688
1122
1674
820
1541
1002
1675
829
834
1636
1307
1328
821
833
902
953
1416
1150
1469
804
825
1199
824
1189
791
799
809
815
1073
1070
1300
812
840
1330
1646
835
1627
1643
907
818
1633
891
906
912
993
805
835
1191
895
829
897
874
1548
984
938
828
937
812
815
818
838
985
1144
1239
894
951
1345
823
879
1332
1683
876
1727
827
827
1481
899
1367
828
1530
839
1577
831
1371
1186
838
1320
1418
893
918
963
874
958
1065
1331
1058
1638
879
1339
886
894
976
1247
931
1264
1004
1691
1654
1044
1682
1043
1679
1387
1681
1062
1673
1084
1535
1263
1080
1622
1109
1658
1005
1692
1370
1379
1753
1746
1707
1207
1671
1672
1131
1279
1113
1295
1680
1085
1575
1114
1294
1408
1108
1717
1130
1302
1716
890
903
1194
939
1712
909
1054
890
1329
1563
925
1551
1725
977
1075
915
937
1303
965
1059
1287
1031
1660
962
1143
1547
1066
1151
1640
943
944
1550
901
1254
1266
1035
1637
919
1581
949
897
1558
1128
958
924
1005
901
925
938
914
926
997
933
1276
1179
1281
959
1282
1429
960
1447
937
951
977
1027
927
1241
1607
1693
1737
1011
1209
954
983
1386
928
933
1015
1248
1013
1099
1689
1055
1634
936
973
921
1383
931
1324
994
1019
1391
932
964
1395
979
1396
956
974
1484
929
1021
950
956
948
1184
952
944
1004
959
986
1094
1158
956
1586
949
989
1243
1010
1072
1000
1026
1701
981
957
1025
1322
1405
1008
1206
1012
1016
1100
972
982
986
973
974
1015
1047
1000
1014
981
990
1001
1453
966
1020
974
985
1459
1045
1250
1319
986
1697
994
1006
1056
1100
975
981
1043
1542
1016
1032
1056
1262
1594
1601
976
1053
1616
1001
1111
997
983
1553
1739
1731
1258
1390
1599
1044
1500
990
1046
1025
1059
1096
1018
1038
1049
1519
1392
1448
1124
1473
1372
1533
1539
1047
1053
1291
1759
1006
1639
1722
1086
1513
1656
1013
1062
1543
1079
1592
1642
1014
1058
1090
1275
1029
1445
1011
1050
1161
1032
1446
1321
1034
1444
1030
1019
1017
1120
1083
1597
1048
1560
1026
1027
1665
1046
1110
1178
1465
1127
1212
1041
1028
1089
1033
1230
1325
1039
1252
1084
1135
1116
1039
1496
1045
1121
1114
1045
1050
1103
1059
1072
1182
1378
1076
1077
1728
1277
1399
1071
1244
1524
1316
1398
1117
1110
1670
1113
1072
1110
1610
1699
1684
1791
1107
1141
1104
1780
1105
1781
1083
1107
1071
1088
1087
1077
1088
1366
1112
1142
1149
1216
1227
1823
1112
1432
1648
1089
1112
1337
1649
1095
1374
1131
1292
1248
1090
1130
1431
1086
1471
1741
1175
1397
1659
1433
1438
1182
1516
1837
1159
1340
1122
1205
1255
1257
1733
1259
1495
1734
1111
1415
1425
1816
1146
1198
1510
1511
1128
1687
1476
1723
1742
1226
1385
1540
1170
1745
1246
1284
1735
1231
1400
1635
1121
1170
1146
1160
1126
1135
1335
1366
1436
1291
1141
1278
1318
1197
1299
1789
1759
1147
1149
1425
1151
1411
1631
1165
1166
1382
1758
1141
1211
1168
1647
1593
1617
1244
1326
1505
1403
1747
1218
1262
1424
1719
1244
1337
1393
1546
1454
1588
1200
1350
1204
1780
1781
1237
1384
1519
1198
1249
1181
1477
1167
1547
1812
1297
1298
1485
1231
1192
1375
1472
1201
1280
1253
1342
1404
1305
1440
1536
1596
1209
1296
1361
1268
1270
1714
1226
1363
1260
1309
1403
1303
1736
1246
1513
1773
1339
1400
1203
1320
1426
1339
1787
1282
1260
1365
1620
1271
1306
1566
1221
1332
1418
1229
1287
1229
1269
1214
1406
1249
1616
1650
1344
1390
1395
1396
1434
1305
1462
1228
1786
1283
1344
1507
1358
1503
1310
1653
1730
1420
1801
1383
1236
1329
1233
1384
1391
1398
1556
1765
1508
1754
1272
1674
1331
1820
1770
1806
1447
1363
1479
1335
1784
1458
1338
1359
1532
1447
1431
1422
1444
1528
1453
1327
1458
1572
1684
1731
1263
1605
1264
1279
1769
1435
1653
1459
1280
1338
1538
1325
1348
1556
1384
1300
1499
1732
1293
1304
1301
1419
1429
1281
1493
1344
1750
1515
1484
1601
1295
1294
1526
1525
1348
1763
1368
1607
1304
1412
1463
1609
1423
1435
1530
1583
1729
1543
1546
1538
1821
1477
1369
1793
1408
1599
1356
1553
1446
1480
1541
1445
1464
1678
1545
1476
1466
1524
1648
1533
1553
1566
1614
1550
1354
1411
1754
1576
1577
1592
1593
1597
1577
1801
1600
1370
1785
1502
1749
1402
1697
1694
1672
1397
1426
1625
1597
1736
1677
1716
1415
1534
1627
1371
1587
1417
1540
1833
1495
1551
1809
1680
1670
1421
1379
1626
1504
1640
1503
1725
1465
1694
1711
1463
1573
1399
1448
1657
1556
1437
1423
1512
1689
1768
1817
1766
1527
1738
1529
1728
1401
1456
1548
1568
1593
1424
1501
1521
1693
1462
1411
1691
1692
1648
1410
1699
1647
1667
1514
1606
1472
1443
1438
1649
1737
1433
1799
1517
1744
1533
1732
1439
1417
1522
1806
1444
1532
1427
1540
1594
1618
1535
1428
1778
1468
1647
1810
1562
1571
1728
1815
1643
1585
1761
1449
1649
1449
1546
1611
1507
1542
1696
1695
1585
1617
1822
1788
1574
1821
1704
1797
1514
1641
1632
1624
1799
1523
1538
1557
1685
1560
1609
1742
1743
1643
1583
1752
1476
1479
1646
1666
1792
1713
1720
1655
1578
1651
1570
1723
1745
1581
1722
1554
1554
1806
1488
1698
1700
1700
1634
1637
1642
1659
1549
1714
1675
1808
1701
1656
1660
1628
1766
1578
1611
1808
1711
1516
1534
1669
1590
1819
1820
1591
1552
1555
1635
1631
1640
1674
1725
1808
1761
1770
1560
1537
1721
1727
1815
1569
1783
1565
1664
1545
1768
1603
1604
1565
1638
1688
1552
1763
1586
1746
1749
1665
1773
1606
1816
1834
1631
1771
1567
1579
1637
1705
1735
1783
1595
1618
1764
1800
1807
1589
1734
1733
1659
1606
1802
1822
1810
1776
1595
1784
1794
1600
1681
1831
1823
1612
1750
1815
1735
1679
1673
1618
1669
1612
1652
1813
1690
1675
1636
1638
1664
1807
1821
1738
1832
1624
1802
1738
1748
1790
1757
1760
1762
1828
1795
1787
1798
1753
1665
1831
1668
1788
1758
1770
1676
1762
1796
1708
1772
1775
1817
1657
1661
1774
1690
1799
1670
1687
1829
1790
1684
1726
1686
1740
1786
1712
1818
1719
1740
1813
1782
1708
1710
1744
1766
1805
1835
1730
1759
1710
1827
1810
1802
1836
1824
1714
1718
1726
1775
1796
1823
1718
1774
1729
1718
1825
1812
1800
1751
1727
1812
1731
1797
1779
1803
1747
1798
1811
1779
1748
1748
1756
1756
1825
1794
1797
1801
1792
1782
1789
1786
1813
1836
1771
1834
1772
1805
1831
1775
1809
1783
1819
1820
1829
1811
1791
1832
1793
1837
1816
1822
1828
1804
1830
1814
1826
1834
1833
1827
1835
1837
1836
1833
)


// ************************************************************************* //
