/*--------------------------------*- C++ -*----------------------------------*\
| =========                 |                                                 |
| \\      /  F ield         | OpenFOAM: The Open Source CFD Toolbox           |
|  \\    /   O peration     | Version:  2412                                  |
|   \\  /    A nd           | Website:  www.openfoam.com                      |
|    \\/     M anipulation  |                                                 |
\*---------------------------------------------------------------------------*/
FoamFile
{
    version     2.0;
    format      ascii;
    arch        "LSB;label=32;scalar=64";
    class       vectorField;
    location    "constant/polyMesh";
    object      points;
}
// * * * * * * * * * * * * * * * * * * * * * * * * * * * * * * * * * * * * * //


2010
(
(0 0 0)
(2 0 0)
(2 0.2 0)
(0 0.2 0)
(0 0 0.001)
(2 0 0.001)
(2 0.2 0.001)
(0 0.2 0.001)
(0.02358211714 0 0)
(0.05652271438 0 0)
(0.08732932133 0 0)
(0.1095870512 0 0)
(0.1349112304 0 0)
(0.169165243 0 0)
(0.1978527995 0 0)
(0.2194937044 0 0)
(0.2466882307 0 0)
(0.2812997481 0 0)
(0.3080141318 0 0)
(0.3297430718 0 0)
(0.3589462335 0 0)
(0.3929617486 0 0)
(0.4178388066 0 0)
(0.4403610973 0 0)
(0.4717214017 0 0)
(0.5041837513 0 0)
(0.5273680896 0 0)
(0.5513742343 0 0)
(0.5847331569 0 0)
(0.6149957404 0 0)
(0.6370330871 0 0)
(0.6628125147 0 0)
(0.6972453334 0 0)
(0.7254261927 0 0)
(0.7470230126 0 0)
(0.7747063329 0 0)
(0.8092582691 0 0)
(0.8355009618 0 0)
(0.8573619924 0 0)
(0.8870900476 0 0)
(0.9208072268 0 0)
(0.9452449855 0 0)
(0.9680761006 0 0)
(1 0 0)
(1.031923899 0 0)
(1.054755014 0 0)
(1.079192773 0 0)
(1.112909952 0 0)
(1.142638008 0 0)
(1.164499038 0 0)
(1.190741731 0 0)
(1.225293667 0 0)
(1.252976987 0 0)
(1.274573807 0 0)
(1.302754667 0 0)
(1.337187485 0 0)
(1.362966913 0 0)
(1.38500426 0 0)
(1.415266843 0 0)
(1.448625766 0 0)
(1.47263191 0 0)
(1.495816249 0 0)
(1.528278598 0 0)
(1.559638903 0 0)
(1.582161193 0 0)
(1.607038251 0 0)
(1.641053766 0 0)
(1.670256928 0 0)
(1.691985868 0 0)
(1.718700252 0 0)
(1.753311769 0 0)
(1.780506296 0 0)
(1.8021472 0 0)
(1.830834757 0 0)
(1.86508877 0 0)
(1.890412949 0 0)
(1.912670679 0 0)
(1.943477286 0 0)
(1.976417883 0 0)
(2 0.02305852702 0)
(2 0.05519949981 0)
(2 0.1 0)
(2 0.1448005002 0)
(2 0.176941473 0)
(1.976417883 0.2 0)
(1.943477286 0.2 0)
(1.912670679 0.2 0)
(1.890412949 0.2 0)
(1.86508877 0.2 0)
(1.830834757 0.2 0)
(1.8021472 0.2 0)
(1.780506296 0.2 0)
(1.753311769 0.2 0)
(1.718700252 0.2 0)
(1.691985868 0.2 0)
(1.670256928 0.2 0)
(1.641053766 0.2 0)
(1.607038251 0.2 0)
(1.582161193 0.2 0)
(1.559638903 0.2 0)
(1.528278598 0.2 0)
(1.495816249 0.2 0)
(1.47263191 0.2 0)
(1.448625766 0.2 0)
(1.415266843 0.2 0)
(1.38500426 0.2 0)
(1.362966913 0.2 0)
(1.337187485 0.2 0)
(1.302754667 0.2 0)
(1.274573807 0.2 0)
(1.252976987 0.2 0)
(1.225293667 0.2 0)
(1.190741731 0.2 0)
(1.164499038 0.2 0)
(1.142638008 0.2 0)
(1.112909952 0.2 0)
(1.079192773 0.2 0)
(1.054755014 0.2 0)
(1.031923899 0.2 0)
(1 0.2 0)
(0.9680761006 0.2 0)
(0.9452449855 0.2 0)
(0.9208072268 0.2 0)
(0.8870900476 0.2 0)
(0.8573619924 0.2 0)
(0.8355009618 0.2 0)
(0.8092582691 0.2 0)
(0.7747063329 0.2 0)
(0.7470230126 0.2 0)
(0.7254261927 0.2 0)
(0.6972453334 0.2 0)
(0.6628125147 0.2 0)
(0.6370330871 0.2 0)
(0.6149957404 0.2 0)
(0.5847331569 0.2 0)
(0.5513742343 0.2 0)
(0.5273680896 0.2 0)
(0.5041837513 0.2 0)
(0.4717214017 0.2 0)
(0.4403610973 0.2 0)
(0.4178388066 0.2 0)
(0.3929617486 0.2 0)
(0.3589462335 0.2 0)
(0.3297430718 0.2 0)
(0.3080141318 0.2 0)
(0.2812997481 0.2 0)
(0.2466882307 0.2 0)
(0.2194937044 0.2 0)
(0.1978527995 0.2 0)
(0.169165243 0.2 0)
(0.1349112304 0.2 0)
(0.1095870512 0.2 0)
(0.08732932133 0.2 0)
(0.05652271438 0.2 0)
(0.02358211714 0.2 0)
(0 0.176941473 0)
(0 0.1448005002 0)
(0 0.1 0)
(0 0.05519949981 0)
(0 0.02305852702 0)
(0.02358211714 0 0.001)
(0.05652271438 0 0.001)
(0.08732932133 0 0.001)
(0.1095870512 0 0.001)
(0.1349112304 0 0.001)
(0.169165243 0 0.001)
(0.1978527995 0 0.001)
(0.2194937044 0 0.001)
(0.2466882307 0 0.001)
(0.2812997481 0 0.001)
(0.3080141318 0 0.001)
(0.3297430718 0 0.001)
(0.3589462335 0 0.001)
(0.3929617486 0 0.001)
(0.4178388066 0 0.001)
(0.4403610973 0 0.001)
(0.4717214017 0 0.001)
(0.5041837513 0 0.001)
(0.5273680896 0 0.001)
(0.5513742343 0 0.001)
(0.5847331569 0 0.001)
(0.6149957404 0 0.001)
(0.6370330871 0 0.001)
(0.6628125147 0 0.001)
(0.6972453334 0 0.001)
(0.7254261927 0 0.001)
(0.7470230126 0 0.001)
(0.7747063329 0 0.001)
(0.8092582691 0 0.001)
(0.8355009618 0 0.001)
(0.8573619924 0 0.001)
(0.8870900476 0 0.001)
(0.9208072268 0 0.001)
(0.9452449855 0 0.001)
(0.9680761006 0 0.001)
(1 0 0.001)
(1.031923899 0 0.001)
(1.054755014 0 0.001)
(1.079192773 0 0.001)
(1.112909952 0 0.001)
(1.142638008 0 0.001)
(1.164499038 0 0.001)
(1.190741731 0 0.001)
(1.225293667 0 0.001)
(1.252976987 0 0.001)
(1.274573807 0 0.001)
(1.302754667 0 0.001)
(1.337187485 0 0.001)
(1.362966913 0 0.001)
(1.38500426 0 0.001)
(1.415266843 0 0.001)
(1.448625766 0 0.001)
(1.47263191 0 0.001)
(1.495816249 0 0.001)
(1.528278598 0 0.001)
(1.559638903 0 0.001)
(1.582161193 0 0.001)
(1.607038251 0 0.001)
(1.641053766 0 0.001)
(1.670256928 0 0.001)
(1.691985868 0 0.001)
(1.718700252 0 0.001)
(1.753311769 0 0.001)
(1.780506296 0 0.001)
(1.8021472 0 0.001)
(1.830834757 0 0.001)
(1.86508877 0 0.001)
(1.890412949 0 0.001)
(1.912670679 0 0.001)
(1.943477286 0 0.001)
(1.976417883 0 0.001)
(2 0.02305852702 0.001)
(2 0.05519949981 0.001)
(2 0.1 0.001)
(2 0.1448005002 0.001)
(2 0.176941473 0.001)
(1.976417883 0.2 0.001)
(1.943477286 0.2 0.001)
(1.912670679 0.2 0.001)
(1.890412949 0.2 0.001)
(1.86508877 0.2 0.001)
(1.830834757 0.2 0.001)
(1.8021472 0.2 0.001)
(1.780506296 0.2 0.001)
(1.753311769 0.2 0.001)
(1.718700252 0.2 0.001)
(1.691985868 0.2 0.001)
(1.670256928 0.2 0.001)
(1.641053766 0.2 0.001)
(1.607038251 0.2 0.001)
(1.582161193 0.2 0.001)
(1.559638903 0.2 0.001)
(1.528278598 0.2 0.001)
(1.495816249 0.2 0.001)
(1.47263191 0.2 0.001)
(1.448625766 0.2 0.001)
(1.415266843 0.2 0.001)
(1.38500426 0.2 0.001)
(1.362966913 0.2 0.001)
(1.337187485 0.2 0.001)
(1.302754667 0.2 0.001)
(1.274573807 0.2 0.001)
(1.252976987 0.2 0.001)
(1.225293667 0.2 0.001)
(1.190741731 0.2 0.001)
(1.164499038 0.2 0.001)
(1.142638008 0.2 0.001)
(1.112909952 0.2 0.001)
(1.079192773 0.2 0.001)
(1.054755014 0.2 0.001)
(1.031923899 0.2 0.001)
(1 0.2 0.001)
(0.9680761006 0.2 0.001)
(0.9452449855 0.2 0.001)
(0.9208072268 0.2 0.001)
(0.8870900476 0.2 0.001)
(0.8573619924 0.2 0.001)
(0.8355009618 0.2 0.001)
(0.8092582691 0.2 0.001)
(0.7747063329 0.2 0.001)
(0.7470230126 0.2 0.001)
(0.7254261927 0.2 0.001)
(0.6972453334 0.2 0.001)
(0.6628125147 0.2 0.001)
(0.6370330871 0.2 0.001)
(0.6149957404 0.2 0.001)
(0.5847331569 0.2 0.001)
(0.5513742343 0.2 0.001)
(0.5273680896 0.2 0.001)
(0.5041837513 0.2 0.001)
(0.4717214017 0.2 0.001)
(0.4403610973 0.2 0.001)
(0.4178388066 0.2 0.001)
(0.3929617486 0.2 0.001)
(0.3589462335 0.2 0.001)
(0.3297430718 0.2 0.001)
(0.3080141318 0.2 0.001)
(0.2812997481 0.2 0.001)
(0.2466882307 0.2 0.001)
(0.2194937044 0.2 0.001)
(0.1978527995 0.2 0.001)
(0.169165243 0.2 0.001)
(0.1349112304 0.2 0.001)
(0.1095870512 0.2 0.001)
(0.08732932133 0.2 0.001)
(0.05652271438 0.2 0.001)
(0.02358211714 0.2 0.001)
(0 0.176941473 0.001)
(0 0.1448005002 0.001)
(0 0.1 0.001)
(0 0.05519949981 0.001)
(0 0.02305852702 0.001)
(0.7362431385 0.01875837522 0)
(1.263753364 0.1812396338 0)
(0.2087014349 0.01880949811 0)
(1.791283814 0.1811891932 0)
(1.682427196 0.01870395586 0)
(0.3188786018 0.181182186 0)
(1.154056708 0.01879791872 0)
(0.8451754511 0.1812346598 0)
(1.373985586 0.180915098 0)
(0.6271459868 0.01877168834 0)
(0.42847813 0.1805605649 0)
(1.571122378 0.01634676462 0)
(1.039297961 0.01799480266 0)
(0.9558906585 0.02072436422 0)
(1.484318365 0.0211408147 0)
(0.5157759205 0.179921774 0)
(1.877879876 0.01997884836 0)
(0.1201538745 0.1745778618 0)
(0.7356601314 0.180736975 0)
(1.264341126 0.01926270009 0)
(0.2091213116 0.1814830343 0)
(1.791093202 0.01927192965 0)
(0.3173407722 0.01779329051 0)
(1.681657366 0.1814801365 0)
(1.153883584 0.1813412254 0)
(0.8458939784 0.01863090857 0)
(0.6269130107 0.1814179467 0)
(1.373089461 0.01858347321 0)
(1.901541814 0.1807242405 0)
(0.0981583094 0.02311033882 0)
(0.4325772978 0.02001867514 0)
(1.570900048 0.1804951241 0)
(1.044103191 0.1792710934 0)
(0.9559020889 0.1793217789 0)
(1.460512663 0.178110448 0)
(0.5395566604 0.02190140953 0)
(1.736006011 0.0233432428 0)
(0.2639939894 0.1766567572 0)
(0.2620358791 0.01833732574 0)
(1.736793131 0.1774766532 0)
(1.2091022 0.02477048662 0)
(0.7930479663 0.1784331721 0)
(1.208017699 0.1766493514 0)
(0.7923192502 0.01847624792 0)
(0.6784669614 0.02123955393 0)
(1.319553938 0.1825818512 0)
(1.319971076 0.02336548964 0)
(0.680028924 0.1766345104 0)
(0.1538462341 0.02313552616 0)
(1.847857551 0.1780734994 0)
(0.3760373219 0.177281066 0)
(1.62613325 0.02318736531 0)
(1.626132477 0.176811915 0)
(0.3759539911 0.02341742207 0)
(1.097115608 0.02277002666 0)
(0.9039486372 0.1765455145 0)
(0.9039486372 0.02345448547 0)
(1.096051363 0.1765455145 0)
(1.431946304 0.02349904861 0)
(0.5687974673 0.177405071 0)
(0.4879525765 0.02361852312 0)
(1.512047424 0.1763814769 0)
(1.928073982 0.02297753187 0)
(0.06898226435 0.178858599 0)
(1.966326059 0.1243282615 0)
(0.03578077186 0.07228364797 0)
(1.977056701 0.03810361163 0)
(0.02198936486 0.1627746428 0)
(0.04147728212 0.02146648432 0)
(1.959797511 0.1774814701 0)
(1.648739717 0.02759599528 0)
(1.635937544 0.04408751663 0)
(1.615025566 0.04399846438 0)
(1.625426507 0.06270225419 0)
(1.603308917 0.06293027644 0)
(1.647034488 0.06255581985 0)
(1.636468067 0.08153584044 0)
(1.657695953 0.08180470907 0)
(1.647557499 0.1004905173 0)
(1.669459308 0.100356882 0)
(1.625742967 0.1005602076 0)
(1.680381705 0.07858761545 0)
(1.691475755 0.09967324379 0)
(1.702342427 0.08108735194 0)
(1.713349171 0.09984523133 0)
(1.724138147 0.08097569191 0)
(1.735125501 0.09974461665 0)
(1.745874827 0.0808482127 0)
(1.756861808 0.09961437082 0)
(1.767256934 0.08171188819 0)
(1.778582626 0.09967747639 0)
(1.789620685 0.07876307343 0)
(1.800552207 0.09917668382 0)
(1.811319901 0.0803247487 0)
(1.822573036 0.1000476936 0)
(1.833624544 0.08082597801 0)
(1.844903061 0.1008113259 0)
(1.767901739 0.1178634684 0)
(1.702619354 0.1183078987 0)
(1.657483771 0.1190330757 0)
(1.856223296 0.08064973721 0)
(1.867835094 0.1005670008 0)
(1.812333407 0.1208862818 0)
(1.879023487 0.07976400845 0)
(1.891457321 0.09981403872 0)
(1.879600815 0.1212712485 0)
(1.826577042 0.06332593731 0)
(1.904141842 0.07760690701 0)
(1.713143691 0.06217618893 0)
(1.909604505 0.1197554264 0)
(1.756630632 0.06196383281 0)
(1.867232153 0.05890800821 0)
(1.891905877 0.143075294 0)
(1.920234652 0.1457514349 0)
(1.867955859 0.1416802444 0)
(1.592302407 0.04282445037 0)
(1.580948031 0.0630786974 0)
(1.592360062 0.08236054318 0)
(1.569949547 0.08278386184 0)
(1.581498628 0.1018266412 0)
(1.558969366 0.1020445633 0)
(1.54733038 0.08304199703 0)
(1.536281169 0.102275733 0)
(1.524533694 0.08329743477 0)
(1.512850037 0.1023873533 0)
(1.501489664 0.08365941707 0)
(1.489745997 0.1034022274 0)
(1.478529366 0.08411809278 0)
(1.467248005 0.1034491534 0)
(1.45549872 0.08461425916 0)
(1.443407654 0.1031750872 0)
(1.43245444 0.0850400163 0)
(1.420482534 0.1041268734 0)
(1.409754177 0.08549242751 0)
(1.399075313 0.1052804367 0)
(1.387571431 0.08720801313 0)
(1.376588417 0.1059948956 0)
(1.365343188 0.08793940771 0)
(1.354538145 0.1061541009 0)
(1.343246304 0.08726537298 0)
(1.332581044 0.106324004 0)
(1.321289084 0.08745482578 0)
(1.310690621 0.1066036626 0)
(1.299444142 0.08784821004 0)
(1.288880112 0.1069234509 0)
(1.277674864 0.08903244203 0)
(1.267115693 0.1071226772 0)
(1.255936677 0.08952370807 0)
(1.245383082 0.1074897992 0)
(1.234192783 0.08914165838 0)
(1.223655713 0.1080295973 0)
(1.212450491 0.0894179533 0)
(1.201900177 0.1084210645 0)
(1.190680603 0.08975960854 0)
(1.180108428 0.1088308431 0)
(1.168845501 0.09009887521 0)
(1.158227884 0.1092637338 0)
(1.146919734 0.0904307533 0)
(1.136243153 0.1097068329 0)
(1.125154252 0.09093019136 0)
(1.115003539 0.1094565941 0)
(1.101481841 0.08760267041 0)
(1.092941053 0.1130006433 0)
(1.079334669 0.09177263641 0)
(1.069291306 0.1111539292 0)
(1.057604707 0.09181571374 0)
(1.046844546 0.1115072813 0)
(1.035124749 0.09211786873 0)
(1.024152057 0.1119344745 0)
(1.012458173 0.09247706463 0)
(1.001435227 0.112349247 0)
(0.9897347336 0.09359050413 0)
(0.9795548826 0.1123635164 0)
(0.9670278651 0.09368190759 0)
(0.9566647428 0.1162202827 0)
(0.9444731338 0.09512723197 0)
(0.9333670084 0.1134863704 0)
(0.9218309275 0.09519868309 0)
(0.9109165895 0.1139588587 0)
(0.8992209629 0.0957400373 0)
(0.8885558695 0.1143210323 0)
(0.8769150688 0.09543182311 0)
(0.866362955 0.1145290209 0)
(0.8550044649 0.09551230749 0)
(0.8443442416 0.1147860103 0)
(0.8330399374 0.09594810167 0)
(0.8224004755 0.1151378391 0)
(0.8111448687 0.09668339828 0)
(0.8005619766 0.1155450561 0)
(0.7893525629 0.09828498948 0)
(0.77878332 0.1160967041 0)
(0.7675992509 0.09861173343 0)
(0.7572581511 0.1156776848 0)
(0.7458874303 0.09756777052 0)
(0.73521989 0.1193394766 0)
(0.7241103563 0.09824668339 0)
(0.7135923183 0.116962852 0)
(0.7023348549 0.09827245822 0)
(0.6918013576 0.1173573358 0)
(0.6804908147 0.09921209228 0)
(0.6699594068 0.1178648398 0)
(0.6586937857 0.09979199375 0)
(0.648031978 0.1171475518 0)
(0.6367290254 0.1001395858 0)
(0.6254532845 0.1200529995 0)
(0.6144894836 0.1008302859 0)
(1.409322334 0.1260324394 0)
(0.6037956449 0.1191204279 0)
(0.5921704344 0.1000621377 0)
(0.7121494499 0.07888805938 0)
(0.5812186694 0.1194824147 0)
(0.5695400647 0.1008388272 0)
(0.558468348 0.1200105029 0)
(0.5467118571 0.1017186018 0)
(0.5355712432 0.1202865289 0)
(0.5237596553 0.101487927 0)
(0.5126053744 0.1205601773 0)
(0.5007972996 0.1018120706 0)
(0.489671389 0.121343521 0)
(0.4778816289 0.1023228986 0)
(0.4668228446 0.1217722043 0)
(0.4550861603 0.1023213695 0)
(0.4441030228 0.1220470471 0)
(0.43245345 0.1026494673 0)
(0.4215284729 0.1223465548 0)
(0.4099686718 0.1030930964 0)
(0.5785551358 0.0822977472 0)
(0.6487073199 0.08015041572 0)
(0.8211028207 0.07779466007 0)
(0.756697806 0.07721091009 0)
(0.4424760155 0.08342464956 0)
(0.3990943094 0.1220246754 0)
(0.3876085703 0.103456787 0)
(0.3767931892 0.1226375048 0)
(0.3653727592 0.1039900184 0)
(0.3546799062 0.1225524679 0)
(0.3433623869 0.1043124457 0)
(0.3327165783 0.1235110629 0)
(0.321420792 0.1048443769 0)
(0.3108220795 0.123996661 0)
(0.299572045 0.1052979658 0)
(0.3319936881 0.08578422605 0)
(0.3983493128 0.08400715073 0)
(0.2890164582 0.1243680459 0)
(0.2778002267 0.1056993226 0)
(0.2883264525 0.08665484282 0)
(0.2665818517 0.08705502451 0)
(0.2560597291 0.1060770606 0)
(0.2448620733 0.08745200671 0)
(0.2343406949 0.1064875967 0)
(0.2231262921 0.08864659461 0)
(0.2125491791 0.1067240116 0)
(0.2012657333 0.08908087018 0)
(0.1906755862 0.1073675622 0)
(0.1792420335 0.08850069857 0)
(0.1684253674 0.107567484 0)
(0.1567968591 0.08816592674 0)
(0.1458814489 0.1083756124 0)
(0.1340189939 0.08815273234 0)
(0.1226565103 0.1094549026 0)
(0.1566208248 0.127094794 0)
(0.9912964607 0.131760281 0)
(1.54760088 0.1196473656 0)
(0.8675499529 0.07718330462 0)
(0.5122100794 0.08043330405 0)
(1.535685919 0.06348482717 0)
(1.233817818 0.1261697132 0)
(0.9342367588 0.07568951165 0)
(1.181261765 0.07190346047 0)
(1.343587873 0.1248756124 0)
(0.1104184965 0.08903453566 0)
(0.09815465133 0.1107700891 0)
(1.125625257 0.1291118218 0)
(1.001559692 0.0701289841 0)
(0.2344770307 0.07021794537 0)
(1.284113355 0.07128147505 0)
(0.2230094656 0.1247130209 0)
(1.27759736 0.1251753613 0)
(1.065416975 0.06982579536 0)
(1.244542039 0.06966369948 0)
(1.134333979 0.06915836552 0)
(1.170516276 0.1268164366 0)
(1.476601785 0.1215812787 0)
(0.1894850631 0.0688725109 0)
(1.394893994 0.0696419797 0)
(1.356605344 0.06686365494 0)
(0.8785065119 0.1337472511 0)
(0.1216925446 0.06750521449 0)
(0.09746462262 0.0682498468 0)
(0.7679857546 0.1326272727 0)
(1.057056022 0.1294492962 0)
(0.7030509226 0.1360353375 0)
(0.3430267974 0.1410166348 0)
(0.8337494917 0.1335538042 0)
(0.4564263025 0.1462528741 0)
(0.9224159727 0.1330797958 0)
(0.2771023471 0.06802452661 0)
(0.5921347804 0.1384782598 0)
(1.466615351 0.064451002 0)
(0.6594000616 0.1369776129 0)
(0.2988412407 0.0676134798 0)
(0.3002264265 0.142977816 0)
(0.4079125605 0.1406447285 0)
(0.1099236948 0.131207087 0)
(0.5455463883 0.1417980967 0)
(0.500405203 0.1394565698 0)
(0.08574092197 0.1332115277 0)
(0.278447366 0.1427469971 0)
(0.288210861 0.04931823661 0)
(0.07124809792 0.11089937 0)
(0.2894687386 0.1606802968 0)
(0.3081281804 0.05001944226 0)
(0.05897076629 0.1328109952 0)
(0.3521010804 0.1735492589 0)
(1.650079852 0.1727740001 0)
(1.636649874 0.1560199612 0)
(1.615139267 0.1560153956 0)
(1.658537542 0.1537218634 0)
(1.625317304 0.1375472626 0)
(1.603545452 0.1374670766 0)
(1.592420239 0.1574461493 0)
(1.581656515 0.1382334427 0)
(0.3515699313 0.02617811529 0)
(0.3636840097 0.04316639157 0)
(0.3867490936 0.04332404662 0)
(0.3746866466 0.06244497606 0)
(0.3456507479 0.04621236474 0)
(0.8793993048 0.1718440517 0)
(1.122082947 0.02732409446 0)
(1.108389487 0.04341652044 0)
(1.086559489 0.04299337224 0)
(1.121622594 0.1728005079 0)
(1.108389473 0.1565832206 0)
(1.085772572 0.156398435 0)
(0.8781149841 0.02742114564 0)
(0.8916104136 0.04341467451 0)
(0.9142152932 0.04359421214 0)
(0.8721485843 0.04538735362 0)
(0.9005918092 0.06128831287 0)
(0.5927807545 0.1728186401 0)
(1.407259228 0.02820646272 0)
(1.420113776 0.04278330901 0)
(1.43967497 0.04481353614 0)
(0.4629199256 0.0272422648 0)
(0.4757044417 0.04474505312 0)
(0.4986253352 0.0443677588 0)
(0.4514494906 0.04830093329 0)
(0.4882566323 0.06508907337 0)
(1.536883163 0.1730771954 0)
(1.524154248 0.1551744162 0)
(1.50136105 0.1556240118 0)
(1.547531631 0.1535792303 0)
(1.511570822 0.1386665808 0)
(0.4015971879 0.1771716793 0)
(1.851686527 0.02197755919 0)
(1.825725603 0.02784473128 0)
(0.1485538521 0.1766652426 0)
(0.1741540292 0.1722814115 0)
(0.1350073348 0.1566316875 0)
(0.1002574915 0.1556720069 0)
(1.960138508 0.08527776973 0)
(1.879175656 0.1628994132 0)
(0.9312972284 0.1742697356 0)
(0.9490698975 0.1603945197 0)
(0.9695420902 0.1626333996 0)
(0.3928270602 0.1587181965 0)
(1.099324168 0.06255762137 0)
(0.8919159582 0.1540382401 0)
(0.5432367663 0.1765550746 0)
(0.5270776165 0.1584282524 0)
(0.2666016724 0.05084232509 0)
(0.1095691588 0.04650818103 0)
(0.08495473656 0.04548887618 0)
(0.1317930228 0.04720618696 0)
(0.5670827829 0.02327401124 0)
(0.5514654858 0.04373579904 0)
(0.5777002804 0.04547443191 0)
(0.5271381827 0.04149165963 0)
(0.5373414747 0.0636239934 0)
(1.432928959 0.1764923109 0)
(1.448550269 0.1564315447 0)
(1.423292666 0.1474540847 0)
(1.443380247 0.1365902013 0)
(1.398370269 0.1469255038 0)
(1.130187595 0.1487963793 0)
(1.473268549 0.1582882308 0)
(1.935878689 0.1043329001 0)
(1.130774782 0.04596346213 0)
(1.097239317 0.1371163417 0)
(0.3676547772 0.1568625086 0)
(0.957802593 0.1424907964 0)
(1.408065757 0.1696448512 0)
(0.07028334194 0.06863990733 0)
(0.4883464828 0.176726398 0)
(0.4615906491 0.1723031848 0)
(1.511485193 0.02216298273 0)
(1.499188913 0.04255841297 0)
(1.537214566 0.02613746036 0)
(1.458343189 0.02564461273 0)
(0.9308712863 0.02626351071 0)
(0.9478404744 0.04066056571 0)
(0.9684722711 0.03972901487 0)
(0.9570781554 0.06076971365 0)
(1.07301693 0.02326925158 0)
(1.066664867 0.0458943063 0)
(1.069138133 0.1739129665 0)
(1.051274294 0.1614148492 0)
(1.031857552 0.1634305717 0)
(0.5931187773 0.02891089787 0)
(0.6024991969 0.05057892832 0)
(0.3997880101 0.02359333756 0)
(0.4107670179 0.04729213784 0)
(0.1445304708 0.06775405005 0)
(1.927193433 0.1734080712 0)
(1.948438082 0.1517215203 0)
(1.019930042 0.01989893106 0)
(1.03157563 0.03746929522 0)
(1.005875634 0.043331758 0)
(1.569626733 0.04567519183 0)
(0.9163122418 0.1570308039 0)
(1.856438576 0.1215817055 0)
(1.845677406 0.1415032198 0)
(0.07086927009 0.0226790934 0)
(0.120217751 0.02460766579 0)
(0.3001188391 0.03193165057 0)
(1.590150329 0.01989819008 0)
(1.591219184 0.1799970227 0)
(1.812967653 0.1812584266 0)
(1.802136219 0.1622674892 0)
(1.780336613 0.1623930109 0)
(1.790957583 0.1439427188 0)
(1.821200838 0.1603410178 0)
(1.769251701 0.1442169333 0)
(1.755402132 0.1639137517 0)
(1.746757072 0.144836581 0)
(0.1870323471 0.0187415734 0)
(0.1978145776 0.03685629774 0)
(0.2192968357 0.03727913732 0)
(0.1744175929 0.0358853171 0)
(0.7146277828 0.01870339466 0)
(0.7254463521 0.03757822087 0)
(0.7461808042 0.03804494881 0)
(0.7371952886 0.05659079144 0)
(0.7039193981 0.03784079269 0)
(1.285372217 0.1812966053 0)
(1.275240951 0.1623675237 0)
(1.25281894 0.1627085129 0)
(1.297273352 0.1615681464 0)
(1.287915859 0.02057362405 0)
(1.276479564 0.03769060203 0)
(1.253100033 0.03715696094 0)
(1.302660127 0.04077637459 0)
(0.7116846975 0.1783682735 0)
(0.7286200409 0.1630669572 0)
(0.7471384619 0.1626572103 0)
(0.6963027661 0.1592012843 0)
(0.7367146089 0.1432246441 0)
(1.901541814 0.01927575952 0)
(1.890830581 0.04115827845 0)
(1.843190122 0.04554138687 0)
(1.803198276 0.03939493543 0)
(0.2303141568 0.1812584266 0)
(0.2203687195 0.1622485138 0)
(0.2446323823 0.1630870253 0)
(0.198021457 0.1642336831 0)
(1.769685843 0.0187415734 0)
(1.780506296 0.03768718586 0)
(1.761613061 0.03929420704 0)
(1.38737656 0.1261640542 0)
(1.375644333 0.1455890625 0)
(1.705057981 0.02124911194 0)
(1.68870526 0.03655814364 0)
(1.720400294 0.03997925727 0)
(1.669936041 0.0378697334 0)
(1.68247217 0.05603823524 0)
(1.702850338 0.181182186 0)
(1.692740518 0.1626484566 0)
(1.713518347 0.1620162107 0)
(1.702997627 0.1433441037 0)
(1.681019779 0.1436969072 0)
(0.5120106515 0.02276529391 0)
(1.176611025 0.02040479121 0)
(1.165169137 0.03742007642 0)
(1.190867566 0.04058420906 0)
(0.8232975658 0.1795990872 0)
(0.809230225 0.1600649306 0)
(0.8341745947 0.1632912998 0)
(0.8569634506 0.1667929314 0)
(1.175429553 0.1810677922 0)
(1.165167544 0.1607334135 0)
(1.189761324 0.1631098498 0)
(0.8245704465 0.01893220782 0)
(0.8345308483 0.03728285471 0)
(0.8134261476 0.04297836808 0)
(1.265576782 0.1439287262 0)
(1.264457516 0.05635008816 0)
(0.2107812474 0.1435664379 0)
(0.1875466614 0.1456522206 0)
(0.1630124829 0.1505521058 0)
(0.6486119978 0.02056330233 0)
(0.6626370886 0.03958120578 0)
(0.6383176018 0.03754942054 0)
(1.35194824 0.01908490205 0)
(1.360589142 0.04191732728 0)
(1.34081935 0.03823335825 0)
(1.384465519 0.03498915962 0)
(1.350836437 0.1797325984 0)
(1.339747258 0.1598414292 0)
(0.6480517604 0.180915098 0)
(0.6364357732 0.1622847699 0)
(0.656102015 0.1603259686 0)
(0.6149831947 0.1618227508 0)
(0.627385647 0.1425305138 0)
(1.724623864 0.1439007142 0)
(0.7581337864 0.05615645437 0)
(0.7777593735 0.06745690591 0)
(0.7772948948 0.04902922625 0)
(0.7957797534 0.05757974477 0)
(1.488026918 0.1772605249 0)
(0.2064458558 0.05445250579 0)
(0.02678261804 0.1307763253 0)
(1.376576248 0.0566143214 0)
(0.7155064616 0.05684498688 0)
(0.6968428104 0.05976733756 0)
(0.6890350671 0.08100634391 0)
(0.6715866929 0.06322960524 0)
(1.242096897 0.01891740871 0)
(1.230016574 0.03741568926 0)
(0.7579050317 0.1810837889 0)
(0.7664756058 0.1630068024 0)
(1.787717523 0.05677621688 0)
(1.810348287 0.1428725836 0)
(0.6460326492 0.05663197869 0)
(0.6316718227 0.06788480391 0)
(1.929868317 0.07698221727 0)
(0.09523801715 0.1782912486 0)
(1.332383039 0.06938005047 0)
(1.321879144 0.1247787692 0)
(0.1664453673 0.06888629187 0)
(0.8106743944 0.1367636868 0)
(1.6800297 0.1207019284 0)
(0.4214699002 0.08390067771 0)
(0.4313959678 0.06250730062 0)
(0.4663608638 0.08159385341 0)
(0.3760776117 0.08459493145 0)
(0.4330697342 0.1416846391 0)
(0.2672657469 0.1246209507 0)
(0.2564741907 0.1428114291 0)
(1.724469021 0.1179091964 0)
(0.8999907925 0.1332394746 0)
(0.3219040328 0.1423102233 0)
(0.3559719577 0.08106434026 0)
(1.306885398 0.0655397786 0)
(0.8437797592 0.07538450998 0)
(0.8571678298 0.1328121778 0)
(0.5803028869 0.1567323849 0)
(1.769433029 0.1811875375 0)
(0.7888048331 0.1331441122 0)
(0.7346388613 0.07801281137 0)
(1.299939769 0.1251818671 0)
(1.310233751 0.1424727695 0)
(0.2556335029 0.06890485487 0)
(0.2458772991 0.05243821175 0)
(1.221853128 0.07101872153 0)
(1.746226855 0.1179642858 0)
(0.2296808107 0.01882843778 0)
(1.733582242 0.06163216443 0)
(1.834655232 0.1212502043 0)
(0.7578214225 0.01870339466 0)
(1.242178577 0.1812966053 0)
(1.232247638 0.1619643605 0)
(1.045584247 0.07596783362 0)
(1.212612406 0.1267478854 0)
(0.3100746395 0.0862390152 0)
(1.201764367 0.07178669539 0)
(1.210426833 0.05112358598 0)
(0.245377958 0.1245825837 0)
(1.033752798 0.1299844514 0)
(1.012321262 0.1312458046 0)
(1.001884732 0.1485792274 0)
(1.191431206 0.1267582691 0)
(1.201788126 0.1438979666 0)
(0.6825585365 0.1369905476 0)
(0.4794970026 0.1408987679 0)
(0.3195582024 0.06800650392 0)
(1.020541953 0.1802470796 0)
(1.147850643 0.1301149867 0)
(1.789694925 0.1184061353 0)
(1.159090846 0.07173330662 0)
(1.42024213 0.06307894079 0)
(0.9768988702 0.1816472989 0)
(1.614498096 0.08169589979 0)
(1.026690984 0.07312431742 0)
(0.9818682061 0.0580191948 0)
(0.1553027355 0.04640325197 0)
(0.9798377273 0.02025577057 0)
(1.512623576 0.06363103227 0)
(1.558657618 0.06387977903 0)
(1.603661793 0.1010593193 0)
(1.570072186 0.1578149525 0)
(1.473653738 0.04157285623 0)
(1.636469588 0.1191777909 0)
(1.364979822 0.1255553152 0)
(0.333153035 0.1630785554 0)
(0.3110643607 0.1614225397 0)
(0.3394678138 0.06528592744 0)
(0.5650837299 0.06374999571 0)
(0.3963344198 0.06245334915 0)
(0.6017244294 0.08288428493 0)
(0.827078881 0.05827356827 0)
(0.2977679672 0.1815391648 0)
(1.445483364 0.06526019526 0)
(0.1334531316 0.1321838565 0)
(1.524100544 0.0438648024 0)
(1.36282601 0.1627882196 0)
(0.4172872954 0.1617848011 0)
(0.5695430427 0.138968508 0)
(1.352982159 0.1436113662 0)
(1.489761053 0.06444784014 0)
(0.0546967682 0.04525098682 0)
(1.614807446 0.1191121729 0)
(0.8894275865 0.07802931864 0)
(0.2334406606 0.1435015018 0)
(0.5127143409 0.05900115785 0)
(1.323174551 0.04936624916 0)
(1.288144208 0.1433653649 0)
(1.385697536 0.16439127 0)
(1.463288392 0.1389412603 0)
(0.8440409052 0.05341690179 0)
(1.646432246 0.1370489759 0)
(1.255225338 0.1259120666 0)
(1.243671278 0.1441628026 0)
(0.798366619 0.07862300573 0)
(1.592626117 0.1194836185 0)
(0.5595871831 0.1573093893 0)
(1.115704661 0.07336621694 0)
(0.4404113973 0.1644247894 0)
(0.04902771026 0.1581124313 0)
(1.959619871 0.01987549306 0)
(1.950083118 0.05085759154 0)
(1.913099802 0.04995673335 0)
(0.2007591997 0.1253886493 0)
(1.150085283 0.1486986212 0)
(0.5064160981 0.1612821217 0)
(1.570586871 0.119203058 0)
(1.222978271 0.1436342206 0)
(1.741997057 0.0417294831 0)
(0.6744452089 0.157317991 0)
(1.534952588 0.1372810082 0)
(0.0845938435 0.08963518538 0)
(0.5221712652 0.1396255969 0)
(1.5472244 0.04566816289 0)
(1.078668427 0.1298915923 0)
(0.5355927158 0.08636069445 0)
(0.4891013008 0.08625024001 0)
(0.02368877566 0.03934708628 0)
(1.977086995 0.1597639103 0)
(0.1778400204 0.1272704693 0)
(0.4661182604 0.06121598555 0)
(1.856641594 0.1587024678 0)
(1.880134979 0.1833772944 0)
(1.55975598 0.1377453512 0)
(1.180604074 0.1440873758 0)
(0.6163342992 0.03479222376 0)
(0.9322758011 0.05339307154 0)
(0.04224226779 0.1056861959 0)
(1.331870611 0.1419987909 0)
(0.03883660397 0.1803738862 0)
(1.523705961 0.1203430685 0)
(1.90461851 0.1601751187 0)
(1.866163852 0.03751281622 0)
(1.498980272 0.1218003704 0)
(0.3850375277 0.1398255555 0)
(0.8684430954 0.1512782147 0)
(0.2678334442 0.1585577972 0)
(1.172566434 0.05578422996 0)
(1.149975925 0.05366762929 0)
(1.487511812 0.1391502888 0)
(0.1898267945 0.1828718016 0)
(0.9413914962 0.1308284224 0)
(0.7935171958 0.03650989467 0)
(1.143178654 0.03317376403 0)
(0.07666100446 0.1557710038 0)
(0.6697027361 0.08467809018 0)
(1.06556604 0.1487949494 0)
(1.400874061 0.0485566481 0)
(0.7751739906 0.02796897192 0)
(0.720111383 0.1332517121 0)
(0.8560615813 0.03659706992 0)
(0.364327145 0.1391317744 0)
(1.673815613 0.1643998207 0)
(0.5554708297 0.08309830997 0)
(1.243280196 0.05145855542 0)
(1.287316652 0.05273503821 0)
(0.2782434456 0.02853386028 0)
(1.66442377 0.1357972937 0)
(0.9102594399 0.07971126308 0)
(0.9761932587 0.07637201586 0)
(1.890865573 0.06147878709 0)
(0.7566354714 0.1464444908 0)
(1.810274267 0.01716775762 0)
(1.265923539 0.07474619734 0)
(1.455432337 0.1200626777 0)
(0.6851352212 0.04048595688 0)
(0.8808563956 0.06033148736 0)
(0.8232179258 0.1484337442 0)
(1.1445951 0.1655090802 0)
(1.653308248 0.04738988564 0)
(0.9558018344 0.08032807614 0)
(0.3323988624 0.03180377306 0)
(0.4752725793 0.1596975062 0)
(0.2128590485 0.07233153596 0)
(1.731349729 0.159680063 0)
(1.936096397 0.1291779087 0)
(0.9807136895 0.1468894329 0)
(0.1874731457 0.05037543078 0)
(0.6433274332 0.1464725334 0)
(1.914190135 0.09569829791 0)
(1.6650682 0.0618884369 0)
(0.413079649 0.06715650618 0)
(0.4308977149 0.04162725914 0)
(1.845157383 0.06555946853 0)
(1.772152387 0.05283165039 0)
(0.1711153543 0.01944060416 0)
(0.6973583756 0.02125724606 0)
(1.302641106 0.178738909 0)
(0.1470234435 0.1416156109 0)
(0.6251820908 0.08481839453 0)
(1.696697661 0.06518720985 0)
(1.830444641 0.1787841868 0)
(0.5980500071 0.1530516198 0)
(0.2259014099 0.05356035808 0)
(1.980918144 0.0187152251 0)
(0.7140718085 0.1514590654 0)
(0.281180346 0.1770270897 0)
(1.393603996 0.1829902438 0)
(1.319530283 0.1631394801 0)
(0.9999824598 0.0214368461 0)
(0.8461513748 0.1489069451 0)
(0.9872072596 0.03655451687 0)
(0.7768077674 0.1479331825 0)
(1.80646851 0.06041397758 0)
(1.753735015 0.1806444856 0)
(0.7499109858 0.1311565651 0)
(0.9727821902 0.129591577 0)
(0.9339748894 0.1489268454 0)
(0.6102284242 0.1380989432 0)
(0.3558922351 0.05963480001 0)
(1.213732359 0.1588625957 0)
(0.2464071898 0.1802505523 0)
(1.752925438 0.02162435261 0)
(0.01802490966 0.1820953333 0)
(1.342601312 0.05457367299 0)
(0.3376437335 0.1837506331 0)
(1.66310422 0.01653217901 0)
(1.663372705 0.1837307914 0)
(1.225149665 0.1785942199 0)
(0.8643568189 0.01634113293 0)
(0.8651980493 0.1839743286 0)
(1.134973254 0.01585915544 0)
(1.135129848 0.1839301627 0)
(0.4502179582 0.06689057065 0)
(1.719316597 0.1781019959 0)
(1.226627334 0.02027589615 0)
(0.7748547957 0.1781836267 0)
(0.2963329738 0.01466474851 0)
(0.3270669936 0.04933491476 0)
(1.393017062 0.01635581911 0)
(0.6068811714 0.1832118675 0)
(0.2561104924 0.03450561901 0)
(0.5885780845 0.06400408466 0)
(0.01943497127 0.01934674659 0)
(1.980565029 0.1806532534 0)
(0.2373865195 0.03647515715 0)
(1.555614102 0.1689908003 0)
(0.7941782205 0.1480451035 0)
(0.9947864417 0.1692061125 0)
(1.085088275 0.07422359521 0)
(1.022658198 0.1474627261 0)
(1.736087649 0.131512254 0)
(0.4491115292 0.01601544184 0)
(1.977455665 0.06588769454 0)
(0.2463803865 0.02162930794 0)
(0.8079576498 0.02255664018 0)
(1.190987577 0.1802067483 0)
(0.8609303414 0.05972226286 0)
(1.191377393 0.05823643617 0)
(1.376180575 0.07390352508 0)
(0.3501361944 0.1571751695 0)
(1.757497504 0.1311382724 0)
(1.713824176 0.1310440144 0)
(1.113851456 0.1397552224 0)
(1.020321052 0.05493105095 0)
(1.558061019 0.03096691656 0)
(1.079883722 0.05935925249 0)
(0.7781144595 0.08460360498 0)
(1.778902743 0.1305800143 0)
(1.703072393 0.04744361353 0)
(1.430031252 0.1220407162 0)
(1.693175912 0.1313235123 0)
(1.043694151 0.1467561407 0)
(1.86577971 0.176610535 0)
(1.607008858 0.0268720362 0)
(0.3379997742 0.01515503577 0)
(1.607365099 0.1728755559 0)
(0.8109617621 0.06510126165 0)
(0.05999385075 0.09021736339 0)
(1.117961897 0.05776091014 0)
(1.828391365 0.1392262589 0)
(1.337481538 0.02017093748 0)
(1.799479514 0.1306189268 0)
(0.7629209797 0.0379805992 0)
(0.6638411513 0.1772867933 0)
(0.1726510683 0.05361704157 0)
(0.4177035313 0.02745227856 0)
(0.6249217948 0.05196420613 0)
(1.458414574 0.04956341716 0)
(1.303325432 0.02117887207 0)
(1.054600377 0.02935735098 0)
(1.044407733 0.05522427855 0)
(0.6390514303 0.1314644347 0)
(0.3170107295 0.03617661423 0)
(1.550262963 0.184512624 0)
(0.6963154302 0.178551017 0)
(1.839162127 0.1586711847 0)
(0.1372877334 0.0308212879 0)
(1.108932124 0.1256881247 0)
(0.7853738828 0.1623196056 0)
(0.9184440741 0.06361910132 0)
(1.16418912 0.1428008295 0)
(0.4485125351 0.1834577078 0)
(0.4451295602 0.03116862208 0)
(1.820711448 0.04563632104 0)
(0.6072655921 0.016494962 0)
(0.6122318232 0.06625268966 0)
(0.490587049 0.154690519 0)
(0.5434103719 0.1601343685 0)
(1.19183063 0.02143987172 0)
(0.8087085066 0.1795242975 0)
(1.720041135 0.021142903 0)
(1.014345775 0.1617851435 0)
(0.1186123172 0.1497688562 0)
(1.229120117 0.05592615807 0)
(1.550863093 0.01469022831 0)
(1.581152914 0.1689383122 0)
(1.775800488 0.06745139003 0)
(1.578858908 0.03195338144 0)
(0.6631321406 0.02034601551 0)
(1.334655491 0.1756070475 0)
(0.7362431385 0.01875837522 0.001)
(1.263753364 0.1812396338 0.001)
(0.2087014349 0.01880949811 0.001)
(1.791283814 0.1811891932 0.001)
(1.682427196 0.01870395586 0.001)
(0.3188786018 0.181182186 0.001)
(1.154056708 0.01879791872 0.001)
(0.8451754511 0.1812346598 0.001)
(1.373985586 0.180915098 0.001)
(0.6271459868 0.01877168834 0.001)
(0.42847813 0.1805605649 0.001)
(1.571122378 0.01634676462 0.001)
(1.039297961 0.01799480266 0.001)
(0.9558906585 0.02072436422 0.001)
(1.484318365 0.0211408147 0.001)
(0.5157759205 0.179921774 0.001)
(1.877879876 0.01997884836 0.001)
(0.1201538745 0.1745778618 0.001)
(0.7356601314 0.180736975 0.001)
(1.264341126 0.01926270009 0.001)
(0.2091213116 0.1814830343 0.001)
(1.791093202 0.01927192965 0.001)
(0.3173407722 0.01779329051 0.001)
(1.681657366 0.1814801365 0.001)
(1.153883584 0.1813412254 0.001)
(0.8458939784 0.01863090857 0.001)
(0.6269130107 0.1814179467 0.001)
(1.373089461 0.01858347321 0.001)
(1.901541814 0.1807242405 0.001)
(0.0981583094 0.02311033882 0.001)
(0.4325772978 0.02001867514 0.001)
(1.570900048 0.1804951241 0.001)
(1.044103191 0.1792710934 0.001)
(0.9559020889 0.1793217789 0.001)
(1.460512663 0.178110448 0.001)
(0.5395566604 0.02190140953 0.001)
(1.736006011 0.0233432428 0.001)
(0.2639939894 0.1766567572 0.001)
(0.2620358791 0.01833732574 0.001)
(1.736793131 0.1774766532 0.001)
(1.2091022 0.02477048662 0.001)
(0.7930479663 0.1784331721 0.001)
(1.208017699 0.1766493514 0.001)
(0.7923192502 0.01847624792 0.001)
(0.6784669614 0.02123955393 0.001)
(1.319553938 0.1825818512 0.001)
(1.319971076 0.02336548964 0.001)
(0.680028924 0.1766345104 0.001)
(0.1538462341 0.02313552616 0.001)
(1.847857551 0.1780734994 0.001)
(0.3760373219 0.177281066 0.001)
(1.62613325 0.02318736531 0.001)
(1.626132477 0.176811915 0.001)
(0.3759539911 0.02341742207 0.001)
(1.097115608 0.02277002666 0.001)
(0.9039486372 0.1765455145 0.001)
(0.9039486372 0.02345448547 0.001)
(1.096051363 0.1765455145 0.001)
(1.431946304 0.02349904861 0.001)
(0.5687974673 0.177405071 0.001)
(0.4879525765 0.02361852312 0.001)
(1.512047424 0.1763814769 0.001)
(1.928073982 0.02297753187 0.001)
(0.06898226435 0.178858599 0.001)
(1.966326059 0.1243282615 0.001)
(0.03578077186 0.07228364797 0.001)
(1.977056701 0.03810361163 0.001)
(0.02198936486 0.1627746428 0.001)
(0.04147728212 0.02146648432 0.001)
(1.959797511 0.1774814701 0.001)
(1.648739717 0.02759599528 0.001)
(1.635937544 0.04408751663 0.001)
(1.615025566 0.04399846438 0.001)
(1.625426507 0.06270225419 0.001)
(1.603308917 0.06293027644 0.001)
(1.647034488 0.06255581985 0.001)
(1.636468067 0.08153584044 0.001)
(1.657695953 0.08180470907 0.001)
(1.647557499 0.1004905173 0.001)
(1.669459308 0.100356882 0.001)
(1.625742967 0.1005602076 0.001)
(1.680381705 0.07858761545 0.001)
(1.691475755 0.09967324379 0.001)
(1.702342427 0.08108735194 0.001)
(1.713349171 0.09984523133 0.001)
(1.724138147 0.08097569191 0.001)
(1.735125501 0.09974461665 0.001)
(1.745874827 0.0808482127 0.001)
(1.756861808 0.09961437082 0.001)
(1.767256934 0.08171188819 0.001)
(1.778582626 0.09967747639 0.001)
(1.789620685 0.07876307343 0.001)
(1.800552207 0.09917668382 0.001)
(1.811319901 0.0803247487 0.001)
(1.822573036 0.1000476936 0.001)
(1.833624544 0.08082597801 0.001)
(1.844903061 0.1008113259 0.001)
(1.767901739 0.1178634684 0.001)
(1.702619354 0.1183078987 0.001)
(1.657483771 0.1190330757 0.001)
(1.856223296 0.08064973721 0.001)
(1.867835094 0.1005670008 0.001)
(1.812333407 0.1208862818 0.001)
(1.879023487 0.07976400845 0.001)
(1.891457321 0.09981403872 0.001)
(1.879600815 0.1212712485 0.001)
(1.826577042 0.06332593731 0.001)
(1.904141842 0.07760690701 0.001)
(1.713143691 0.06217618893 0.001)
(1.909604505 0.1197554264 0.001)
(1.756630632 0.06196383281 0.001)
(1.867232153 0.05890800821 0.001)
(1.891905877 0.143075294 0.001)
(1.920234652 0.1457514349 0.001)
(1.867955859 0.1416802444 0.001)
(1.592302407 0.04282445037 0.001)
(1.580948031 0.0630786974 0.001)
(1.592360062 0.08236054318 0.001)
(1.569949547 0.08278386184 0.001)
(1.581498628 0.1018266412 0.001)
(1.558969366 0.1020445633 0.001)
(1.54733038 0.08304199703 0.001)
(1.536281169 0.102275733 0.001)
(1.524533694 0.08329743477 0.001)
(1.512850037 0.1023873533 0.001)
(1.501489664 0.08365941707 0.001)
(1.489745997 0.1034022274 0.001)
(1.478529366 0.08411809278 0.001)
(1.467248005 0.1034491534 0.001)
(1.45549872 0.08461425916 0.001)
(1.443407654 0.1031750872 0.001)
(1.43245444 0.0850400163 0.001)
(1.420482534 0.1041268734 0.001)
(1.409754177 0.08549242751 0.001)
(1.399075313 0.1052804367 0.001)
(1.387571431 0.08720801313 0.001)
(1.376588417 0.1059948956 0.001)
(1.365343188 0.08793940771 0.001)
(1.354538145 0.1061541009 0.001)
(1.343246304 0.08726537298 0.001)
(1.332581044 0.106324004 0.001)
(1.321289084 0.08745482578 0.001)
(1.310690621 0.1066036626 0.001)
(1.299444142 0.08784821004 0.001)
(1.288880112 0.1069234509 0.001)
(1.277674864 0.08903244203 0.001)
(1.267115693 0.1071226772 0.001)
(1.255936677 0.08952370807 0.001)
(1.245383082 0.1074897992 0.001)
(1.234192783 0.08914165838 0.001)
(1.223655713 0.1080295973 0.001)
(1.212450491 0.0894179533 0.001)
(1.201900177 0.1084210645 0.001)
(1.190680603 0.08975960854 0.001)
(1.180108428 0.1088308431 0.001)
(1.168845501 0.09009887521 0.001)
(1.158227884 0.1092637338 0.001)
(1.146919734 0.0904307533 0.001)
(1.136243153 0.1097068329 0.001)
(1.125154252 0.09093019136 0.001)
(1.115003539 0.1094565941 0.001)
(1.101481841 0.08760267041 0.001)
(1.092941053 0.1130006433 0.001)
(1.079334669 0.09177263641 0.001)
(1.069291306 0.1111539292 0.001)
(1.057604707 0.09181571374 0.001)
(1.046844546 0.1115072813 0.001)
(1.035124749 0.09211786873 0.001)
(1.024152057 0.1119344745 0.001)
(1.012458173 0.09247706463 0.001)
(1.001435227 0.112349247 0.001)
(0.9897347336 0.09359050413 0.001)
(0.9795548826 0.1123635164 0.001)
(0.9670278651 0.09368190759 0.001)
(0.9566647428 0.1162202827 0.001)
(0.9444731338 0.09512723197 0.001)
(0.9333670084 0.1134863704 0.001)
(0.9218309275 0.09519868309 0.001)
(0.9109165895 0.1139588587 0.001)
(0.8992209629 0.0957400373 0.001)
(0.8885558695 0.1143210323 0.001)
(0.8769150688 0.09543182311 0.001)
(0.866362955 0.1145290209 0.001)
(0.8550044649 0.09551230749 0.001)
(0.8443442416 0.1147860103 0.001)
(0.8330399374 0.09594810167 0.001)
(0.8224004755 0.1151378391 0.001)
(0.8111448687 0.09668339828 0.001)
(0.8005619766 0.1155450561 0.001)
(0.7893525629 0.09828498948 0.001)
(0.77878332 0.1160967041 0.001)
(0.7675992509 0.09861173343 0.001)
(0.7572581511 0.1156776848 0.001)
(0.7458874303 0.09756777052 0.001)
(0.73521989 0.1193394766 0.001)
(0.7241103563 0.09824668339 0.001)
(0.7135923183 0.116962852 0.001)
(0.7023348549 0.09827245822 0.001)
(0.6918013576 0.1173573358 0.001)
(0.6804908147 0.09921209228 0.001)
(0.6699594068 0.1178648398 0.001)
(0.6586937857 0.09979199375 0.001)
(0.648031978 0.1171475518 0.001)
(0.6367290254 0.1001395858 0.001)
(0.6254532845 0.1200529995 0.001)
(0.6144894836 0.1008302859 0.001)
(1.409322334 0.1260324394 0.001)
(0.6037956449 0.1191204279 0.001)
(0.5921704344 0.1000621377 0.001)
(0.7121494499 0.07888805938 0.001)
(0.5812186694 0.1194824147 0.001)
(0.5695400647 0.1008388272 0.001)
(0.558468348 0.1200105029 0.001)
(0.5467118571 0.1017186018 0.001)
(0.5355712432 0.1202865289 0.001)
(0.5237596553 0.101487927 0.001)
(0.5126053744 0.1205601773 0.001)
(0.5007972996 0.1018120706 0.001)
(0.489671389 0.121343521 0.001)
(0.4778816289 0.1023228986 0.001)
(0.4668228446 0.1217722043 0.001)
(0.4550861603 0.1023213695 0.001)
(0.4441030228 0.1220470471 0.001)
(0.43245345 0.1026494673 0.001)
(0.4215284729 0.1223465548 0.001)
(0.4099686718 0.1030930964 0.001)
(0.5785551358 0.0822977472 0.001)
(0.6487073199 0.08015041572 0.001)
(0.8211028207 0.07779466007 0.001)
(0.756697806 0.07721091009 0.001)
(0.4424760155 0.08342464956 0.001)
(0.3990943094 0.1220246754 0.001)
(0.3876085703 0.103456787 0.001)
(0.3767931892 0.1226375048 0.001)
(0.3653727592 0.1039900184 0.001)
(0.3546799062 0.1225524679 0.001)
(0.3433623869 0.1043124457 0.001)
(0.3327165783 0.1235110629 0.001)
(0.321420792 0.1048443769 0.001)
(0.3108220795 0.123996661 0.001)
(0.299572045 0.1052979658 0.001)
(0.3319936881 0.08578422605 0.001)
(0.3983493128 0.08400715073 0.001)
(0.2890164582 0.1243680459 0.001)
(0.2778002267 0.1056993226 0.001)
(0.2883264525 0.08665484282 0.001)
(0.2665818517 0.08705502451 0.001)
(0.2560597291 0.1060770606 0.001)
(0.2448620733 0.08745200671 0.001)
(0.2343406949 0.1064875967 0.001)
(0.2231262921 0.08864659461 0.001)
(0.2125491791 0.1067240116 0.001)
(0.2012657333 0.08908087018 0.001)
(0.1906755862 0.1073675622 0.001)
(0.1792420335 0.08850069857 0.001)
(0.1684253674 0.107567484 0.001)
(0.1567968591 0.08816592674 0.001)
(0.1458814489 0.1083756124 0.001)
(0.1340189939 0.08815273234 0.001)
(0.1226565103 0.1094549026 0.001)
(0.1566208248 0.127094794 0.001)
(0.9912964607 0.131760281 0.001)
(1.54760088 0.1196473656 0.001)
(0.8675499529 0.07718330462 0.001)
(0.5122100794 0.08043330405 0.001)
(1.535685919 0.06348482717 0.001)
(1.233817818 0.1261697132 0.001)
(0.9342367588 0.07568951165 0.001)
(1.181261765 0.07190346047 0.001)
(1.343587873 0.1248756124 0.001)
(0.1104184965 0.08903453566 0.001)
(0.09815465133 0.1107700891 0.001)
(1.125625257 0.1291118218 0.001)
(1.001559692 0.0701289841 0.001)
(0.2344770307 0.07021794537 0.001)
(1.284113355 0.07128147505 0.001)
(0.2230094656 0.1247130209 0.001)
(1.27759736 0.1251753613 0.001)
(1.065416975 0.06982579536 0.001)
(1.244542039 0.06966369948 0.001)
(1.134333979 0.06915836552 0.001)
(1.170516276 0.1268164366 0.001)
(1.476601785 0.1215812787 0.001)
(0.1894850631 0.0688725109 0.001)
(1.394893994 0.0696419797 0.001)
(1.356605344 0.06686365494 0.001)
(0.8785065119 0.1337472511 0.001)
(0.1216925446 0.06750521449 0.001)
(0.09746462262 0.0682498468 0.001)
(0.7679857546 0.1326272727 0.001)
(1.057056022 0.1294492962 0.001)
(0.7030509226 0.1360353375 0.001)
(0.3430267974 0.1410166348 0.001)
(0.8337494917 0.1335538042 0.001)
(0.4564263025 0.1462528741 0.001)
(0.9224159727 0.1330797958 0.001)
(0.2771023471 0.06802452661 0.001)
(0.5921347804 0.1384782598 0.001)
(1.466615351 0.064451002 0.001)
(0.6594000616 0.1369776129 0.001)
(0.2988412407 0.0676134798 0.001)
(0.3002264265 0.142977816 0.001)
(0.4079125605 0.1406447285 0.001)
(0.1099236948 0.131207087 0.001)
(0.5455463883 0.1417980967 0.001)
(0.500405203 0.1394565698 0.001)
(0.08574092197 0.1332115277 0.001)
(0.278447366 0.1427469971 0.001)
(0.288210861 0.04931823661 0.001)
(0.07124809792 0.11089937 0.001)
(0.2894687386 0.1606802968 0.001)
(0.3081281804 0.05001944226 0.001)
(0.05897076629 0.1328109952 0.001)
(0.3521010804 0.1735492589 0.001)
(1.650079852 0.1727740001 0.001)
(1.636649874 0.1560199612 0.001)
(1.615139267 0.1560153956 0.001)
(1.658537542 0.1537218634 0.001)
(1.625317304 0.1375472626 0.001)
(1.603545452 0.1374670766 0.001)
(1.592420239 0.1574461493 0.001)
(1.581656515 0.1382334427 0.001)
(0.3515699313 0.02617811529 0.001)
(0.3636840097 0.04316639157 0.001)
(0.3867490936 0.04332404662 0.001)
(0.3746866466 0.06244497606 0.001)
(0.3456507479 0.04621236474 0.001)
(0.8793993048 0.1718440517 0.001)
(1.122082947 0.02732409446 0.001)
(1.108389487 0.04341652044 0.001)
(1.086559489 0.04299337224 0.001)
(1.121622594 0.1728005079 0.001)
(1.108389473 0.1565832206 0.001)
(1.085772572 0.156398435 0.001)
(0.8781149841 0.02742114564 0.001)
(0.8916104136 0.04341467451 0.001)
(0.9142152932 0.04359421214 0.001)
(0.8721485843 0.04538735362 0.001)
(0.9005918092 0.06128831287 0.001)
(0.5927807545 0.1728186401 0.001)
(1.407259228 0.02820646272 0.001)
(1.420113776 0.04278330901 0.001)
(1.43967497 0.04481353614 0.001)
(0.4629199256 0.0272422648 0.001)
(0.4757044417 0.04474505312 0.001)
(0.4986253352 0.0443677588 0.001)
(0.4514494906 0.04830093329 0.001)
(0.4882566323 0.06508907337 0.001)
(1.536883163 0.1730771954 0.001)
(1.524154248 0.1551744162 0.001)
(1.50136105 0.1556240118 0.001)
(1.547531631 0.1535792303 0.001)
(1.511570822 0.1386665808 0.001)
(0.4015971879 0.1771716793 0.001)
(1.851686527 0.02197755919 0.001)
(1.825725603 0.02784473128 0.001)
(0.1485538521 0.1766652426 0.001)
(0.1741540292 0.1722814115 0.001)
(0.1350073348 0.1566316875 0.001)
(0.1002574915 0.1556720069 0.001)
(1.960138508 0.08527776973 0.001)
(1.879175656 0.1628994132 0.001)
(0.9312972284 0.1742697356 0.001)
(0.9490698975 0.1603945197 0.001)
(0.9695420902 0.1626333996 0.001)
(0.3928270602 0.1587181965 0.001)
(1.099324168 0.06255762137 0.001)
(0.8919159582 0.1540382401 0.001)
(0.5432367663 0.1765550746 0.001)
(0.5270776165 0.1584282524 0.001)
(0.2666016724 0.05084232509 0.001)
(0.1095691588 0.04650818103 0.001)
(0.08495473656 0.04548887618 0.001)
(0.1317930228 0.04720618696 0.001)
(0.5670827829 0.02327401124 0.001)
(0.5514654858 0.04373579904 0.001)
(0.5777002804 0.04547443191 0.001)
(0.5271381827 0.04149165963 0.001)
(0.5373414747 0.0636239934 0.001)
(1.432928959 0.1764923109 0.001)
(1.448550269 0.1564315447 0.001)
(1.423292666 0.1474540847 0.001)
(1.443380247 0.1365902013 0.001)
(1.398370269 0.1469255038 0.001)
(1.130187595 0.1487963793 0.001)
(1.473268549 0.1582882308 0.001)
(1.935878689 0.1043329001 0.001)
(1.130774782 0.04596346213 0.001)
(1.097239317 0.1371163417 0.001)
(0.3676547772 0.1568625086 0.001)
(0.957802593 0.1424907964 0.001)
(1.408065757 0.1696448512 0.001)
(0.07028334194 0.06863990733 0.001)
(0.4883464828 0.176726398 0.001)
(0.4615906491 0.1723031848 0.001)
(1.511485193 0.02216298273 0.001)
(1.499188913 0.04255841297 0.001)
(1.537214566 0.02613746036 0.001)
(1.458343189 0.02564461273 0.001)
(0.9308712863 0.02626351071 0.001)
(0.9478404744 0.04066056571 0.001)
(0.9684722711 0.03972901487 0.001)
(0.9570781554 0.06076971365 0.001)
(1.07301693 0.02326925158 0.001)
(1.066664867 0.0458943063 0.001)
(1.069138133 0.1739129665 0.001)
(1.051274294 0.1614148492 0.001)
(1.031857552 0.1634305717 0.001)
(0.5931187773 0.02891089787 0.001)
(0.6024991969 0.05057892832 0.001)
(0.3997880101 0.02359333756 0.001)
(0.4107670179 0.04729213784 0.001)
(0.1445304708 0.06775405005 0.001)
(1.927193433 0.1734080712 0.001)
(1.948438082 0.1517215203 0.001)
(1.019930042 0.01989893106 0.001)
(1.03157563 0.03746929522 0.001)
(1.005875634 0.043331758 0.001)
(1.569626733 0.04567519183 0.001)
(0.9163122418 0.1570308039 0.001)
(1.856438576 0.1215817055 0.001)
(1.845677406 0.1415032198 0.001)
(0.07086927009 0.0226790934 0.001)
(0.120217751 0.02460766579 0.001)
(0.3001188391 0.03193165057 0.001)
(1.590150329 0.01989819008 0.001)
(1.591219184 0.1799970227 0.001)
(1.812967653 0.1812584266 0.001)
(1.802136219 0.1622674892 0.001)
(1.780336613 0.1623930109 0.001)
(1.790957583 0.1439427188 0.001)
(1.821200838 0.1603410178 0.001)
(1.769251701 0.1442169333 0.001)
(1.755402132 0.1639137517 0.001)
(1.746757072 0.144836581 0.001)
(0.1870323471 0.0187415734 0.001)
(0.1978145776 0.03685629774 0.001)
(0.2192968357 0.03727913732 0.001)
(0.1744175929 0.0358853171 0.001)
(0.7146277828 0.01870339466 0.001)
(0.7254463521 0.03757822087 0.001)
(0.7461808042 0.03804494881 0.001)
(0.7371952886 0.05659079144 0.001)
(0.7039193981 0.03784079269 0.001)
(1.285372217 0.1812966053 0.001)
(1.275240951 0.1623675237 0.001)
(1.25281894 0.1627085129 0.001)
(1.297273352 0.1615681464 0.001)
(1.287915859 0.02057362405 0.001)
(1.276479564 0.03769060203 0.001)
(1.253100033 0.03715696094 0.001)
(1.302660127 0.04077637459 0.001)
(0.7116846975 0.1783682735 0.001)
(0.7286200409 0.1630669572 0.001)
(0.7471384619 0.1626572103 0.001)
(0.6963027661 0.1592012843 0.001)
(0.7367146089 0.1432246441 0.001)
(1.901541814 0.01927575952 0.001)
(1.890830581 0.04115827845 0.001)
(1.843190122 0.04554138687 0.001)
(1.803198276 0.03939493543 0.001)
(0.2303141568 0.1812584266 0.001)
(0.2203687195 0.1622485138 0.001)
(0.2446323823 0.1630870253 0.001)
(0.198021457 0.1642336831 0.001)
(1.769685843 0.0187415734 0.001)
(1.780506296 0.03768718586 0.001)
(1.761613061 0.03929420704 0.001)
(1.38737656 0.1261640542 0.001)
(1.375644333 0.1455890625 0.001)
(1.705057981 0.02124911194 0.001)
(1.68870526 0.03655814364 0.001)
(1.720400294 0.03997925727 0.001)
(1.669936041 0.0378697334 0.001)
(1.68247217 0.05603823524 0.001)
(1.702850338 0.181182186 0.001)
(1.692740518 0.1626484566 0.001)
(1.713518347 0.1620162107 0.001)
(1.702997627 0.1433441037 0.001)
(1.681019779 0.1436969072 0.001)
(0.5120106515 0.02276529391 0.001)
(1.176611025 0.02040479121 0.001)
(1.165169137 0.03742007642 0.001)
(1.190867566 0.04058420906 0.001)
(0.8232975658 0.1795990872 0.001)
(0.809230225 0.1600649306 0.001)
(0.8341745947 0.1632912998 0.001)
(0.8569634506 0.1667929314 0.001)
(1.175429553 0.1810677922 0.001)
(1.165167544 0.1607334135 0.001)
(1.189761324 0.1631098498 0.001)
(0.8245704465 0.01893220782 0.001)
(0.8345308483 0.03728285471 0.001)
(0.8134261476 0.04297836808 0.001)
(1.265576782 0.1439287262 0.001)
(1.264457516 0.05635008816 0.001)
(0.2107812474 0.1435664379 0.001)
(0.1875466614 0.1456522206 0.001)
(0.1630124829 0.1505521058 0.001)
(0.6486119978 0.02056330233 0.001)
(0.6626370886 0.03958120578 0.001)
(0.6383176018 0.03754942054 0.001)
(1.35194824 0.01908490205 0.001)
(1.360589142 0.04191732728 0.001)
(1.34081935 0.03823335825 0.001)
(1.384465519 0.03498915962 0.001)
(1.350836437 0.1797325984 0.001)
(1.339747258 0.1598414292 0.001)
(0.6480517604 0.180915098 0.001)
(0.6364357732 0.1622847699 0.001)
(0.656102015 0.1603259686 0.001)
(0.6149831947 0.1618227508 0.001)
(0.627385647 0.1425305138 0.001)
(1.724623864 0.1439007142 0.001)
(0.7581337864 0.05615645437 0.001)
(0.7777593735 0.06745690591 0.001)
(0.7772948948 0.04902922625 0.001)
(0.7957797534 0.05757974477 0.001)
(1.488026918 0.1772605249 0.001)
(0.2064458558 0.05445250579 0.001)
(0.02678261804 0.1307763253 0.001)
(1.376576248 0.0566143214 0.001)
(0.7155064616 0.05684498688 0.001)
(0.6968428104 0.05976733756 0.001)
(0.6890350671 0.08100634391 0.001)
(0.6715866929 0.06322960524 0.001)
(1.242096897 0.01891740871 0.001)
(1.230016574 0.03741568926 0.001)
(0.7579050317 0.1810837889 0.001)
(0.7664756058 0.1630068024 0.001)
(1.787717523 0.05677621688 0.001)
(1.810348287 0.1428725836 0.001)
(0.6460326492 0.05663197869 0.001)
(0.6316718227 0.06788480391 0.001)
(1.929868317 0.07698221727 0.001)
(0.09523801715 0.1782912486 0.001)
(1.332383039 0.06938005047 0.001)
(1.321879144 0.1247787692 0.001)
(0.1664453673 0.06888629187 0.001)
(0.8106743944 0.1367636868 0.001)
(1.6800297 0.1207019284 0.001)
(0.4214699002 0.08390067771 0.001)
(0.4313959678 0.06250730062 0.001)
(0.4663608638 0.08159385341 0.001)
(0.3760776117 0.08459493145 0.001)
(0.4330697342 0.1416846391 0.001)
(0.2672657469 0.1246209507 0.001)
(0.2564741907 0.1428114291 0.001)
(1.724469021 0.1179091964 0.001)
(0.8999907925 0.1332394746 0.001)
(0.3219040328 0.1423102233 0.001)
(0.3559719577 0.08106434026 0.001)
(1.306885398 0.0655397786 0.001)
(0.8437797592 0.07538450998 0.001)
(0.8571678298 0.1328121778 0.001)
(0.5803028869 0.1567323849 0.001)
(1.769433029 0.1811875375 0.001)
(0.7888048331 0.1331441122 0.001)
(0.7346388613 0.07801281137 0.001)
(1.299939769 0.1251818671 0.001)
(1.310233751 0.1424727695 0.001)
(0.2556335029 0.06890485487 0.001)
(0.2458772991 0.05243821175 0.001)
(1.221853128 0.07101872153 0.001)
(1.746226855 0.1179642858 0.001)
(0.2296808107 0.01882843778 0.001)
(1.733582242 0.06163216443 0.001)
(1.834655232 0.1212502043 0.001)
(0.7578214225 0.01870339466 0.001)
(1.242178577 0.1812966053 0.001)
(1.232247638 0.1619643605 0.001)
(1.045584247 0.07596783362 0.001)
(1.212612406 0.1267478854 0.001)
(0.3100746395 0.0862390152 0.001)
(1.201764367 0.07178669539 0.001)
(1.210426833 0.05112358598 0.001)
(0.245377958 0.1245825837 0.001)
(1.033752798 0.1299844514 0.001)
(1.012321262 0.1312458046 0.001)
(1.001884732 0.1485792274 0.001)
(1.191431206 0.1267582691 0.001)
(1.201788126 0.1438979666 0.001)
(0.6825585365 0.1369905476 0.001)
(0.4794970026 0.1408987679 0.001)
(0.3195582024 0.06800650392 0.001)
(1.020541953 0.1802470796 0.001)
(1.147850643 0.1301149867 0.001)
(1.789694925 0.1184061353 0.001)
(1.159090846 0.07173330662 0.001)
(1.42024213 0.06307894079 0.001)
(0.9768988702 0.1816472989 0.001)
(1.614498096 0.08169589979 0.001)
(1.026690984 0.07312431742 0.001)
(0.9818682061 0.0580191948 0.001)
(0.1553027355 0.04640325197 0.001)
(0.9798377273 0.02025577057 0.001)
(1.512623576 0.06363103227 0.001)
(1.558657618 0.06387977903 0.001)
(1.603661793 0.1010593193 0.001)
(1.570072186 0.1578149525 0.001)
(1.473653738 0.04157285623 0.001)
(1.636469588 0.1191777909 0.001)
(1.364979822 0.1255553152 0.001)
(0.333153035 0.1630785554 0.001)
(0.3110643607 0.1614225397 0.001)
(0.3394678138 0.06528592744 0.001)
(0.5650837299 0.06374999571 0.001)
(0.3963344198 0.06245334915 0.001)
(0.6017244294 0.08288428493 0.001)
(0.827078881 0.05827356827 0.001)
(0.2977679672 0.1815391648 0.001)
(1.445483364 0.06526019526 0.001)
(0.1334531316 0.1321838565 0.001)
(1.524100544 0.0438648024 0.001)
(1.36282601 0.1627882196 0.001)
(0.4172872954 0.1617848011 0.001)
(0.5695430427 0.138968508 0.001)
(1.352982159 0.1436113662 0.001)
(1.489761053 0.06444784014 0.001)
(0.0546967682 0.04525098682 0.001)
(1.614807446 0.1191121729 0.001)
(0.8894275865 0.07802931864 0.001)
(0.2334406606 0.1435015018 0.001)
(0.5127143409 0.05900115785 0.001)
(1.323174551 0.04936624916 0.001)
(1.288144208 0.1433653649 0.001)
(1.385697536 0.16439127 0.001)
(1.463288392 0.1389412603 0.001)
(0.8440409052 0.05341690179 0.001)
(1.646432246 0.1370489759 0.001)
(1.255225338 0.1259120666 0.001)
(1.243671278 0.1441628026 0.001)
(0.798366619 0.07862300573 0.001)
(1.592626117 0.1194836185 0.001)
(0.5595871831 0.1573093893 0.001)
(1.115704661 0.07336621694 0.001)
(0.4404113973 0.1644247894 0.001)
(0.04902771026 0.1581124313 0.001)
(1.959619871 0.01987549306 0.001)
(1.950083118 0.05085759154 0.001)
(1.913099802 0.04995673335 0.001)
(0.2007591997 0.1253886493 0.001)
(1.150085283 0.1486986212 0.001)
(0.5064160981 0.1612821217 0.001)
(1.570586871 0.119203058 0.001)
(1.222978271 0.1436342206 0.001)
(1.741997057 0.0417294831 0.001)
(0.6744452089 0.157317991 0.001)
(1.534952588 0.1372810082 0.001)
(0.0845938435 0.08963518538 0.001)
(0.5221712652 0.1396255969 0.001)
(1.5472244 0.04566816289 0.001)
(1.078668427 0.1298915923 0.001)
(0.5355927158 0.08636069445 0.001)
(0.4891013008 0.08625024001 0.001)
(0.02368877566 0.03934708628 0.001)
(1.977086995 0.1597639103 0.001)
(0.1778400204 0.1272704693 0.001)
(0.4661182604 0.06121598555 0.001)
(1.856641594 0.1587024678 0.001)
(1.880134979 0.1833772944 0.001)
(1.55975598 0.1377453512 0.001)
(1.180604074 0.1440873758 0.001)
(0.6163342992 0.03479222376 0.001)
(0.9322758011 0.05339307154 0.001)
(0.04224226779 0.1056861959 0.001)
(1.331870611 0.1419987909 0.001)
(0.03883660397 0.1803738862 0.001)
(1.523705961 0.1203430685 0.001)
(1.90461851 0.1601751187 0.001)
(1.866163852 0.03751281622 0.001)
(1.498980272 0.1218003704 0.001)
(0.3850375277 0.1398255555 0.001)
(0.8684430954 0.1512782147 0.001)
(0.2678334442 0.1585577972 0.001)
(1.172566434 0.05578422996 0.001)
(1.149975925 0.05366762929 0.001)
(1.487511812 0.1391502888 0.001)
(0.1898267945 0.1828718016 0.001)
(0.9413914962 0.1308284224 0.001)
(0.7935171958 0.03650989467 0.001)
(1.143178654 0.03317376403 0.001)
(0.07666100446 0.1557710038 0.001)
(0.6697027361 0.08467809018 0.001)
(1.06556604 0.1487949494 0.001)
(1.400874061 0.0485566481 0.001)
(0.7751739906 0.02796897192 0.001)
(0.720111383 0.1332517121 0.001)
(0.8560615813 0.03659706992 0.001)
(0.364327145 0.1391317744 0.001)
(1.673815613 0.1643998207 0.001)
(0.5554708297 0.08309830997 0.001)
(1.243280196 0.05145855542 0.001)
(1.287316652 0.05273503821 0.001)
(0.2782434456 0.02853386028 0.001)
(1.66442377 0.1357972937 0.001)
(0.9102594399 0.07971126308 0.001)
(0.9761932587 0.07637201586 0.001)
(1.890865573 0.06147878709 0.001)
(0.7566354714 0.1464444908 0.001)
(1.810274267 0.01716775762 0.001)
(1.265923539 0.07474619734 0.001)
(1.455432337 0.1200626777 0.001)
(0.6851352212 0.04048595688 0.001)
(0.8808563956 0.06033148736 0.001)
(0.8232179258 0.1484337442 0.001)
(1.1445951 0.1655090802 0.001)
(1.653308248 0.04738988564 0.001)
(0.9558018344 0.08032807614 0.001)
(0.3323988624 0.03180377306 0.001)
(0.4752725793 0.1596975062 0.001)
(0.2128590485 0.07233153596 0.001)
(1.731349729 0.159680063 0.001)
(1.936096397 0.1291779087 0.001)
(0.9807136895 0.1468894329 0.001)
(0.1874731457 0.05037543078 0.001)
(0.6433274332 0.1464725334 0.001)
(1.914190135 0.09569829791 0.001)
(1.6650682 0.0618884369 0.001)
(0.413079649 0.06715650618 0.001)
(0.4308977149 0.04162725914 0.001)
(1.845157383 0.06555946853 0.001)
(1.772152387 0.05283165039 0.001)
(0.1711153543 0.01944060416 0.001)
(0.6973583756 0.02125724606 0.001)
(1.302641106 0.178738909 0.001)
(0.1470234435 0.1416156109 0.001)
(0.6251820908 0.08481839453 0.001)
(1.696697661 0.06518720985 0.001)
(1.830444641 0.1787841868 0.001)
(0.5980500071 0.1530516198 0.001)
(0.2259014099 0.05356035808 0.001)
(1.980918144 0.0187152251 0.001)
(0.7140718085 0.1514590654 0.001)
(0.281180346 0.1770270897 0.001)
(1.393603996 0.1829902438 0.001)
(1.319530283 0.1631394801 0.001)
(0.9999824598 0.0214368461 0.001)
(0.8461513748 0.1489069451 0.001)
(0.9872072596 0.03655451687 0.001)
(0.7768077674 0.1479331825 0.001)
(1.80646851 0.06041397758 0.001)
(1.753735015 0.1806444856 0.001)
(0.7499109858 0.1311565651 0.001)
(0.9727821902 0.129591577 0.001)
(0.9339748894 0.1489268454 0.001)
(0.6102284242 0.1380989432 0.001)
(0.3558922351 0.05963480001 0.001)
(1.213732359 0.1588625957 0.001)
(0.2464071898 0.1802505523 0.001)
(1.752925438 0.02162435261 0.001)
(0.01802490966 0.1820953333 0.001)
(1.342601312 0.05457367299 0.001)
(0.3376437335 0.1837506331 0.001)
(1.66310422 0.01653217901 0.001)
(1.663372705 0.1837307914 0.001)
(1.225149665 0.1785942199 0.001)
(0.8643568189 0.01634113293 0.001)
(0.8651980493 0.1839743286 0.001)
(1.134973254 0.01585915544 0.001)
(1.135129848 0.1839301627 0.001)
(0.4502179582 0.06689057065 0.001)
(1.719316597 0.1781019959 0.001)
(1.226627334 0.02027589615 0.001)
(0.7748547957 0.1781836267 0.001)
(0.2963329738 0.01466474851 0.001)
(0.3270669936 0.04933491476 0.001)
(1.393017062 0.01635581911 0.001)
(0.6068811714 0.1832118675 0.001)
(0.2561104924 0.03450561901 0.001)
(0.5885780845 0.06400408466 0.001)
(0.01943497127 0.01934674659 0.001)
(1.980565029 0.1806532534 0.001)
(0.2373865195 0.03647515715 0.001)
(1.555614102 0.1689908003 0.001)
(0.7941782205 0.1480451035 0.001)
(0.9947864417 0.1692061125 0.001)
(1.085088275 0.07422359521 0.001)
(1.022658198 0.1474627261 0.001)
(1.736087649 0.131512254 0.001)
(0.4491115292 0.01601544184 0.001)
(1.977455665 0.06588769454 0.001)
(0.2463803865 0.02162930794 0.001)
(0.8079576498 0.02255664018 0.001)
(1.190987577 0.1802067483 0.001)
(0.8609303414 0.05972226286 0.001)
(1.191377393 0.05823643617 0.001)
(1.376180575 0.07390352508 0.001)
(0.3501361944 0.1571751695 0.001)
(1.757497504 0.1311382724 0.001)
(1.713824176 0.1310440144 0.001)
(1.113851456 0.1397552224 0.001)
(1.020321052 0.05493105095 0.001)
(1.558061019 0.03096691656 0.001)
(1.079883722 0.05935925249 0.001)
(0.7781144595 0.08460360498 0.001)
(1.778902743 0.1305800143 0.001)
(1.703072393 0.04744361353 0.001)
(1.430031252 0.1220407162 0.001)
(1.693175912 0.1313235123 0.001)
(1.043694151 0.1467561407 0.001)
(1.86577971 0.176610535 0.001)
(1.607008858 0.0268720362 0.001)
(0.3379997742 0.01515503577 0.001)
(1.607365099 0.1728755559 0.001)
(0.8109617621 0.06510126165 0.001)
(0.05999385075 0.09021736339 0.001)
(1.117961897 0.05776091014 0.001)
(1.828391365 0.1392262589 0.001)
(1.337481538 0.02017093748 0.001)
(1.799479514 0.1306189268 0.001)
(0.7629209797 0.0379805992 0.001)
(0.6638411513 0.1772867933 0.001)
(0.1726510683 0.05361704157 0.001)
(0.4177035313 0.02745227856 0.001)
(0.6249217948 0.05196420613 0.001)
(1.458414574 0.04956341716 0.001)
(1.303325432 0.02117887207 0.001)
(1.054600377 0.02935735098 0.001)
(1.044407733 0.05522427855 0.001)
(0.6390514303 0.1314644347 0.001)
(0.3170107295 0.03617661423 0.001)
(1.550262963 0.184512624 0.001)
(0.6963154302 0.178551017 0.001)
(1.839162127 0.1586711847 0.001)
(0.1372877334 0.0308212879 0.001)
(1.108932124 0.1256881247 0.001)
(0.7853738828 0.1623196056 0.001)
(0.9184440741 0.06361910132 0.001)
(1.16418912 0.1428008295 0.001)
(0.4485125351 0.1834577078 0.001)
(0.4451295602 0.03116862208 0.001)
(1.820711448 0.04563632104 0.001)
(0.6072655921 0.016494962 0.001)
(0.6122318232 0.06625268966 0.001)
(0.490587049 0.154690519 0.001)
(0.5434103719 0.1601343685 0.001)
(1.19183063 0.02143987172 0.001)
(0.8087085066 0.1795242975 0.001)
(1.720041135 0.021142903 0.001)
(1.014345775 0.1617851435 0.001)
(0.1186123172 0.1497688562 0.001)
(1.229120117 0.05592615807 0.001)
(1.550863093 0.01469022831 0.001)
(1.581152914 0.1689383122 0.001)
(1.775800488 0.06745139003 0.001)
(1.578858908 0.03195338144 0.001)
(0.6631321406 0.02034601551 0.001)
(1.334655491 0.1756070475 0.001)
)


// ************************************************************************* //
