/*--------------------------------*- C++ -*----------------------------------*\
| =========                 |                                                 |
| \\      /  F ield         | OpenFOAM: The Open Source CFD Toolbox           |
|  \\    /   O peration     | Version:  2412                                  |
|   \\  /    A nd           | Website:  www.openfoam.com                      |
|    \\/     M anipulation  |                                                 |
\*---------------------------------------------------------------------------*/
FoamFile
{
    version     2.0;
    format      ascii;
    arch        "LSB;label=32;scalar=64";
    note        "nPoints:9552  nCells:9092  nFaces:32051  nInternalFaces:13409";
    class       labelList;
    location    "constant/polyMesh";
    object      neighbour;
}
// * * * * * * * * * * * * * * * * * * * * * * * * * * * * * * * * * * * * * //


13409
(
91
364
5423
224
1108
1616
642
691
8162
318
697
3626
1923
7221
9089
2050
9083
238
1091
1584
62
89
3735
216
582
2046
657
1216
1375
343
493
3126
201
430
1953
111
742
4225
34
6102
6993
69
2800
3767
85
657
807
535
1967
5781
52
492
4265
137
4746
5932
625
1026
9091
63
205
2741
173
2172
7134
191
1445
6421
94
607
8242
242
1290
1734
115
968
3382
206
1262
2144
232
1852
8568
158
3559
6168
58
3190
6490
70
295
2831
60
1307
3975
200
1228
5427
253
1656
6149
2785
8782
369
541
2293
75
813
1699
267
644
7782
307
816
900
77
665
5353
580
591
5268
48
265
5918
47
312
8534
219
1997
2031
476
543
82
2605
7796
146
654
2308
112
8266
3583
6868
86
209
2064
334
463
1344
72
2650
2790
2637
3622
184
1021
4558
143
1301
3940
464
860
9043
275
1440
1755
348
381
2029
3046
6709
68
2113
7513
818
3179
213
1209
7768
1833
8980
122
6151
257
3000
4362
180
287
3652
325
1217
5782
305
1155
4434
215
7600
338
2739
1774
6354
103
6173
6620
7031
7351
281
372
1082
138
6162
7410
348
2169
593
1364
1660
594
2741
460
1052
5796
188
7437
7868
598
686
6359
175
1816
6792
6272
7303
93
4285
7911
522
782
5191
1194
4014
369
2661
286
2097
2791
106
1460
2086
149
6142
651
914
6131
433
4135
284
1056
7504
1176
6586
1536
5319
214
306
8412
148
1606
6948
172
3229
4758
346
471
6516
166
1665
3341
393
1276
197
446
4846
465
1493
6418
983
1887
479
1075
2519
266
542
4450
368
6480
352
669
8014
350
1545
1639
256
345
1959
339
1955
3298
358
8558
3931
8127
247
385
6503
246
2110
6068
617
9040
226
1721
4703
371
2337
6301
587
676
5059
468
718
3888
163
515
5237
298
3259
4540
665
915
445
7476
8788
160
1419
128
485
2313
259
536
5143
145
554
626
1409
7681
209
1961
7505
195
979
3346
732
822
2004
360
725
4425
181
195
3284
229
797
6959
244
1341
1437
183
823
5411
3098
5796
532
4187
638
1549
1975
333
1482
2690
550
3004
4948
337
2574
7995
6844
7300
293
1403
7893
1340
3598
2763
3091
536
728
2032
687
3359
1952
3623
1008
1349
2157
2050
4462
250
490
5642
315
764
1410
316
1838
3160
181
254
2615
585
4592
9090
323
503
5277
1177
8594
167
1499
5566
2484
7460
499
1281
6571
303
1245
4609
914
6009
227
1382
6435
273
4598
8089
1332
6381
1350
1869
410
3376
3845
3540
4978
289
5936
8553
332
1766
370
3987
1487
3096
962
2133
7472
1433
3409
366
6370
736
786
7717
404
1143
6725
618
785
1283
2121
6051
4534
237
739
3561
723
2880
5088
6131
223
510
865
327
1784
2820
673
3971
2799
7289
400
1684
7374
845
1219
5726
300
1175
265
2175
6745
340
6423
8846
880
1537
6482
4679
269
429
7366
3348
7358
517
2354
6528
357
5419
9088
4967
5648
1553
451
7991
8253
422
1119
3436
222
609
1013
271
6219
3157
662
5173
262
765
959
2503
362
7739
8797
632
734
2522
6962
9088
1520
8862
563
7876
1178
2399
2109
8116
295
800
421
684
6251
1027
388
4471
297
300
5775
2456
8354
245
6900
3985
374
2318
2910
4035
6416
1371
2218
419
2678
2723
974
3432
274
446
4818
413
418
6150
7138
7546
416
426
1438
1028
1331
6088
1004
2050
8655
462
2427
2816
1893
8451
3645
349
988
1242
258
671
863
6690
7444
4570
282
682
8564
620
2235
639
922
1167
1383
695
2999
477
8945
9074
318
872
6753
788
2847
375
1635
6884
611
5755
2348
3167
551
2407
399
1880
2742
695
2302
738
324
4419
1097
2977
285
682
2791
311
959
1373
740
781
1065
1103
4799
596
1214
1644
3126
319
4585
625
4371
995
5671
2073
6116
379
965
5892
408
4064
640
5488
6688
423
4215
523
2863
5436
687
1154
7335
356
427
5420
376
6655
1647
2568
6871
294
2481
5622
1432
7550
820
2039
347
7883
8908
1018
6514
2664
3015
4793
397
2737
290
2082
6505
2404
3484
694
6236
435
3402
3727
458
6104
6643
2723
8971
1117
9003
6451
473
7278
8090
2435
8215
3672
8915
2201
5300
2317
501
906
5774
735
1829
8986
664
335
489
3373
1972
561
7888
634
1463
330
7488
7923
705
730
932
500
4823
6220
831
3901
3254
3692
516
677
3193
957
1186
1569
7013
7926
1068
6764
341
2254
2679
2137
698
4445
765
1373
8309
1001
6511
8009
485
2795
2834
714
3897
683
2287
3485
6384
472
3903
5896
6239
7179
1016
3345
6272
787
888
5322
5316
5879
336
6702
8813
2248
7854
3809
6496
1102
1949
5819
8023
629
2546
2334
4185
415
3723
2504
3830
4917
8966
5955
6138
436
877
1755
677
4005
983
1282
1428
2093
2124
1341
8514
367
5173
1772
1350
3959
6107
533
1396
1728
4510
6867
5299
9078
679
6952
6985
791
999
1353
1081
1906
455
7020
1843
5467
405
1083
7023
1205
3134
625
6591
1287
6150
368
3095
7539
4152
6186
393
486
7104
585
1003
7527
8806
7619
4356
456
4721
1787
8533
7136
575
2873
3227
6401
8181
7456
7493
627
1859
434
450
1028
621
1638
2411
8153
9082
757
1445
1713
1518
1812
467
1166
7133
802
1294
5196
606
1069
1944
390
3576
409
670
5680
423
1377
1856
972
7499
637
1501
4263
750
5269
878
1129
1598
506
1066
2567
7296
556
5959
441
7331
8121
447
1679
8294
814
3981
601
3713
6909
6963
2200
8459
870
1195
4887
492
855
6545
515
3852
6010
1503
8368
4951
5993
1012
1081
4939
504
646
4475
411
6377
4114
5407
5686
6778
616
5968
809
933
1588
849
973
634
2930
3161
1179
2009
1643
2534
792
918
1495
2484
4805
4578
6315
828
1380
7572
2220
7047
3034
3158
5464
736
882
8842
629
821
5666
569
6970
431
7904
612
1787
2876
652
8064
725
6483
8467
8505
685
746
1960
1351
1913
826
1060
6937
7792
858
8417
803
840
1706
636
2382
6857
567
8623
480
1840
6550
1261
3703
892
1206
4551
583
4788
6225
951
990
1562
2057
4142
4318
1610
7273
1075
2912
7217
805
812
1124
2125
7427
1465
8038
521
6028
7079
856
1099
2938
1005
2111
8470
3870
3994
6115
549
2891
8111
1128
5130
779
6501
6966
894
2444
553
3546
3745
1146
2537
836
7001
4256
5156
6297
8129
478
4978
7300
6598
6967
4753
6671
1172
1407
1710
513
871
972
6875
7694
3621
8102
7300
8557
2200
5448
922
1849
8658
4697
6085
1516
7144
8557
556
2611
1035
1631
817
1310
1737
1170
3412
488
1813
3685
841
1078
2181
7212
1895
7788
977
1225
4407
771
7559
498
5799
4257
5805
571
5446
6941
3362
3973
7767
496
6895
8186
539
5154
7001
760
5647
2001
5574
2321
4181
2176
7861
1367
7938
1621
3734
577
8529
3614
7680
505
4391
1489
2460
1740
2980
1117
1788
3249
540
964
566
573
3666
1817
1849
696
862
2070
711
1051
1564
7183
8067
989
1030
1609
6964
1049
4541
3952
8175
637
843
1237
955
4332
7125
975
1405
3880
1011
4494
4170
7329
1127
8513
631
1227
2126
559
6330
6887
839
1246
1531
690
1062
4408
633
3508
4184
796
2102
2701
827
850
5238
709
2108
6385
630
5576
3136
3675
944
5959
755
6212
6285
1003
8254
811
3818
8051
1344
3741
1491
5098
1031
3774
1012
1906
979
4340
897
4046
9017
758
1414
5212
1822
2536
568
6356
6692
811
1495
7026
7423
8785
564
1258
574
3199
1675
1924
4628
921
6358
884
1394
2286
8077
1994
981
1813
7566
846
2496
2512
5140
7482
565
1583
2413
1362
3122
1046
1067
1958
6199
6752
1384
2950
1256
951
7040
2402
7864
4760
6740
660
1375
752
2202
2243
1085
2497
1442
3675
2246
8926
3843
8515
1080
6274
924
1646
3177
3412
7518
672
5881
8836
1013
1153
3055
618
1231
978
1266
2228
2013
4367
2301
7071
976
1455
6424
8832
867
1313
1696
2321
5179
964
2804
7270
1982
6375
8161
608
958
1037
2205
5928
692
3110
3389
7170
7333
1550
1902
1338
2132
2391
6454
7069
909
7447
8928
1844
4540
664
8529
641
1566
4096
2789
3559
735
997
8871
1007
1863
2695
724
756
1580
862
1890
1914
1574
7539
1454
3520
2119
5817
964
1071
2104
4527
7136
8490
6395
6484
1859
6627
683
1095
3185
1031
1147
2528
6473
7157
3254
4571
2641
6107
1047
3638
8623
950
1409
4953
941
6784
6839
1429
1711
7565
745
838
8368
2287
2392
6071
6746
1113
4125
5530
6308
5309
7720
745
3211
1412
2673
7661
1293
6826
2038
1800
6733
6690
1990
7544
6995
7338
6536
8944
916
1208
3273
2950
3756
6386
7119
1627
4611
1429
5989
8671
891
1077
1393
1357
1574
5425
775
5006
8314
5051
7288
869
1405
1010
1730
2457
1354
2712
4203
4213
4831
857
864
3563
6970
668
7249
1029
1140
2435
4408
8955
738
8557
2361
4118
1035
1156
3610
5009
6622
1592
5300
737
1876
2526
3876
4131
1315
8787
1355
3104
3870
6810
8403
2259
4327
1063
1193
1522
868
1923
4460
8462
2080
715
2911
4480
6437
8318
5952
6954
2048
5454
2097
953
2505
5249
6638
8929
6156
7412
7123
1214
1557
2558
893
1710
6501
2597
2939
2282
7697
4647
5027
769
771
5785
886
3322
1908
2835
7860
4914
6880
4701
7925
1485
1717
2040
908
6163
7650
825
1482
5677
942
1354
3833
717
2010
3659
708
1020
3360
7137
7998
766
3865
8262
840
4574
7222
1374
8390
1233
6481
762
1252
2961
751
3962
755
1628
2295
749
7255
8905
1181
5235
719
1121
742
873
4769
2960
8166
2062
3599
1328
6604
825
835
5390
935
2448
6667
1167
1851
2204
1226
3460
851
1509
1131
1109
1392
2796
774
1378
3732
1184
6097
1407
6697
8664
4471
966
3761
5744
3368
5686
1144
3151
4696
3258
6242
3914
2417
1017
2878
8075
2248
3601
1964
753
1312
5572
4699
875
8210
8754
842
875
5011
1422
987
2021
1054
6014
1635
6588
6906
7614
2604
6008
928
1528
6670
7508
7816
1014
1555
3128
1622
6670
890
1682
1718
1832
1928
5952
769
5752
1002
1496
2555
1309
6419
831
1205
2116
1121
2388
9047
1896
4528
915
6622
6874
930
8112
9038
5218
902
1578
7604
6402
1424
7411
7462
784
1372
5547
5542
6877
7215
8578
1459
1555
8683
3172
8489
1408
2562
3557
4880
6020
1171
1560
1968
8575
5284
8158
1073
1156
1840
3484
7266
1327
9015
2262
9011
2278
7628
1525
4111
844
7525
8224
1517
2370
2830
7323
1581
9010
1506
3925
5262
985
1121
1502
1072
1704
2716
1802
1898
8505
8947
1291
1798
4504
1285
7499
1116
2685
1488
2599
3587
4222
7064
3630
5744
1079
1356
2199
1465
1041
1289
3079
1152
1207
1128
2670
5230
4606
5355
860
1244
5992
9010
4256
8038
1110
6338
971
4451
1508
1640
4590
3671
4917
1854
2049
4500
4860
926
1639
1655
920
7311
2870
5313
1870
6615
4642
5410
900
3211
4750
5755
946
4934
1599
2607
1236
2082
4914
1259
2317
6361
851
2274
7612
881
3678
5429
3048
6604
6904
8767
3909
6822
1610
6918
8689
9038
1533
7059
1142
4407
5083
7361
5454
5929
7791
977
1797
1308
4421
931
1362
3296
1105
3768
6136
1287
6094
1746
2989
7010
1138
1314
1549
2334
6782
1421
2972
4544
1471
3276
4405
8647
1324
9057
2208
6888
1380
6536
8312
5943
874
8275
8519
5965
953
1291
2141
901
2863
1226
2807
2953
1285
1695
8725
1138
3807
6238
1474
7149
8478
8889
5265
7244
1036
6689
4037
1022
8288
8612
1506
2746
8049
8646
3853
4287
7098
7379
7802
2903
3419
1044
7683
4384
6863
3782
6958
1211
1533
2384
1087
4572
913
6593
7280
1245
5009
1509
7763
8816
1260
8954
1005
8483
929
7376
1254
2447
1534
1571
1857
5635
8609
1471
1870
5373
7492
8870
982
7762
8994
1111
3415
5951
4491
1139
4818
6276
7061
1330
7529
7629
1096
5466
6902
1261
3058
8516
1437
3638
1419
6863
1686
5728
7651
7901
1092
1498
2034
1395
1963
4625
1255
5153
5337
6288
8935
5382
6957
1801
6302
987
1034
1629
3713
1359
6841
8726
1640
8582
1819
3718
1383
1851
4864
5216
8480
940
3341
5240
2118
8362
1284
1685
5115
6370
3318
7664
1859
6735
1758
4814
1016
1169
1847
1308
1448
4790
7988
8143
998
2081
2914
1317
3087
6984
1356
3285
5701
946
2304
3204
1658
5202
2360
6520
2161
2765
949
5138
8084
3172
8812
1213
2870
5666
6467
1315
2347
8780
1215
4709
7105
1737
2077
6017
6109
7080
1645
2252
3716
4509
1229
1815
2768
6508
7316
2410
2804
7126
1222
7859
1190
4700
1088
1613
5508
2787
3255
7199
7586
1417
3783
6136
8589
8670
1915
2192
1626
2385
3397
1195
4645
1304
1333
5095
1463
2930
3410
1825
4062
6063
2255
4637
2395
8064
8940
3599
5380
2181
8254
7342
1051
1881
6976
4624
6177
4967
5880
5517
2586
4493
5008
6604
1504
4466
6098
4748
1735
1869
1650
9066
1469
6005
1009
1439
3203
1076
5997
8061
1221
2108
6026
1042
5663
8303
5119
5888
1364
8724
8969
1266
1738
2281
8080
1320
7651
1041
2017
4856
1040
7199
6627
6943
6448
6717
1400
5956
6397
1413
1523
1189
1466
3690
7172
1401
1818
1563
4481
4445
2233
3900
1220
6352
7728
7137
1218
3049
1233
6283
1766
5671
1100
3550
6717
8175
1120
5850
7245
7422
1164
8315
8762
1085
1637
3166
8716
1039
2327
7025
1334
8050
2661
1057
1165
1904
1312
1873
4649
6655
2932
1162
6052
1555
1130
1500
3268
2311
6517
1285
8499
2400
6011
7598
1136
2997
4280
1674
6759
1222
3825
3915
2395
2454
6556
1061
7435
8686
1295
4005
2920
3074
7877
7439
3098
4870
1118
1163
5844
1660
6962
1325
1688
7647
6481
8170
1376
2986
1958
8649
1238
5607
8032
1331
1493
6339
1262
4038
2520
3104
1692
6140
3745
5826
4547
7937
2221
5168
2049
2446
1200
5270
1556
7219
2001
7219
1894
7274
7524
7424
7155
8357
1197
1247
6588
7119
2010
3248
5670
1257
1319
5057
1180
1480
1558
3787
1768
2517
3709
1705
2918
7510
7773
1112
2036
7252
5473
5843
6320
3045
5729
6782
1499
1836
3749
2085
2158
2358
1829
9068
2465
6980
1159
5414
1964
5116
2821
3076
1512
3812
1427
1511
4602
1606
2666
2876
6067
1258
5960
6302
2182
3716
1333
1687
4285
1733
3561
8896
4081
5991
7274
5471
7742
6785
6899
3383
6608
1603
5246
5283
6032
2500
8563
2052
7573
1483
4786
6141
8329
1271
5621
1309
3234
3303
1300
1961
2736
1594
1243
7405
7903
7249
7939
2261
6760
6698
2826
7621
1154
5915
1715
6170
1466
3036
5839
1256
1957
4772
1438
1589
4014
1423
1453
1791
1568
4178
2413
8937
2073
1817
2432
2317
1232
1754
8904
8677
5793
8999
6874
7467
1780
2539
4483
1460
3453
2330
4862
2530
3154
6757
1649
1651
1688
1950
2509
3227
1547
8152
8481
2353
2540
6279
1359
7476
1786
7855
1378
2190
3821
5523
7173
1336
2781
7669
1345
4113
5078
1805
6729
5903
6695
4742
7030
1179
2401
3510
8559
5632
1402
1719
2163
2782
3765
8050
9026
7422
2090
3673
1775
3844
3945
2322
2350
5638
1259
1713
1648
4962
3194
5413
2026
4202
3551
1971
2473
1535
5004
1361
3744
7439
1227
2253
2780
1241
1701
2361
8630
1239
5482
1242
1457
2225
1771
3659
6056
6918
5773
6070
2309
2908
7371
2259
8772
1277
1508
1263
1264
3625
2184
2415
8042
1400
3313
1484
2054
4284
1945
2076
2821
3228
3394
1279
1678
2718
1369
5189
6186
1543
2124
4474
1385
5456
7622
7642
5841
6681
1216
6591
2278
7901
1230
1425
1620
1670
1726
1358
5337
6594
6983
8721
4459
2200
3385
7101
8832
2222
2421
6255
7931
7705
8274
7857
8454
7688
1276
8630
1839
2937
3245
1979
6255
6728
2713
1793
1925
5110
6498
3105
3159
2202
2199
3285
6379
1679
2157
8156
2952
3213
4039
1707
2137
1972
2360
7778
3356
3396
6014
8278
1745
3222
1753
6939
6998
2808
6157
6415
1680
1389
3247
1477
2521
6630
2890
6256
7096
1824
2104
8196
1716
2025
5091
1576
5431
1398
1868
1893
1791
2090
7406
8244
1786
1918
4736
3273
1548
1552
5500
2811
6047
1589
3468
1860
2353
2824
4684
5875
1808
1597
6461
7712
1666
5350
6676
1591
2007
2633
1423
1792
4606
6082
7497
1584
8665
1494
1518
4077
1387
2705
2835
2064
2161
7505
5438
5494
1332
5658
5678
1994
2281
3116
3549
1418
3370
2170
3278
5023
5268
3788
6860
1765
1780
1888
6213
1379
6968
8167
1938
4335
6447
7169
5610
5030
5747
1799
4875
5813
8496
2545
4455
1636
1773
4160
1368
1381
6164
1454
5851
8640
1318
2062
3641
2156
2466
4978
8863
1803
2602
4834
4592
6571
8531
2142
3967
1519
2940
3060
1352
2282
3776
5937
8577
2485
4167
1604
2446
1443
1567
5776
7983
6511
8241
3645
8579
2349
4030
4396
7773
8475
1428
3857
1799
7115
8928
2579
3006
7369
1616
8332
1847
2290
5550
2439
7096
1782
1832
2995
4471
6063
8710
4876
5087
1734
8339
4480
7889
5567
8977
3712
5779
7144
1739
1807
2803
8001
8845
1526
2035
4375
1728
8178
2584
2740
3164
1422
8108
7556
1691
5506
6438
1512
2068
2416
1434
1963
5865
1639
8362
1593
1634
5797
1527
2298
2572
3036
6928
1615
2755
2894
7682
4055
4616
4322
1553
5838
5090
6662
1703
8137
8788
1535
3472
3773
1564
4159
2672
1682
7085
7663
8714
1491
8563
5253
7846
1430
5534
6785
7334
7471
8642
1622
1877
3637
4463
5484
1732
2404
3646
1882
8121
1479
1905
3219
1472
3455
5490
1714
8333
7697
1760
6587
5328
8560
2810
3129
4196
7113
7206
3406
4597
8535
8348
8626
1600
2305
6638
2213
2220
1638
8500
2456
3055
9016
1510
7489
2213
7820
7328
7758
2509
5252
1976
8178
6413
8757
1681
3601
3318
4319
5570
1810
1457
1776
3655
6401
7254
8201
1633
2510
2716
1461
1732
2968
7840
1815
5981
4060
1502
6195
1743
1775
6130
6074
8602
1730
2072
7647
8899
2195
3225
3573
1582
6818
8302
6873
6963
1725
6120
4805
1431
6006
6797
7679
7689
1661
7038
7850
8600
8171
8897
2743
6956
7168
1702
2507
3856
7695
2045
5081
2242
4270
1918
2543
2007
7596
2012
2666
2306
2546
5666
1736
2095
6312
7702
3704
1708
7797
2746
6528
2752
3430
8685
1728
4253
1686
2849
1871
1981
3893
7085
1730
1776
1837
2103
2254
3267
3329
4344
3441
6624
7308
1755
8417
1702
2075
4617
1525
3698
4141
2447
5298
5830
2062
3474
1602
1769
3959
1929
8440
8672
8575
5137
2570
3274
1612
8716
6031
1926
1962
5599
9086
2575
7018
7449
1565
1883
2816
2261
8003
1800
5729
7676
2178
1690
3175
6894
7991
9087
7199
8499
1683
2022
8705
2031
8424
7636
7724
1513
1747
7816
4106
8834
1712
2796
1843
4338
6409
4099
1757
6893
1557
1644
2148
3473
1936
3497
5231
3740
7317
2305
8714
2016
2976
1586
2212
3175
8099
3794
3867
6768
5289
1630
4587
4090
1587
1551
6639
6706
2318
7377
1762
2408
2057
7019
6521
8689
2701
8380
4547
6551
1979
1888
3448
3946
8240
8833
5649
7398
3408
3158
6166
2140
6617
7930
1567
2936
2283
8847
2601
2651
2130
5941
6062
5693
8918
1744
2005
4909
1640
8010
1837
2146
2559
8345
8713
5676
1744
2239
1855
3658
1881
2234
2682
7264
2493
7589
8669
7777
8970
1546
4223
6533
4462
1866
2805
2940
1855
7576
6976
7439
2197
5764
7450
2118
5605
6619
2052
6309
7121
1779
2499
3526
2069
4791
7110
1959
2148
2250
3366
5708
2602
7272
1967
8408
2072
2695
1973
8060
2861
3316
6913
8079
7855
4182
1696
4089
7207
1610
6997
3684
6346
7373
1940
5889
8184
4690
2871
2879
5623
2280
3666
6490
7557
6808
3122
7876
3662
5618
1671
2067
7896
2585
4272
2850
4809
7187
6332
8698
1880
2006
3618
1945
2245
4289
5585
1627
4309
4731
1983
4138
3074
3500
3793
2174
5730
1956
2147
7097
2376
8786
2506
8661
1957
3300
8951
1667
2277
2528
2131
2620
2299
3600
1792
2630
2115
1742
2452
2648
1831
2211
4149
9052
1720
3199
6228
8365
2144
8586
1779
1828
2887
7102
8676
7850
8222
7682
2021
7014
1879
1894
2419
2777
6085
6380
1785
3546
1676
2452
3481
6291
1885
2041
2385
1797
3700
4909
3173
4842
1749
2729
3480
2003
2236
1991
5920
1739
1892
2189
2987
3378
8963
2738
4234
8794
1853
3236
5514
3870
4780
5953
2114
3604
2581
8192
4692
1784
2931
3261
1876
3489
5046
5888
7380
8667
7495
7801
4241
1884
4006
1960
1812
2100
1853
4249
1836
1869
2155
7569
7589
8515
8553
3048
2777
8361
2904
4420
8956
1892
2505
2775
1848
1986
2576
2535
4408
3493
2324
2619
3182
6800
7010
7612
1687
6436
1782
2698
8838
1826
8693
2909
4414
5855
1875
2065
5693
2363
4142
4328
2602
8453
8160
9039
1882
2589
2925
6066
7264
2340
4985
6916
3751
3508
7135
1751
2220
4489
2955
3089
6981
2019
2026
2319
2154
5743
5608
6824
2503
2661
1746
3245
5864
1842
3153
3666
1830
3150
3977
1934
8835
8982
2548
8772
6375
8323
1846
8407
2356
4873
4054
6614
1989
6918
5816
8119
5671
7380
7855
4131
5214
3427
4483
6482
6739
3977
3855
7591
2163
2424
4827
1904
2620
6946
7350
1774
6451
2640
3109
6693
2092
2629
5216
1814
7444
2079
2226
4196
1751
2530
3014
2023
8545
2136
2256
2774
1862
2899
2394
2223
5580
1723
7569
2411
6347
5040
7309
1848
2475
7748
7868
1841
4924
8530
8723
2358
5369
7489
8494
7246
1783
8510
6483
6829
8690
4474
8371
2471
5094
6910
8679
1778
2624
7562
8300
2583
3024
7726
8872
2204
2860
7229
7786
8005
6618
8655
1947
2866
7310
2097
8564
1752
4949
6700
5085
2248
8598
8681
3355
3575
5831
7203
3086
2149
7455
4143
1807
2189
2532
4658
7030
2283
7343
3826
4351
2053
2032
6196
6467
3137
3241
2351
2652
2837
2047
2083
1935
2143
3295
3247
4670
5357
3269
3575
7315
7672
2122
4826
6389
2030
8352
3042
3122
1902
3099
4457
7488
7564
1820
6636
7420
2214
6279
1844
2936
5776
2696
2872
6433
1965
2183
3601
2225
2309
3269
2018
2450
1980
2284
1996
4097
7946
2949
3597
5471
6230
2367
2419
3176
6041
6091
2016
2265
3499
1948
2393
3604
5624
1897
2047
2810
2462
2035
8095
7349
2011
4931
7663
2011
6952
7111
1794
6624
7280
2185
5463
7426
2335
4804
2776
7658
2017
2802
4736
8605
2292
2697
2769
6972
4888
6536
7044
6947
8902
2732
3608
7929
8035
4149
7846
2081
5443
1915
2314
5538
3280
8871
2592
3725
7355
2420
8753
1891
2002
2071
2169
7223
2826
7850
2798
7739
8797
2262
2225
6859
7060
7226
1926
3085
1992
2629
3145
2604
5043
5809
8500
2023
2512
2526
3049
2084
7094
4131
8705
2326
6182
4922
3101
5193
1886
7035
2725
6146
7381
3031
3893
8207
1914
2070
2550
5291
4669
7294
7813
3339
6467
6076
6365
6769
1939
6080
7235
3672
2694
3640
6715
2027
4150
5930
2396
9011
2312
2636
2671
4427
1929
8020
8719
2077
3978
8366
1974
5866
4975
8079
2169
2485
2496
3416
4127
1896
7633
8101
2533
6436
1954
1990
2024
3811
7879
4976
5162
6731
2173
2377
1956
3731
6284
6914
7416
6613
1875
4765
3041
3352
6537
1912
7093
1878
5408
6348
4784
2382
1967
8031
4499
8335
1900
3167
3491
6478
3703
2885
3042
2954
3676
1922
1936
2328
2771
2170
3050
6811
1913
3588
4254
2266
4873
1996
3209
2332
4960
5612
5438
6880
7077
1993
2275
2698
2703
2153
2595
3607
3131
8160
3256
3650
6249
6065
2102
2832
4466
2369
3069
4723
5020
3146
5455
5650
1911
3576
2138
2424
4872
2128
2436
5726
2042
3063
7320
7516
5318
2656
2480
2099
2906
3991
3414
3726
6335
4156
2373
2551
4128
2071
2785
3244
2177
2653
3139
2600
3397
7955
2191
7961
3008
3183
6376
2244
7547
7890
2151
7091
7526
2468
2519
8812
2153
2975
4086
1938
3372
4275
2489
2990
3101
4103
6021
2914
3116
2642
2598
6315
6542
4856
2246
2340
5309
6179
2106
4339
7413
2707
5630
7357
2011
2446
7813
2117
3095
2702
2092
3459
5442
2531
4948
2877
2942
2490
3904
2096
2362
2492
3671
6031
3223
5705
2720
2146
2854
7075
8584
3618
7674
9054
2514
6489
4076
2162
4546
4724
4700
2046
3448
4012
7552
8483
3203
8791
2384
2824
3150
2391
2714
3117
6006
8494
4263
6038
6420
3175
5868
3645
5729
1978
8157
3168
4295
7776
2832
4488
2208
4492
6192
2844
5650
2179
5023
2229
3926
7733
9084
9087
2234
3970
5097
2060
3050
2177
2293
2677
3477
3806
6368
6328
7319
3293
5487
7299
3338
3466
2083
2216
8692
2029
2130
3576
2785
2231
6517
2578
4438
4550
3186
3797
4022
2881
3416
7046
8196
2561
3456
6843
7289
2178
3016
2128
4375
2055
2147
7807
2096
3106
3212
2366
3215
7163
2618
2727
3448
4813
2054
2387
3684
2301
5031
8651
3238
3441
2139
6444
2399
4848
2191
2329
2425
7590
6572
7205
2496
3454
3750
6625
9060
7109
8284
8899
2682
3015
4333
5269
3581
6709
9041
2458
2230
3847
5221
2910
5594
6699
2294
8388
2074
5400
5911
3071
7019
2438
2664
2332
4601
2138
3497
2130
2659
2459
2527
3132
3045
4551
6819
2320
5000
4940
6806
4384
4528
6431
2902
2919
5907
5552
3591
3700
4404
2252
2742
3223
5991
7287
7817
2901
3577
5333
2315
2560
3743
2333
5885
2347
6299
6790
4491
8966
3537
4192
7768
5644
7379
5943
7673
3260
3390
3916
4808
3781
2747
6223
8060
2754
4629
3916
4602
6936
8647
2273
2147
2390
3947
2187
5285
2888
5617
6577
2898
2603
5747
8421
2793
3961
2288
6318
2680
6931
8436
2195
2398
2763
2293
2518
4350
6250
2105
3586
5471
3177
2303
2999
2350
3486
5183
2508
6600
5807
2373
4963
6951
2463
2612
2485
3552
2272
2917
8974
2196
3214
3616
8381
3984
8097
4043
4704
2267
5870
6059
4048
2594
7216
2210
6289
2257
8753
3377
6878
8572
4252
7051
2499
2511
2219
3885
2237
3521
3066
3228
8068
6070
7890
4509
8639
2479
7735
3902
4535
2251
2525
3629
7701
4796
6647
2593
4832
2809
3292
7353
4640
5816
8671
2625
2634
4320
7160
8009
8117
2190
5516
6273
3063
3482
3889
2557
2869
2576
4879
3636
4037
5708
7789
4888
5806
2658
5339
2429
2657
9067
2396
2946
4633
6652
3197
2228
6657
2891
3038
3336
6798
2303
7275
7701
3499
2327
2431
3355
5513
2503
2767
8387
4759
6928
2307
7585
7892
2188
2271
5121
5869
2410
4003
3617
2329
3329
3803
2204
4431
7921
3071
3340
5454
2330
2653
4857
3525
3760
3949
2333
2840
2883
3835
8562
8590
2325
2517
2375
7066
3973
6680
7095
8531
3774
2209
2704
8645
5773
8798
7884
2272
2619
2539
2714
2959
7579
5731
7434
2194
5945
8492
3073
3129
3571
4092
4601
4518
4150
2780
3630
3362
3622
8031
2717
3287
2230
2732
3405
4760
8146
3407
3505
6630
7463
8690
8959
5928
2740
3477
7072
7999
9005
2315
3169
3724
3065
3210
7721
5682
2715
3276
5258
5261
2455
2724
2921
4549
8643
2745
3037
2270
2365
4099
2381
4896
2249
3314
7598
2279
3220
2927
3704
3363
7713
2557
3404
7584
8001
2549
2552
2646
2531
4895
2518
2712
2801
6403
2343
4604
4119
7324
7826
7717
8658
3835
4411
5240
3220
5328
4199
3134
6253
3842
3875
7291
2856
8095
2300
3437
4304
2488
3099
3155
2473
5315
4002
8637
5817
6755
3391
6611
8817
2494
2825
6659
2582
3913
2627
2969
2750
4429
2390
2593
4024
7153
2623
8139
2515
3404
3413
6099
4194
6053
7464
7730
5779
8703
7188
7683
2965
3187
4418
3314
4070
6011
2595
2728
4824
5802
3022
6644
2761
3218
4698
3136
6098
8157
2690
2990
2516
6882
7542
3370
8005
6472
8816
3184
3957
2362
2879
3106
2451
2767
3797
2957
4832
4715
7188
7224
7631
3481
4066
2733
3144
7542
7150
8494
7054
2564
3453
3233
3721
7262
2309
5355
2608
3864
3998
3302
4117
2374
4678
2591
3451
2524
3138
6128
2517
2547
2621
2655
3201
4183
8907
8786
8471
2665
3063
7981
3339
6938
8724
2563
3354
3089
3568
2398
2801
3607
4086
6486
5743
8537
2459
4337
2386
3105
3761
4358
3928
2763
2846
3225
5985
2474
2498
6056
8972
4497
3778
3781
6691
7733
8856
2609
4424
3500
6332
2794
4328
2455
2895
5215
3774
2652
2928
3286
4490
4133
2402
2495
4606
2407
3843
6484
8036
2631
2827
3928
3297
4052
6766
6319
2899
3855
6134
4058
5914
3531
4293
3587
3682
5681
4485
5410
8448
3648
3665
7388
6867
6140
6637
6763
3839
4661
4969
2538
3742
5304
3540
7413
8614
2367
2852
3392
5802
6748
2383
2883
3464
6658
2537
3877
5137
2596
8889
2873
6492
7817
2549
3705
7637
2489
2610
2401
4689
2922
3665
5208
3455
3551
6704
7231
2378
2836
3295
2666
2745
3359
3786
2818
3693
2644
4979
6607
7010
2547
2558
2657
3862
2569
3795
4201
3690
5827
7748
4644
7853
7260
3646
5122
7777
4872
2795
3256
2621
3428
2911
7381
2933
3556
5579
2609
6306
4419
7962
2434
5519
4718
7969
6944
3800
3187
4486
7764
4794
4267
2776
2802
3219
3006
2617
7135
8659
5797
2843
3296
4078
3162
3195
5103
4165
2554
2896
2501
2558
2805
7087
7186
6228
8745
7052
2706
3581
4786
6175
7405
2464
2572
2958
3555
2478
2501
8194
8873
9048
2523
3819
3897
6015
6062
3462
3515
4670
4655
4169
4421
2470
7375
8425
6752
7876
3679
4052
7375
3056
7722
4793
5202
5908
4646
4958
2461
2478
3837
2615
3199
7755
4532
7931
2764
2767
3002
6926
8582
5795
5806
3076
3083
3206
2709
2944
3968
2451
2461
3002
5914
5984
2731
6646
2523
2557
3582
4880
3113
3335
2676
3353
3567
2621
3580
5178
5292
2521
2717
3505
2573
3220
4288
7783
6223
8353
2977
3933
2681
2681
4650
5182
2703
4102
2736
2875
2467
3658
5165
5487
2764
2842
2487
3408
2912
8769
2754
3562
5041
8134
8195
4403
6541
2486
3201
3801
6284
3554
4210
2898
4633
2902
3321
7634
2632
2837
3565
8041
3277
6846
3919
4298
5209
7111
3424
6191
7066
2563
2924
3447
8004
2846
3165
2494
5830
2691
2945
5923
5395
6291
3549
7643
7814
3462
6726
7513
7600
2650
6250
7371
2904
2955
2529
3389
3077
7392
8583
4459
2897
3057
3574
4485
4642
4143
2566
8311
3371
6666
8484
8933
5865
4202
7600
2614
3094
4211
2646
3307
4810
2665
3989
4875
5057
3425
3513
4356
5959
5407
8610
5945
2849
5728
3790
2867
7916
2982
5509
3342
2636
7318
4539
4848
7383
8273
3758
2924
4666
3222
3418
2841
3444
2939
3141
4498
5808
5177
3621
8186
3452
6578
7099
5567
8726
2736
2842
2886
6979
8277
2652
3565
4708
2869
4197
3327
3684
4529
5631
5199
3778
4370
3471
4576
4443
8062
6163
8649
2632
5545
4183
8820
2708
2744
3366
4448
6265
2571
2631
5910
8393
6498
8356
6983
3115
3170
2719
3379
3538
4235
8858
4601
8371
7207
7776
3733
5384
4073
4410
3306
4947
2663
2957
4311
5157
7801
8193
8888
6753
3203
4690
7797
4510
7229
4194
7864
3674
4148
4514
3706
5569
2882
3009
4944
8895
6912
8304
3915
5791
8937
3044
8290
8771
2830
3282
3458
3047
3360
2616
2829
4499
2954
3005
2923
6043
2991
4452
5206
3064
2700
3661
4129
6047
7994
8931
6601
7014
2674
3012
3282
4243
2823
4644
6503
3339
6738
2769
2959
3496
4648
4085
4402
6722
2622
4271
5251
8249
2886
2948
3739
4302
8115
5844
8171
3953
4135
5735
7833
8328
2745
4461
2733
2986
2649
3852
5151
6599
2788
3519
2941
3628
2627
2751
4334
7789
3263
6793
8751
3792
2782
6650
3894
3268
2828
3409
2984
4549
2866
3963
7910
2667
6692
7597
3386
3810
7829
2934
2948
3991
2983
4215
7323
8888
2674
8053
3833
4417
5506
3309
3424
3258
3470
6061
7364
5721
5786
7368
5426
7583
2722
5544
5851
2854
3293
5798
3369
3387
4809
3165
3253
4824
5308
3032
3932
4695
3482
4077
7074
7543
2973
5715
6849
3253
3260
4080
5393
2722
4313
3828
4657
7435
2677
3139
7377
4859
6111
3411
3854
2843
3142
3446
4807
4522
2759
3691
3722
2900
3121
2903
4538
8971
3214
3250
8580
8946
4475
4385
2829
3239
3558
3982
5516
7177
2831
6309
2784
2922
4244
3301
4951
7767
3034
3147
3640
5149
6575
8927
2824
2934
2943
2838
2943
3155
3012
3726
3737
3152
3281
5488
2748
4193
6305
6411
7770
2760
2839
3592
3458
3520
8887
4821
8413
5834
5268
7999
2881
3281
3221
3934
3077
6647
2969
3522
2859
2893
2914
3230
5443
2848
2895
3536
2765
3217
3630
4940
3007
3240
7655
3440
7382
8613
3732
3821
4425
6828
2816
2964
3453
6010
5058
2828
5927
4102
4403
2919
3181
4505
3741
4851
2976
3323
3290
8653
2840
4225
4411
6628
8698
5476
4779
2998
3468
3885
3090
3179
4004
3884
7189
6612
7404
2809
3215
5867
2962
3783
6767
8631
2864
5759
8614
3001
3288
2847
6209
3195
3407
5460
3584
3597
2901
5321
6032
8284
3746
5011
5021
3475
2838
3588
2848
2882
5305
4617
5734
7969
3022
3335
5034
4188
7483
3118
3539
6147
6902
3473
4166
5613
4468
3537
2862
2961
4138
3103
5873
4324
3287
3433
5265
3536
5573
3532
3589
5325
2832
3405
7216
4197
7107
3905
5290
3384
4492
3388
3643
4960
2853
3062
3950
3919
4057
5580
7271
3140
3155
3588
2868
5621
3487
4784
6552
3299
6364
2877
3082
8573
9081
6659
7329
7731
2851
5456
6155
3291
5111
7025
7684
3886
8734
2926
3360
3812
3294
3789
7003
7196
7353
8660
3337
6288
4627
5278
5098
4870
2812
3679
8134
2978
6269
2956
4280
4727
3553
2815
8100
5258
5351
4387
5282
8120
3401
3720
7874
2819
3703
3268
4227
6039
2889
3921
2925
3624
2935
8303
3391
2929
3248
3659
3480
3545
3408
3550
8725
5081
7938
3728
4291
3661
8263
2953
3052
3353
3435
7419
7570
3100
3670
4227
4104
5541
6034
8558
3704
5071
5406
6035
5597
8207
3434
5221
6581
8107
4186
3913
7841
8142
8285
4325
4680
3997
2928
3736
5114
5668
7518
7678
3246
3591
2951
4104
6360
4467
6494
8030
3351
3544
4550
5632
2962
3564
3687
3896
6961
3683
4087
3056
3814
7692
3635
3289
3878
2994
3317
4172
5145
2929
4393
4255
6835
5623
3140
3216
4254
4076
6495
4931
4345
3404
7260
4971
3438
7496
2998
3410
4615
3344
5365
6454
2964
4379
4390
4762
6840
3126
3583
2897
3303
5795
6442
8319
3119
3321
4988
4482
5484
3239
3478
8011
3037
5601
4167
4983
5609
3052
3216
4620
4918
4350
4174
2970
3820
8176
6360
6495
5370
6437
8617
6859
8625
4365
5041
7228
7629
8228
6690
7462
8148
3823
4890
6909
3270
3343
4447
3768
6475
6703
6921
6595
3709
6444
5868
7057
3226
3160
7940
7618
3112
3479
3498
3663
6141
4969
2949
5305
2935
5163
3038
4249
4368
4695
4173
3328
4015
6738
8823
3166
6224
4747
3897
3681
3719
3698
4218
2951
3400
4728
3542
4457
6491
7703
3673
6223
7840
5220
3543
8581
3991
3868
3869
4001
3143
4671
5084
6723
2991
8710
6411
4694
6679
3426
4064
2988
3422
3742
3170
3059
3003
3035
3494
3307
3924
6702
4749
5547
4115
3524
4396
3078
4220
4849
4519
8251
3257
5117
3271
3367
3527
3302
4724
5384
6537
3319
3353
3261
3864
4028
6427
6551
3152
3436
4310
3120
7028
3551
3723
3681
3738
4097
4151
7368
3628
5566
7393
5218
8186
4367
4893
3150
3992
3541
3764
6937
5101
6747
7533
3226
6110
7998
9033
6538
7036
5084
7034
3152
8793
5025
8892
3123
3456
5503
3396
4513
7310
7907
3174
3347
4185
3016
3040
3841
5901
3081
7603
3143
3224
3347
4139
6032
4868
3530
5479
6455
4124
7317
8025
3815
3467
3644
7686
3724
3743
6156
3550
4170
8390
3035
3463
3854
4056
4155
5770
6667
3465
4792
7978
3357
7348
3317
5377
7908
4877
6254
8829
3040
3093
3613
5300
7526
8568
3319
3358
4195
3701
3754
7743
7795
8918
3632
4714
3592
3603
8174
5148
4201
4454
4512
3364
3374
7121
7906
4068
3246
4019
4662
3365
4591
5528
8099
8563
7676
3581
3930
3498
3596
5087
3860
3800
3634
4051
8268
5364
3145
6508
6761
3390
3479
4108
8961
3632
3272
5210
6205
8735
3514
3840
3472
5718
4070
7719
7897
4828
5705
4292
5658
4065
5880
3279
3763
3224
3358
4031
3174
3213
3451
3235
3628
3210
3387
8142
9065
7022
8489
3075
3083
5967
3787
5872
5872
4251
5295
6282
3384
4208
3361
4892
7021
3955
7005
4073
4406
3326
3109
3723
3767
3615
5211
3546
3718
4589
5508
3603
3620
8234
5233
3435
3886
7774
8107
4701
5321
5333
3111
3872
3332
4251
6318
4916
6940
4146
4675
6108
3752
5338
3527
3647
7288
3379
3512
6055
3294
4702
5494
6249
5186
3349
3790
3859
3999
5952
6045
3539
3426
6419
3490
4580
3596
4329
4594
5104
3163
8838
3279
3829
7722
3452
7160
3767
4906
3585
3810
3375
4901
3151
3602
3164
5006
3294
3710
6648
3171
3271
3784
3270
3680
5878
5817
8621
3756
3192
3903
8006
4926
5612
3874
5136
3180
3605
3620
6170
3196
3457
5041
6876
3846
4053
3188
5074
3749
5338
3444
3958
7016
7888
4016
4040
5748
7125
8700
8782
6596
6992
3435
3627
4610
3501
7155
8243
7122
4715
6371
3247
3313
3440
3808
4511
7899
9077
3846
7250
7681
5587
7891
8894
3805
3899
4366
6989
4101
4775
5872
5276
7612
3470
4885
4061
3578
3824
8321
8014
8374
4206
3507
4751
3771
3605
3625
8266
4610
5757
6202
4033
6681
3667
3811
3384
4027
3553
3755
6007
7054
5322
5753
4069
6883
4047
5832
6342
3495
4481
3312
3534
5913
3369
3633
4524
5562
3713
4090
3688
5003
5855
3989
4166
3754
3877
7726
4605
5909
6114
8366
3764
4768
6231
7191
7609
4631
5165
5920
3391
3799
3338
5068
8657
3233
3330
3823
4929
5910
4279
9078
4309
4913
6450
3785
4705
4154
5040
5530
4720
5466
4691
3332
4388
5184
6548
5194
3801
3937
6340
3639
7432
8498
3295
3647
3464
4343
7009
3308
4640
6750
5565
5330
5627
3719
4763
7979
9027
3266
3572
3689
4391
5078
4135
3609
3613
5572
5763
3492
5247
6583
3304
3701
4123
3842
8446
6903
8078
5623
5112
5631
3798
7847
3399
5672
6298
4436
7913
7989
7056
3625
3315
4523
5271
3292
7706
3724
4564
6649
4815
6148
3524
4144
4175
5805
8410
4707
7538
7775
4502
4540
4947
3685
5785
3320
4206
5550
4517
4531
3471
4575
8581
3372
4382
3374
5256
6814
3331
7751
7831
3857
5366
6318
4303
6427
8205
6160
3389
3554
3802
3953
4176
9014
3950
5891
3668
3842
4101
3328
4053
4907
5575
3380
4908
4789
7231
4741
3851
3899
4329
4374
5931
6815
7078
8790
4005
4197
4625
4084
5618
6529
3761
4132
5154
3881
4112
4668
4375
7239
3850
5060
4920
5055
8131
3351
3722
4788
4325
8046
7956
7603
5931
6098
3570
4457
6233
5841
5038
3347
4031
3777
6703
6772
3733
4292
5396
6901
9040
3501
4634
6231
3756
3804
3924
4261
5663
4421
4494
4530
3609
3637
7968
3431
4042
5462
4018
4105
6866
5978
3702
4058
3678
4350
5216
4528
7633
5908
4451
5046
3686
5225
3493
5198
7303
4176
4257
7624
8837
3892
4838
3467
4286
5232
4453
3933
4200
4261
4296
7372
3502
5097
3877
4029
4276
6279
5646
7866
3637
4912
8150
3610
3669
4221
4484
3449
3566
3824
3815
3845
4515
4956
4189
4718
4749
3717
4942
5684
3831
3866
8358
8900
7237
8794
4798
6316
4674
3517
4352
3506
5159
8314
3450
5396
5510
6342
4106
3898
4314
4389
4018
4472
3812
4160
5263
3504
4134
7871
3400
5800
3735
6206
7811
4272
5157
3808
4007
4440
4297
4938
3972
3450
4839
3764
4752
4221
4402
5555
5206
3452
3827
4007
5255
3955
4313
5036
6566
6621
3772
8403
4754
6164
3468
4965
6075
7736
4962
5383
5566
7377
3493
4284
5378
3544
3722
3883
3439
4600
3512
3577
6842
5200
3619
6475
3802
5624
7367
3908
6558
4083
5276
5625
7591
8874
3873
4074
5777
3917
4347
5161
8511
3640
6661
8327
4152
4168
3689
7429
3528
7506
3528
3641
3856
3730
5298
6246
6002
3747
3806
3871
7421
4296
4687
3683
7000
3694
6212
3667
5860
4215
8578
6079
6564
5319
4946
5731
4001
4168
3664
4072
4095
6700
5036
5372
8438
4040
5825
5453
6761
4326
3691
3873
3883
4496
4963
4621
4490
3857
6084
4365
7719
4409
6321
6159
4104
4516
4858
5028
7465
5736
3707
4147
7637
6227
4448
7771
3778
4476
4765
8443
4977
6660
7443
6857
7401
4049
4071
4530
6028
3594
4822
5372
5520
3721
4386
4745
6175
5140
5558
5404
3709
6640
4513
5590
3932
3967
8299
4380
5778
3808
4595
5961
6140
6149
8474
3594
4458
7849
7119
7463
4422
5813
7148
4652
4405
6224
5647
3948
5386
3664
5467
6409
3961
6496
7033
8317
5085
5797
7778
3901
5361
4537
4565
4155
5195
5421
8444
3906
5654
6182
6647
4688
3668
3676
4016
4071
6294
8781
3595
4138
5379
8606
4661
7677
7973
3875
8145
4107
4495
6398
5902
4356
4032
4423
8287
8863
4634
8350
4173
4359
3584
4413
6003
4771
5405
3631
4110
4383
3820
3891
4596
6816
4790
4853
6289
4044
7717
3932
8182
3980
6833
4516
4582
8573
3705
3707
4799
6389
5768
6079
8532
8881
4364
4957
6029
3647
7452
5038
7122
3996
5694
3887
3931
4359
4364
5072
5812
4146
4586
5664
7756
3921
4963
7037
4521
5014
6872
4756
6317
6780
3636
3908
3859
4172
4543
4855
4314
5529
7742
5345
3859
4638
5413
7936
7969
4552
3927
3682
4581
4800
7423
3896
4369
4874
5000
5341
6958
4959
3858
4154
4258
5086
7250
4887
4029
4394
5514
7750
5834
6672
4692
6569
7818
8383
4247
5780
6261
3879
5335
6355
5132
5622
3715
4031
3907
4924
5976
4357
4420
5548
6895
4050
4828
5266
4919
6229
5438
7484
3832
6445
5000
5534
4412
6235
3943
4641
5896
5160
6743
3758
3922
4781
5653
3972
4315
3888
4635
4643
5180
4535
8451
4177
6542
7009
4259
6154
4834
7785
7907
5876
6449
4010
5255
7739
4451
6846
5238
5306
6211
4023
7477
7921
4827
7228
3975
4003
6200
3945
4074
4536
8242
3688
4007
5507
6520
8225
8921
5071
8616
3895
4446
3791
4416
4058
4045
5110
8293
5849
8427
5311
5929
7769
4580
4488
6306
8178
4794
5958
3849
8429
5977
5415
4660
4624
3965
6096
3753
3802
4433
4506
6761
4042
4571
7261
4084
6608
4645
4795
4658
4742
4840
4042
4188
6773
3710
8026
8101
5519
4781
4833
7727
6374
5950
6813
8111
5826
4667
6905
5021
4999
5652
6469
4378
4430
6102
6221
4923
6134
4047
4072
4161
4276
4305
3783
4181
4188
8084
5294
4897
6254
4722
4259
6240
4522
3738
6850
4484
5010
4066
6593
4880
7780
5315
7627
4829
5227
5296
5716
5266
5226
5947
3772
5823
5324
4430
6278
5946
5990
6378
4733
6359
5994
6482
4931
4799
4833
5239
6330
8392
8711
4776
5286
6263
6014
8969
3837
8194
4044
4441
5177
4179
6176
4599
5061
5615
6931
3882
4635
4936
6050
6311
4020
8542
8975
4315
4464
6005
7080
4250
4927
6882
4399
7070
7818
3906
4004
4145
5731
6933
5381
5181
5766
3825
5531
7414
8622
4137
4353
3813
4395
4651
3963
6180
8347
8493
8130
9035
4973
5164
4305
4342
4162
8432
5285
8082
8827
4378
5637
4449
4299
4816
5442
6287
7083
8551
5775
7314
3854
4337
4144
4573
4722
7768
4342
6600
3804
6030
8550
8307
5331
5683
4371
4433
4639
5904
4965
6394
4684
8395
4353
8272
4608
5099
4163
6106
3969
5752
6402
4189
4595
5588
5554
8826
3860
4954
4030
6055
4628
6632
6955
6129
4681
8106
4942
7944
4526
5661
5080
7928
4464
4614
3872
4049
4032
4823
4282
7132
5440
3895
4753
5100
5122
4703
6059
6777
5503
5885
6362
7729
4273
5583
6895
8102
4555
4734
4157
3951
5562
8487
3878
5664
8511
4648
6468
4177
4473
4067
8200
4639
5080
5923
6393
8172
6436
4511
4593
8708
5102
4123
4803
7625
5110
5873
4898
6312
6557
6197
5151
8549
4423
8503
8215
8876
4120
4579
4121
6827
4861
5486
3974
7693
4475
5126
4777
4278
7639
5148
4006
4580
7560
3894
6679
3964
4269
5287
4840
5022
4310
4145
4130
8534
4416
5393
5758
6861
7379
6695
6893
4626
7957
5693
7927
4347
4744
4109
8425
6975
8309
8683
7009
5619
6831
4686
3909
5158
4490
6710
6137
4655
4820
5257
5150
4297
4904
6763
4555
4663
8255
4067
5334
8198
6382
3979
4122
7370
5792
4416
4753
5124
5526
6179
4891
4063
4682
5531
5600
4778
8436
4323
5751
6307
5704
4704
6255
4415
5210
4268
4906
4470
5346
8665
3934
4266
3941
5987
4656
6516
6929
7693
3987
3994
4446
6100
3988
4082
3990
3995
8197
9025
8596
4116
4428
4556
4163
6083
4977
5239
6887
5462
5933
6476
5228
7098
5855
6726
7332
7446
7486
4536
5196
4339
4558
5203
5526
5889
7330
5492
3964
4886
5113
4896
5840
4525
5374
4798
4051
5620
8504
8395
5782
7881
4778
4442
4439
4941
6074
6246
8695
4285
4453
5800
4068
6965
5590
5821
7245
9007
7711
7747
4068
7075
4546
4394
4726
7979
6977
4956
6391
8871
4107
7808
5022
5092
5333
6842
5188
5936
7514
8070
9085
4584
5412
6737
4026
4025
6258
6820
4021
7004
4905
5067
5005
8232
8244
4025
4026
7432
4151
5786
4330
4486
4336
5767
6406
7091
4706
4841
5772
4844
4242
8852
5745
5937
4692
4083
4997
6290
6853
8548
5942
6213
5432
6341
7552
4331
5458
4501
5347
6344
6970
6487
4719
4927
5719
8159
4552
4782
6119
6687
4250
4192
4766
7478
8988
4891
4905
4734
5012
4402
7349
5685
6848
4829
5907
6539
4725
6072
7120
6777
7952
4063
4114
7414
7727
8955
9067
5037
6212
8523
5005
5047
8246
4532
4717
6462
4688
8524
7900
8450
5127
4341
6379
4672
4171
8286
5077
5422
5163
6069
7806
8862
8918
4401
4525
5047
5069
4397
7851
5243
7212
4614
4881
5092
5102
4479
5451
4663
4710
8187
4852
4273
6825
6744
5219
8404
5085
6929
6132
6860
7581
7843
4098
4465
4660
4233
6612
8502
4333
6677
6548
8206
4130
4477
5829
4503
5201
5628
4117
4465
6765
4997
5169
5205
6871
7402
5069
5145
7669
6873
8636
4202
7108
7655
4114
4128
4162
5100
5160
4577
4751
4929
4456
5205
4847
5432
7084
4777
6845
5104
8592
4361
8016
5133
5596
4815
5408
5024
6455
4372
5229
5019
5065
4502
5013
4241
7214
4334
4368
4220
4426
5048
8478
8806
4794
8336
4191
5037
4190
4623
8639
5403
5946
6245
5066
5073
5246
5576
8197
8863
4479
5430
8570
7222
7865
5366
6362
5042
5842
5270
5800
6889
4918
8189
5723
8685
5242
6052
6577
5019
5039
7684
8015
4386
5271
4624
7384
7836
5968
7525
6252
5212
5890
7471
6619
8362
5724
5307
5362
8901
5188
4972
5813
8431
4783
8713
7430
5077
5160
5680
4282
4439
4928
5107
4534
7461
5431
5423
4211
7961
6659
4204
6692
5325
5532
4357
4553
4945
5109
5642
4286
4183
8740
4866
8378
5448
8535
7015
5494
8424
6222
5065
5146
5066
5141
6117
4213
8034
4212
4214
5934
5146
5176
6921
5194
6269
4948
6025
8339
4622
7902
4782
4950
5611
7913
8330
4219
4760
7022
7303
5586
4248
6322
5012
5106
5145
5313
7950
6834
7109
8381
4224
4801
5441
4223
6870
7241
8671
4237
4246
5764
5039
5054
6832
8541
6904
5201
4536
7694
5781
4226
8422
5397
4228
4229
8229
4230
4238
4231
4520
4233
6865
4232
4239
4235
4980
4234
4240
7592
6779
7597
8146
4239
4240
6352
7728
4391
8227
9055
5114
5469
6082
6799
6684
6914
8667
4248
4380
5742
8507
8319
6281
5131
4267
4882
4320
5364
5176
5250
8365
8410
4696
5353
8291
4283
8363
5591
4283
4290
7476
4290
6862
6545
6779
5376
6751
7154
5086
8163
4992
5155
5234
6535
4847
5326
5520
5400
6888
8417
4981
5032
5213
7118
7283
8083
5214
6606
4710
4825
5943
6413
7074
4806
7237
5018
6089
7524
8217
5329
6920
5320
6426
8274
4417
6438
5134
4607
4738
7328
8605
5625
7276
4603
7431
5017
6446
4573
6800
4397
4598
7161
8332
5280
6934
4627
7084
7451
5640
4376
4377
4377
8270
4376
5719
7214
6141
5067
6404
6468
8567
5556
4819
8297
5141
5190
8295
4598
5464
4989
6760
7533
7890
4899
4496
4764
8396
5506
7774
4664
7930
4625
4935
6125
4372
4412
8617
8973
4762
4919
5263
6271
5432
7245
8854
6665
5418
5032
5106
5164
5628
4650
5832
6216
5015
4679
5433
5468
5170
5361
5375
5683
6184
5054
5064
4376
4392
7989
4769
4442
4658
5155
5388
7302
7886
4543
8433
4911
6787
8439
7128
8278
5250
5342
7561
4925
6313
6500
6208
4534
4679
5242
7753
8703
5574
7742
5598
7644
7560
4452
4537
4607
4961
5308
5387
5483
6262
4395
4415
4604
4485
4874
4435
7077
4881
5158
7623
4612
4892
7912
4981
4993
4676
5882
8262
5097
5482
6802
5190
5244
5131
5301
4825
4850
4508
5738
4435
8521
4413
5026
5175
4428
4945
8526
6788
7571
8540
7154
8916
4749
4856
7506
4812
4970
6546
5564
6558
5121
4984
5064
5682
5264
6020
4984
4993
8621
6461
4869
6474
7005
4575
4582
4686
8102
4780
6224
7893
8919
4729
4779
7133
8758
4711
5390
4431
6531
4849
5143
5414
8585
5398
5123
5696
6684
6906
8726
8351
6737
8223
4564
5679
8250
6336
6867
4533
5517
6173
4744
7129
5437
5603
7637
4865
5125
5425
4673
6124
4743
4941
6789
4626
4954
4545
4797
5238
6225
7565
7695
5325
5472
5736
6049
4726
5090
6796
4737
5172
4512
5846
8655
4832
6308
5497
5363
8157
5313
5491
4836
5932
5342
5447
6984
4885
6786
4903
5522
5385
6259
8556
5387
5710
7261
7867
5244
5348
5997
4560
5722
7262
4728
6308
4597
5485
5292
5426
5713
8497
6245
6251
4917
5648
8711
7262
4591
5665
5445
7071
8471
6847
8048
4707
6200
5662
6189
4564
5093
5330
8944
8987
5707
5820
5029
5059
6382
6432
7598
5220
7494
9068
8374
5517
6121
5611
4957
5248
4850
4991
6705
5058
7041
4802
4900
5147
5365
4801
5033
5095
5339
8525
6876
5196
5512
4747
4899
7160
6632
7197
6909
5049
5075
5539
5801
7039
4903
7882
4638
8606
5178
6296
5472
5512
4637
6863
8086
6041
4653
7532
4712
4843
5788
6069
5348
5360
8357
6850
6685
6539
5998
4612
4671
6613
7002
5651
4604
4738
6615
6774
5690
6118
6778
4576
4608
6712
8032
5082
7031
4995
5016
5759
6990
4986
5068
7652
6890
7948
6127
6688
7311
8564
8153
9082
8978
7615
8124
5109
6758
6822
4651
4651
6149
8225
4838
7994
4623
4801
4928
5712
5725
5045
5326
6234
5391
7470
4712
7177
5059
5172
4853
5205
5420
5670
7976
5447
5511
7311
6201
6943
8745
6021
7988
7215
4915
5727
7374
6111
6506
5029
5070
6390
5349
5389
5428
6124
4845
4682
5259
6464
5126
5235
4884
5561
6227
7960
6996
7235
7795
8193
4808
5499
5948
5814
6458
7417
5339
5418
5237
5382
4690
5317
7102
6341
6915
5756
5768
5098
7178
7394
5477
5489
5360
5465
8325
6243
7436
4886
4878
4994
6337
4805
4838
7614
5539
4991
5050
4672
5741
6193
5789
6238
7190
7358
5620
5627
8258
5272
5790
5384
4923
5095
5147
6048
5489
5511
7965
5749
5301
5626
4841
6042
5491
5703
5879
6441
8229
5158
5395
7474
4673
4939
4803
5279
7425
4687
5155
4972
8201
6153
6732
5161
6565
7225
5185
4830
6617
4729
4923
5172
5247
5352
6991
4995
5191
5600
8540
5893
6023
6729
8519
4894
5477
5480
7582
5449
5323
5343
7027
8085
5655
5049
5461
5478
5461
5475
5016
6205
6056
8972
5418
6622
5246
4883
5700
6144
6770
6361
7177
4739
6919
6469
7931
5478
5496
4996
5639
8709
5891
6428
7036
5314
4738
4911
5535
4811
4835
7740
4739
5873
7894
4977
5424
5457
5015
5035
6270
5128
5194
5480
5540
5171
5174
4816
5475
5495
5404
5963
6060
6653
5496
5525
7088
7745
5050
5129
5304
5235
5277
5278
8643
8869
5070
5129
7687
5483
6030
7003
8901
4865
5297
6083
5680
5838
6326
5363
5444
7189
5878
5954
5108
4935
5303
8055
8479
5430
6725
7838
4847
6234
6897
5324
5501
5504
5505
5504
5515
5951
6268
6881
5505
5695
8072
5166
5174
5111
8387
5082
5191
6109
5495
5521
4900
5124
6241
4998
5578
5236
8622
5465
5501
5467
8750
8763
9080
5486
6343
7909
8298
7520
7572
8258
5583
5638
6992
6367
7165
5798
6430
5867
5280
6598
8736
5917
7630
5994
8447
5934
4998
5222
8283
7968
5166
5207
8498
7483
5525
5641
6139
5275
6369
6167
6194
6066
5312
5604
5630
5755
5020
5577
6091
5107
5345
5434
5535
7754
6218
7134
5999
7606
6321
8419
8006
5720
8062
4966
5858
5374
5394
4893
5933
5395
5444
6513
5565
5854
7152
7358
5024
5629
5245
6365
5320
8458
5090
5416
7028
7824
7147
7336
8290
7142
5226
6220
5219
5411
6737
7073
6067
8453
5515
5848
5406
8479
5079
8317
5312
5359
5437
6339
7477
8554
5434
6730
5318
5364
4908
4911
4989
6443
8461
5099
5582
5846
6157
5581
5702
5970
5382
5718
5810
5167
5414
6345
6363
5656
5675
5595
6570
6464
8709
5405
7810
6296
6363
5557
6265
6714
6806
7292
8651
4996
5351
5207
5254
8466
5157
6222
5167
8373
8194
5077
5127
6357
7142
5714
5717
7260
5722
6463
4932
8437
5022
5052
5749
7578
5150
5459
7070
5540
5897
4925
8441
5542
5886
5746
8822
5367
5614
6689
6086
7058
5939
5185
5864
5044
5142
5446
8248
8691
5359
5435
5332
5409
5490
6285
7210
6888
8677
5898
5589
6762
6226
8660
5028
8296
5358
5726
5275
6456
8057
5636
5889
5277
5335
8861
6050
8118
5990
6210
6275
8584
5533
7425
5170
5332
8037
6007
7455
6910
7970
7734
7737
6922
5739
5922
5230
5595
5926
5831
6557
5543
5861
6260
6211
7191
5252
5709
6037
5499
5859
5589
6135
4974
6018
5739
6773
5464
5866
6550
7286
5463
5949
6303
6359
7822
8802
5527
6463
7107
6396
7498
7550
5760
5964
5966
5316
5695
5703
7008
5451
6759
7683
7992
8000
6866
5108
5358
7017
5021
5083
7384
5746
6465
6756
5901
5632
6068
6294
6215
5307
5327
5026
5340
7893
5014
5767
5546
5751
5053
6706
6256
8875
6276
8200
5033
8028
5399
5241
8392
6236
6510
8138
7534
8817
5320
5784
5409
5435
8125
6523
6733
6210
5254
5391
8340
5310
5655
5709
6479
5092
6044
5284
5881
6049
5884
6059
6214
5024
5479
6145
5561
5983
5386
6422
5126
5181
8315
6912
5234
5803
6248
8017
8920
7825
5255
5528
7727
5474
5679
8236
7093
5616
8516
5538
7787
5549
5564
8720
8467
8323
6559
8075
6968
7383
8504
6343
5179
6364
7094
5125
6889
6185
5317
5783
6353
5593
5941
6077
5781
5213
5833
8104
6012
8055
7514
5099
5295
6057
7920
7124
8648
6305
7277
7982
5957
5088
5193
5113
5437
6642
6982
6383
5279
5371
5295
5553
6040
7107
5225
5702
5835
5334
5581
5843
6783
8638
5859
7263
5698
6879
7234
5559
5453
8721
5871
6207
6172
8002
6380
8398
6744
6852
5164
6804
5604
5740
6238
5404
8942
5422
7927
7329
8245
7690
5837
7493
6448
6632
6915
7341
5127
8233
5215
5331
5637
6599
8549
8601
5841
8518
6122
5979
6267
6095
5229
5882
6314
7403
6189
8729
7426
5900
7197
7848
6161
7086
5994
6132
7325
8213
5641
5944
5633
5946
6387
8239
9076
5129
5819
5883
6112
8309
5195
6471
5434
5585
5219
6683
5334
6111
7357
5209
6561
8586
5602
5678
5207
7203
8484
5181
6736
5685
8886
9037
5862
7138
7259
7578
5811
5553
7370
5509
5576
6162
5938
5824
6128
7121
8331
6758
8086
5371
5921
6925
6960
7346
6313
6585
7322
6001
6158
6652
6442
7217
5763
7582
8256
5523
5636
6944
5829
5970
5912
5584
7307
7939
5192
6480
7619
7194
6087
6232
5799
6037
6280
6232
7327
5400
5756
5996
6891
5233
5335
5340
5854
5983
8701
5675
8335
6133
7103
8437
6618
5895
6157
6378
6723
5804
5852
6358
7060
5835
5924
6201
5908
5519
5676
5753
6626
7678
5306
6799
8442
5672
5431
6372
6524
5215
5925
8968
5498
6274
7163
7429
5532
8814
5592
5845
5715
5975
7208
5592
7113
7127
7254
5697
5602
5611
6393
7097
6187
6634
7482
8547
6262
6488
5646
6979
8757
5766
6368
6381
8948
5696
5760
7885
8409
5356
5765
5297
5598
5780
5290
7049
8566
8305
8692
6340
7620
7834
7182
7558
8805
5917
7610
8378
5634
7447
7205
8705
8267
9050
7413
8614
8285
6966
8492
6277
6625
7675
7918
6230
5585
5654
5571
7320
5371
5401
7558
7781
8966
8597
6472
8015
7823
6405
5332
5982
7045
6119
8295
6576
8407
7331
5446
5815
7685
6435
6971
5303
5498
7903
6460
6547
7218
6430
6493
5714
6162
8260
5700
6147
5569
7039
5416
7082
6707
9079
5905
5356
5689
7507
6631
5896
5902
5476
5367
6663
6061
5918
6054
5780
5877
5481
6680
6908
6417
6587
5441
5423
6331
8007
8434
5940
7941
6217
5544
5571
5614
7556
5927
7179
6357
7397
5657
6707
8763
6519
5724
8167
6204
8042
5974
6694
8629
5697
6333
6586
5662
5660
7140
6973
7032
5769
5655
6504
6853
5772
5886
6161
6065
5435
6151
6957
7371
5424
7975
8264
5900
6247
8155
6033
6797
7150
6123
5470
6727
5895
5545
5601
6719
6610
7156
7396
8096
7029
6545
7002
6293
7252
7415
5626
6248
6327
6641
5852
6081
5472
7148
5794
8105
5692
6053
5996
6206
5878
7117
7200
8712
7220
8472
5591
8619
6787
7285
6322
8188
6950
5571
5771
7874
6144
6755
6244
7478
6183
6350
5568
5995
5877
6407
7541
6199
7065
5789
5738
8418
5675
7835
7496
6728
6078
8652
7402
6103
8211
5425
5924
6101
6191
7641
8308
5439
5711
6924
6042
6310
8090
6192
9046
6100
7175
7393
8336
5770
6708
7281
8372
9083
7594
8331
5725
5869
8397
6126
7452
6837
5490
5542
8428
7374
6610
6658
5916
5988
6022
5968
6966
7267
5827
5597
6102
8261
5765
7475
6621
5794
6639
6267
8538
6602
6130
6637
5762
7582
6026
7297
6024
8544
5804
6016
7929
8347
6826
7044
5863
5980
5818
5856
6742
7062
6219
6377
6665
9091
6003
5555
5927
6023
7395
8481
8204
6746
6031
6474
6237
6466
8594
6623
7061
7059
7309
5737
7057
7033
7428
5523
8141
8510
5932
5551
7339
6173
8074
7965
6285
6216
7415
5874
8496
6493
7116
7348
8140
5535
6555
7517
6286
5700
5836
6816
7224
5713
6844
8411
7604
6730
5987
8430
5942
6116
6523
7088
7370
6429
6995
8190
7028
5679
5737
8098
6649
6998
8250
6911
5593
6457
6268
8174
7361
8210
5556
6029
5568
5670
8289
5746
5837
6081
6203
6174
7176
8019
6575
5791
7110
8419
7354
6057
5909
8715
5656
5717
6295
6521
7223
7559
7266
5617
5713
5965
7860
6935
5860
6841
6814
8281
6070
8149
8230
5657
8477
6338
6349
6459
6730
7011
5753
5845
7141
7882
8246
5935
5918
6745
6883
6115
6165
6450
7153
6518
7230
6270
6466
6525
5602
6105
6408
7180
7043
8191
5822
5962
7146
6544
6434
6636
7087
6951
6440
7512
7836
6515
6302
8902
6155
7206
8520
6399
6712
5757
8127
6097
8219
7640
8881
6076
6710
8491
7563
5967
7974
5690
6188
6041
7625
6004
7336
6357
7908
7420
6969
7659
6425
6419
6821
6090
6116
8490
7588
6443
7624
8928
7883
8706
7700
5981
5828
6810
8129
5912
5925
5787
5676
6203
6301
6935
7802
9089
6656
6869
7538
5694
7143
7762
6666
6767
6241
7023
7115
6314
6674
6334
7193
5876
8642
7035
7750
6938
7137
7609
8798
8535
6601
7916
9004
5942
5962
6640
7436
5940
6566
6555
6640
6013
5730
6945
7551
5715
5944
8224
6496
6787
5821
7170
8714
8677
7344
6309
7638
6480
6774
5740
5975
6473
6614
6847
6060
6392
5810
5696
5895
7522
6190
6616
5971
8265
6277
6519
7346
5712
6073
6885
7451
7574
6058
6105
6153
8199
6206
6277
7017
6686
7519
6713
6532
5756
6988
6471
8608
6103
5965
5801
6344
8448
6188
7607
6702
7635
7935
8115
8430
5747
6065
6696
6311
6848
7242
8604
6113
8567
6391
6803
7445
7026
7402
6186
8335
5973
6939
8355
6073
6394
6214
6314
5877
6046
8977
7222
6568
7126
6598
6896
5765
6417
7079
7557
5995
7143
6400
7055
7934
8266
5973
7050
6664
8147
5812
5815
8400
6980
7395
6148
7269
6964
6152
7167
7299
7510
6924
5790
6560
5958
9024
6334
6344
6421
7412
7766
7821
6046
6101
9074
6808
5887
6400
5827
6605
7429
7892
8604
8633
6376
8577
7987
7508
6286
6369
6609
5857
6675
6716
8012
6012
6724
5871
6189
7408
6425
8277
7828
6209
7473
5865
7214
6503
8793
7104
7296
6131
6452
7993
6112
6711
6794
6172
5989
6817
7438
5871
6485
8518
6381
5906
6465
6222
7369
6016
6064
6456
6896
6358
6264
8493
7485
8242
7103
8404
6594
7584
7131
5853
5897
6634
7736
6483
7241
6176
8528
6101
6673
6180
7968
6836
5992
6543
6712
5861
8259
6487
8844
6169
7908
7837
7400
6628
7145
6624
6678
7880
6404
6521
5861
5906
7792
6129
7996
8020
6643
6698
7418
6171
5913
5948
7932
6280
7898
7334
7564
6534
7777
6050
8030
8255
6176
6193
5957
8663
5934
7304
6753
6193
5978
6120
8932
5922
5971
6994
6795
8573
6343
8261
6865
7279
8502
5926
6831
6917
6117
7215
7943
7479
8255
7891
6449
7723
6023
6125
6396
7362
7290
6947
6749
7321
6825
7719
5982
6159
6813
6039
7340
6805
7549
6395
6127
8664
7965
5995
7100
7168
6009
6830
7399
6502
8227
7541
7080
7130
8380
7599
5967
7083
6741
7856
7356
8029
6446
6589
6626
6188
7433
7063
6215
6333
6171
6126
7396
6087
6199
7740
7020
7067
6073
7442
8652
8938
6898
7048
6054
6042
7907
8068
6466
6509
7714
6323
7507
6292
6492
6122
7732
6210
6633
6892
6563
6956
6520
6704
7948
7553
7487
7645
7248
6028
7627
6147
6217
6095
6975
8135
6672
7114
7192
7467
7308
7213
7566
6025
6092
6283
7674
6196
6048
6064
7156
6443
8070
6585
6908
7747
7529
8120
6374
7456
6083
6300
7205
8872
6060
6509
6207
6293
6435
7211
7394
7523
7150
8587
7514
8097
7288
7318
6852
6646
6135
6985
7680
8809
8218
6840
7681
6306
8116
6428
6691
8831
7809
8777
7497
8288
6160
8269
8181
8045
6253
6439
8469
6554
6611
6253
8235
6780
8287
6441
7391
7052
8841
8960
7293
7246
9069
6410
7007
7691
6518
6714
6122
7081
6645
8394
6734
7899
6526
7240
7352
7915
7522
7369
8476
6273
6077
6854
7448
8396
7180
8543
8360
7731
6395
8267
7562
7945
6237
6509
7780
6849
7208
7286
6987
6138
7073
7805
6809
6886
7984
8426
6727
6982
7772
6172
6263
6752
6841
8953
6259
6458
6145
7366
6565
6379
6708
7054
7500
7562
6257
7714
7786
7039
7759
7210
7421
6927
7491
8198
8825
8741
7132
8091
6701
6177
6583
6492
6927
7024
8737
8914
7581
8257
6258
8114
6720
8358
9022
7861
6440
6585
6948
7123
6154
6159
7385
8481
6596
6263
6773
8517
6452
7530
7745
6590
8636
7446
7856
6499
6184
6563
6548
8574
6414
6890
6579
6299
7629
7811
6198
8169
6247
6197
7870
8815
6749
8046
6242
6392
8401
6331
6337
6977
8072
6901
8065
8209
8329
6369
6456
6237
6795
6641
6916
6439
7037
7130
7903
8013
6248
6535
8402
8396
6405
6488
6794
6932
7427
6185
7401
6507
7090
6674
7251
6297
8403
6734
8187
6609
8071
7161
6891
6198
8230
8508
7089
6676
8234
8488
7405
7830
6720
8301
6429
6434
8338
7114
7714
6280
7973
6996
7201
7038
8590
6247
6877
6544
6783
6889
6295
6589
6741
9061
6412
8100
8097
8325
7679
6999
7024
8767
6991
7712
6547
6432
6920
6714
6749
8749
7841
6510
7654
6694
8423
7298
7258
8897
8625
6823
7360
8627
8125
8870
7146
8139
7867
7453
7158
7290
6434
7587
7251
6715
8205
7257
6408
6694
7986
8040
8893
6683
7936
7187
7764
6938
6842
6631
6595
8203
8913
6405
6783
6629
7977
7580
7691
7909
6346
7007
7125
8879
7658
8378
6472
7608
6837
7457
8033
6560
6685
8391
7784
6810
6561
6776
6336
6919
8083
8804
6525
7434
6913
7051
7513
7833
7100
8123
6392
7443
6603
8037
6378
7041
6581
8656
7851
6641
6809
7449
8880
8602
6878
6769
8589
7339
7512
8265
6400
7861
8746
6829
8432
6999
7232
8914
6562
6776
7332
7810
7576
8551
8810
6973
8385
8836
6742
6635
8545
8129
6631
8869
8233
6724
6805
7097
8124
8956
6513
7469
7127
7622
6479
7751
6597
6794
7962
7592
6644
7934
6897
7878
7204
8167
7597
6705
7325
7527
6651
7507
6675
6973
8819
6946
7056
6660
7881
6886
7528
6376
8076
7194
7537
8566
7738
8811
6515
6793
8011
6519
6594
6907
7282
8021
8454
7524
8559
7298
8346
6579
6747
8552
8451
6609
7699
6431
7373
7208
6425
6930
8775
7089
7646
7837
8640
8839
7749
8063
8326
6556
6527
6792
6734
7551
7027
8404
7092
8620
8328
7949
8688
7951
7363
7544
7447
7628
7500
7653
6535
6616
6772
8942
6582
6564
6801
7822
8293
6716
6982
6605
7196
8094
6554
7313
7746
7468
8303
7632
8338
6590
8048
6788
7209
7794
7424
8754
7419
7606
6530
6567
8153
6618
8118
6827
8475
7543
7665
8251
8195
6502
7068
6488
8164
8800
6510
8686
7686
6834
7656
7649
7132
6502
8595
7842
7341
8948
8667
6515
6726
7970
6731
6953
7020
7641
8792
6861
7531
7804
7610
6747
8271
7277
7862
8337
7128
6751
7255
8550
6942
7535
7950
7305
6574
6925
7503
8524
7006
7153
6723
6911
8723
6532
7595
7615
8861
6570
7548
6682
7472
7172
8803
6757
7956
8509
7056
7501
7990
8607
8641
7257
7234
7632
8398
8060
6561
6562
7162
6651
6805
8226
8797
8372
7568
7743
7053
8112
7292
8423
8143
6573
6832
6610
8970
7173
6898
7459
7676
6732
7226
9064
7397
7466
8429
7351
8168
7971
7183
7268
6772
7185
7688
8106
8719
8313
7304
8520
7019
7457
9049
6721
7155
7193
8125
7845
7343
7583
8752
7345
7617
7390
6581
8678
8530
8670
7211
8508
6743
8000
7290
7008
7490
8990
6870
7279
6668
7100
7821
6915
8016
7848
8961
7547
7328
8833
6812
7501
7378
6875
6905
8282
7017
8072
8369
8662
7162
7782
7430
7844
8285
8252
6686
6883
7715
7945
8343
8037
7032
6643
6678
7174
7332
7437
7284
8765
6871
8233
7196
7269
7602
7275
7602
7464
7925
7195
8550
8989
8470
6634
6698
8405
6836
8039
6830
7004
8370
8538
6760
8003
6991
7081
8179
6762
9000
7051
7613
7883
6777
6792
7596
6673
6919
7283
7593
6940
7134
7532
7086
6662
7619
7626
7652
8657
7838
6917
7814
7306
8774
8395
7072
7967
8415
7539
7804
8021
6765
7335
7859
8114
7898
7391
7922
7036
7900
8066
8240
8000
8601
8054
6830
7458
7193
7997
6926
7953
8825
8236
7147
8518
7617
8117
6728
7753
6742
7636
8260
7363
7522
6994
7873
8089
8118
6705
7305
7267
7239
8333
8293
7272
8880
7464
8857
6716
8855
7698
6802
7389
7067
8736
7000
7159
6992
7347
6886
7233
8222
6721
8253
8185
7098
7247
7744
7590
7613
7452
6811
7364
7634
7827
8039
6964
7318
7704
7221
7802
8146
8601
6825
7147
6854
6768
7465
7180
8809
8402
6766
6975
8133
8621
7068
7236
8903
7960
7752
7434
7662
7230
7468
7123
6791
8732
7256
8670
7244
8552
7242
8150
8364
7790
6807
7050
7947
7431
7790
8220
8930
6936
8400
8737
7995
7948
7438
6877
7938
6829
6907
7257
7366
7441
7375
7832
7772
7120
7069
8041
6979
7460
8632
7966
6933
7042
7996
8444
7008
9090
6821
7670
8653
7553
8687
7771
7232
6969
7085
8624
7710
7976
7094
8435
6917
6899
7062
8270
7376
8951
6950
7964
7089
7865
7049
7302
8596
7403
7006
8561
6869
8286
7146
7192
8779
7561
7980
7027
6948
7227
7281
7440
8032
7250
7868
7902
8090
7131
7268
7124
7981
7662
8359
7667
6856
8188
7916
7997
8813
7967
8051
8826
8363
7090
8110
8305
8890
8353
8527
6976
7705
8302
7012
7112
7779
8422
7416
8433
8476
7211
8422
7516
8519
8002
7045
7064
7769
7404
7356
7480
8668
8548
8636
7738
8369
7648
7799
7475
8857
7889
6940
7271
8176
7733
8831
7972
6995
7236
6961
8148
7869
7201
7725
8180
7580
8431
8074
7230
7474
8674
7690
8382
7284
7380
6986
8011
7186
7977
8485
7812
8276
8830
8276
7823
7185
7076
7565
7694
7665
8248
7251
7715
7426
7935
8436
8036
8413
7263
8250
6981
9059
6949
7696
8979
6959
8633
8764
7469
7634
6986
7534
7540
7571
7588
7217
7718
8394
9080
7961
8381
7866
7835
8237
7481
7735
7831
8728
7852
7058
7567
8487
7972
8375
8373
8875
7693
8560
7738
7884
7347
8175
8372
7576
8128
8269
7428
7585
8342
8173
7111
8612
7029
8043
7167
8113
8579
8787
7092
7340
7946
8585
7238
8438
8008
8993
7830
8576
7794
7865
8220
8126
7184
7644
8034
7029
7330
8047
7076
7502
7161
7839
8465
7071
7483
7391
7503
7386
7971
7554
8044
7796
7474
7502
7427
8419
8684
8168
8349
8081
8571
8740
7807
7798
7082
7130
7716
8429
7200
8279
7801
7995
7687
7835
8197
8626
8015
8643
7819
8468
7220
7540
7078
7787
7827
7887
8744
7667
8002
7960
7364
7880
7068
7253
7724
8431
7754
8412
7551
8216
8103
8105
8304
8034
8406
7567
7611
8549
8202
7627
7872
7575
7574
7515
8092
7270
7711
7403
8912
7882
7870
8326
8746
7492
7197
7445
9090
7732
8256
7761
7900
8459
7294
8533
8804
7109
8891
9036
7621
8049
8283
7765
7687
7511
7534
7151
7442
7885
8848
8589
7399
7387
7394
7986
8929
7656
8310
8027
7247
7521
7498
7227
7997
8144
8893
8704
8770
7677
8620
7495
7755
7574
8024
8496
7466
7586
7453
8389
7280
8252
8461
8119
7248
7525
7548
8334
7930
8123
7396
8098
7185
8010
8610
7350
8107
7383
7793
8457
7857
7321
8615
8674
8211
7227
7312
8635
8791
8078
7431
7662
7581
7611
7384
8140
7336
8099
7354
7306
7455
7858
7933
8484
7466
7432
8460
8280
9021
8666
7352
7752
8837
8022
8343
8029
8902
7319
7382
9045
7225
7428
7605
8443
8520
8256
7365
8333
7863
8241
7322
8253
8503
8109
7223
8497
7389
7803
7942
7803
8082
8159
8367
9009
8191
7326
7963
7233
8646
7993
8558
7740
9031
7486
8697
7295
7553
7608
7695
7720
7761
7788
8124
8377
8954
8217
8224
8087
8235
8377
8506
7759
8989
7408
7504
7575
8509
7281
7297
8534
8069
8025
7297
7390
7996
8073
8723
8694
8507
8354
7523
7929
7656
8008
8172
8943
8718
8803
8482
7583
8075
8541
7445
7468
8026
8669
8136
8652
7734
8199
8878
7509
8599
8654
8800
7898
8143
7940
7365
8809
7302
8155
7917
7973
8810
7863
7932
7887
7869
8437
8073
8297
7785
7546
7675
7494
7587
7501
7504
8597
8981
7422
8791
8273
8784
7563
8732
8038
8193
8659
9041
7642
7707
7921
7689
8041
7700
8516
7852
8985
8204
7340
8321
8386
8823
7425
7625
8019
7905
7772
8410
8945
7472
8088
7446
8076
8138
9083
8719
7354
7774
7837
8762
8247
8154
8776
8845
7362
7756
8269
9004
7975
8747
8259
7555
7680
8450
8675
7407
7511
7798
8734
8704
7423
7657
8238
7520
8096
8879
7795
8207
7401
7751
8231
8442
8399
8045
8598
8771
8656
8155
8088
7699
8631
7467
7536
8565
8507
7735
7915
7946
8341
8170
7685
8400
8445
8295
9022
7800
8183
7841
8418
8438
7753
7453
8216
7599
7725
8109
9034
8208
8249
8965
7791
8633
8151
8322
7748
8204
7698
8202
8064
8780
7799
7958
7462
8265
8512
8638
8502
8541
8415
7545
7606
8083
7630
7817
7715
7842
7819
8066
7964
8414
8375
8876
8048
8223
8682
8376
8306
8603
7578
7707
8629
7577
8729
8001
8720
7700
7919
8743
8630
8889
7617
7659
8199
7488
8428
7758
7569
8872
7648
8464
9057
7649
7757
8191
8376
8360
7555
8499
8587
8756
8093
7843
8289
8997
8126
8716
8409
8824
8885
8094
8275
8061
8542
8324
7724
8271
8110
7579
8328
8003
9052
7613
8183
8600
7811
7773
8409
7831
8138
7784
7547
7537
8860
7984
8231
8795
8508
8865
8764
8486
8821
7963
7885
8109
8934
7974
7741
7744
8277
7820
7815
7912
8490
8607
8402
8131
7749
8731
8173
8275
8428
7710
8688
8778
8921
8205
8493
8432
9020
7848
9044
8864
8156
8294
8108
8455
8720
8580
8088
7623
8059
8990
8898
8421
8661
7660
8915
7904
8927
7988
8619
8673
7718
7699
8044
8071
7897
8604
8046
8145
7989
8485
8818
8696
7845
8527
7928
8807
7873
8526
8930
8342
8684
7781
8733
8296
7708
8853
8272
9002
7901
7649
7951
8911
7980
9028
8512
8813
8452
8263
8805
8087
8609
7985
8775
8849
8758
7692
7722
7897
7923
8566
7670
7808
8874
8923
8364
9013
8862
8458
7666
7858
7671
7703
7942
8013
8111
9046
8420
8237
9035
8208
8873
8298
8149
8770
7985
7887
7952
7792
7984
8154
8488
8680
7982
8151
8686
8057
8375
8967
9043
8790
8964
8182
8434
7784
7697
8953
7879
8931
7953
8103
8456
8043
8320
7746
7760
8790
8644
8192
8514
8905
7796
8386
8661
8247
8359
8374
7757
7871
8209
8301
8616
8013
8104
7872
8364
9054
7798
8926
8228
8184
7844
8994
8171
8897
7895
8539
9032
8478
8806
8059
8318
8025
7872
8895
8132
8628
8778
7760
8288
8539
7746
8219
7767
8867
8811
7914
8702
8307
8355
8833
8281
8612
8449
8361
8687
8851
8085
8022
8495
8927
8947
8693
8887
8713
7814
8320
8212
8640
8527
8827
7809
8846
8581
8179
9034
7910
9058
8456
8807
8007
8764
8461
8916
7922
7902
8808
8148
9051
8618
7824
7857
8045
7937
8943
8717
8356
8602
8743
8239
8608
8533
7978
8071
9019
7992
8532
8869
8759
7914
8170
8324
8434
7833
8482
8569
7966
8565
7832
8133
8237
8425
8177
8759
8019
8368
8292
8843
8152
8300
7932
8142
8036
8627
8933
8938
7979
8785
8930
8882
8052
8122
8768
8761
8587
7953
8348
8537
8641
8283
8280
8591
8065
8829
7983
8555
8287
8829
7912
8056
8441
7959
7974
8190
8263
9002
8913
8832
8369
8346
8828
8766
8430
8477
8946
8183
8962
8228
8769
8907
9073
8748
8947
9030
9060
7976
8331
7990
8035
8299
8810
8521
8093
8232
8182
8299
8690
8934
8047
8505
8043
8455
8123
8795
8033
8416
9049
8007
8238
8292
8972
8789
8136
8933
7952
8946
8594
8883
8908
8776
8678
9018
8993
8393
8578
8023
9001
8300
8851
8852
8487
8900
8680
8162
8760
8844
9035
8214
8725
9048
7994
8676
8304
8401
8334
8754
8736
8857
8922
8218
8018
8974
8638
8057
8802
8682
8056
8738
8793
8463
8230
8987
8164
8122
8743
8624
8185
8105
8738
8696
8801
8169
8632
9037
9021
8779
8718
8582
8249
8306
9066
8080
8755
8939
8904
8981
8279
8712
8992
8663
8551
8698
8983
8054
8925
8397
8858
8860
8795
8408
8147
8347
8958
8189
8203
8108
8591
8467
8756
8554
8327
8221
8691
8221
8547
8495
8555
8523
8593
8811
8828
8772
8975
8885
8254
8979
8978
9017
8543
8694
8453
8350
8859
8289
8989
8761
8605
8901
8141
8765
8159
8954
9069
8214
9009
9021
8262
8706
8526
8320
8709
8511
8544
8766
8313
8141
8973
8166
9006
8995
8251
8297
8473
8613
8662
8454
8712
8799
8341
8497
8420
8970
8975
8158
8547
9091
8596
8307
8366
8760
8909
8163
8359
8439
9050
8189
8439
8938
8244
8246
8343
8245
8174
8234
8599
8848
9024
8184
8789
8664
8291
8387
8390
8628
8472
8828
8406
8344
8423
8385
8525
8691
8236
8226
8734
8379
8352
8627
8802
8354
8730
8823
8699
8831
8935
8572
8909
8282
9042
8545
8796
8796
8281
8635
8452
8742
8963
8753
9019
8334
8985
8241
8803
8561
8733
8702
8792
8559
8426
8503
8525
8600
8485
9039
8912
8868
8620
8291
8762
8388
8980
8932
8637
8325
8357
8259
8344
9059
8517
8715
9045
9022
8296
8367
8672
8781
8383
8457
8311
8506
8480
8562
9031
8570
8949
8440
8623
8514
8407
8408
8896
8742
8310
8624
8752
8306
8316
8923
8729
8351
8822
9020
8382
8588
8464
8882
9070
8617
9027
8991
8350
9015
8529
8774
8884
8616
8397
8536
8843
8814
8760
8751
8546
8370
8682
8585
8739
8660
8447
8715
8853
8411
8465
8819
9012
8444
8427
8634
8463
8735
8426
8965
8572
8976
8440
8466
8883
8510
8707
8492
8475
8738
9029
8401
8916
8441
8486
8974
8528
8489
8469
8792
8808
8689
9023
9071
8799
8750
8751
8773
8801
8755
8877
8917
9025
8766
8445
8491
8611
9014
8983
8995
8473
8718
8685
8906
8625
9001
8693
9029
8565
8501
9056
8700
8782
8517
8707
8500
8956
8459
8538
8767
8571
8504
9056
8466
8498
8471
8651
8524
8985
8898
8775
8881
8540
8483
8645
8610
8659
8906
8984
8855
8634
8657
8641
8523
8727
8773
8783
8599
8749
8552
9063
8885
8666
8728
8701
8536
8539
8778
8895
8836
8674
8979
9008
9012
8867
8840
9004
8681
8699
8893
8701
8950
8634
8644
8883
8607
8758
8903
9062
8959
8571
8958
8748
8742
8980
9047
8646
8756
8761
8731
9059
8768
8688
8996
8648
8684
8864
8631
8886
9058
8837
8853
8784
9045
9036
8768
8822
8890
8919
8932
8765
8868
9055
8692
8679
8681
8645
8801
8777
8911
9025
8850
9018
8912
8960
8851
8986
8707
8943
8737
8739
9013
8680
8845
8860
8800
8700
8749
8814
9011
9023
8984
8998
8962
8807
8861
8968
8747
8717
8750
8870
8875
8931
9026
8839
9047
8818
8925
8873
9063
8992
8856
8878
8839
8847
9053
8998
8908
8907
9072
8842
8939
8763
8739
8796
8825
8913
9000
8776
8804
9051
8769
8991
8940
8799
8827
9006
8820
8777
8835
8746
8774
9075
9052
8830
8997
9060
8911
8846
8924
8896
9005
8891
8940
9042
8840
9033
9062
9027
8884
8941
8953
8905
9032
8924
8909
8849
8991
8835
9064
8818
8824
8999
8958
8917
8987
8926
8952
9077
8955
8996
8941
8925
8920
8937
9015
8963
8915
8876
8983
8923
8921
9039
8865
8879
9007
8894
8957
9012
8878
8957
8903
8922
8929
8949
9000
8977
9005
8899
8920
8964
8888
9088
9010
8910
9029
9020
8993
8945
9053
9078
8999
9006
9014
9041
8982
9009
9062
8944
8971
9055
9024
8959
9046
8967
8976
9061
9030
9066
9070
9071
8969
8988
9026
8998
8981
9036
9085
8964
9044
9051
8994
9073
8990
9007
9043
9040
9064
9001
9068
9018
9033
9028
9067
9019
9056
9016
9034
9017
9057
9054
9044
9038
9065
9071
9032
9058
9050
9063
9065
9074
9075
9070
9073
9075
9077
9080
9082
9085
9087
)


// ************************************************************************* //
