/*--------------------------------*- C++ -*----------------------------------*\
| =========                 |                                                 |
| \\      /  F ield         | OpenFOAM: The Open Source CFD Toolbox           |
|  \\    /   O peration     | Version:  2412                                  |
|   \\  /    A nd           | Website:  www.openfoam.com                      |
|    \\/     M anipulation  |                                                 |
\*---------------------------------------------------------------------------*/
FoamFile
{
    version     2.0;
    format      ascii;
    arch        "LSB;label=32;scalar=64";
    note        "nPoints:2814  nCells:2662  nFaces:9393  nInternalFaces:3917";
    class       labelList;
    location    "constant/polyMesh";
    object      neighbour;
}
// * * * * * * * * * * * * * * * * * * * * * * * * * * * * * * * * * * * * * //


3917
(
100
148
492
20
209
551
375
1353
2455
249
280
635
17
451
1839
60
726
1724
68
470
2163
120
178
192
238
382
835
43
281
652
28
137
2125
203
742
2478
563
644
2658
66
408
2167
253
354
1497
140
785
2409
93
257
2359
331
1211
271
272
1849
61
265
2464
102
1380
87
279
462
58
83
299
192
821
1844
528
1792
2580
74
506
2544
73
260
2141
89
804
2556
640
1455
41
1132
1795
325
538
1237
162
250
2060
81
785
1850
114
2071
2381
143
245
600
276
368
2648
65
150
359
80
150
494
135
403
1360
590
1293
1480
143
259
438
150
558
159
319
594
590
913
63
526
722
407
648
2636
141
789
1354
196
322
2034
125
275
1490
427
575
2213
300
599
856
56
778
850
214
604
2136
116
633
2583
241
564
667
57
634
993
1239
1602
189
199
378
1527
103
256
1925
627
807
1847
2331
668
725
2660
419
646
198
1453
2250
2120
2243
156
597
190
200
2637
1355
1644
75
512
593
489
1440
1734
394
2224
2575
425
2101
2330
1647
2256
563
1651
1648
1933
669
2569
2655
126
1474
153
429
646
676
2525
2656
508
2243
578
1783
571
2421
2588
240
403
155
158
1376
151
155
518
158
164
532
121
2184
113
1628
1758
244
368
94
320
2634
769
1770
2415
193
336
414
326
2351
134
2523
211
568
2109
327
387
794
570
1706
2422
417
591
1656
191
574
1514
1491
2123
264
814
1641
554
1555
210
2611
164
220
495
381
1923
2201
170
309
1627
458
2247
2653
122
239
325
630
942
2347
234
266
324
579
1216
1748
217
234
504
1684
1708
1426
2355
401
1589
2340
680
769
553
1894
2194
136
167
1436
266
287
482
694
2546
366
470
698
1679
156
1103
1425
193
287
301
717
1145
966
1935
149
227
2490
243
301
318
186
282
2474
258
471
681
136
527
1528
288
580
581
208
621
1777
1424
2420
267
2372
1280
1460
2302
365
601
1998
1624
2420
2654
349
1279
679
1871
297
534
595
1701
205
212
2101
226
289
585
274
2066
2156
277
415
426
1383
1728
258
385
273
693
187
1559
2200
411
493
400
445
694
1245
348
350
481
1730
752
226
1586
284
285
1680
337
617
2066
188
1499
567
609
1442
708
572
2313
2659
177
647
2578
1405
1651
304
711
1859
319
659
2436
686
1398
380
452
2446
689
1398
1429
411
439
540
247
1231
2388
201
522
1866
347
515
1078
783
2635
1738
1996
473
634
2541
334
1135
2237
673
1593
1806
323
429
517
356
374
1423
330
484
544
230
338
2650
233
2579
1291
1580
1970
2309
473
784
237
2640
1691
1947
905
1488
217
323
700
248
450
533
626
1116
413
448
2594
781
2195
507
1441
293
2533
322
1617
294
332
620
672
2514
760
2497
2605
469
2089
678
1234
1992
355
1710
2004
2038
216
1406
711
899
454
1330
560
609
309
1623
2387
548
2367
584
643
942
691
871
1561
388
1483
2531
221
701
783
283
1420
378
2277
458
608
772
392
916
2516
298
478
2444
376
500
2624
617
361
755
710
1919
2657
242
1236
1540
431
1591
254
1690
1809
464
744
2510
367
760
1307
311
1324
2250
469
596
659
500
643
606
1674
442
2447
1446
2009
823
2215
2195
2548
336
2514
342
2220
1407
1986
547
766
1555
329
1135
771
1772
658
1913
603
2564
402
1768
2251
613
1304
2305
1416
2124
536
597
310
1477
1640
2000
2365
1370
1623
265
1721
1889
314
1790
550
702
2242
402
642
2069
492
557
990
2072
2268
2490
2065
676
2276
342
948
1200
378
501
823
1411
1472
1765
1451
1744
346
1856
694
864
729
2488
449
2284
702
1350
474
607
1300
1327
2267
612
858
509
2639
775
1945
1393
1536
434
454
498
1085
335
1320
370
1306
1553
1808
567
1865
561
2066
747
1295
2240
306
2004
2049
369
1567
2005
1288
1536
479
625
535
1940
2096
475
535
1432
771
2229
623
2076
701
1579
677
1621
1437
490
1381
2301
375
1458
1629
1867
1982
457
1131
2554
833
1389
478
796
917
639
650
1895
2011
583
2040
539
2273
514
853
1895
379
667
2082
524
1319
409
549
1643
575
683
2473
384
410
2466
385
681
1308
1433
1876
556
1667
1682
776
2018
360
787
497
1796
1861
383
592
585
1672
2169
723
2391
523
1382
2004
2049
334
723
512
541
674
1348
463
525
2493
1633
1841
480
2140
465
684
2541
415
697
2428
682
1618
2613
354
496
1216
2281
610
1551
2609
348
628
1163
502
972
1922
2070
2167
1228
2505
548
2469
397
1254
1340
398
692
2110
372
680
1908
809
1600
1619
770
1334
520
2039
2316
370
371
2573
423
1795
504
662
371
619
804
1491
2412
483
602
784
583
730
2591
421
1567
424
1605
586
1541
1655
1827
2237
2137
870
692
2651
386
1584
2476
832
2185
2110
523
801
528
684
1715
658
2639
579
1656
1405
2263
1352
2127
388
767
1560
699
757
2128
545
645
1828
1695
1722
2316
544
719
2592
480
842
1453
1721
1966
442
872
1796
1796
2604
428
1211
1612
797
1503
1602
751
1660
667
1629
518
859
1394
693
808
737
2250
2499
1527
472
598
779
809
1947
2399
554
569
2188
1131
1845
573
1871
1534
1742
467
2561
419
455
1870
2236
1416
2661
1499
2121
1740
688
2119
2198
1668
2459
434
513
1330
1128
539
737
2349
476
649
461
670
1116
566
2299
612
903
432
1868
1692
2395
2400
2538
1395
1911
1561
485
1918
2081
1636
2607
560
1565
763
813
779
628
1278
2219
1658
2462
2563
487
754
795
1271
1407
808
918
685
2404
2410
474
670
697
2604
689
1806
2577
511
679
2630
540
2546
677
753
2616
615
744
2097
719
2180
522
747
576
656
2038
2172
1726
2646
516
2157
2549
1566
590
775
561
1672
2365
1746
2584
1766
519
1194
1588
549
1333
2603
468
637
1565
1547
2040
1544
2647
792
2218
1262
2174
2340
505
618
626
1486
2228
1836
2074
513
2218
799
876
739
602
1417
2617
1653
1348
2618
1839
2172
802
1488
1654
2218
1542
2180
1885
1938
618
1311
1330
1803
665
749
986
605
2470
1851
495
532
660
2412
918
1232
1318
1604
1566
830
1656
845
1679
1140
1368
606
799
2397
1714
1995
2411
779
1420
648
2366
2496
616
656
743
1483
2660
2132
2413
1263
2294
2149
2530
1626
2175
2625
633
2295
2300
754
565
1487
1256
631
2186
1232
1273
1260
574
1887
2008
2592
529
1698
2233
1268
2021
731
2491
1418
1642
1606
1853
589
834
730
2107
2241
675
731
2567
706
1528
1969
627
534
743
2114
573
2158
696
1653
2144
1900
2604
2458
1590
1381
569
653
878
1209
1486
2260
801
1484
2279
577
946
1251
901
1676
1994
2225
1477
1673
569
1321
759
1207
1598
2097
2209
1826
814
1554
2098
1862
2098
574
1479
1318
1832
661
1735
2186
1822
2156
651
1817
1904
2253
692
712
836
1366
1929
2375
1822
1649
2454
811
818
1433
1954
1973
2194
1282
614
1283
1733
1535
2051
1279
1473
2264
637
858
776
1356
1333
1845
2496
2170
2621
2624
594
799
1780
740
850
1075
645
741
1074
847
1436
2338
2486
1704
2054
611
871
1962
1427
609
1564
1689
972
1450
1559
2545
1165
1185
696
2326
2537
1717
2121
1609
2192
1493
2063
760
748
1967
2529
647
2586
674
734
1518
2202
2205
1285
2024
1531
2564
700
1927
1747
2449
2304
2453
1574
1649
833
1890
698
1918
2094
748
1692
1417
1885
2414
763
2431
1376
789
1208
1785
2502
1400
1924
1301
1462
1172
2379
2451
2506
817
1378
2222
638
1537
1575
1822
1396
2616
1469
1909
1312
1435
746
831
854
1534
1985
2517
2037
2288
1511
1688
2092
2581
1454
1756
1886
707
2613
664
1997
800
907
1461
1869
1491
1959
2058
1821
713
724
832
2215
1209
807
1736
1301
1754
1557
1791
920
1162
1481
916
1503
829
1480
764
1657
1752
975
1732
728
2251
758
791
1086
681
2074
1429
2166
1394
1639
2026
1537
2203
2453
2221
2177
1515
1744
2297
2403
1628
1670
2212
2002
2638
708
752
1744
1461
1852
1627
992
1136
1226
1362
1648
841
1276
1675
739
2291
2270
1437
1587
1991
2364
2058
790
873
1210
709
2268
2579
902
959
1004
1893
2071
1515
1805
1849
2045
2474
2009
2062
1978
2177
2321
770
826
987
1279
1498
1401
2211
2590
778
828
1075
1268
1459
1903
2124
2148
2606
1453
1589
2618
765
2050
2400
1990
2386
2317
774
836
2253
2558
1259
1482
788
819
1225
811
2499
1777
1841
1860
2204
948
1416
2180
815
874
1343
800
1390
1626
2619
845
1237
1632
2460
1585
1853
2385
917
1121
1120
961
1944
2553
752
1245
1618
874
892
1866
1188
805
1265
827
887
1359
1421
2539
1577
1690
1587
1616
844
869
1246
1209
2436
1294
1445
1801
2049
839
861
1756
876
2397
2570
1574
1969
2258
843
2620
846
863
2054
2328
824
908
1363
1908
2265
1968
2157
1300
2403
2437
822
866
2252
1930
1519
1640
2341
1762
1310
1463
1816
1829
1838
1556
1674
2303
2033
2046
2457
1591
2175
2322
802
2432
857
1511
2167
882
949
1006
1165
1654
2073
1475
1549
1788
1828
2279
2022
2023
1239
1997
833
884
1820
1321
2645
2445
837
1159
1244
2648
862
1070
855
998
1448
2129
2145
2220
816
861
1610
2509
816
863
901
1570
1873
2045
1225
1581
974
1758
1218
1742
874
875
852
969
1100
2190
2231
826
885
1630
894
921
1212
1249
1665
890
982
1114
1293
1456
2481
2486
1343
1361
1366
1235
2258
2362
2397
1465
1243
1387
858
1356
1402
1469
866
1465
1909
1245
1875
1838
2116
1702
2626
883
981
1699
1409
1256
1922
856
1537
1950
1145
1471
1568
1582
1331
1372
1951
920
953
1886
1897
882
909
867
883
1291
1073
1074
864
2567
1940
2161
2211
1113
1738
1208
1647
2406
1619
879
1063
975
2013
2211
924
970
1616
1719
1321
1861
2035
890
971
1071
1073
1658
898
1002
1614
2080
1111
895
1112
944
951
1347
968
965
1501
1693
2088
1263
1604
1884
897
989
894
1110
1104
1178
1206
1164
986
1070
1072
1069
1071
905
1344
2155
1059
902
1221
1109
1227
959
1270
919
1096
1322
1952
953
1107
1496
1104
1520
1637
978
1106
2363
951
992
1286
1916
2463
923
1083
1068
1069
976
983
1428
967
983
1272
1082
1085
1320
1779
1997
988
993
1441
1096
1105
2280
1899
995
1622
996
997
1399
969
997
2056
998
1274
999
1298
1002
1122
1287
1005
1091
1404
1103
1115
1080
1138
1299
952
1080
1575
1082
1258
1753
1084
1098
1608
1086
1269
1275
1087
1267
1657
1088
1148
1364
979
1090
1516
980
1092
1341
1093
1159
1325
984
1093
1250
950
985
1094
1094
1160
1476
952
1102
1396
1722
1119
1123
1099
1206
1253
1348
1081
1508
1126
1130
1542
1066
1068
1374
1748
1118
1126
1055
1137
1139
1140
1143
1235
1256
1144
1146
1147
1150
1112
1149
1151
1709
1981
1152
1153
1154
1155
994
995
1669
1365
1546
977
1134
973
1158
1290
1361
1117
1065
1067
1064
1066
1743
994
1495
1134
1708
1949
1141
1323
988
1108
1052
1463
1150
1514
1077
1151
1063
1065
1062
1064
1157
1152
1611
1124
1154
1351
1228
1231
2103
1061
1062
1588
1728
1252
1255
1323
1109
1134
1161
1105
1107
1739
1110
1111
1113
1265
1076
1122
2064
1114
1351
1762
1166
1267
1965
1969
1466
1558
1142
1168
1275
1659
1520
1605
1767
1168
1175
1195
1198
1194
1197
1193
1196
1197
1249
1196
1198
1192
1195
1191
1248
1190
1194
1155
1193
1153
1191
1151
1192
1150
1190
1146
1154
1143
1152
1149
1186
1147
1184
1182
1186
1181
1184
1144
1180
1179
1182
1139
1140
1177
1181
1176
1180
1175
1179
1174
1177
1173
1176
1171
1174
1130
1173
1123
1171
1126
1167
1119
1166
1115
1167
1137
1474
1096
1166
1103
1163
1105
1161
1163
1278
1158
1161
1157
1158
1156
1277
1141
1157
1106
1156
1141
1252
1107
1108
1168
1109
1118
1117
1099
1118
1110
1117
1099
1178
1083
1083
1111
1112
1113
1114
1123
1169
1201
1229
1120
1121
1276
1130
1297
1349
1137
1177
1435
1139
1284
1230
1284
1170
1180
1127
1129
1182
1147
1183
1133
1175
1101
1149
1153
1155
1097
1125
1195
1189
1358
1181
1204
1162
1652
1199
1238
1167
1906
1802
1816
1205
1552
2291
1122
1484
1338
1214
1681
1201
1408
1187
1337
1590
2386
1199
1329
2294
1553
1592
1187
1305
2146
1554
1641
1173
1202
1205
1302
1410
1148
1763
1214
1223
1698
1191
1193
1215
2455
1411
1431
2249
1219
1460
1203
1266
1219
1982
2442
1729
1203
1221
1187
1224
1375
1224
1659
1958
1199
1961
1198
1222
1887
1201
1217
2117
1655
1749
1203
1434
1224
1386
1632
1422
1336
1389
2327
1290
1411
1801
1244
1383
1254
1487
1526
1223
1217
1220
2484
1222
1643
2269
1455
1384
1507
1371
1261
2191
1227
1255
1309
1482
1346
1510
1269
1694
1877
2152
1251
1297
1700
2427
2557
1752
1829
2106
2171
1342
1440
2307
1672
2334
2448
1732
1929
2558
1938
2390
2413
1383
2123
1248
1365
1478
1697
2002
2338
1281
1281
1367
1391
1897
1309
1454
2237
2083
1878
1623
2470
2642
1314
1418
2482
2505
1376
1724
1369
1778
2162
2416
1624
1786
1904
2289
1456
1379
1580
1725
1711
2030
1532
1558
1315
2296
1509
1569
1609
1905
1533
1576
1993
1720
1345
2107
1345
1893
2104
1782
1871
1852
1960
1326
1538
1768
1452
1641
1678
1695
1714
1813
1409
2020
2041
1464
1421
1470
1578
2236
1326
1595
2259
1462
1727
1868
2290
1478
1513
1464
1950
2285
2078
1430
2171
1481
1908
2582
1603
2269
1438
1439
1719
1814
1606
1688
1562
1564
1770
1963
1539
1718
1942
2396
1904
2014
2274
1563
1684
1443
2377
1542
1749
1818
1413
1415
1599
2314
1639
1787
1418
1373
2488
1492
2159
2195
1367
1387
2189
1995
2006
1377
1397
1508
1440
1493
1332
2168
1362
2568
2165
1427
1444
1494
1660
1578
1613
1439
1493
1582
2296
1362
1397
1406
1392
1444
1342
1346
2323
2312
1543
2212
2044
1452
1631
1377
1857
1848
2108
1517
1466
1556
1652
2206
2456
2630
1605
1737
2034
1377
1380
1406
1485
1593
1431
1532
2009
2026
2055
1523
1533
1369
1379
2130
1846
2139
1410
1502
2016
2011
2349
1507
1593
1397
1415
1777
1915
1476
2484
1550
1999
1870
1872
2200
1676
2450
1818
1836
1476
2095
1395
1615
1696
1550
2261
2197
1445
1675
1501
1894
2320
1525
2401
1487
1846
1813
1864
2042
1549
2248
2494
1523
1751
1449
1622
2043
2328
1518
2428
2122
2162
2246
1430
1438
2544
1720
1485
1510
1826
1611
1413
1522
1535
1470
1610
1638
2290
1548
2179
1444
1741
2185
1849
1522
1631
1661
1686
1741
1624
1781
1552
1689
2037
2480
1686
1509
1682
2481
2143
2465
1780
1883
2319
1464
1580
1729
1923
1957
2346
2150
1506
1595
2293
1582
1602
2249
1540
2062
1505
1513
2236
1546
1576
1669
2210
1560
1515
1807
2072
1567
1729
1513
1760
1787
1790
2126
2206
1568
1713
1775
1960
1833
1739
1895
1802
1662
1750
1763
1512
1583
1716
1932
1500
1645
1662
2041
2563
1712
1835
1753
1524
1615
2105
2142
1947
1948
1517
1771
2129
2238
2070
2434
2052
1939
1494
1524
1764
1607
1685
1682
1745
2019
1569
2227
1610
2053
1650
2148
1712
2388
2134
1613
1972
1687
1519
1680
2516
1636
1943
2652
2142
2151
1521
1699
2166
1548
2262
1776
1704
1933
2160
1887
1691
1999
1779
1740
1525
2085
2094
2132
2083
2126
2010
1611
1897
2051
1630
2258
1530
1891
2100
2298
2513
1717
1928
1920
1759
2550
1548
2350
1985
2213
1851
1579
1864
1992
1590
2363
1943
2239
1583
1645
1815
2138
1640
1680
1801
2148
1954
2235
1906
1634
1878
1826
1661
2379
2432
2127
2643
1743
1688
1586
1789
1642
1792
2293
1727
1854
1842
2131
1571
2022
1573
2023
1961
2278
1950
2483
2147
2158
2441
2153
2043
2520
2091
1671
2479
1990
2597
1773
2292
2117
2565
1723
1814
1907
1713
1837
1840
1865
1597
2020
2080
1788
2441
1951
1972
1601
2088
1703
2366
2032
2065
1763
1793
1942
2261
2018
1804
1839
1687
1695
2347
1705
1971
2423
2431
2440
2088
1736
1877
2391
2147
2193
2347
1910
2193
2545
2511
1663
1792
2082
2321
2303
2103
1774
2333
1795
1824
1730
1804
2007
2555
1740
2395
1700
1756
2402
2580
1703
1646
2047
1794
1812
1863
2079
2568
2317
1999
2399
2104
2056
2357
2343
1677
2189
2096
2374
2010
1802
1934
2099
2387
1843
1926
2326
1728
2117
1760
1850
1976
2262
2360
2207
2214
2227
1990
2597
1962
2169
2108
2170
2497
1986
1857
1848
1944
1874
2064
2094
1748
1778
2137
2183
2226
2429
1797
1989
2229
1855
1809
2370
2399
2075
1750
1912
1725
2205
1733
1898
2214
2232
2512
2103
1886
1958
2254
2287
2421
2603
2191
1764
1772
2245
2269
1752
2189
1935
2134
2493
1909
1932
1834
2423
1799
1834
2199
2073
2272
1794
1858
2383
1902
2467
2342
2296
2377
2621
2162
2540
2042
2202
2459
2608
2184
2367
2075
2085
2395
2025
1772
2323
2642
1976
2542
1854
1812
1843
1931
1771
2019
2069
1936
1878
2098
2243
2644
1773
1797
1955
1757
2056
2206
2429
1830
1850
1769
1855
1972
1793
1820
2541
2036
2599
2457
1817
1956
2029
2307
2265
2462
2465
2093
2133
1784
1843
1798
1815
2257
1771
2378
1793
1797
1937
2064
2099
2577
2264
2307
2001
1884
2223
2217
2221
1830
1863
2144
2394
1921
2393
2440
2613
1953
2515
2259
2271
2612
1927
1982
1842
2024
2283
1827
2059
1817
2014
2113
2102
2454
1896
1917
1956
2434
1916
1917
1957
1979
1941
2233
2295
2589
1862
2350
2533
2115
2003
1983
1934
2512
2418
1831
1964
1977
2333
1960
2561
1987
2329
2405
2137
2299
2036
2082
2461
2146
2263
2424
2047
1921
2311
1907
1988
2163
2228
1902
1863
2112
1847
2015
2301
2230
1842
1946
1890
1977
1996
2654
2185
2021
1981
2015
1898
1979
2109
1912
1916
1936
2053
1946
2266
2442
2611
2272
2361
2176
2045
2427
1930
1930
1927
2061
2549
1917
2119
2151
2252
2285
2022
2102
1937
2316
2145
2440
2223
2472
2129
1981
2087
2309
1967
2068
2111
2105
2242
2522
1994
2084
2192
1974
2028
2498
2352
2043
2054
2191
2254
2306
2333
2089
2335
1964
1975
1996
2355
2443
1911
2198
1911
2274
2289
2171
2224
1977
1988
2190
2015
2261
2596
2136
2286
1941
2419
2207
2459
1934
2267
2285
1984
1994
2469
1980
2038
2390
2159
2232
2057
2628
2508
1923
2210
2517
2156
2488
1998
2115
2324
2547
2120
1975
2567
2266
2429
2466
2008
2414
2121
2383
1949
2248
2596
2353
1955
2280
2297
2426
2412
2556
2308
2257
1980
1984
2380
2409
2653
2478
2275
2385
2655
2503
2504
2076
2436
2234
2415
2368
2071
2208
2306
2318
2485
2068
2186
2543
2552
2354
2404
2060
2209
2181
2226
2204
2612
1984
2084
2065
2371
2345
2435
2358
2249
2392
2551
2311
2284
2378
2061
2337
2001
2422
2509
2277
2005
2027
2182
2181
2369
2331
2439
2059
2417
2538
2029
2282
2302
2515
2458
2128
2178
2196
2238
2328
2286
2446
2495
2351
2519
2562
2337
2086
2188
2199
2076
2318
2308
2375
2535
2048
2601
2114
2384
2154
2245
2422
2033
2092
2571
2393
2502
2376
2325
2067
2356
2126
2595
2621
2645
2591
2405
2482
2099
2527
2413
2617
2078
2135
2532
2578
2586
2083
2089
2631
2290
2405
2551
2127
2362
2648
2112
2382
2084
2548
2150
2562
2174
2447
2542
2499
2201
2526
2659
2418
2444
2090
2433
2571
2163
2111
2187
2188
2270
2407
2394
2229
2265
2108
2552
2178
2376
2168
2257
2513
2100
2373
2281
2452
2632
2510
2247
2335
2278
2658
2341
2153
2196
2219
2315
2651
2141
2115
2136
2154
2308
2255
2448
2187
2223
2406
2275
2644
2175
2536
2503
2661
2396
2594
2260
2430
2501
2310
2492
2390
2157
2408
2309
2334
2365
2430
2559
2522
2524
2255
2532
2487
2501
2224
2593
2326
2289
2388
2656
2430
2477
2519
2222
2274
2286
2475
2367
2231
2410
2336
2548
2168
2568
2392
2632
2210
2227
2310
2344
2420
2452
2216
2507
2371
2226
2299
2384
2332
2349
2460
2489
2475
2398
2619
2203
2614
2627
2203
2573
2228
2485
2419
2337
2525
2425
2476
2503
2524
2282
2331
2495
2279
2208
2348
2245
2339
2381
2564
2386
2620
2657
2411
2230
2448
2276
2336
2456
2556
2585
2477
2344
2574
2479
2435
2273
2234
2512
2247
2513
2660
2451
2623
2271
2284
2456
2589
2504
2253
2288
2584
2332
2407
2370
2438
2437
2569
2334
2327
2491
2293
2433
2492
2531
2446
2300
2411
2587
2572
2378
2313
2369
2282
2468
2635
2454
2473
2484
2306
2438
2471
2588
2554
2325
2354
2385
2654
2583
2437
2571
2631
2450
2426
2521
2526
2490
2557
2381
2389
2622
2314
2520
2551
2382
2393
2317
2391
2473
2529
2653
2510
2534
2372
2511
2607
2527
2432
2445
2428
2508
2563
2632
2373
2408
2572
2373
2656
2638
2535
2657
2356
2401
2345
2404
2602
2659
2523
2410
2519
2593
2368
2491
2474
2575
2536
2625
2601
2627
2597
2658
2460
2394
2444
2600
2626
2470
2562
2533
2560
2507
2543
2570
2546
2376
2475
2389
2508
2458
2616
2469
2528
2509
2655
2384
2516
2547
2402
2505
2543
2445
2615
2480
2590
2518
2443
2537
2629
2522
2482
2538
2498
2536
2549
2457
2617
2583
2540
2565
2629
2635
2478
2435
2609
2467
2476
2479
2443
2602
2450
2439
2449
2631
2577
2569
2464
2539
2633
2572
2467
2553
2481
2573
2582
2576
2639
2500
2466
2561
2557
2628
2528
2585
2598
2600
2485
2529
2501
2581
2559
2599
2494
2542
2612
2506
2528
2560
2514
2638
2646
2603
2566
2502
2570
2628
2524
2585
2552
2534
2539
2640
2596
2661
2590
2594
2606
2610
2535
2566
2615
2559
2576
2544
2555
2647
2602
2650
2608
2553
2574
2600
2636
2601
2641
2637
2649
2587
2598
2593
2599
2629
2605
2591
2595
2651
2641
2609
2605
2634
2630
2606
2636
2610
2652
2643
2634
2614
2633
2642
2649
2625
2626
2637
2640
2627
2633
2645
2644
2646
2652
2650
)


// ************************************************************************* //
