/*--------------------------------*- C++ -*----------------------------------*\
| =========                 |                                                 |
| \\      /  F ield         | OpenFOAM: The Open Source CFD Toolbox           |
|  \\    /   O peration     | Version:  2412                                  |
|   \\  /    A nd           | Website:  www.openfoam.com                      |
|    \\/     M anipulation  |                                                 |
\*---------------------------------------------------------------------------*/
FoamFile
{
    version     2.0;
    format      ascii;
    arch        "LSB;label=32;scalar=64";
    class       vectorField;
    location    "constant/polyMesh";
    object      points;
}
// * * * * * * * * * * * * * * * * * * * * * * * * * * * * * * * * * * * * * //


2814
(
(0 0 0)
(-10 -10 0)
(20 -10 0)
(-10 10 0)
(20 10 0)
(-10 -10 0.001)
(20 -10 0.001)
(-10 10 0.001)
(20 10 0.001)
(0 0 0.001)
(0.01174604711 0.01515739502 0)
(0.02993827295 0.02288919644 0)
(0.04923543518 0.0273721127 0)
(0.0688625503 0.03011704573 0)
(0.08861682189 0.03173209735 0)
(0.1084218611 0.03252720403 0)
(0.1282426169 0.03268504672 0)
(0.1480609421 0.0323248529 0)
(0.1678667267 0.03153001523 0)
(0.1876540976 0.03036205349 0)
(0.2074195993 0.02886826916 0)
(0.2271612415 0.02708623945 0)
(0.2468779648 0.02504661078 0)
(0.2665693229 0.02277491791 0)
(0.2862352841 0.02029281407 0)
(0.305876103 0.01761892942 0)
(0.3254922327 0.01476948629 0)
(0.3450842634 0.01175874492 0)
(0.3646528773 0.008599333192 0)
(0.3841988179 0.005302518425 0)
(0.4037228662 0.001878409271 0)
(0.423225822 -0.001663888508 0)
(0.4427084869 -0.005316158067 0)
(0.4621716525 -0.009070970348 0)
(0.4816160933 -0.01292158822 0)
(0.5010425588 -0.01686190017 0)
(0.5204517659 -0.0208863724 0)
(0.5398443921 -0.02499000638 0)
(0.5592210738 -0.02916828637 0)
(0.5785824026 -0.03341714659 0)
(0.5979289208 -0.03773294755 0)
(0.6172611178 -0.04211245629 0)
(0.6365794296 -0.04655281613 0)
(0.6558842367 -0.05105152829 0)
(0.675175862 -0.05560643761 0)
(0.6944545686 -0.0602157216 0)
(0.7137205582 -0.06487787553 0)
(0.7329739712 -0.06959169932 0)
(0.7522148844 -0.0743562884 0)
(0.7714433104 -0.07917102533 0)
(0.7906591956 -0.08403557179 0)
(0.8098624197 -0.08894986111 0)
(0.8290527942 -0.09391409123 0)
(0.848230061 -0.09892871822 0)
(0.8673938915 -0.1039944504 0)
(0.8865438845 -0.1091122425 0)
(0.9056795647 -0.1142832927 0)
(0.9248003829 -0.1195090286 0)
(0.9439057207 -0.1247910783 0)
(0.9629949472 -0.1301310612 0)
(0.9820647269 -0.1355399624 0)
(0.9615613102 -0.1403448307 0)
(0.941739659 -0.1402185425 0)
(0.9219184971 -0.1400300986 0)
(0.9020979788 -0.1397830063 0)
(0.8822782478 -0.1394792277 0)
(0.8624594382 -0.1391203191 0)
(0.8426416769 -0.1387075516 0)
(0.8228250862 -0.138241955 0)
(0.8030097869 -0.1377243008 0)
(0.7831959012 -0.1371550986 0)
(0.7633835559 -0.1365345906 0)
(0.743572885 -0.1358627459 0)
(0.7237640332 -0.1351392541 0)
(0.7039571587 -0.1343635182 0)
(0.6841524368 -0.1335346476 0)
(0.6643500635 -0.1326514501 0)
(0.6445502595 -0.1317124235 0)
(0.6247532745 -0.1307157436 0)
(0.6049593919 -0.1296592497 0)
(0.5851689349 -0.128540435 0)
(0.5653822716 -0.1273564333 0)
(0.5455998228 -0.126104002 0)
(0.5258220703 -0.1247794933 0)
(0.5060495661 -0.1233788358 0)
(0.4862829432 -0.1218975133 0)
(0.466522928 -0.1203305343 0)
(0.4467703569 -0.1186723818 0)
(0.4270261939 -0.1169169745 0)
(0.4072915514 -0.1150576228 0)
(0.3875677162 -0.1130869673 0)
(0.3678561825 -0.1109968887 0)
(0.3481586916 -0.1087784136 0)
(0.3284772788 -0.1064216098 0)
(0.3088143352 -0.1039154415 0)
(0.2891726856 -0.1012475823 0)
(0.2695556934 -0.09840416171 0)
(0.2499673942 -0.09536946128 0)
(0.2304126786 -0.09212550264 0)
(0.2108975452 -0.0886514804 0)
(0.1914294611 -0.08492297246 0)
(0.1720178919 -0.0809108122 0)
(0.152675108 -0.07657942751 0)
(0.1334174686 -0.07188430293 0)
(0.1142675756 -0.06676792237 0)
(0.09525813196 -0.06115291311 0)
(0.07643944291 -0.05492967287 0)
(0.05789555025 -0.04793226703 0)
(0.03978530137 -0.03988383828 0)
(0.02247121696 -0.03025577821 0)
(0.007114405648 -0.01780958431 0)
(-8 -10 0)
(-6 -10 0)
(-4 -10 0)
(-2 -10 0)
(0 -10 0)
(2 -10 0)
(4 -10 0)
(6 -10 0)
(8 -10 0)
(10 -10 0)
(12 -10 0)
(14 -10 0)
(16 -10 0)
(18 -10 0)
(-10 8 0)
(-10 6 0)
(-10 4 0)
(-10 2 0)
(-10 0 0)
(-10 -2 0)
(-10 -4 0)
(-10 -6 0)
(-10 -8 0)
(20 -8 0)
(20 -6 0)
(20 -4 0)
(20 -2 0)
(20 0 0)
(20 2 0)
(20 4 0)
(20 6 0)
(20 8 0)
(18 10 0)
(16 10 0)
(14 10 0)
(12 10 0)
(10 10 0)
(8 10 0)
(6 10 0)
(4 10 0)
(2 10 0)
(0 10 0)
(-2 10 0)
(-4 10 0)
(-6 10 0)
(-8 10 0)
(-8 -10 0.001)
(-6 -10 0.001)
(-4 -10 0.001)
(-2 -10 0.001)
(0 -10 0.001)
(2 -10 0.001)
(4 -10 0.001)
(6 -10 0.001)
(8 -10 0.001)
(10 -10 0.001)
(12 -10 0.001)
(14 -10 0.001)
(16 -10 0.001)
(18 -10 0.001)
(-10 8 0.001)
(-10 6 0.001)
(-10 4 0.001)
(-10 2 0.001)
(-10 0 0.001)
(-10 -2 0.001)
(-10 -4 0.001)
(-10 -6 0.001)
(-10 -8 0.001)
(20 -8 0.001)
(20 -6 0.001)
(20 -4 0.001)
(20 -2 0.001)
(20 0 0.001)
(20 2 0.001)
(20 4 0.001)
(20 6 0.001)
(20 8 0.001)
(18 10 0.001)
(16 10 0.001)
(14 10 0.001)
(12 10 0.001)
(10 10 0.001)
(8 10 0.001)
(6 10 0.001)
(4 10 0.001)
(2 10 0.001)
(0 10 0.001)
(-2 10 0.001)
(-4 10 0.001)
(-6 10 0.001)
(-8 10 0.001)
(0.01174604711 0.01515739502 0.001)
(0.02993827295 0.02288919644 0.001)
(0.04923543518 0.0273721127 0.001)
(0.0688625503 0.03011704573 0.001)
(0.08861682189 0.03173209735 0.001)
(0.1084218611 0.03252720403 0.001)
(0.1282426169 0.03268504672 0.001)
(0.1480609421 0.0323248529 0.001)
(0.1678667267 0.03153001523 0.001)
(0.1876540976 0.03036205349 0.001)
(0.2074195993 0.02886826916 0.001)
(0.2271612415 0.02708623945 0.001)
(0.2468779648 0.02504661078 0.001)
(0.2665693229 0.02277491791 0.001)
(0.2862352841 0.02029281407 0.001)
(0.305876103 0.01761892942 0.001)
(0.3254922327 0.01476948629 0.001)
(0.3450842634 0.01175874492 0.001)
(0.3646528773 0.008599333192 0.001)
(0.3841988179 0.005302518425 0.001)
(0.4037228662 0.001878409271 0.001)
(0.423225822 -0.001663888508 0.001)
(0.4427084869 -0.005316158067 0.001)
(0.4621716525 -0.009070970348 0.001)
(0.4816160933 -0.01292158822 0.001)
(0.5010425588 -0.01686190017 0.001)
(0.5204517659 -0.0208863724 0.001)
(0.5398443921 -0.02499000638 0.001)
(0.5592210738 -0.02916828637 0.001)
(0.5785824026 -0.03341714659 0.001)
(0.5979289208 -0.03773294755 0.001)
(0.6172611178 -0.04211245629 0.001)
(0.6365794296 -0.04655281613 0.001)
(0.6558842367 -0.05105152829 0.001)
(0.675175862 -0.05560643761 0.001)
(0.6944545686 -0.0602157216 0.001)
(0.7137205582 -0.06487787553 0.001)
(0.7329739712 -0.06959169932 0.001)
(0.7522148844 -0.0743562884 0.001)
(0.7714433104 -0.07917102533 0.001)
(0.7906591956 -0.08403557179 0.001)
(0.8098624197 -0.08894986111 0.001)
(0.8290527942 -0.09391409123 0.001)
(0.848230061 -0.09892871822 0.001)
(0.8673938915 -0.1039944504 0.001)
(0.8865438845 -0.1091122425 0.001)
(0.9056795647 -0.1142832927 0.001)
(0.9248003829 -0.1195090286 0.001)
(0.9439057207 -0.1247910783 0.001)
(0.9629949472 -0.1301310612 0.001)
(0.9820647269 -0.1355399624 0.001)
(0.9615613102 -0.1403448307 0.001)
(0.941739659 -0.1402185425 0.001)
(0.9219184971 -0.1400300986 0.001)
(0.9020979788 -0.1397830063 0.001)
(0.8822782478 -0.1394792277 0.001)
(0.8624594382 -0.1391203191 0.001)
(0.8426416769 -0.1387075516 0.001)
(0.8228250862 -0.138241955 0.001)
(0.8030097869 -0.1377243008 0.001)
(0.7831959012 -0.1371550986 0.001)
(0.7633835559 -0.1365345906 0.001)
(0.743572885 -0.1358627459 0.001)
(0.7237640332 -0.1351392541 0.001)
(0.7039571587 -0.1343635182 0.001)
(0.6841524368 -0.1335346476 0.001)
(0.6643500635 -0.1326514501 0.001)
(0.6445502595 -0.1317124235 0.001)
(0.6247532745 -0.1307157436 0.001)
(0.6049593919 -0.1296592497 0.001)
(0.5851689349 -0.128540435 0.001)
(0.5653822716 -0.1273564333 0.001)
(0.5455998228 -0.126104002 0.001)
(0.5258220703 -0.1247794933 0.001)
(0.5060495661 -0.1233788358 0.001)
(0.4862829432 -0.1218975133 0.001)
(0.466522928 -0.1203305343 0.001)
(0.4467703569 -0.1186723818 0.001)
(0.4270261939 -0.1169169745 0.001)
(0.4072915514 -0.1150576228 0.001)
(0.3875677162 -0.1130869673 0.001)
(0.3678561825 -0.1109968887 0.001)
(0.3481586916 -0.1087784136 0.001)
(0.3284772788 -0.1064216098 0.001)
(0.3088143352 -0.1039154415 0.001)
(0.2891726856 -0.1012475823 0.001)
(0.2695556934 -0.09840416171 0.001)
(0.2499673942 -0.09536946128 0.001)
(0.2304126786 -0.09212550264 0.001)
(0.2108975452 -0.0886514804 0.001)
(0.1914294611 -0.08492297246 0.001)
(0.1720178919 -0.0809108122 0.001)
(0.152675108 -0.07657942751 0.001)
(0.1334174686 -0.07188430293 0.001)
(0.1142675756 -0.06676792237 0.001)
(0.09525813196 -0.06115291311 0.001)
(0.07643944291 -0.05492967287 0.001)
(0.05789555025 -0.04793226703 0.001)
(0.03978530137 -0.03988383828 0.001)
(0.02247121696 -0.03025577821 0.001)
(0.007114405648 -0.01780958431 0.001)
(9.099333341 8.428198627 0)
(8.860248589 -8.483334093 0)
(18.37194598 1.165257698 0)
(-8.246936056 2.666236446 0)
(-8.29872074 -3.034727175 0)
(-2.765396046 8.1783572 0)
(-3.101885503 -8.325687002 0)
(3.238409071 8.459177212 0)
(0.708135238 -0.04580910498 0)
(3.238725485 -8.359595185 0)
(0.6734781605 -0.1502737732 0)
(12.96485118 8.295999949 0)
(12.81518492 -8.033318431 0)
(18.16306146 -3.142207882 0)
(18.30411569 4.921160916 0)
(16.91838258 -8.318421016 0)
(-6.926839273 -8.217634877 0)
(-8.267949192 7 0)
(16.9695958 8.335400085 0)
(-4.939851531 -8.375332419 0)
(-3.995085714 -6.808310081 0)
(-2.380916677 -6.737303875 0)
(-3.143728076 -5.485475448 0)
(-1.848222926 -5.409575297 0)
(-2.472791297 -4.420274423 0)
(0.3958190181 -0.1310705502 0)
(-1.396991935 -4.362079119 0)
(-1.891264777 -3.557308522 0)
(-1.046533918 -3.493771622 0)
(-1.435517806 -2.851180675 0)
(0.1979345239 -0.1036470644 0)
(-0.7663689587 -2.793261675 0)
(-1.087013776 -2.198952663 0)
(-1.727795516 -2.260535856 0)
(-1.452641652 -1.767321007 0)
(-1.998798835 -1.733778412 0)
(-1.688123607 -1.230178415 0)
(-2.263493373 -1.219240821 0)
(-1.998643523 -0.7074785025 0)
(-0.4962895588 -2.233753901 0)
(-0.1729698413 -2.688191 0)
(0.02388913976 -2.111664302 0)
(0.8718369113 -0.1563798652 0)
(0.7727228006 -0.1531419748 0)
(0.3557318958 -2.573971765 0)
(0.5208947923 -2.111256874 0)
(0.8410483845 -2.496191697 0)
(0.9891024457 -1.999365359 0)
(1.309233018 -2.41148655 0)
(1.452057297 -1.979271677 0)
(1.760623486 -2.287665249 0)
(-2.58201279 -0.6915756781 0)
(-2.313206569 -0.1731268882 0)
(-3.07354448 -1.169493801 0)
(0.6786456463 -2.988295214 0)
(-0.2988067053 -1.872582396 0)
(-2.924679882 -0.1122910306 0)
(-2.483943121 0.489755222 0)
(1.228095757 -1.649458441 0)
(1.588723164 -1.607913343 0)
(1.363761787 -1.344358003 0)
(1.686714512 -1.29129447 0)
(1.057291728 -1.368205905 0)
(1.170366633 -1.118399686 0)
(0.926825427 -1.136198127 0)
(0.5345666976 -0.1426150517 0)
(0.4750194723 -0.1382727343 0)
(0.5941137023 -0.1458878865 0)
(1.027279451 -0.9063585187 0)
(1.259685146 -0.896902891 0)
(0.8122711352 -0.9404239525 0)
(-3.317226321 0.5324419869 0)
(-2.898022519 1.220415191 0)
(-2.144177769 1.178887272 0)
(0.2786012256 0.03859461919 0)
(-2.452099287 1.895318068 0)
(-1.662249989 1.810772287 0)
(-2.00124583 2.568392647 0)
(-1.204346633 2.534539732 0)
(-2.734669268 2.607919466 0)
(0.8779356307 -0.7699841831 0)
(0.7130304125 -0.7877487193 0)
(0.7767638641 -0.6390068559 0)
(0.6283747897 -0.6599207023 0)
(0.9167728735 -0.6245141061 0)
(0.5546736527 -0.7899047117 0)
(0.4786789418 -0.6422885454 0)
(0.2967292026 -0.119582095 0)
(0.4019459558 -0.7926930664 0)
(0.08064561334 -0.07430707745 0)
(0.3252473033 -0.6623562756 0)
(0.2451038066 -0.8009368136 0)
(0.1663773476 -0.6426842352 0)
(0.3113447006 -0.9780644843 0)
(0.1192907125 -0.08586130515 0)
(0.0808576617 -0.8060115239 0)
(-0.0002503526976 -0.6639316512 0)
(-0.09450210136 -0.8160722547 0)
(-0.1780167873 -0.6289040823 0)
(-1.52935373 3.26913676 0)
(-0.6656135142 3.220308705 0)
(-0.4068681663 2.409083157 0)
(0.4923559898 0.002339046917 0)
(0.1724808849 3.121276042 0)
(0.4232620855 2.305054651 0)
(0.90577039 2.951466842 0)
(1.193984541 2.198940609 0)
(1.619099886 2.850869933 0)
(1.928221105 2.153112844 0)
(2.349306121 2.78620407 0)
(2.672272042 2.028637806 0)
(3.178138138 2.694536929 0)
(3.555055264 1.739818623 0)
(4.093660121 2.624080321 0)
(4.515148547 1.713529357 0)
(5.160609798 2.557382474 0)
(5.579767042 1.504723628 0)
(6.31554604 2.429917801 0)
(6.763513049 1.268765643 0)
(5.958579388 0.3934675158 0)
(7.220902151 0.04390701094 0)
(6.185535534 -0.9557236795 0)
(8.125954814 1.040032297 0)
(8.618596525 -0.2868997851 0)
(9.613048653 0.8006087986 0)
(10.12570788 -0.6238777282 0)
(2.810393681 1.230031192 0)
(-0.08841892149 4.027509841 0)
(0.1585137679 -0.09547766501 0)
(0.2373148847 -0.1107113072 0)
(0.3362470535 -0.1246839123 0)
(0.7897457594 1.76363148 0)
(0.8814230927 -0.08993392537 0)
(-0.2929927156 -0.8289950898 0)
(-0.3974429576 -0.6453167138 0)
(0.4353729538 -0.1349230174 0)
(0.9112959159 -0.1573958236 0)
(0.9512323425 -0.1576857887 0)
(0.8323009501 -0.1556799834 0)
(0.7333345818 -0.1525172773 0)
(0.6874863872 -0.5343070932 0)
(0.3815330623 -0.5460770371 0)
(5.84006377 3.555883096 0)
(2.107877747 3.467233311 0)
(-0.3002610428 -0.4601320176 0)
(0.003048306118 -0.04011235896 0)
(-0.5033978467 -0.4639896924 0)
(-0.3899024785 -0.2856037209 0)
(-0.6036466502 -0.2829793648 0)
(-0.511182442 -0.1224596849 0)
(-0.7075335798 -0.09574217579 0)
(-0.5430000538 0.1121293955 0)
(0.07124675305 -0.5286177703 0)
(11.16463657 0.5722136096 0)
(1.966913688 -1.560237075 0)
(2.033064645 -1.114576979 0)
(2.409111444 -1.496090467 0)
(2.564511315 -0.9748258062 0)
(2.171595153 -0.6798255503 0)
(2.955199209 -1.397524307 0)
(9.047717517 -1.655502546 0)
(11.69918124 -0.9584576137 0)
(-3.77137382 1.286853103 0)
(-4.256293821 0.4097571547 0)
(7.104053384 3.436621861 0)
(3.152288855 -0.7861182679 0)
(10.58765759 1.949608536 0)
(-0.6727998218 -5.227304299 0)
(12.23499129 1.80784463 0)
(3.688222488 3.508490952 0)
(-3.634945151 -4.32904052 0)
(-0.8495997528 0.1276320457 0)
(-0.6941152424 0.3559651679 0)
(-0.4268221612 0.3480152932 0)
(0.1384466935 0.04962834558 0)
(0.05779049483 0.04523163321 0)
(-0.007129709214 0.01813937459 0)
(-0.5188203769 0.5334107857 0)
(-0.2791745368 0.5444029106 0)
(-0.5262088443 -0.8476528363 0)
(-0.6887648379 -0.4554673828 0)
(1.604209126 -2.826047165 0)
(2.134134586 -2.723153173 0)
(1.95114198 -3.347628004 0)
(2.667636909 -3.209622904 0)
(2.427706908 -3.958241347 0)
(3.286869446 -3.801617821 0)
(-0.3742584821 0.7896632685 0)
(-0.1099752031 0.7354540085 0)
(0.003522922581 -0.9797944044 0)
(-0.006618781075 0.5336545049 0)
(0.141983927 0.6718990964 0)
(0.2726883547 0.4905710886 0)
(0.3966047676 0.0204149524 0)
(0.3379402135 0.03026402002 0)
(0.3762845125 0.6500775057 0)
(0.4350496005 0.01256565484 0)
(0.4469579132 0.4445213382 0)
(0.6114250178 -0.02314282788 0)
(0.5535765829 -0.01064123735 0)
(0.5711509404 0.6053590903 0)
(0.6152276377 0.4039807303 0)
(0.7565524969 0.5602010009 0)
(0.6501415164 -0.03206357296 0)
(-0.210855879 -0.3234351553 0)
(6.559217661 4.64682901 0)
(7.942717715 4.53941029 0)
(1.481943752 -3.991566541 0)
(-4.771239999 1.320201778 0)
(-5.309701898 0.3946485474 0)
(3.565285967 -1.317633694 0)
(0.5105740541 0.316358198 0)
(0.680356705 0.3004601397 0)
(0.7049068099 0.7780148115 0)
(0.9360470143 0.7185250132 0)
(0.9647537096 0.469820893 0)
(1.179884097 0.6450718264 0)
(1.208977437 0.390068083 0)
(1.441798717 0.561920996 0)
(1.397492207 0.8859766572 0)
(0.3109555575 0.8839220451 0)
(1.45220675 0.2952747602 0)
(1.326326294 0.1476587215 0)
(2.106548573 -4.79788886 0)
(-2.474250173 -2.162870278 0)
(11.61085307 3.456050153 0)
(13.35424428 3.125965785 0)
(1.47053073 0.0392367059 0)
(1.71974998 0.1987218613 0)
(1.330855877 -0.07253889947 0)
(1.730377713 0.7619966854 0)
(1.202586782 0.01717467778 0)
(0.5758138587 0.1839930608 0)
(0.1002799626 0.3420906885 0)
(-1.002677007 -0.1249298342 0)
(-1.188007491 0.1547094324 0)
(-0.7884355991 0.6799567554 0)
(0.7505923489 -1.360953963 0)
(13.94052203 1.474608289 0)
(-0.2026273033 1.073097091 0)
(1.543149964 -0.1418838123 0)
(1.426414647 -0.2480176212 0)
(3.81892404 -0.605313877 0)
(-4.705444306 -0.5470562262 0)
(-5.835513232 -0.6003914147 0)
(-5.012057015 -1.569313184 0)
(-6.607718671 0.2510313252 0)
(-0.3858942734 -1.057366459 0)
(-0.6624756217 -1.088683913 0)
(-0.5873393605 1.092829387 0)
(5.260738365 4.731335433 0)
(5.960664515 5.857693411 0)
(0.8965986623 1.000037134 0)
(1.109846476 0.2103077178 0)
(0.9580782532 -0.1108948656 0)
(15.08224557 2.79932441 0)
(14.55934073 4.666282732 0)
(1.58093227 -0.3188348337 0)
(1.766871328 -0.1916634703 0)
(1.935124344 0.03808938003 0)
(3.497925261 -2.811670941 0)
(4.214302709 -3.569584559 0)
(3.845345988 -4.775599492 0)
(5.125796096 -4.355588288 0)
(4.744426566 -5.65932625 0)
(6.061344649 -5.285443212 0)
(6.42450347 -3.916892658 0)
(7.449643086 -4.899251314 0)
(4.494009503 -2.437776237 0)
(5.587780792 -6.800395075 0)
(4.457123634 -1.330253241 0)
(4.590300344 5.972274745 0)
(1.404994987 -0.4085563068 0)
(1.26439618 -0.3771443387 0)
(-1.423745425 -0.725754144 0)
(1.669250473 1.167685513 0)
(1.160105693 -4.890992237 0)
(1.790321124 -5.839053785 0)
(3.333678208 -0.1169069026 0)
(4.098350869 0.2733450663 0)
(-7.035150472 -0.9762517846 0)
(-1.063064839 1.060154176 0)
(2.731015418 -1.878424008 0)
(-0.1331760961 -0.4481001348 0)
(-0.0637292571 -0.3115318894 0)
(-0.1269623882 -0.2035279115 0)
(-0.01679155827 -0.206110272 0)
(-0.2234967351 -0.1985716769 0)
(-0.1833084461 -0.1028405888 0)
(-0.0787486328 -0.1234830991 0)
(-4.236097853 2.238403085 0)
(-5.345611837 2.287061178 0)
(-4.711218588 3.34297764 0)
(-5.938316348 3.346504203 0)
(-5.25337044 4.459805175 0)
(-3.932583567 4.423304813 0)
(-4.416259926 5.578301939 0)
(-3.068585437 5.48539316 0)
(-6.664018669 4.576673163 0)
(1.610509833 -0.5477312068 0)
(-0.2531115422 -0.09896624631 0)
(-0.195183849 -0.03591640694 0)
(-0.2977488918 -0.006759007026 0)
(-0.239934421 0.08048430718 0)
(-0.1630595759 0.06247033608 0)
(-0.1740311972 0.1303629385 0)
(-0.1002445572 0.1313355692 0)
(-0.1276163313 0.1926143632 0)
(-0.04971388394 0.1724524034 0)
(-0.07718244868 0.2562138193 0)
(-0.03452604076 0.1120586664 0)
(-0.1736158276 0.2950592297 0)
(-0.07381557106 0.05414161283 0)
(-0.01928723327 0.003440100828 0)
(-0.02678441943 0.02106596229 0)
(-0.03911966645 0.005354894052 0)
(-0.02902105219 -0.01365812198 0)
(-0.05145422442 -0.01046259909 0)
(-0.04370986574 -0.02956784227 0)
(-0.06329044692 -0.0242994832 0)
(-0.01418714378 0.0366338895 0)
(-0.07384068211 -0.006060947115 0)
(-0.08734430521 -0.03322346549 0)
(-0.05737242837 -0.04729614187 0)
(-0.03266746556 -0.0504140622 0)
(-0.0341332498 0.03947113956 0)
(-0.02157412536 0.05513267981 0)
(-0.001544510704 0.05209747165 0)
(-0.007149469411 0.06759027446 0)
(0.01231202024 0.06848731263 0)
(0.002629746653 0.08701463629 0)
(0.02742444509 0.0866310624 0)
(0.01634711709 0.1124602595 0)
(0.04523365407 0.1084592917 0)
(0.09785450106 0.04893600964 0)
(0.03199828681 0.1441744231 0)
(0.06921422638 0.1313777184 0)
(0.005626367405 0.2382575459 0)
(0.08338844413 0.1058922791 0)
(0.1075838185 0.1235738421 0)
(0.1988914198 0.04675541516 0)
(0.09790647019 0.1738248532 0)
(0.140254182 0.1571941722 0)
(0.1413788582 0.1174565392 0)
(0.1778067243 0.1392748701 0)
(0.1740296776 0.1954808299 0)
(0.2238896107 0.1637597388 0)
(0.2181991249 0.2263609251 0)
(0.2796196312 0.2030667882 0)
(0.2746841238 0.1481616676 0)
(0.3314866311 0.1654177137 0)
(0.3360166722 0.1228541844 0)
(0.3716400985 0.1320283746 0)
(0.3427702139 0.2474061858 0)
(0.381940621 0.1012342556 0)
(0.4121400926 0.1172321112 0)
(0.4185537993 0.08188846334 0)
(0.4467807326 0.09308560197 0)
(0.4564745048 0.1417223421 0)
(0.1902918542 0.1049296567 0)
(0.4523086659 0.06499626827 0)
(0.4764927816 0.07454868435 0)
(0.2925346912 0.09171045681 0)
(0.2388215192 0.04317963028 0)
(0.4836930493 0.04605225459 0)
(0.5050271887 0.06194470643 0)
(0.5088232611 0.09493971109 0)
(0.5351614825 0.07128277605 0)
(0.5334447879 0.03969808577 0)
(0.5640536248 0.05229149968 0)
(0.5718186076 0.08011498575 0)
(0.5980116547 0.05827455289 0)
(0.5914782969 0.02741313162 0)
(0.6113749268 0.1003642277 0)
(0.6370680444 0.06268483203 0)
(0.7852640738 -0.06496185381 0)
(0.7467586797 -0.0552747553 0)
(0.8237612443 -0.07478639788 0)
(0.6607529929 0.112603186 0)
(0.7072947357 0.09179916677 0)
(0.7158812679 0.1309953503 0)
(0.7650520072 0.09444302137 0)
(0.7819220665 0.1661667184 0)
(0.8364144361 0.1196754042 0)
(0.8723144162 0.2040946604 0)
(0.8222055053 0.04347957258 0)
(0.8680319574 0.05796398223 0)
(0.8648225383 0.002204861351 0)
(0.9103866591 0.02000344003 0)
(0.6839028652 0.03518972915 0)
(0.9433322352 0.07437671328 0)
(0.9675083169 0.009694416245 0)
(0.9495894052 -0.03254045204 0)
(1.009237143 -0.01815692159 0)
(0.9197685145 -0.100311385 0)
(1.030468127 0.02085206601 0)
(1.046910761 -0.03042015774 0)
(1.025340534 -0.06935103594 0)
(1.060512922 -0.07350510046 0)
(1.050139991 -0.1003171913 0)
(1.07645772 -0.1037675759 0)
(1.013883104 -0.09813620987 0)
(1.232520014 -0.2060551102 0)
(0.8153732196 -0.008116556907 0)
(0.3455924709 0.07516487525 0)
(0.6404737048 0.02606133827 0)
(0.3829506423 0.05910500424 0)
(1.105662315 -0.07749271366 0)
(1.113939121 -0.1195302083 0)
(1.090222388 -0.1490515369 0)
(0.7548474055 0.03306751504 0)
(0.1609897646 0.08029124627 0)
(5.386951915 7.192399112 0)
(-0.04470098247 -0.06715799987 0)
(-0.02183808426 -0.07320294347 0)
(0.04028519172 -0.05819951999 0)
(-0.07599874044 -0.07417336831 0)
(-0.3345319252 1.452752013 0)
(0.08210942811 1.369471972 0)
(0.4225622849 0.04455459141 0)
(0.0525803097 0.07961236949 0)
(1.253595277 -0.5121027089 0)
(1.098228952 -0.5026441987 0)
(1.101490397 -0.3222878901 0)
(8.484988512 3.223517335 0)
(9.403236315 4.386570763 0)
(0.8416554744 -0.5279355603 0)
(1.141809366 -0.6344429305 0)
(-0.3591872619 0.0944939265 0)
(1.124308379 -0.1646582942 0)
(1.093918928 -0.1962415893 0)
(1.059400333 -0.1811416609 0)
(1.060522525 -0.2147931066 0)
(1.028806251 -0.2143626552 0)
(1.033406113 -0.2371630459 0)
(1.003155972 -0.2257319597 0)
(1.005482578 -0.2680074401 0)
(0.9717342764 -0.2545439669 0)
(0.9717798521 -0.3008517889 0)
(0.9276256654 -0.2766817052 0)
(1.023128453 -0.1734245156 0)
(0.917348343 -0.2413807821 0)
(0.8828759563 -0.2555550815 0)
(0.8779833821 -0.312888725 0)
(0.8303168763 -0.2823340127 0)
(0.826468067 -0.3486246256 0)
(0.7763719257 -0.3053577043 0)
(0.7586714893 -0.251755552 0)
(0.7157214644 -0.2718158887 0)
(0.7134776895 -0.3396757741 0)
(0.665564431 -0.3043217789 0)
(0.6553756609 -0.3650589907 0)
(0.6035484174 -0.3187854821 0)
(0.596805281 -0.393546098 0)
(0.5404715905 -0.3482125538 0)
(0.5512747597 -0.2847852878 0)
(0.4979689907 -0.2981975943 0)
(0.4977089023 -0.2367553865 0)
(0.4473593741 -0.2504185529 0)
(0.4355610337 -0.3211467848 0)
(0.3911692512 -0.2822138976 0)
(0.3754319401 -0.3429696762 0)
(0.3303612187 -0.2823820724 0)
(0.3115337294 -0.363680074 0)
(0.2615564044 -0.3126567185 0)
(0.2698548031 -0.245700845 0)
(0.2094458354 -0.2671013779 0)
(0.5522112629 -0.229073352 0)
(0.4057291519 -0.2290022314 0)
(0.6667471693 -0.2427540579 0)
(0.191062158 -0.333406403 0)
(0.1461904918 -0.2771214738 0)
(0.1656582257 -0.2210226 0)
(0.8766973932 -0.2165070345 0)
(0.5123726871 -0.206514914 0)
(0.8882402091 -0.3826735848 0)
(0.5521987027 -0.1932446791 0)
(0.1206386806 -0.3454312647 0)
(0.1085310332 -0.2299081089 0)
(0.131993625 -0.1634031849 0)
(0.1782372751 -0.1577131551 0)
(0.08051034819 -0.1903637134 0)
(0.09610329191 -0.1374219095 0)
(0.5137075824 -0.4364565643 0)
(0.5916632297 -0.254973316 0)
(0.9739341202 -0.4941035968 0)
(0.9102666029 -0.1956264372 0)
(0.4729897044 -0.2150604421 0)
(0.4808622449 -0.1783345708 0)
(0.5952771853 -0.2163436444 0)
(0.6337975313 -0.1483939909 0)
(0.1738548817 -0.4106175441 0)
(0.4238753235 -0.3898558257 0)
(0.9946554779 -0.1975956382 0)
(8.830697484 5.729266211 0)
(10.37713194 5.597091478 0)
(0.9570162379 -0.209592915 0)
(-1.354851391 -0.1724490545 0)
(-1.58529366 0.1763978666 0)
(1.050106194 -0.1408430741 0)
(0.01879614821 0.04939563559 0)
(0.2714323627 -0.5475203188 0)
(-0.8058048618 -0.8484113894 0)
(-0.9836436133 -1.118950128 0)
(-0.8480505062 -1.428745069 0)
(0.7088810835 -0.3989590912 0)
(0.8231870864 -0.2307129207 0)
(6.797902307 7.100408295 0)
(0.2695704537 -1.737042775 0)
(-0.03994617572 -1.417893241 0)
(1.084085007 0.01130696067 0)
(-0.04591871621 0.05849245158 0)
(0.9787582559 -0.06560286865 0)
(1.174078363 -0.1205134681 0)
(0.5484536577 -4.182952206 0)
(15.58171077 1.063917922 0)
(14.50022778 -0.2477432864 0)
(16.2198244 -0.618593612 0)
(15.15209597 -1.854155332 0)
(0.3918369407 -5.864371623 0)
(1.286702185 -6.939485426 0)
(-0.04507055579 -7.359281142 0)
(2.861321244 -5.494355928 0)
(0.4565576203 0.03038581282 0)
(-0.1010766393 0.0004083267668 0)
(0.3422145374 -0.2321282933 0)
(0.3060843744 -0.1941552802 0)
(0.3489205137 -0.188883703 0)
(0.2518892286 -0.2056065267 0)
(0.268706209 -0.1695788438 0)
(-0.04411488503 -0.09654666263 0)
(-0.01242363046 -0.09971873127 0)
(-0.02656613517 -0.1418196556 0)
(0.009586376503 -0.1405795317 0)
(0.02789987272 -0.1086437191 0)
(0.00590238453 -0.07475363084 0)
(-1.288372825 0.5829860809 0)
(7.76689791 -3.548582259 0)
(8.885261478 -4.515511052 0)
(8.51627104 -5.937918318 0)
(10.07532661 -5.538416914 0)
(10.43121711 -3.960980738 0)
(11.65088511 -5.083805616 0)
(12.02976763 -3.500984466 0)
(13.23879216 -4.897269648 0)
(-2.882235584 -3.472110376 0)
(-3.987361045 -3.280312425 0)
(-4.796919744 -4.063635631 0)
(0.5681143906 -0.542696218 0)
(1.230917073 1.221438734 0)
(0.902640428 -0.03530969441 0)
(-0.01272058459 0.3215964839 0)
(0.2360667433 0.119322496 0)
(-8.758935414 1.154149962 0)
(-6.619160142 2.293646324 0)
(1.441871354 -1.076415007 0)
(1.988214534 0.3874411932 0)
(2.359296463 0.1824098797 0)
(2.194653999 0.8040837866 0)
(2.140378452 1.502974778 0)
(0.5621661528 0.0245215887 0)
(0.5334256643 0.01424750639 0)
(0.02299660632 -0.04947640914 0)
(-2.484165492 4.197775979 0)
(-1.709119017 5.32970773 0)
(1.150633292 -0.2177303675 0)
(0.7778783197 0.3876319805 0)
(0.03972698959 -0.1304588002 0)
(0.06121484268 -0.1125862349 0)
(0.04847758165 -0.08739402443 0)
(-2.239437348 6.571213751 0)
(-0.9124997798 6.284019142 0)
(-0.9079528421 8.503199056 0)
(0.7963539822 8.380060534 0)
(1.767696725 6.841512291 0)
(-0.3678137391 -4.156086415 0)
(0.03320659879 0.06429128197 0)
(-0.132365089 -0.02992996075 0)
(11.30093758 -6.780039006 0)
(1.060141254 0.09318926795 0)
(-1.48410256 -7.917813111 0)
(0.5044829138 0.03368861142 0)
(0.4832802129 0.02282014173 0)
(1.48055869 -0.8118216701 0)
(-0.01147631579 -0.02504951507 0)
(4.934636777 -8.397775007 0)
(6.92549537 -8.179427334 0)
(1.813525814 -0.7852992451 0)
(-3.982425738 -1.353517904 0)
(1.144667704 0.07805116557 0)
(0.9850347598 0.1534418867 0)
(10.95820417 8.392383111 0)
(0.04775716312 -0.2271452729 0)
(0.1213356749 0.09994071115 0)
(0.09673753391 0.07697185369 0)
(0.7274213469 -0.2349284286 0)
(0.6873470507 -0.2052664767 0)
(0.7711193265 -0.2031548603 0)
(-4.864420309 8.109988983 0)
(-8.316664847 -4.912077748 0)
(-6.931402263 -4.103863808 0)
(-6.791740741 -5.707080355 0)
(-6.795479532 -2.438354167 0)
(-0.81263981 1.489241526 0)
(-0.1276615706 0.4255256185 0)
(0.6307721675 -1.719176209 0)
(0.4551411914 -1.424396414 0)
(0.554328984 -1.144813925 0)
(12.00093711 6.66701127 0)
(13.86168608 6.517725545 0)
(-4.485579306 -5.419702762 0)
(3.851355543 4.656154347 0)
(3.042352933 6.010384737 0)
(2.621900017 4.918842144 0)
(0.8053411617 -8.484472889 0)
(16.29872933 4.183317884 0)
(-0.007559954707 -0.05653945839 0)
(6.726075131 -2.45693743 0)
(0.07689999387 0.04737611798 0)
(0.0587245345 -0.0693768375 0)
(-0.4398024443 5.14472415 0)
(0.4731723879 5.98963573 0)
(0.6882852876 4.836030481 0)
(-3.138592844 -2.67008419 0)
(14.96529083 8.2802114 0)
(15.99080034 6.431402962 0)
(-0.3357873846 -3.30698995 0)
(-0.006027026299 0.1403500164 0)
(0.6231660557 -0.2346080459 0)
(0.6380474752 -0.1940832963 0)
(0.6051750084 -0.1798569933 0)
(1.031490971 -0.3178219118 0)
(0.967592247 -0.3785826154 0)
(0.1188110858 0.04953660131 0)
(0.1291764156 0.06603917392 0)
(0.09990582946 -0.08030666454 0)
(0.1049666033 -0.09984026472 0)
(0.1248592681 -0.1053231051 0)
(0.08644086964 -0.09372806373 0)
(0.1587124006 0.04904193387 0)
(-8.117276051 -6.731791608 0)
(-0.006306355403 -0.4334575855 0)
(0.138956303 -0.09088711377 0)
(0.1446910004 -0.1101028276 0)
(0.164316533 -0.1146701375 0)
(0.1306611192 -0.1245890451 0)
(0.5855459689 1.030815631 0)
(-0.0470955069 0.02368601506 0)
(14.96218113 -8.244412616 0)
(16.00758244 -6.578149264 0)
(14.1374384 -6.481976919 0)
(18.15723314 -6.755506759 0)
(17.00603433 -4.917393264 0)
(18.09129421 -0.8761713978 0)
(0.1790004751 0.0480884216 0)
(0.1903125367 0.06467533532 0)
(0.2102304578 0.06318276194 0)
(0.2012175401 0.08238328465 0)
(0.2218781864 0.08016087062 0)
(18.28138092 3.114836053 0)
(0.1781536521 -0.09971719643 0)
(0.1844909927 -0.1187167274 0)
(0.2043246019 -0.1226035098 0)
(0.1709918018 -0.1347829773 0)
(-5.24651413 -2.70805301 0)
(-1.131777714 4.248696547 0)
(0.2175771113 -0.1072990962 0)
(0.2244232176 -0.1260489543 0)
(0.2444546663 -0.1294048106 0)
(0.2307612389 -0.145315254 0)
(0.2533057555 -0.1483771664 0)
(0.2648413668 -0.1320534547 0)
(0.2403349711 -0.1697374377 0)
(0.2169223635 -0.1632518604 0)
(0.2587506342 0.04102127307 0)
(0.2506211927 0.05935028914 0)
(0.2707823473 0.05696457212 0)
(0.2907908223 0.05444943716 0)
(0.2627659691 0.07516219283 0)
(0.2569949553 -0.1139752725 0)
(0.3182310338 0.03323456863 0)
(0.3305995316 0.04798543986 0)
(0.3504459304 0.04503435822 0)
(0.3107359458 0.05153767974 0)
(-0.653579077 -1.763825568 0)
(0.3164754021 -0.1221971304 0)
(0.3241839536 -0.1406219939 0)
(0.3443229414 -0.1429945048 0)
(0.3320641536 -0.1590206993 0)
(0.3118990309 -0.1567153284 0)
(0.356423988 -0.1624389367 0)
(0.374028023 -0.1795249428 0)
(0.3650916149 -0.1448253886 0)
(0.3744232861 -0.2112286215 0)
(0.2188649702 0.04508350094 0)
(0.2304805283 0.06150885826 0)
(0.3562705386 -0.1268281087 0)
(0.3772814086 0.02391311284 0)
(0.3897655493 0.03921728396 0)
(0.3704676079 0.04274604174 0)
(0.3613351089 0.05957712753 0)
(0.0249675237 -0.1735710195 0)
(-8.276927438 4.771406575 0)
(0.4158838677 0.01629582622 0)
(0.4155593714 -0.1330929396 0)
(0.423843994 -0.151249701 0)
(0.4438082725 -0.1530308138 0)
(0.4322521532 -0.1696885333 0)
(0.4121510385 -0.1695146666 0)
(0.4521827436 -0.1714324129 0)
(0.4409077663 -0.1898614226 0)
(0.4009019016 -0.1930194815 0)
(0.4546653809 0.01130117027 0)
(0.2983713448 0.03596531385 0)
(0.4551949925 -0.1366495246 0)
(0.5137647634 0.0002209377461 0)
(0.4948525043 -0.1398210118 0)
(0.4834640819 -0.158807121 0)
(0.504331077 -0.1578200319 0)
(0.4040492555 -0.1495915284 0)
(0.5342224536 -0.006021294637 0)
(0.514845773 -0.1412633634 0)
(0.523628405 -0.1591786981 0)
(0.5434604607 -0.1596804401 0)
(0.3576453835 0.02705260182 0)
(0.211541263 -0.141403873 0)
(0.5726637541 -0.01452798815 0)
(0.5544317547 -0.143773291 0)
(0.5633717661 -0.1607381138 0)
(0.9772150127 -0.1162784474 0)
(0.9961213416 -0.1225655777 0)
(1.001184699 -0.141167884 0)
(0.9878239783 -0.1570340902 0)
(1.015083973 -0.1283549324 0)
(1.020414845 -0.146551 0)
(0.9722888277 -0.09706119272 0)
(0.9530772424 -0.09171063976 0)
(0.5920341403 -0.0187624862 0)
(0.6059108375 -0.004410153635 0)
(0.6250261113 -0.008703843034 0)
(0.6208671113 0.01130280095 0)
(0.5863940644 0.00375968429 0)
(0.5742736307 -0.14485557 0)
(0.6139634648 -0.1469458265 0)
(0.6227086465 -0.1665872814 0)
(0.6437459736 -0.1658968828 0)
(0.9315319375 -0.1574296339 0)
(0.9414269509 -0.1747633357 0)
(0.9603175372 -0.1746499176 0)
(0.9207568962 -0.1754986734 0)
(0.9313387125 -0.1919435078 0)
(0.9002132953 -0.1752921331 0)
(0.938920613 -0.1055909529 0)
(0.669498171 -0.03657833577 0)
(0.663720597 -0.01744889177 0)
(0.68321096 -0.02209621987 0)
(0.677499003 -0.002818795777 0)
(0.6971275222 -0.007319473669 0)
(0.6560505606 0.002406821003 0)
(0.8545862678 1.33937572 0)
(0.6537836249 -0.1493166925 0)
(0.9006052646 -0.09509203601 0)
(0.9147514099 -0.08110810003 0)
(0.891345361 -0.1568963237 0)
(0.6888320451 -0.04118009305 0)
(0.693329891 -0.1511590051 0)
(0.6821384961 -0.1676020116 0)
(0.7042529676 -0.1706219961 0)
(0.8622194042 -0.08480859004 0)
(0.8763537465 -0.07064758517 0)
(0.8569644198 -0.06551689576 0)
(0.8711014987 -0.0513537937 0)
(0.851428983 -0.04586246786 0)
(0.890054011 -0.05561446882 0)
(0.8521479875 -0.1561228837 0)
(0.8418723012 -0.1732285948 0)
(0.8217161637 -0.1726637668 0)
(0.8313656504 -0.1903093172 0)
(0.8109601672 -0.1898700317 0)
(0.801300023 -0.1717719232 0)
(0.8516459267 -0.1905743604 0)
(0.7898544928 -0.1888280808 0)
(0.7997981378 -0.2079833895 0)
(0.7655019233 -0.1828287274 0)
(0.7451331557 -0.1939592723 0)
(0.7439587779 -0.1721058216 0)
(0.7245503156 -0.1833745507 0)
(0.8616702011 -0.1734347588 0)
(0.7274520713 -0.05049513004 0)
(0.741177372 -0.03601036831 0)
(0.7607389947 -0.04089498351 0)
(0.754532489 -0.02198411047 0)
(0.7351577622 -0.01626065561 0)
(0.7749502318 -0.02639237499 0)
(0.7635997792 -0.001158233808 0)
(0.7218571659 -0.03131413313 0)
(0.713188789 -0.1519046426 0)
(0.8429877647 -0.0797617044 0)
(0.1506625508 -0.129831343 0)
(0.7528963859 -0.1533552124 0)
(0.8045244447 -0.06983088596 0)
(0.8184180171 -0.0556854556 0)
(0.6308035612 -0.02760635618 0)
(0.8122952306 -0.1550585328 0)
(0.7660526937 -0.06008523525 0)
(0.5664573965 0.004752431304 0)
(0.4636759718 -0.154667666 0)
(0.5362296034 -0.1764019008 0)
(0.004751124344 0.03432224977 0)
(1.00552036 -0.1618449184 0)
(0.9906690608 -0.1772079924 0)
(-6.944533365 8.388482775 0)
(-6.337175965 6.950975224 0)
(-3.588565479 6.789937021 0)
(4.161324527 -7.028928886 0)
(0.7992052557 -0.05075917387 0)
(0.8376635117 -0.06058920478 0)
(0.9338935645 -0.08632872031 0)
(0.9480516976 -0.07269928844 0)
(0.8954992784 -0.0758471114 0)
(0.9930753633 -0.1027323975 0)
(0.5858777088 -0.1663619002 0)
(0.5688870639 -0.1814324196 0)
(0.6441380368 -0.0130146839 0)
(0.702517471 -0.02677473847 0)
(0.6628484792 -0.166903614 0)
(0.6525480953 -0.1823153153 0)
(13.3685407 -1.338396442 0)
(0.7800499384 -0.04583092284 0)
(0.2769948458 -0.1167720692 0)
(0.8130403983 -0.03633242711 0)
(0.1910408204 -0.1379941726 0)
(0.3454480974 -1.189765419 0)
(-0.06274729358 1.863839049 0)
(0.9491937115 -0.1930295641 0)
(0.9728212287 -0.1909398087 0)
(1.556203349 1.653032789 0)
(2.786052484 0.6375056773 0)
(3.366150187 0.7017889248 0)
(0.09147333545 -0.1148538649 0)
(0.1109089235 -0.1201531347 0)
(0.5139534917 -0.1814564563 0)
(0.03724229085 0.04291722052 0)
(0.8266341486 -0.4284812548 0)
(0.7926193736 -0.1542692678 0)
(0.283036719 0.07289637006 0)
(0.3027609283 0.07083414369 0)
(1.037728574 -0.1583764747 0)
(0.4068138149 0.05708522977 0)
(0.170209742 0.06562904816 0)
(0.9292726965 -0.06581559363 0)
(0.02448489367 -0.0677420697 0)
(0.2424168066 0.07808201533 0)
(0.2543766449 0.0951439077 0)
(0.8399579968 3.906556573 0)
(1.730882134 4.298336655 0)
(1.664030556 5.519740538 0)
(0.3760391664 -0.1288004833 0)
(12.79778616 4.852241063 0)
(0.8665444126 -0.02877568388 0)
(0.8418892928 -0.01885280088 0)
(0.3043186756 -0.1380667596 0)
(0.2846206401 -0.134808341 0)
(0.3844271925 -0.1467298781 0)
(0.870918194 -0.1917571766 0)
(0.4736904837 0.005618713038 0)
(0.290813242 -0.1535916571 0)
(10.65533269 -2.282106931 0)
(2.639411667 -0.3720324922 0)
(0.1491242709 0.06597248173 0)
(0.1401032993 0.08581307034 0)
(1.290711529 -0.7097145306 0)
(12.8180166 0.2183448643 0)
(0.6718159369 -0.1844734391 0)
(0.6614064271 -0.2022942239 0)
(-1.018375928 -6.393322646 0)
(-3.742622966 -0.5772241462 0)
(0.9097028267 -0.05903545556 0)
(0.9261750451 -0.04171692414 0)
(0.832032296 -0.04135507533 0)
(0.3917115088 -0.166205172 0)
(1.305032451 -3.344191552 0)
(1.066017784 -0.2660894096 0)
(0.214274997 0.1014848096 0)
(0.06636528005 0.06260897388 0)
(0.07719788066 0.08149920868 0)
(0.780738016 -0.1694376796 0)
(0.6421082683 -0.9483423769 0)
(-5.645639518 -6.742327646 0)
(0.3237016019 -0.4584374906 0)
(-1.844152286 0.6129728182 0)
(18.10349465 6.811692828 0)
(0.225105422 -0.189336227 0)
(-0.2735493596 0.1664068609 0)
(7.069982701 -6.287715039 0)
(0.9311708894 -1.619431975 0)
(0.5152045955 0.01740603441 0)
(0.6373111049 0.003610486659 0)
(15.0520764 -4.903038315 0)
(0.0757668001 0.2475622367 0)
(0.5529717752 0.1171488069 0)
(1.022594424 -0.7254932598 0)
(0.1537624048 -0.1511034997 0)
(0.717982858 -0.01053576008 0)
(0.7129587648 0.01072244456 0)
(0.6145478363 0.03404443506 0)
(0.06530860793 -0.09276452004 0)
(0.7954120113 -0.0298832591 0)
(0.5723928851 -0.2065030967 0)
(4.845387671 0.7805894039 0)
(5.009780267 -0.2842061476 0)
(0.8404047761 -0.2103748462 0)
(0.8532858086 -0.2362552214 0)
(7.656698018 -1.28543432 0)
(5.465539261 -1.893066516 0)
(3.938714764 7.212198639 0)
(0.4652479047 -0.190875192 0)
(0.5075497984 0.1413573947 0)
(0.4877553458 0.2057411945 0)
(0.422718317 0.296285769 0)
(0.328389621 0.3530510752 0)
(0.4035693148 0.1865476701 0)
(10.73171376 -8.422844323 0)
(5.500441726 -3.08268816 0)
(0.2562860964 0.2777946261 0)
(0.8810578678 -0.1742991094 0)
(0.1368939245 -0.1415635383 0)
(0.2119565461 -4.864341356 0)
(2.224308031 -1.997240342 0)
(7.606522687 2.243677793 0)
(0.07416041178 -0.1295829625 0)
(7.372212913 5.806545822 0)
(-8.530198344 -1.454228856 0)
(0.1288368598 0.2097690919 0)
(0.1665584771 0.2658796875 0)
(1.242126348 -0.1365709984 0)
(0.3247069059 0.06536802698 0)
(0.3224486605 0.09194319011 0)
(0.3208234914 -0.178743171 0)
(-1.558659457 1.046893784 0)
(2.820782891 4.01181069 0)
(-1.111480001 -0.4637638377 0)
(-0.0447107057 -0.5412323951 0)
(4.768560423 8.562239631 0)
(0.9744340294 -0.2191033076 0)
(0.7697475196 -0.3827674103 0)
(-0.4970186197 -1.343490357 0)
(1.002191731 0.296809193 0)
(0.7871871071 -0.01014867972 0)
(0.794904785 0.01740181422 0)
(0.003342915735 -0.2670266236 0)
(16.0109127 -3.443899867 0)
(4.741662299 3.522591166 0)
(0.04812526416 0.187457105 0)
(0.98578962 -0.08338935089 0)
(0.4082670144 0.03484954496 0)
(0.6040309107 -0.1613418943 0)
(0.07882894332 -0.281507897 0)
(0.969926735 -0.1562417049 0)
(1.033985234 -0.1348933251 0)
(-5.980757427 1.303765091 0)
(0.1076572391 0.06437510282 0)
(0.6937036686 0.01663618228 0)
(-0.2692116736 0.3765859016 0)
(0.6173960567 -0.4788853311 0)
(0.7503217174 -0.4655132084 0)
(6.241706851 8.467865062 0)
(0.6645505081 0.187996019 0)
(-0.05407810767 0.04030736927 0)
(-0.07169459973 0.02284667092 0)
(-0.06670992432 0.0901093068 0)
(-0.01523041423 -0.04024927152 0)
(0.08626129504 0.0638758156 0)
(0.4274648824 0.02972987693 0)
(0.4423934581 0.04352830997 0)
(-0.1217812017 -0.0952649272 0)
(-2.258276117 -2.829014983 0)
(16.76325265 2.149820055 0)
(1.051990858 -0.1209164561 0)
(1.190595782 -0.2941278422 0)
(-1.175802256 -1.430335739 0)
(1.029270278 -0.1119570539 0)
(-3.382664966 3.150086948 0)
(9.921688415 6.979202722 0)
(3.862469388 -1.94653086 0)
(0.2466027488 -3.124769266 0)
(13.8627749 -3.154168975 0)
(1.798525133 -1.886465537 0)
(-3.237445875 1.950332383 0)
(1.147633725 -2.813242436 0)
(0.7167008378 0.04438525037 0)
(0.736345385 0.008550327924 0)
(0.2125108185 0.3620994145 0)
(-4.09150951 -2.243929913 0)
(0.1806264055 0.08302888301 0)
(0.2415320439 -0.3867605064 0)
(0.2955835799 -0.1742041309 0)
(2.933856786 -4.581004008 0)
(0.2336658234 0.09688672059 0)
(0.4737850825 -0.5199313008 0)
(1.055113385 -0.4009209221 0)
(-2.402435361 3.196157476 0)
(0.966685266 -0.07849821598 0)
(-0.05664093592 0.007072806766 0)
(0.7234922966 -0.1661942531 0)
(0.7050750401 -0.1894942031 0)
(1.001228845 -0.06659627365 0)
(0.901025561 0.1219105294 0)
(-0.5321324687 1.851712746 0)
(2.723507974 -6.784174886 0)
(1.005253461 -0.1817558956 0)
(0.9430828512 -0.05235649777 0)
(9.066498771 -3.133506668 0)
(0.5492023201 0.007764523163 0)
(2.060352876 -0.3182581618 0)
(9.03491689 2.038827996 0)
(0.08601779794 -0.4288486854 0)
(1.131773085 -0.2703624145 0)
(0.6695717233 0.01820979777 0)
(-0.03366186718 7.235387826 0)
(9.597639495 -7.011555234 0)
(-0.1110887872 -0.05878102911 0)
(0.7188364736 -0.2076776161 0)
(0.4718488128 1.37439744 0)
(-5.739028816 -4.954904909 0)
(18.66526579 -4.963021581 0)
(0.480853813 -0.3602913237 0)
(0.8898158165 -0.1952982583 0)
(1.128187811 0.894209873 0)
(0.8211431636 -0.2058501011 0)
(0.4220904995 -0.1863243708 0)
(-0.1479410827 0.01230379799 0)
(-0.0267830195 0.08042856811 0)
(-0.0735189653 -0.1771369188 0)
(0.4820144086 -0.9315091336 0)
(16.85028459 -2.065127625 0)
(0.1542635823 -0.9398700398 0)
(0.1304888202 -1.134542973 0)
(-0.1387894256 -1.196556534 0)
(-1.805954741 -0.2222500351 0)
(1.149449426 -0.08200176702 0)
(1.13770018 -0.02674668438 0)
(-7.087031254 5.758068329 0)
(-0.3496483837 -0.1340458874 0)
(0.03933628883 -0.3439998902 0)
(0.3557642728 1.746046643 0)
(2.753780232 -2.457374378 0)
(9.978840834 3.236703311 0)
(-0.641084881 -0.6455561004 0)
(0.5097687578 0.7896378167 0)
(0.1743782711 -0.5067002439 0)
(0.2067699426 0.1256033185 0)
(0.6304592442 -0.2781322558 0)
(0.1187210446 -0.141367981 0)
(1.666469539 0.4410710992 0)
(0.7727448441 0.2658651728 0)
(0.8814554228 0.3205526917 0)
(0.3685838046 -0.4036611328 0)
(-0.1817311187 -0.9757569482 0)
(8.14589638 -7.210499181 0)
(-0.1346360615 -0.1501375204 0)
(-0.108457355 0.03671323959 0)
(0.4999286241 0.01686953321 0)
(0.01206171206 -0.0965614184 0)
(0.02951194083 -0.08724131038 0)
(0.6032390236 0.01405394951 0)
(0.5886732486 -0.1917027319 0)
(7.68055379 8.211547524 0)
(8.283731375 7.0425282 0)
(-1.236246173 1.47506326 0)
(-0.02694785625 -0.03048647298 0)
(-2.579683594 -1.653870796 0)
(-1.320228285 -1.093227418 0)
(0.6894958217 -0.1836709132 0)
(1.306902201 -0.2855966904 0)
(10.59648868 4.39997716 0)
(-0.8398320023 -0.3392301972 0)
(0.4805956014 0.1114736424 0)
(-0.9690101016 0.3765705669 0)
(0.1941314154 -0.1839154192 0)
(1.407122431 3.484934328 0)
(1.001571886 0.0747692296 0)
(0.9614363217 -0.05918530267 0)
(0.9834455056 -0.03983680958 0)
(0.2724574427 -0.1476818926 0)
(-3.182106291 -1.882298762 0)
(0.1702265529 -3.657919461 0)
(1.030053701 -0.590677381 0)
(0.3743364654 -0.1599448636 0)
(-0.4275041978 0.001397432095 0)
(0.1896182764 -1.431853 0)
(12.63261099 -6.200943551 0)
(0.932475957 -0.2142183283 0)
(0.1584308805 -0.1788283879 0)
(0.8979044212 -0.4473589339 0)
(0.4083764284 -0.4633625974 0)
(1.071484939 -0.131711455 0)
(-8.109883871 -0.01915109913 0)
(-1.056277128 1.957880616 0)
(0.4315687926 0.06418974412 0)
(1.086974237 -0.03937153911 0)
(-8.535898385 -8.535898385 0)
(-8.535898385 8.535898385 0)
(0.6224759557 -0.1826612325 0)
(0.6150539703 -0.2012191005 0)
(-7.149071731 3.530893342 0)
(0.1031603153 -0.1639890932 0)
(0.7624294823 -0.1657861036 0)
(0.04023635284 -0.07432262947 0)
(0.4678540899 0.02007109144 0)
(0.07151000248 0.9831738151 0)
(18.53589838 8.535898385 0)
(1.697645505 -1.026154498 0)
(18.53589838 -8.535898385 0)
(0.7372252327 -1.106146469 0)
(0.3758889335 -0.2422895801 0)
(1.009213741 -0.112965961 0)
(1.154043953 -0.7706120816 0)
(0.9273506859 -0.336876646 0)
(0.7909967479 0.05323985358 0)
(-1.094965354 -0.8104342508 0)
(1.210875887 0.157324309 0)
(1.295319726 0.02637209343 0)
(1.003863493 -0.08404105357 0)
(1.235955279 0.08531619347 0)
(0.2192862202 -0.2237384144 0)
(0.4690865894 -0.1708233925 0)
(5.279494674 -1.115812396 0)
(0.06552290299 0.1013681735 0)
(0.1261928163 0.4677078837 0)
(0.5324642286 -0.2014412364 0)
(1.064560895 -0.1554490825 0)
(0.976311708 -0.1712147028 0)
(0.8353259648 0.01582365523 0)
(0.6150257805 0.1440441302 0)
(1.149274036 1.654268547 0)
(1.07842294 -0.1715702933 0)
(0.7827670101 -0.2280195481 0)
(0.3035314413 0.1190843639 0)
(0.3538410369 0.09923377633 0)
(-0.2006233378 0.02920784565 0)
(0.3254850691 -0.2044823352 0)
(0.3093824289 -0.2285012286 0)
(1.033265617 -0.08941020819 0)
(0.3938405881 0.07994422789 0)
(0.009225506252 -0.05828769104 0)
(0.8827227616 -0.0373199628 0)
(0.8918153496 -0.01522467454 0)
(-1.05929846 -1.765124135 0)
(0.1652169917 0.1021410392 0)
(-0.01109227012 -0.009991574768 0)
(-0.115585682 0.0809145421 0)
(0.9015800115 -0.2197643203 0)
(0.2741593246 0.1116882712 0)
(0.7003940379 -0.2309115277 0)
(0.4268927559 -0.210614426 0)
(0.6615369015 0.04092834524 0)
(0.6778760629 0.06459841827 0)
(0.575769504 0.01941150153 0)
(-4.955393682 6.643511652 0)
(0.006001801629 0.1765382987 0)
(1.100573123 -0.2330433775 0)
(1.880937963 -0.5420653947 0)
(-5.785541656 5.66122258 0)
(3.227612579 -1.968193031 0)
(-0.3783063423 0.2025909622 0)
(0.7506581337 -0.2199158796 0)
(0.5253605734 -0.225322523 0)
(1.98467013 -8.038791527 0)
(0.9241071382 -0.01349866566 0)
(1.412809275 -0.6019587286 0)
(0.2462629156 -0.4632729022 0)
(11.5770465 5.237829771 0)
(-5.843594166 -3.672892237 0)
(-0.1533176933 -0.06476704519 0)
(0.1167169262 0.08096183544 0)
(-0.02404182065 -1.679194362 0)
(-0.2073288178 0.2110267307 0)
(-0.2881390304 0.266614163 0)
(-7.38723193 1.274946341 0)
(0.02082591444 0.03450973224 0)
(-0.863655323 -0.5938105264 0)
(2.821751051 3.294998357 0)
(1.036980015 -0.1901341377 0)
(-0.2753636373 -1.54559041 0)
(0.1247140713 -0.1912525147 0)
(-5.984942876 -1.658472712 0)
(1.160569995 -0.4015379834 0)
(0.7514228461 -3.543986896 0)
(0.8262123384 -0.02576353336 0)
(0.8585904197 -0.2090937278 0)
(0.7978382697 -0.255206574 0)
(0.2835834373 -0.2029578092 0)
(0.3699167447 0.07904321115 0)
(1.673794357 -0.0140016871 0)
(0.4287502715 -1.067494901 0)
(0.4909825557 -0.2000346675 0)
(12.18723871 -2.141438754 0)
(0.01589436853 0.4181150359 0)
(0.6693776978 -0.4393783021 0)
(-0.008507071091 0.1114084934 0)
(-0.1308575229 0.5597592606 0)
(0.3425359895 0.05862596557 0)
(17.10278995 5.550063306 0)
(-0.07461115349 -0.2351837125 0)
(0.7474088539 -0.007713167992 0)
(1.322491594 -0.179678923 0)
(0.1983746275 -0.1568556961 0)
(0.9471042184 -0.2361386648 0)
(0.304393954 1.128356181 0)
(0.6374242797 -0.1802404357 0)
(4.109982669 1.050443097 0)
(0.2733746698 0.08932023972 0)
(0.008403123749 -0.1167277901 0)
(2.878986658 0.1730514021 0)
(-0.4074996841 -8.754761121 0)
(8.141361252 -2.401449489 0)
(0.463268541 0.04899313795 0)
(0.04535663923 -0.1031814349 0)
(-3.12116826 -0.6409734747 0)
(16.99357639 0.5755376281 0)
(0.5528295194 -0.1742995107 0)
(0.7670542295 -0.5550228672 0)
(2.018027641 8.052318926 0)
(0.5890463516 0.2664215571 0)
(-0.1463928444 -0.2550188776 0)
(0.4504178823 -0.2109582243 0)
(0.0757196135 -0.1087031292 0)
(0.4432261884 0.02550216496 0)
(1.27113331 0.2492541071 0)
(0.1004933797 0.0948066217 0)
(0.4706988543 0.03381673821 0)
(0.5294434216 -0.2535562621 0)
(1.217445299 -0.06436514979 0)
(-0.1042777391 0.3321777651 0)
(3.735643518 -5.961908151 0)
(1.184733279 -0.1691056477 0)
(2.834268535 7.224440112 0)
(0.8176007791 0.07675388315 0)
(0.6408842195 -0.2149917449 0)
(0.5778861408 -0.2267233523 0)
(-1.371789577 7.354435395 0)
(0.4971360499 -0.1721701149 0)
(-0.066683794 0.1217707658 0)
(1.013232558 -0.0448722397 0)
(1.015329938 -0.197167467 0)
(0.06611722843 -0.1552180369 0)
(0.05014591753 0.05882052211 0)
(-6.870373896 -6.849708622 0)
(1.779920854 -0.3837106135 0)
(0.5174567418 0.04856003366 0)
(-2.005509329 0.189566231 0)
(1.420664812 -0.1416122926 0)
(0.5762696038 0.03707027079 0)
(0.5459559971 0.02759653575 0)
(9.099333341 8.428198627 0.001)
(8.860248589 -8.483334093 0.001)
(18.37194598 1.165257698 0.001)
(-8.246936056 2.666236446 0.001)
(-8.29872074 -3.034727175 0.001)
(-2.765396046 8.1783572 0.001)
(-3.101885503 -8.325687002 0.001)
(3.238409071 8.459177212 0.001)
(0.708135238 -0.04580910498 0.001)
(3.238725485 -8.359595185 0.001)
(0.6734781605 -0.1502737732 0.001)
(12.96485118 8.295999949 0.001)
(12.81518492 -8.033318431 0.001)
(18.16306146 -3.142207882 0.001)
(18.30411569 4.921160916 0.001)
(16.91838258 -8.318421016 0.001)
(-6.926839273 -8.217634877 0.001)
(-8.267949192 7 0.001)
(16.9695958 8.335400085 0.001)
(-4.939851531 -8.375332419 0.001)
(-3.995085714 -6.808310081 0.001)
(-2.380916677 -6.737303875 0.001)
(-3.143728076 -5.485475448 0.001)
(-1.848222926 -5.409575297 0.001)
(-2.472791297 -4.420274423 0.001)
(0.3958190181 -0.1310705502 0.001)
(-1.396991935 -4.362079119 0.001)
(-1.891264777 -3.557308522 0.001)
(-1.046533918 -3.493771622 0.001)
(-1.435517806 -2.851180675 0.001)
(0.1979345239 -0.1036470644 0.001)
(-0.7663689587 -2.793261675 0.001)
(-1.087013776 -2.198952663 0.001)
(-1.727795516 -2.260535856 0.001)
(-1.452641652 -1.767321007 0.001)
(-1.998798835 -1.733778412 0.001)
(-1.688123607 -1.230178415 0.001)
(-2.263493373 -1.219240821 0.001)
(-1.998643523 -0.7074785025 0.001)
(-0.4962895588 -2.233753901 0.001)
(-0.1729698413 -2.688191 0.001)
(0.02388913976 -2.111664302 0.001)
(0.8718369113 -0.1563798652 0.001)
(0.7727228006 -0.1531419748 0.001)
(0.3557318958 -2.573971765 0.001)
(0.5208947923 -2.111256874 0.001)
(0.8410483845 -2.496191697 0.001)
(0.9891024457 -1.999365359 0.001)
(1.309233018 -2.41148655 0.001)
(1.452057297 -1.979271677 0.001)
(1.760623486 -2.287665249 0.001)
(-2.58201279 -0.6915756781 0.001)
(-2.313206569 -0.1731268882 0.001)
(-3.07354448 -1.169493801 0.001)
(0.6786456463 -2.988295214 0.001)
(-0.2988067053 -1.872582396 0.001)
(-2.924679882 -0.1122910306 0.001)
(-2.483943121 0.489755222 0.001)
(1.228095757 -1.649458441 0.001)
(1.588723164 -1.607913343 0.001)
(1.363761787 -1.344358003 0.001)
(1.686714512 -1.29129447 0.001)
(1.057291728 -1.368205905 0.001)
(1.170366633 -1.118399686 0.001)
(0.926825427 -1.136198127 0.001)
(0.5345666976 -0.1426150517 0.001)
(0.4750194723 -0.1382727343 0.001)
(0.5941137023 -0.1458878865 0.001)
(1.027279451 -0.9063585187 0.001)
(1.259685146 -0.896902891 0.001)
(0.8122711352 -0.9404239525 0.001)
(-3.317226321 0.5324419869 0.001)
(-2.898022519 1.220415191 0.001)
(-2.144177769 1.178887272 0.001)
(0.2786012256 0.03859461919 0.001)
(-2.452099287 1.895318068 0.001)
(-1.662249989 1.810772287 0.001)
(-2.00124583 2.568392647 0.001)
(-1.204346633 2.534539732 0.001)
(-2.734669268 2.607919466 0.001)
(0.8779356307 -0.7699841831 0.001)
(0.7130304125 -0.7877487193 0.001)
(0.7767638641 -0.6390068559 0.001)
(0.6283747897 -0.6599207023 0.001)
(0.9167728735 -0.6245141061 0.001)
(0.5546736527 -0.7899047117 0.001)
(0.4786789418 -0.6422885454 0.001)
(0.2967292026 -0.119582095 0.001)
(0.4019459558 -0.7926930664 0.001)
(0.08064561334 -0.07430707745 0.001)
(0.3252473033 -0.6623562756 0.001)
(0.2451038066 -0.8009368136 0.001)
(0.1663773476 -0.6426842352 0.001)
(0.3113447006 -0.9780644843 0.001)
(0.1192907125 -0.08586130515 0.001)
(0.0808576617 -0.8060115239 0.001)
(-0.0002503526976 -0.6639316512 0.001)
(-0.09450210136 -0.8160722547 0.001)
(-0.1780167873 -0.6289040823 0.001)
(-1.52935373 3.26913676 0.001)
(-0.6656135142 3.220308705 0.001)
(-0.4068681663 2.409083157 0.001)
(0.4923559898 0.002339046917 0.001)
(0.1724808849 3.121276042 0.001)
(0.4232620855 2.305054651 0.001)
(0.90577039 2.951466842 0.001)
(1.193984541 2.198940609 0.001)
(1.619099886 2.850869933 0.001)
(1.928221105 2.153112844 0.001)
(2.349306121 2.78620407 0.001)
(2.672272042 2.028637806 0.001)
(3.178138138 2.694536929 0.001)
(3.555055264 1.739818623 0.001)
(4.093660121 2.624080321 0.001)
(4.515148547 1.713529357 0.001)
(5.160609798 2.557382474 0.001)
(5.579767042 1.504723628 0.001)
(6.31554604 2.429917801 0.001)
(6.763513049 1.268765643 0.001)
(5.958579388 0.3934675158 0.001)
(7.220902151 0.04390701094 0.001)
(6.185535534 -0.9557236795 0.001)
(8.125954814 1.040032297 0.001)
(8.618596525 -0.2868997851 0.001)
(9.613048653 0.8006087986 0.001)
(10.12570788 -0.6238777282 0.001)
(2.810393681 1.230031192 0.001)
(-0.08841892149 4.027509841 0.001)
(0.1585137679 -0.09547766501 0.001)
(0.2373148847 -0.1107113072 0.001)
(0.3362470535 -0.1246839123 0.001)
(0.7897457594 1.76363148 0.001)
(0.8814230927 -0.08993392537 0.001)
(-0.2929927156 -0.8289950898 0.001)
(-0.3974429576 -0.6453167138 0.001)
(0.4353729538 -0.1349230174 0.001)
(0.9112959159 -0.1573958236 0.001)
(0.9512323425 -0.1576857887 0.001)
(0.8323009501 -0.1556799834 0.001)
(0.7333345818 -0.1525172773 0.001)
(0.6874863872 -0.5343070932 0.001)
(0.3815330623 -0.5460770371 0.001)
(5.84006377 3.555883096 0.001)
(2.107877747 3.467233311 0.001)
(-0.3002610428 -0.4601320176 0.001)
(0.003048306118 -0.04011235896 0.001)
(-0.5033978467 -0.4639896924 0.001)
(-0.3899024785 -0.2856037209 0.001)
(-0.6036466502 -0.2829793648 0.001)
(-0.511182442 -0.1224596849 0.001)
(-0.7075335798 -0.09574217579 0.001)
(-0.5430000538 0.1121293955 0.001)
(0.07124675305 -0.5286177703 0.001)
(11.16463657 0.5722136096 0.001)
(1.966913688 -1.560237075 0.001)
(2.033064645 -1.114576979 0.001)
(2.409111444 -1.496090467 0.001)
(2.564511315 -0.9748258062 0.001)
(2.171595153 -0.6798255503 0.001)
(2.955199209 -1.397524307 0.001)
(9.047717517 -1.655502546 0.001)
(11.69918124 -0.9584576137 0.001)
(-3.77137382 1.286853103 0.001)
(-4.256293821 0.4097571547 0.001)
(7.104053384 3.436621861 0.001)
(3.152288855 -0.7861182679 0.001)
(10.58765759 1.949608536 0.001)
(-0.6727998218 -5.227304299 0.001)
(12.23499129 1.80784463 0.001)
(3.688222488 3.508490952 0.001)
(-3.634945151 -4.32904052 0.001)
(-0.8495997528 0.1276320457 0.001)
(-0.6941152424 0.3559651679 0.001)
(-0.4268221612 0.3480152932 0.001)
(0.1384466935 0.04962834558 0.001)
(0.05779049483 0.04523163321 0.001)
(-0.007129709214 0.01813937459 0.001)
(-0.5188203769 0.5334107857 0.001)
(-0.2791745368 0.5444029106 0.001)
(-0.5262088443 -0.8476528363 0.001)
(-0.6887648379 -0.4554673828 0.001)
(1.604209126 -2.826047165 0.001)
(2.134134586 -2.723153173 0.001)
(1.95114198 -3.347628004 0.001)
(2.667636909 -3.209622904 0.001)
(2.427706908 -3.958241347 0.001)
(3.286869446 -3.801617821 0.001)
(-0.3742584821 0.7896632685 0.001)
(-0.1099752031 0.7354540085 0.001)
(0.003522922581 -0.9797944044 0.001)
(-0.006618781075 0.5336545049 0.001)
(0.141983927 0.6718990964 0.001)
(0.2726883547 0.4905710886 0.001)
(0.3966047676 0.0204149524 0.001)
(0.3379402135 0.03026402002 0.001)
(0.3762845125 0.6500775057 0.001)
(0.4350496005 0.01256565484 0.001)
(0.4469579132 0.4445213382 0.001)
(0.6114250178 -0.02314282788 0.001)
(0.5535765829 -0.01064123735 0.001)
(0.5711509404 0.6053590903 0.001)
(0.6152276377 0.4039807303 0.001)
(0.7565524969 0.5602010009 0.001)
(0.6501415164 -0.03206357296 0.001)
(-0.210855879 -0.3234351553 0.001)
(6.559217661 4.64682901 0.001)
(7.942717715 4.53941029 0.001)
(1.481943752 -3.991566541 0.001)
(-4.771239999 1.320201778 0.001)
(-5.309701898 0.3946485474 0.001)
(3.565285967 -1.317633694 0.001)
(0.5105740541 0.316358198 0.001)
(0.680356705 0.3004601397 0.001)
(0.7049068099 0.7780148115 0.001)
(0.9360470143 0.7185250132 0.001)
(0.9647537096 0.469820893 0.001)
(1.179884097 0.6450718264 0.001)
(1.208977437 0.390068083 0.001)
(1.441798717 0.561920996 0.001)
(1.397492207 0.8859766572 0.001)
(0.3109555575 0.8839220451 0.001)
(1.45220675 0.2952747602 0.001)
(1.326326294 0.1476587215 0.001)
(2.106548573 -4.79788886 0.001)
(-2.474250173 -2.162870278 0.001)
(11.61085307 3.456050153 0.001)
(13.35424428 3.125965785 0.001)
(1.47053073 0.0392367059 0.001)
(1.71974998 0.1987218613 0.001)
(1.330855877 -0.07253889947 0.001)
(1.730377713 0.7619966854 0.001)
(1.202586782 0.01717467778 0.001)
(0.5758138587 0.1839930608 0.001)
(0.1002799626 0.3420906885 0.001)
(-1.002677007 -0.1249298342 0.001)
(-1.188007491 0.1547094324 0.001)
(-0.7884355991 0.6799567554 0.001)
(0.7505923489 -1.360953963 0.001)
(13.94052203 1.474608289 0.001)
(-0.2026273033 1.073097091 0.001)
(1.543149964 -0.1418838123 0.001)
(1.426414647 -0.2480176212 0.001)
(3.81892404 -0.605313877 0.001)
(-4.705444306 -0.5470562262 0.001)
(-5.835513232 -0.6003914147 0.001)
(-5.012057015 -1.569313184 0.001)
(-6.607718671 0.2510313252 0.001)
(-0.3858942734 -1.057366459 0.001)
(-0.6624756217 -1.088683913 0.001)
(-0.5873393605 1.092829387 0.001)
(5.260738365 4.731335433 0.001)
(5.960664515 5.857693411 0.001)
(0.8965986623 1.000037134 0.001)
(1.109846476 0.2103077178 0.001)
(0.9580782532 -0.1108948656 0.001)
(15.08224557 2.79932441 0.001)
(14.55934073 4.666282732 0.001)
(1.58093227 -0.3188348337 0.001)
(1.766871328 -0.1916634703 0.001)
(1.935124344 0.03808938003 0.001)
(3.497925261 -2.811670941 0.001)
(4.214302709 -3.569584559 0.001)
(3.845345988 -4.775599492 0.001)
(5.125796096 -4.355588288 0.001)
(4.744426566 -5.65932625 0.001)
(6.061344649 -5.285443212 0.001)
(6.42450347 -3.916892658 0.001)
(7.449643086 -4.899251314 0.001)
(4.494009503 -2.437776237 0.001)
(5.587780792 -6.800395075 0.001)
(4.457123634 -1.330253241 0.001)
(4.590300344 5.972274745 0.001)
(1.404994987 -0.4085563068 0.001)
(1.26439618 -0.3771443387 0.001)
(-1.423745425 -0.725754144 0.001)
(1.669250473 1.167685513 0.001)
(1.160105693 -4.890992237 0.001)
(1.790321124 -5.839053785 0.001)
(3.333678208 -0.1169069026 0.001)
(4.098350869 0.2733450663 0.001)
(-7.035150472 -0.9762517846 0.001)
(-1.063064839 1.060154176 0.001)
(2.731015418 -1.878424008 0.001)
(-0.1331760961 -0.4481001348 0.001)
(-0.0637292571 -0.3115318894 0.001)
(-0.1269623882 -0.2035279115 0.001)
(-0.01679155827 -0.206110272 0.001)
(-0.2234967351 -0.1985716769 0.001)
(-0.1833084461 -0.1028405888 0.001)
(-0.0787486328 -0.1234830991 0.001)
(-4.236097853 2.238403085 0.001)
(-5.345611837 2.287061178 0.001)
(-4.711218588 3.34297764 0.001)
(-5.938316348 3.346504203 0.001)
(-5.25337044 4.459805175 0.001)
(-3.932583567 4.423304813 0.001)
(-4.416259926 5.578301939 0.001)
(-3.068585437 5.48539316 0.001)
(-6.664018669 4.576673163 0.001)
(1.610509833 -0.5477312068 0.001)
(-0.2531115422 -0.09896624631 0.001)
(-0.195183849 -0.03591640694 0.001)
(-0.2977488918 -0.006759007026 0.001)
(-0.239934421 0.08048430718 0.001)
(-0.1630595759 0.06247033608 0.001)
(-0.1740311972 0.1303629385 0.001)
(-0.1002445572 0.1313355692 0.001)
(-0.1276163313 0.1926143632 0.001)
(-0.04971388394 0.1724524034 0.001)
(-0.07718244868 0.2562138193 0.001)
(-0.03452604076 0.1120586664 0.001)
(-0.1736158276 0.2950592297 0.001)
(-0.07381557106 0.05414161283 0.001)
(-0.01928723327 0.003440100828 0.001)
(-0.02678441943 0.02106596229 0.001)
(-0.03911966645 0.005354894052 0.001)
(-0.02902105219 -0.01365812198 0.001)
(-0.05145422442 -0.01046259909 0.001)
(-0.04370986574 -0.02956784227 0.001)
(-0.06329044692 -0.0242994832 0.001)
(-0.01418714378 0.0366338895 0.001)
(-0.07384068211 -0.006060947115 0.001)
(-0.08734430521 -0.03322346549 0.001)
(-0.05737242837 -0.04729614187 0.001)
(-0.03266746556 -0.0504140622 0.001)
(-0.0341332498 0.03947113956 0.001)
(-0.02157412536 0.05513267981 0.001)
(-0.001544510704 0.05209747165 0.001)
(-0.007149469411 0.06759027446 0.001)
(0.01231202024 0.06848731263 0.001)
(0.002629746653 0.08701463629 0.001)
(0.02742444509 0.0866310624 0.001)
(0.01634711709 0.1124602595 0.001)
(0.04523365407 0.1084592917 0.001)
(0.09785450106 0.04893600964 0.001)
(0.03199828681 0.1441744231 0.001)
(0.06921422638 0.1313777184 0.001)
(0.005626367405 0.2382575459 0.001)
(0.08338844413 0.1058922791 0.001)
(0.1075838185 0.1235738421 0.001)
(0.1988914198 0.04675541516 0.001)
(0.09790647019 0.1738248532 0.001)
(0.140254182 0.1571941722 0.001)
(0.1413788582 0.1174565392 0.001)
(0.1778067243 0.1392748701 0.001)
(0.1740296776 0.1954808299 0.001)
(0.2238896107 0.1637597388 0.001)
(0.2181991249 0.2263609251 0.001)
(0.2796196312 0.2030667882 0.001)
(0.2746841238 0.1481616676 0.001)
(0.3314866311 0.1654177137 0.001)
(0.3360166722 0.1228541844 0.001)
(0.3716400985 0.1320283746 0.001)
(0.3427702139 0.2474061858 0.001)
(0.381940621 0.1012342556 0.001)
(0.4121400926 0.1172321112 0.001)
(0.4185537993 0.08188846334 0.001)
(0.4467807326 0.09308560197 0.001)
(0.4564745048 0.1417223421 0.001)
(0.1902918542 0.1049296567 0.001)
(0.4523086659 0.06499626827 0.001)
(0.4764927816 0.07454868435 0.001)
(0.2925346912 0.09171045681 0.001)
(0.2388215192 0.04317963028 0.001)
(0.4836930493 0.04605225459 0.001)
(0.5050271887 0.06194470643 0.001)
(0.5088232611 0.09493971109 0.001)
(0.5351614825 0.07128277605 0.001)
(0.5334447879 0.03969808577 0.001)
(0.5640536248 0.05229149968 0.001)
(0.5718186076 0.08011498575 0.001)
(0.5980116547 0.05827455289 0.001)
(0.5914782969 0.02741313162 0.001)
(0.6113749268 0.1003642277 0.001)
(0.6370680444 0.06268483203 0.001)
(0.7852640738 -0.06496185381 0.001)
(0.7467586797 -0.0552747553 0.001)
(0.8237612443 -0.07478639788 0.001)
(0.6607529929 0.112603186 0.001)
(0.7072947357 0.09179916677 0.001)
(0.7158812679 0.1309953503 0.001)
(0.7650520072 0.09444302137 0.001)
(0.7819220665 0.1661667184 0.001)
(0.8364144361 0.1196754042 0.001)
(0.8723144162 0.2040946604 0.001)
(0.8222055053 0.04347957258 0.001)
(0.8680319574 0.05796398223 0.001)
(0.8648225383 0.002204861351 0.001)
(0.9103866591 0.02000344003 0.001)
(0.6839028652 0.03518972915 0.001)
(0.9433322352 0.07437671328 0.001)
(0.9675083169 0.009694416245 0.001)
(0.9495894052 -0.03254045204 0.001)
(1.009237143 -0.01815692159 0.001)
(0.9197685145 -0.100311385 0.001)
(1.030468127 0.02085206601 0.001)
(1.046910761 -0.03042015774 0.001)
(1.025340534 -0.06935103594 0.001)
(1.060512922 -0.07350510046 0.001)
(1.050139991 -0.1003171913 0.001)
(1.07645772 -0.1037675759 0.001)
(1.013883104 -0.09813620987 0.001)
(1.232520014 -0.2060551102 0.001)
(0.8153732196 -0.008116556907 0.001)
(0.3455924709 0.07516487525 0.001)
(0.6404737048 0.02606133827 0.001)
(0.3829506423 0.05910500424 0.001)
(1.105662315 -0.07749271366 0.001)
(1.113939121 -0.1195302083 0.001)
(1.090222388 -0.1490515369 0.001)
(0.7548474055 0.03306751504 0.001)
(0.1609897646 0.08029124627 0.001)
(5.386951915 7.192399112 0.001)
(-0.04470098247 -0.06715799987 0.001)
(-0.02183808426 -0.07320294347 0.001)
(0.04028519172 -0.05819951999 0.001)
(-0.07599874044 -0.07417336831 0.001)
(-0.3345319252 1.452752013 0.001)
(0.08210942811 1.369471972 0.001)
(0.4225622849 0.04455459141 0.001)
(0.0525803097 0.07961236949 0.001)
(1.253595277 -0.5121027089 0.001)
(1.098228952 -0.5026441987 0.001)
(1.101490397 -0.3222878901 0.001)
(8.484988512 3.223517335 0.001)
(9.403236315 4.386570763 0.001)
(0.8416554744 -0.5279355603 0.001)
(1.141809366 -0.6344429305 0.001)
(-0.3591872619 0.0944939265 0.001)
(1.124308379 -0.1646582942 0.001)
(1.093918928 -0.1962415893 0.001)
(1.059400333 -0.1811416609 0.001)
(1.060522525 -0.2147931066 0.001)
(1.028806251 -0.2143626552 0.001)
(1.033406113 -0.2371630459 0.001)
(1.003155972 -0.2257319597 0.001)
(1.005482578 -0.2680074401 0.001)
(0.9717342764 -0.2545439669 0.001)
(0.9717798521 -0.3008517889 0.001)
(0.9276256654 -0.2766817052 0.001)
(1.023128453 -0.1734245156 0.001)
(0.917348343 -0.2413807821 0.001)
(0.8828759563 -0.2555550815 0.001)
(0.8779833821 -0.312888725 0.001)
(0.8303168763 -0.2823340127 0.001)
(0.826468067 -0.3486246256 0.001)
(0.7763719257 -0.3053577043 0.001)
(0.7586714893 -0.251755552 0.001)
(0.7157214644 -0.2718158887 0.001)
(0.7134776895 -0.3396757741 0.001)
(0.665564431 -0.3043217789 0.001)
(0.6553756609 -0.3650589907 0.001)
(0.6035484174 -0.3187854821 0.001)
(0.596805281 -0.393546098 0.001)
(0.5404715905 -0.3482125538 0.001)
(0.5512747597 -0.2847852878 0.001)
(0.4979689907 -0.2981975943 0.001)
(0.4977089023 -0.2367553865 0.001)
(0.4473593741 -0.2504185529 0.001)
(0.4355610337 -0.3211467848 0.001)
(0.3911692512 -0.2822138976 0.001)
(0.3754319401 -0.3429696762 0.001)
(0.3303612187 -0.2823820724 0.001)
(0.3115337294 -0.363680074 0.001)
(0.2615564044 -0.3126567185 0.001)
(0.2698548031 -0.245700845 0.001)
(0.2094458354 -0.2671013779 0.001)
(0.5522112629 -0.229073352 0.001)
(0.4057291519 -0.2290022314 0.001)
(0.6667471693 -0.2427540579 0.001)
(0.191062158 -0.333406403 0.001)
(0.1461904918 -0.2771214738 0.001)
(0.1656582257 -0.2210226 0.001)
(0.8766973932 -0.2165070345 0.001)
(0.5123726871 -0.206514914 0.001)
(0.8882402091 -0.3826735848 0.001)
(0.5521987027 -0.1932446791 0.001)
(0.1206386806 -0.3454312647 0.001)
(0.1085310332 -0.2299081089 0.001)
(0.131993625 -0.1634031849 0.001)
(0.1782372751 -0.1577131551 0.001)
(0.08051034819 -0.1903637134 0.001)
(0.09610329191 -0.1374219095 0.001)
(0.5137075824 -0.4364565643 0.001)
(0.5916632297 -0.254973316 0.001)
(0.9739341202 -0.4941035968 0.001)
(0.9102666029 -0.1956264372 0.001)
(0.4729897044 -0.2150604421 0.001)
(0.4808622449 -0.1783345708 0.001)
(0.5952771853 -0.2163436444 0.001)
(0.6337975313 -0.1483939909 0.001)
(0.1738548817 -0.4106175441 0.001)
(0.4238753235 -0.3898558257 0.001)
(0.9946554779 -0.1975956382 0.001)
(8.830697484 5.729266211 0.001)
(10.37713194 5.597091478 0.001)
(0.9570162379 -0.209592915 0.001)
(-1.354851391 -0.1724490545 0.001)
(-1.58529366 0.1763978666 0.001)
(1.050106194 -0.1408430741 0.001)
(0.01879614821 0.04939563559 0.001)
(0.2714323627 -0.5475203188 0.001)
(-0.8058048618 -0.8484113894 0.001)
(-0.9836436133 -1.118950128 0.001)
(-0.8480505062 -1.428745069 0.001)
(0.7088810835 -0.3989590912 0.001)
(0.8231870864 -0.2307129207 0.001)
(6.797902307 7.100408295 0.001)
(0.2695704537 -1.737042775 0.001)
(-0.03994617572 -1.417893241 0.001)
(1.084085007 0.01130696067 0.001)
(-0.04591871621 0.05849245158 0.001)
(0.9787582559 -0.06560286865 0.001)
(1.174078363 -0.1205134681 0.001)
(0.5484536577 -4.182952206 0.001)
(15.58171077 1.063917922 0.001)
(14.50022778 -0.2477432864 0.001)
(16.2198244 -0.618593612 0.001)
(15.15209597 -1.854155332 0.001)
(0.3918369407 -5.864371623 0.001)
(1.286702185 -6.939485426 0.001)
(-0.04507055579 -7.359281142 0.001)
(2.861321244 -5.494355928 0.001)
(0.4565576203 0.03038581282 0.001)
(-0.1010766393 0.0004083267668 0.001)
(0.3422145374 -0.2321282933 0.001)
(0.3060843744 -0.1941552802 0.001)
(0.3489205137 -0.188883703 0.001)
(0.2518892286 -0.2056065267 0.001)
(0.268706209 -0.1695788438 0.001)
(-0.04411488503 -0.09654666263 0.001)
(-0.01242363046 -0.09971873127 0.001)
(-0.02656613517 -0.1418196556 0.001)
(0.009586376503 -0.1405795317 0.001)
(0.02789987272 -0.1086437191 0.001)
(0.00590238453 -0.07475363084 0.001)
(-1.288372825 0.5829860809 0.001)
(7.76689791 -3.548582259 0.001)
(8.885261478 -4.515511052 0.001)
(8.51627104 -5.937918318 0.001)
(10.07532661 -5.538416914 0.001)
(10.43121711 -3.960980738 0.001)
(11.65088511 -5.083805616 0.001)
(12.02976763 -3.500984466 0.001)
(13.23879216 -4.897269648 0.001)
(-2.882235584 -3.472110376 0.001)
(-3.987361045 -3.280312425 0.001)
(-4.796919744 -4.063635631 0.001)
(0.5681143906 -0.542696218 0.001)
(1.230917073 1.221438734 0.001)
(0.902640428 -0.03530969441 0.001)
(-0.01272058459 0.3215964839 0.001)
(0.2360667433 0.119322496 0.001)
(-8.758935414 1.154149962 0.001)
(-6.619160142 2.293646324 0.001)
(1.441871354 -1.076415007 0.001)
(1.988214534 0.3874411932 0.001)
(2.359296463 0.1824098797 0.001)
(2.194653999 0.8040837866 0.001)
(2.140378452 1.502974778 0.001)
(0.5621661528 0.0245215887 0.001)
(0.5334256643 0.01424750639 0.001)
(0.02299660632 -0.04947640914 0.001)
(-2.484165492 4.197775979 0.001)
(-1.709119017 5.32970773 0.001)
(1.150633292 -0.2177303675 0.001)
(0.7778783197 0.3876319805 0.001)
(0.03972698959 -0.1304588002 0.001)
(0.06121484268 -0.1125862349 0.001)
(0.04847758165 -0.08739402443 0.001)
(-2.239437348 6.571213751 0.001)
(-0.9124997798 6.284019142 0.001)
(-0.9079528421 8.503199056 0.001)
(0.7963539822 8.380060534 0.001)
(1.767696725 6.841512291 0.001)
(-0.3678137391 -4.156086415 0.001)
(0.03320659879 0.06429128197 0.001)
(-0.132365089 -0.02992996075 0.001)
(11.30093758 -6.780039006 0.001)
(1.060141254 0.09318926795 0.001)
(-1.48410256 -7.917813111 0.001)
(0.5044829138 0.03368861142 0.001)
(0.4832802129 0.02282014173 0.001)
(1.48055869 -0.8118216701 0.001)
(-0.01147631579 -0.02504951507 0.001)
(4.934636777 -8.397775007 0.001)
(6.92549537 -8.179427334 0.001)
(1.813525814 -0.7852992451 0.001)
(-3.982425738 -1.353517904 0.001)
(1.144667704 0.07805116557 0.001)
(0.9850347598 0.1534418867 0.001)
(10.95820417 8.392383111 0.001)
(0.04775716312 -0.2271452729 0.001)
(0.1213356749 0.09994071115 0.001)
(0.09673753391 0.07697185369 0.001)
(0.7274213469 -0.2349284286 0.001)
(0.6873470507 -0.2052664767 0.001)
(0.7711193265 -0.2031548603 0.001)
(-4.864420309 8.109988983 0.001)
(-8.316664847 -4.912077748 0.001)
(-6.931402263 -4.103863808 0.001)
(-6.791740741 -5.707080355 0.001)
(-6.795479532 -2.438354167 0.001)
(-0.81263981 1.489241526 0.001)
(-0.1276615706 0.4255256185 0.001)
(0.6307721675 -1.719176209 0.001)
(0.4551411914 -1.424396414 0.001)
(0.554328984 -1.144813925 0.001)
(12.00093711 6.66701127 0.001)
(13.86168608 6.517725545 0.001)
(-4.485579306 -5.419702762 0.001)
(3.851355543 4.656154347 0.001)
(3.042352933 6.010384737 0.001)
(2.621900017 4.918842144 0.001)
(0.8053411617 -8.484472889 0.001)
(16.29872933 4.183317884 0.001)
(-0.007559954707 -0.05653945839 0.001)
(6.726075131 -2.45693743 0.001)
(0.07689999387 0.04737611798 0.001)
(0.0587245345 -0.0693768375 0.001)
(-0.4398024443 5.14472415 0.001)
(0.4731723879 5.98963573 0.001)
(0.6882852876 4.836030481 0.001)
(-3.138592844 -2.67008419 0.001)
(14.96529083 8.2802114 0.001)
(15.99080034 6.431402962 0.001)
(-0.3357873846 -3.30698995 0.001)
(-0.006027026299 0.1403500164 0.001)
(0.6231660557 -0.2346080459 0.001)
(0.6380474752 -0.1940832963 0.001)
(0.6051750084 -0.1798569933 0.001)
(1.031490971 -0.3178219118 0.001)
(0.967592247 -0.3785826154 0.001)
(0.1188110858 0.04953660131 0.001)
(0.1291764156 0.06603917392 0.001)
(0.09990582946 -0.08030666454 0.001)
(0.1049666033 -0.09984026472 0.001)
(0.1248592681 -0.1053231051 0.001)
(0.08644086964 -0.09372806373 0.001)
(0.1587124006 0.04904193387 0.001)
(-8.117276051 -6.731791608 0.001)
(-0.006306355403 -0.4334575855 0.001)
(0.138956303 -0.09088711377 0.001)
(0.1446910004 -0.1101028276 0.001)
(0.164316533 -0.1146701375 0.001)
(0.1306611192 -0.1245890451 0.001)
(0.5855459689 1.030815631 0.001)
(-0.0470955069 0.02368601506 0.001)
(14.96218113 -8.244412616 0.001)
(16.00758244 -6.578149264 0.001)
(14.1374384 -6.481976919 0.001)
(18.15723314 -6.755506759 0.001)
(17.00603433 -4.917393264 0.001)
(18.09129421 -0.8761713978 0.001)
(0.1790004751 0.0480884216 0.001)
(0.1903125367 0.06467533532 0.001)
(0.2102304578 0.06318276194 0.001)
(0.2012175401 0.08238328465 0.001)
(0.2218781864 0.08016087062 0.001)
(18.28138092 3.114836053 0.001)
(0.1781536521 -0.09971719643 0.001)
(0.1844909927 -0.1187167274 0.001)
(0.2043246019 -0.1226035098 0.001)
(0.1709918018 -0.1347829773 0.001)
(-5.24651413 -2.70805301 0.001)
(-1.131777714 4.248696547 0.001)
(0.2175771113 -0.1072990962 0.001)
(0.2244232176 -0.1260489543 0.001)
(0.2444546663 -0.1294048106 0.001)
(0.2307612389 -0.145315254 0.001)
(0.2533057555 -0.1483771664 0.001)
(0.2648413668 -0.1320534547 0.001)
(0.2403349711 -0.1697374377 0.001)
(0.2169223635 -0.1632518604 0.001)
(0.2587506342 0.04102127307 0.001)
(0.2506211927 0.05935028914 0.001)
(0.2707823473 0.05696457212 0.001)
(0.2907908223 0.05444943716 0.001)
(0.2627659691 0.07516219283 0.001)
(0.2569949553 -0.1139752725 0.001)
(0.3182310338 0.03323456863 0.001)
(0.3305995316 0.04798543986 0.001)
(0.3504459304 0.04503435822 0.001)
(0.3107359458 0.05153767974 0.001)
(-0.653579077 -1.763825568 0.001)
(0.3164754021 -0.1221971304 0.001)
(0.3241839536 -0.1406219939 0.001)
(0.3443229414 -0.1429945048 0.001)
(0.3320641536 -0.1590206993 0.001)
(0.3118990309 -0.1567153284 0.001)
(0.356423988 -0.1624389367 0.001)
(0.374028023 -0.1795249428 0.001)
(0.3650916149 -0.1448253886 0.001)
(0.3744232861 -0.2112286215 0.001)
(0.2188649702 0.04508350094 0.001)
(0.2304805283 0.06150885826 0.001)
(0.3562705386 -0.1268281087 0.001)
(0.3772814086 0.02391311284 0.001)
(0.3897655493 0.03921728396 0.001)
(0.3704676079 0.04274604174 0.001)
(0.3613351089 0.05957712753 0.001)
(0.0249675237 -0.1735710195 0.001)
(-8.276927438 4.771406575 0.001)
(0.4158838677 0.01629582622 0.001)
(0.4155593714 -0.1330929396 0.001)
(0.423843994 -0.151249701 0.001)
(0.4438082725 -0.1530308138 0.001)
(0.4322521532 -0.1696885333 0.001)
(0.4121510385 -0.1695146666 0.001)
(0.4521827436 -0.1714324129 0.001)
(0.4409077663 -0.1898614226 0.001)
(0.4009019016 -0.1930194815 0.001)
(0.4546653809 0.01130117027 0.001)
(0.2983713448 0.03596531385 0.001)
(0.4551949925 -0.1366495246 0.001)
(0.5137647634 0.0002209377461 0.001)
(0.4948525043 -0.1398210118 0.001)
(0.4834640819 -0.158807121 0.001)
(0.504331077 -0.1578200319 0.001)
(0.4040492555 -0.1495915284 0.001)
(0.5342224536 -0.006021294637 0.001)
(0.514845773 -0.1412633634 0.001)
(0.523628405 -0.1591786981 0.001)
(0.5434604607 -0.1596804401 0.001)
(0.3576453835 0.02705260182 0.001)
(0.211541263 -0.141403873 0.001)
(0.5726637541 -0.01452798815 0.001)
(0.5544317547 -0.143773291 0.001)
(0.5633717661 -0.1607381138 0.001)
(0.9772150127 -0.1162784474 0.001)
(0.9961213416 -0.1225655777 0.001)
(1.001184699 -0.141167884 0.001)
(0.9878239783 -0.1570340902 0.001)
(1.015083973 -0.1283549324 0.001)
(1.020414845 -0.146551 0.001)
(0.9722888277 -0.09706119272 0.001)
(0.9530772424 -0.09171063976 0.001)
(0.5920341403 -0.0187624862 0.001)
(0.6059108375 -0.004410153635 0.001)
(0.6250261113 -0.008703843034 0.001)
(0.6208671113 0.01130280095 0.001)
(0.5863940644 0.00375968429 0.001)
(0.5742736307 -0.14485557 0.001)
(0.6139634648 -0.1469458265 0.001)
(0.6227086465 -0.1665872814 0.001)
(0.6437459736 -0.1658968828 0.001)
(0.9315319375 -0.1574296339 0.001)
(0.9414269509 -0.1747633357 0.001)
(0.9603175372 -0.1746499176 0.001)
(0.9207568962 -0.1754986734 0.001)
(0.9313387125 -0.1919435078 0.001)
(0.9002132953 -0.1752921331 0.001)
(0.938920613 -0.1055909529 0.001)
(0.669498171 -0.03657833577 0.001)
(0.663720597 -0.01744889177 0.001)
(0.68321096 -0.02209621987 0.001)
(0.677499003 -0.002818795777 0.001)
(0.6971275222 -0.007319473669 0.001)
(0.6560505606 0.002406821003 0.001)
(0.8545862678 1.33937572 0.001)
(0.6537836249 -0.1493166925 0.001)
(0.9006052646 -0.09509203601 0.001)
(0.9147514099 -0.08110810003 0.001)
(0.891345361 -0.1568963237 0.001)
(0.6888320451 -0.04118009305 0.001)
(0.693329891 -0.1511590051 0.001)
(0.6821384961 -0.1676020116 0.001)
(0.7042529676 -0.1706219961 0.001)
(0.8622194042 -0.08480859004 0.001)
(0.8763537465 -0.07064758517 0.001)
(0.8569644198 -0.06551689576 0.001)
(0.8711014987 -0.0513537937 0.001)
(0.851428983 -0.04586246786 0.001)
(0.890054011 -0.05561446882 0.001)
(0.8521479875 -0.1561228837 0.001)
(0.8418723012 -0.1732285948 0.001)
(0.8217161637 -0.1726637668 0.001)
(0.8313656504 -0.1903093172 0.001)
(0.8109601672 -0.1898700317 0.001)
(0.801300023 -0.1717719232 0.001)
(0.8516459267 -0.1905743604 0.001)
(0.7898544928 -0.1888280808 0.001)
(0.7997981378 -0.2079833895 0.001)
(0.7655019233 -0.1828287274 0.001)
(0.7451331557 -0.1939592723 0.001)
(0.7439587779 -0.1721058216 0.001)
(0.7245503156 -0.1833745507 0.001)
(0.8616702011 -0.1734347588 0.001)
(0.7274520713 -0.05049513004 0.001)
(0.741177372 -0.03601036831 0.001)
(0.7607389947 -0.04089498351 0.001)
(0.754532489 -0.02198411047 0.001)
(0.7351577622 -0.01626065561 0.001)
(0.7749502318 -0.02639237499 0.001)
(0.7635997792 -0.001158233808 0.001)
(0.7218571659 -0.03131413313 0.001)
(0.713188789 -0.1519046426 0.001)
(0.8429877647 -0.0797617044 0.001)
(0.1506625508 -0.129831343 0.001)
(0.7528963859 -0.1533552124 0.001)
(0.8045244447 -0.06983088596 0.001)
(0.8184180171 -0.0556854556 0.001)
(0.6308035612 -0.02760635618 0.001)
(0.8122952306 -0.1550585328 0.001)
(0.7660526937 -0.06008523525 0.001)
(0.5664573965 0.004752431304 0.001)
(0.4636759718 -0.154667666 0.001)
(0.5362296034 -0.1764019008 0.001)
(0.004751124344 0.03432224977 0.001)
(1.00552036 -0.1618449184 0.001)
(0.9906690608 -0.1772079924 0.001)
(-6.944533365 8.388482775 0.001)
(-6.337175965 6.950975224 0.001)
(-3.588565479 6.789937021 0.001)
(4.161324527 -7.028928886 0.001)
(0.7992052557 -0.05075917387 0.001)
(0.8376635117 -0.06058920478 0.001)
(0.9338935645 -0.08632872031 0.001)
(0.9480516976 -0.07269928844 0.001)
(0.8954992784 -0.0758471114 0.001)
(0.9930753633 -0.1027323975 0.001)
(0.5858777088 -0.1663619002 0.001)
(0.5688870639 -0.1814324196 0.001)
(0.6441380368 -0.0130146839 0.001)
(0.702517471 -0.02677473847 0.001)
(0.6628484792 -0.166903614 0.001)
(0.6525480953 -0.1823153153 0.001)
(13.3685407 -1.338396442 0.001)
(0.7800499384 -0.04583092284 0.001)
(0.2769948458 -0.1167720692 0.001)
(0.8130403983 -0.03633242711 0.001)
(0.1910408204 -0.1379941726 0.001)
(0.3454480974 -1.189765419 0.001)
(-0.06274729358 1.863839049 0.001)
(0.9491937115 -0.1930295641 0.001)
(0.9728212287 -0.1909398087 0.001)
(1.556203349 1.653032789 0.001)
(2.786052484 0.6375056773 0.001)
(3.366150187 0.7017889248 0.001)
(0.09147333545 -0.1148538649 0.001)
(0.1109089235 -0.1201531347 0.001)
(0.5139534917 -0.1814564563 0.001)
(0.03724229085 0.04291722052 0.001)
(0.8266341486 -0.4284812548 0.001)
(0.7926193736 -0.1542692678 0.001)
(0.283036719 0.07289637006 0.001)
(0.3027609283 0.07083414369 0.001)
(1.037728574 -0.1583764747 0.001)
(0.4068138149 0.05708522977 0.001)
(0.170209742 0.06562904816 0.001)
(0.9292726965 -0.06581559363 0.001)
(0.02448489367 -0.0677420697 0.001)
(0.2424168066 0.07808201533 0.001)
(0.2543766449 0.0951439077 0.001)
(0.8399579968 3.906556573 0.001)
(1.730882134 4.298336655 0.001)
(1.664030556 5.519740538 0.001)
(0.3760391664 -0.1288004833 0.001)
(12.79778616 4.852241063 0.001)
(0.8665444126 -0.02877568388 0.001)
(0.8418892928 -0.01885280088 0.001)
(0.3043186756 -0.1380667596 0.001)
(0.2846206401 -0.134808341 0.001)
(0.3844271925 -0.1467298781 0.001)
(0.870918194 -0.1917571766 0.001)
(0.4736904837 0.005618713038 0.001)
(0.290813242 -0.1535916571 0.001)
(10.65533269 -2.282106931 0.001)
(2.639411667 -0.3720324922 0.001)
(0.1491242709 0.06597248173 0.001)
(0.1401032993 0.08581307034 0.001)
(1.290711529 -0.7097145306 0.001)
(12.8180166 0.2183448643 0.001)
(0.6718159369 -0.1844734391 0.001)
(0.6614064271 -0.2022942239 0.001)
(-1.018375928 -6.393322646 0.001)
(-3.742622966 -0.5772241462 0.001)
(0.9097028267 -0.05903545556 0.001)
(0.9261750451 -0.04171692414 0.001)
(0.832032296 -0.04135507533 0.001)
(0.3917115088 -0.166205172 0.001)
(1.305032451 -3.344191552 0.001)
(1.066017784 -0.2660894096 0.001)
(0.214274997 0.1014848096 0.001)
(0.06636528005 0.06260897388 0.001)
(0.07719788066 0.08149920868 0.001)
(0.780738016 -0.1694376796 0.001)
(0.6421082683 -0.9483423769 0.001)
(-5.645639518 -6.742327646 0.001)
(0.3237016019 -0.4584374906 0.001)
(-1.844152286 0.6129728182 0.001)
(18.10349465 6.811692828 0.001)
(0.225105422 -0.189336227 0.001)
(-0.2735493596 0.1664068609 0.001)
(7.069982701 -6.287715039 0.001)
(0.9311708894 -1.619431975 0.001)
(0.5152045955 0.01740603441 0.001)
(0.6373111049 0.003610486659 0.001)
(15.0520764 -4.903038315 0.001)
(0.0757668001 0.2475622367 0.001)
(0.5529717752 0.1171488069 0.001)
(1.022594424 -0.7254932598 0.001)
(0.1537624048 -0.1511034997 0.001)
(0.717982858 -0.01053576008 0.001)
(0.7129587648 0.01072244456 0.001)
(0.6145478363 0.03404443506 0.001)
(0.06530860793 -0.09276452004 0.001)
(0.7954120113 -0.0298832591 0.001)
(0.5723928851 -0.2065030967 0.001)
(4.845387671 0.7805894039 0.001)
(5.009780267 -0.2842061476 0.001)
(0.8404047761 -0.2103748462 0.001)
(0.8532858086 -0.2362552214 0.001)
(7.656698018 -1.28543432 0.001)
(5.465539261 -1.893066516 0.001)
(3.938714764 7.212198639 0.001)
(0.4652479047 -0.190875192 0.001)
(0.5075497984 0.1413573947 0.001)
(0.4877553458 0.2057411945 0.001)
(0.422718317 0.296285769 0.001)
(0.328389621 0.3530510752 0.001)
(0.4035693148 0.1865476701 0.001)
(10.73171376 -8.422844323 0.001)
(5.500441726 -3.08268816 0.001)
(0.2562860964 0.2777946261 0.001)
(0.8810578678 -0.1742991094 0.001)
(0.1368939245 -0.1415635383 0.001)
(0.2119565461 -4.864341356 0.001)
(2.224308031 -1.997240342 0.001)
(7.606522687 2.243677793 0.001)
(0.07416041178 -0.1295829625 0.001)
(7.372212913 5.806545822 0.001)
(-8.530198344 -1.454228856 0.001)
(0.1288368598 0.2097690919 0.001)
(0.1665584771 0.2658796875 0.001)
(1.242126348 -0.1365709984 0.001)
(0.3247069059 0.06536802698 0.001)
(0.3224486605 0.09194319011 0.001)
(0.3208234914 -0.178743171 0.001)
(-1.558659457 1.046893784 0.001)
(2.820782891 4.01181069 0.001)
(-1.111480001 -0.4637638377 0.001)
(-0.0447107057 -0.5412323951 0.001)
(4.768560423 8.562239631 0.001)
(0.9744340294 -0.2191033076 0.001)
(0.7697475196 -0.3827674103 0.001)
(-0.4970186197 -1.343490357 0.001)
(1.002191731 0.296809193 0.001)
(0.7871871071 -0.01014867972 0.001)
(0.794904785 0.01740181422 0.001)
(0.003342915735 -0.2670266236 0.001)
(16.0109127 -3.443899867 0.001)
(4.741662299 3.522591166 0.001)
(0.04812526416 0.187457105 0.001)
(0.98578962 -0.08338935089 0.001)
(0.4082670144 0.03484954496 0.001)
(0.6040309107 -0.1613418943 0.001)
(0.07882894332 -0.281507897 0.001)
(0.969926735 -0.1562417049 0.001)
(1.033985234 -0.1348933251 0.001)
(-5.980757427 1.303765091 0.001)
(0.1076572391 0.06437510282 0.001)
(0.6937036686 0.01663618228 0.001)
(-0.2692116736 0.3765859016 0.001)
(0.6173960567 -0.4788853311 0.001)
(0.7503217174 -0.4655132084 0.001)
(6.241706851 8.467865062 0.001)
(0.6645505081 0.187996019 0.001)
(-0.05407810767 0.04030736927 0.001)
(-0.07169459973 0.02284667092 0.001)
(-0.06670992432 0.0901093068 0.001)
(-0.01523041423 -0.04024927152 0.001)
(0.08626129504 0.0638758156 0.001)
(0.4274648824 0.02972987693 0.001)
(0.4423934581 0.04352830997 0.001)
(-0.1217812017 -0.0952649272 0.001)
(-2.258276117 -2.829014983 0.001)
(16.76325265 2.149820055 0.001)
(1.051990858 -0.1209164561 0.001)
(1.190595782 -0.2941278422 0.001)
(-1.175802256 -1.430335739 0.001)
(1.029270278 -0.1119570539 0.001)
(-3.382664966 3.150086948 0.001)
(9.921688415 6.979202722 0.001)
(3.862469388 -1.94653086 0.001)
(0.2466027488 -3.124769266 0.001)
(13.8627749 -3.154168975 0.001)
(1.798525133 -1.886465537 0.001)
(-3.237445875 1.950332383 0.001)
(1.147633725 -2.813242436 0.001)
(0.7167008378 0.04438525037 0.001)
(0.736345385 0.008550327924 0.001)
(0.2125108185 0.3620994145 0.001)
(-4.09150951 -2.243929913 0.001)
(0.1806264055 0.08302888301 0.001)
(0.2415320439 -0.3867605064 0.001)
(0.2955835799 -0.1742041309 0.001)
(2.933856786 -4.581004008 0.001)
(0.2336658234 0.09688672059 0.001)
(0.4737850825 -0.5199313008 0.001)
(1.055113385 -0.4009209221 0.001)
(-2.402435361 3.196157476 0.001)
(0.966685266 -0.07849821598 0.001)
(-0.05664093592 0.007072806766 0.001)
(0.7234922966 -0.1661942531 0.001)
(0.7050750401 -0.1894942031 0.001)
(1.001228845 -0.06659627365 0.001)
(0.901025561 0.1219105294 0.001)
(-0.5321324687 1.851712746 0.001)
(2.723507974 -6.784174886 0.001)
(1.005253461 -0.1817558956 0.001)
(0.9430828512 -0.05235649777 0.001)
(9.066498771 -3.133506668 0.001)
(0.5492023201 0.007764523163 0.001)
(2.060352876 -0.3182581618 0.001)
(9.03491689 2.038827996 0.001)
(0.08601779794 -0.4288486854 0.001)
(1.131773085 -0.2703624145 0.001)
(0.6695717233 0.01820979777 0.001)
(-0.03366186718 7.235387826 0.001)
(9.597639495 -7.011555234 0.001)
(-0.1110887872 -0.05878102911 0.001)
(0.7188364736 -0.2076776161 0.001)
(0.4718488128 1.37439744 0.001)
(-5.739028816 -4.954904909 0.001)
(18.66526579 -4.963021581 0.001)
(0.480853813 -0.3602913237 0.001)
(0.8898158165 -0.1952982583 0.001)
(1.128187811 0.894209873 0.001)
(0.8211431636 -0.2058501011 0.001)
(0.4220904995 -0.1863243708 0.001)
(-0.1479410827 0.01230379799 0.001)
(-0.0267830195 0.08042856811 0.001)
(-0.0735189653 -0.1771369188 0.001)
(0.4820144086 -0.9315091336 0.001)
(16.85028459 -2.065127625 0.001)
(0.1542635823 -0.9398700398 0.001)
(0.1304888202 -1.134542973 0.001)
(-0.1387894256 -1.196556534 0.001)
(-1.805954741 -0.2222500351 0.001)
(1.149449426 -0.08200176702 0.001)
(1.13770018 -0.02674668438 0.001)
(-7.087031254 5.758068329 0.001)
(-0.3496483837 -0.1340458874 0.001)
(0.03933628883 -0.3439998902 0.001)
(0.3557642728 1.746046643 0.001)
(2.753780232 -2.457374378 0.001)
(9.978840834 3.236703311 0.001)
(-0.641084881 -0.6455561004 0.001)
(0.5097687578 0.7896378167 0.001)
(0.1743782711 -0.5067002439 0.001)
(0.2067699426 0.1256033185 0.001)
(0.6304592442 -0.2781322558 0.001)
(0.1187210446 -0.141367981 0.001)
(1.666469539 0.4410710992 0.001)
(0.7727448441 0.2658651728 0.001)
(0.8814554228 0.3205526917 0.001)
(0.3685838046 -0.4036611328 0.001)
(-0.1817311187 -0.9757569482 0.001)
(8.14589638 -7.210499181 0.001)
(-0.1346360615 -0.1501375204 0.001)
(-0.108457355 0.03671323959 0.001)
(0.4999286241 0.01686953321 0.001)
(0.01206171206 -0.0965614184 0.001)
(0.02951194083 -0.08724131038 0.001)
(0.6032390236 0.01405394951 0.001)
(0.5886732486 -0.1917027319 0.001)
(7.68055379 8.211547524 0.001)
(8.283731375 7.0425282 0.001)
(-1.236246173 1.47506326 0.001)
(-0.02694785625 -0.03048647298 0.001)
(-2.579683594 -1.653870796 0.001)
(-1.320228285 -1.093227418 0.001)
(0.6894958217 -0.1836709132 0.001)
(1.306902201 -0.2855966904 0.001)
(10.59648868 4.39997716 0.001)
(-0.8398320023 -0.3392301972 0.001)
(0.4805956014 0.1114736424 0.001)
(-0.9690101016 0.3765705669 0.001)
(0.1941314154 -0.1839154192 0.001)
(1.407122431 3.484934328 0.001)
(1.001571886 0.0747692296 0.001)
(0.9614363217 -0.05918530267 0.001)
(0.9834455056 -0.03983680958 0.001)
(0.2724574427 -0.1476818926 0.001)
(-3.182106291 -1.882298762 0.001)
(0.1702265529 -3.657919461 0.001)
(1.030053701 -0.590677381 0.001)
(0.3743364654 -0.1599448636 0.001)
(-0.4275041978 0.001397432095 0.001)
(0.1896182764 -1.431853 0.001)
(12.63261099 -6.200943551 0.001)
(0.932475957 -0.2142183283 0.001)
(0.1584308805 -0.1788283879 0.001)
(0.8979044212 -0.4473589339 0.001)
(0.4083764284 -0.4633625974 0.001)
(1.071484939 -0.131711455 0.001)
(-8.109883871 -0.01915109913 0.001)
(-1.056277128 1.957880616 0.001)
(0.4315687926 0.06418974412 0.001)
(1.086974237 -0.03937153911 0.001)
(-8.535898385 -8.535898385 0.001)
(-8.535898385 8.535898385 0.001)
(0.6224759557 -0.1826612325 0.001)
(0.6150539703 -0.2012191005 0.001)
(-7.149071731 3.530893342 0.001)
(0.1031603153 -0.1639890932 0.001)
(0.7624294823 -0.1657861036 0.001)
(0.04023635284 -0.07432262947 0.001)
(0.4678540899 0.02007109144 0.001)
(0.07151000248 0.9831738151 0.001)
(18.53589838 8.535898385 0.001)
(1.697645505 -1.026154498 0.001)
(18.53589838 -8.535898385 0.001)
(0.7372252327 -1.106146469 0.001)
(0.3758889335 -0.2422895801 0.001)
(1.009213741 -0.112965961 0.001)
(1.154043953 -0.7706120816 0.001)
(0.9273506859 -0.336876646 0.001)
(0.7909967479 0.05323985358 0.001)
(-1.094965354 -0.8104342508 0.001)
(1.210875887 0.157324309 0.001)
(1.295319726 0.02637209343 0.001)
(1.003863493 -0.08404105357 0.001)
(1.235955279 0.08531619347 0.001)
(0.2192862202 -0.2237384144 0.001)
(0.4690865894 -0.1708233925 0.001)
(5.279494674 -1.115812396 0.001)
(0.06552290299 0.1013681735 0.001)
(0.1261928163 0.4677078837 0.001)
(0.5324642286 -0.2014412364 0.001)
(1.064560895 -0.1554490825 0.001)
(0.976311708 -0.1712147028 0.001)
(0.8353259648 0.01582365523 0.001)
(0.6150257805 0.1440441302 0.001)
(1.149274036 1.654268547 0.001)
(1.07842294 -0.1715702933 0.001)
(0.7827670101 -0.2280195481 0.001)
(0.3035314413 0.1190843639 0.001)
(0.3538410369 0.09923377633 0.001)
(-0.2006233378 0.02920784565 0.001)
(0.3254850691 -0.2044823352 0.001)
(0.3093824289 -0.2285012286 0.001)
(1.033265617 -0.08941020819 0.001)
(0.3938405881 0.07994422789 0.001)
(0.009225506252 -0.05828769104 0.001)
(0.8827227616 -0.0373199628 0.001)
(0.8918153496 -0.01522467454 0.001)
(-1.05929846 -1.765124135 0.001)
(0.1652169917 0.1021410392 0.001)
(-0.01109227012 -0.009991574768 0.001)
(-0.115585682 0.0809145421 0.001)
(0.9015800115 -0.2197643203 0.001)
(0.2741593246 0.1116882712 0.001)
(0.7003940379 -0.2309115277 0.001)
(0.4268927559 -0.210614426 0.001)
(0.6615369015 0.04092834524 0.001)
(0.6778760629 0.06459841827 0.001)
(0.575769504 0.01941150153 0.001)
(-4.955393682 6.643511652 0.001)
(0.006001801629 0.1765382987 0.001)
(1.100573123 -0.2330433775 0.001)
(1.880937963 -0.5420653947 0.001)
(-5.785541656 5.66122258 0.001)
(3.227612579 -1.968193031 0.001)
(-0.3783063423 0.2025909622 0.001)
(0.7506581337 -0.2199158796 0.001)
(0.5253605734 -0.225322523 0.001)
(1.98467013 -8.038791527 0.001)
(0.9241071382 -0.01349866566 0.001)
(1.412809275 -0.6019587286 0.001)
(0.2462629156 -0.4632729022 0.001)
(11.5770465 5.237829771 0.001)
(-5.843594166 -3.672892237 0.001)
(-0.1533176933 -0.06476704519 0.001)
(0.1167169262 0.08096183544 0.001)
(-0.02404182065 -1.679194362 0.001)
(-0.2073288178 0.2110267307 0.001)
(-0.2881390304 0.266614163 0.001)
(-7.38723193 1.274946341 0.001)
(0.02082591444 0.03450973224 0.001)
(-0.863655323 -0.5938105264 0.001)
(2.821751051 3.294998357 0.001)
(1.036980015 -0.1901341377 0.001)
(-0.2753636373 -1.54559041 0.001)
(0.1247140713 -0.1912525147 0.001)
(-5.984942876 -1.658472712 0.001)
(1.160569995 -0.4015379834 0.001)
(0.7514228461 -3.543986896 0.001)
(0.8262123384 -0.02576353336 0.001)
(0.8585904197 -0.2090937278 0.001)
(0.7978382697 -0.255206574 0.001)
(0.2835834373 -0.2029578092 0.001)
(0.3699167447 0.07904321115 0.001)
(1.673794357 -0.0140016871 0.001)
(0.4287502715 -1.067494901 0.001)
(0.4909825557 -0.2000346675 0.001)
(12.18723871 -2.141438754 0.001)
(0.01589436853 0.4181150359 0.001)
(0.6693776978 -0.4393783021 0.001)
(-0.008507071091 0.1114084934 0.001)
(-0.1308575229 0.5597592606 0.001)
(0.3425359895 0.05862596557 0.001)
(17.10278995 5.550063306 0.001)
(-0.07461115349 -0.2351837125 0.001)
(0.7474088539 -0.007713167992 0.001)
(1.322491594 -0.179678923 0.001)
(0.1983746275 -0.1568556961 0.001)
(0.9471042184 -0.2361386648 0.001)
(0.304393954 1.128356181 0.001)
(0.6374242797 -0.1802404357 0.001)
(4.109982669 1.050443097 0.001)
(0.2733746698 0.08932023972 0.001)
(0.008403123749 -0.1167277901 0.001)
(2.878986658 0.1730514021 0.001)
(-0.4074996841 -8.754761121 0.001)
(8.141361252 -2.401449489 0.001)
(0.463268541 0.04899313795 0.001)
(0.04535663923 -0.1031814349 0.001)
(-3.12116826 -0.6409734747 0.001)
(16.99357639 0.5755376281 0.001)
(0.5528295194 -0.1742995107 0.001)
(0.7670542295 -0.5550228672 0.001)
(2.018027641 8.052318926 0.001)
(0.5890463516 0.2664215571 0.001)
(-0.1463928444 -0.2550188776 0.001)
(0.4504178823 -0.2109582243 0.001)
(0.0757196135 -0.1087031292 0.001)
(0.4432261884 0.02550216496 0.001)
(1.27113331 0.2492541071 0.001)
(0.1004933797 0.0948066217 0.001)
(0.4706988543 0.03381673821 0.001)
(0.5294434216 -0.2535562621 0.001)
(1.217445299 -0.06436514979 0.001)
(-0.1042777391 0.3321777651 0.001)
(3.735643518 -5.961908151 0.001)
(1.184733279 -0.1691056477 0.001)
(2.834268535 7.224440112 0.001)
(0.8176007791 0.07675388315 0.001)
(0.6408842195 -0.2149917449 0.001)
(0.5778861408 -0.2267233523 0.001)
(-1.371789577 7.354435395 0.001)
(0.4971360499 -0.1721701149 0.001)
(-0.066683794 0.1217707658 0.001)
(1.013232558 -0.0448722397 0.001)
(1.015329938 -0.197167467 0.001)
(0.06611722843 -0.1552180369 0.001)
(0.05014591753 0.05882052211 0.001)
(-6.870373896 -6.849708622 0.001)
(1.779920854 -0.3837106135 0.001)
(0.5174567418 0.04856003366 0.001)
(-2.005509329 0.189566231 0.001)
(1.420664812 -0.1416122926 0.001)
(0.5762696038 0.03707027079 0.001)
(0.5459559971 0.02759653575 0.001)
)


// ************************************************************************* //
