/*--------------------------------*- C++ -*----------------------------------*\
| =========                 |                                                 |
| \\      /  F ield         | OpenFOAM: The Open Source CFD Toolbox           |
|  \\    /   O peration     | Version:  2412                                  |
|   \\  /    A nd           | Website:  www.openfoam.com                      |
|    \\/     M anipulation  |                                                 |
\*---------------------------------------------------------------------------*/
FoamFile
{
    version     2.0;
    format      ascii;
    arch        "LSB;label=32;scalar=64";
    class       vectorField;
    location    "constant/polyMesh";
    object      points;
}
// * * * * * * * * * * * * * * * * * * * * * * * * * * * * * * * * * * * * * //


384
(
(0 0 0)
(8 0 0)
(8 4 0)
(0 4 0)
(0 0 0.001)
(8 0 0.001)
(8 4 0.001)
(0 4 0.001)
(0.4210507454 0 0)
(0.8421025654 0 0)
(1.26315546 0 0)
(1.684208985 0 0)
(2.10526403 0 0)
(2.526317555 0 0)
(2.947370987 0 0)
(3.368423345 0 0)
(3.789474627 0 0)
(4.210525373 0 0)
(4.631576655 0 0)
(5.052629013 0 0)
(5.473682445 0 0)
(5.89473597 0 0)
(6.315791015 0 0)
(6.73684454 0 0)
(7.157897435 0 0)
(7.578949255 0 0)
(8 0.4718697172 0)
(8 1.133938652 0)
(8 2 0)
(8 2.866061348 0)
(8 3.528130283 0)
(7.578949255 4 0)
(7.157897435 4 0)
(6.73684454 4 0)
(6.315791015 4 0)
(5.89473597 4 0)
(5.473682445 4 0)
(5.052629013 4 0)
(4.631576655 4 0)
(4.210525373 4 0)
(3.789474627 4 0)
(3.368423345 4 0)
(2.947370987 4 0)
(2.526317555 4 0)
(2.10526403 4 0)
(1.684208985 4 0)
(1.26315546 4 0)
(0.8421025654 4 0)
(0.4210507454 4 0)
(0 3.528130283 0)
(0 2.866061348 0)
(0 2 0)
(0 1.133938652 0)
(0 0.4718697172 0)
(0.4210507454 0 0.001)
(0.8421025654 0 0.001)
(1.26315546 0 0.001)
(1.684208985 0 0.001)
(2.10526403 0 0.001)
(2.526317555 0 0.001)
(2.947370987 0 0.001)
(3.368423345 0 0.001)
(3.789474627 0 0.001)
(4.210525373 0 0.001)
(4.631576655 0 0.001)
(5.052629013 0 0.001)
(5.473682445 0 0.001)
(5.89473597 0 0.001)
(6.315791015 0 0.001)
(6.73684454 0 0.001)
(7.157897435 0 0.001)
(7.578949255 0 0.001)
(8 0.4718697172 0.001)
(8 1.133938652 0.001)
(8 2 0.001)
(8 2.866061348 0.001)
(8 3.528130283 0.001)
(7.578949255 4 0.001)
(7.157897435 4 0.001)
(6.73684454 4 0.001)
(6.315791015 4 0.001)
(5.89473597 4 0.001)
(5.473682445 4 0.001)
(5.052629013 4 0.001)
(4.631576655 4 0.001)
(4.210525373 4 0.001)
(3.789474627 4 0.001)
(3.368423345 4 0.001)
(2.947370987 4 0.001)
(2.526317555 4 0.001)
(2.10526403 4 0.001)
(1.684208985 4 0.001)
(1.26315546 4 0.001)
(0.8421025654 4 0.001)
(0.4210507454 4 0.001)
(0 3.528130283 0.001)
(0 2.866061348 0.001)
(0 2 0.001)
(0 1.133938652 0.001)
(0 0.4718697172 0.001)
(3.935913905 3.630674369 0)
(2.715076378 3.616192533 0)
(5.295192435 0.3845857588 0)
(3.593496834 0.3590770305 0)
(5.717239417 3.606521882 0)
(2.315790792 0.3646430088 0)
(6.502043383 0.4170990192 0)
(1.50187375 3.632258712 0)
(6.492477053 3.659255438 0)
(1.473682519 0.3612360887 0)
(4.835135515 3.648909067 0)
(4.408337218 0.3469326063 0)
(0.6467033578 1.609217075 0)
(7.349084059 2.38595216 0)
(7.535486563 0.7306032625 0)
(0.4464582965 3.22800527 0)
(7.382105384 3.607190633 0)
(0.6184729477 0.3931011417 0)
(7.244305203 1.715332508 0)
(6.751746776 2.068134972 0)
(6.709353579 1.45394091 0)
(6.255385853 1.797838416 0)
(6.279195461 2.356560895 0)
(5.821136108 2.08209989 0)
(5.788500719 1.566062499 0)
(5.382790781 1.847121037 0)
(5.400579814 2.33658722 0)
(4.986518083 2.100374351 0)
(4.973962535 1.620887731 0)
(4.587376342 1.871068373 0)
(4.596750494 2.335705032 0)
(4.199600857 2.117753116 0)
(4.189805188 1.660360212 0)
(3.809099273 1.904183295 0)
(3.824128027 2.349286009 0)
(3.433009156 2.144244392 0)
(3.413390827 1.695293069 0)
(3.032646214 1.943404481 0)
(3.016741973 1.486466644 0)
(2.614276685 1.732712018 0)
(2.631314298 2.214649377 0)
(3.451113776 2.584886623 0)
(2.173997732 1.973378414 0)
(2.216942843 2.492835399 0)
(2.17037586 1.481768081 0)
(1.729862073 2.232936176 0)
(3.396349139 1.248737034 0)
(3.009277757 1.036117192 0)
(2.654052638 2.679895418 0)
(2.249865286 2.979784419 0)
(3.839363866 2.790151467 0)
(3.47183934 3.01877809 0)
(0.7479160883 2.285985343 0)
(3.398624928 0.7485526952 0)
(3.769274076 1.016454621 0)
(2.9944719 0.6547787401 0)
(2.574884696 0.7860839335 0)
(6.761464366 2.651969069 0)
(6.240749834 2.887957807 0)
(5.824516659 2.598589579 0)
(5.388107182 2.806826759 0)
(5.783737494 3.101957091 0)
(5.365122154 3.261353549 0)
(4.998655488 3.005451365 0)
(7.272575706 3.0362188 0)
(1.217803447 1.935419186 0)
(1.20105218 1.325463169 0)
(0.7305836217 0.9637020463 0)
(4.994365437 2.562107865 0)
(4.604660168 2.784500849 0)
(4.614021461 3.251463885 0)
(6.167096382 3.364245849 0)
(3.862732492 3.209629167 0)
(3.517341822 3.419281504 0)
(3.110567648 3.250353621 0)
(6.206169935 1.285876672 0)
(5.764054716 1.081116386 0)
(6.163636323 0.7658967062 0)
(5.726440297 0.6188451242 0)
(5.346285606 0.8560569841 0)
(4.945695108 0.7021190084 0)
(4.978351101 1.124068019 0)
(4.574635815 0.9741461206 0)
(3.791111734 1.459003484 0)
(4.176612046 1.213901844 0)
(4.191214987 0.7413127313 0)
(1.77236179 2.794954328 0)
(1.283585513 2.558539636 0)
(1.828975922 3.291634448 0)
(2.279003442 3.417380173 0)
(4.584568491 1.397013929 0)
(4.215594286 2.564988733 0)
(2.626439804 1.262235405 0)
(1.894736664 0.3554195708 0)
(2.071897563 0.7182252609 0)
(4.406283047 3.648383294 0)
(3.997087246 0.3506974913 0)
(4.224482941 2.99333109 0)
(5.365102788 1.359936461 0)
(3.08911852 2.823192462 0)
(2.679126875 3.140230367 0)
(3.058498153 2.385078525 0)
(6.663111003 3.165780981 0)
(1.031858645 0.4147507954 0)
(1.30268897 0.794885346 0)
(1.764365881 1.103504919 0)
(6.950835187 3.578074308 0)
(1.693503178 1.664574432 0)
(3.206288194 3.673642013 0)
(6.047809366 0.3437687121 0)
(6.658541837 0.8717257047 0)
(7.009751849 0.4954045511 0)
(1.063018656 3.625838438 0)
(1.282138051 3.184372107 0)
(0.6578300453 3.63702811 0)
(5.259231232 3.657020933 0)
(7.109025839 1.124131134 0)
(0.8806488317 2.853041162 0)
(2.735784942 0.350962443 0)
(4.836088788 0.3215175852 0)
(1.952519487 3.685963917 0)
(7.368423345 0.3242727374 0)
(0.3529087183 0.6940096935 0)
(7.647561153 3.307168767 0)
(3.789939614 0.643218914 0)
(3.207855952 0.3344577894 0)
(2.241592761 1.07036352 0)
(4.20958731 3.352846278 0)
(5.044667737 3.363631116 0)
(1.696541539 0.6669433496 0)
(5.684209208 0.2607714229 0)
(7.577763521 1.340801111 0)
(3.578948986 3.756024421 0)
(4.620171317 0.6162503953 0)
(0.4150046433 2.646618625 0)
(7.701898636 3.685920825 0)
(0.2981013645 0.3140791753 0)
(7.696571832 0.3053491434 0)
(0.8735857254 3.288457045 0)
(6.113980975 3.736860995 0)
(0.3050678174 3.678632732 0)
(2.315711908 3.758896474 0)
(3.935913905 3.630674369 0.001)
(2.715076378 3.616192533 0.001)
(5.295192435 0.3845857588 0.001)
(3.593496834 0.3590770305 0.001)
(5.717239417 3.606521882 0.001)
(2.315790792 0.3646430088 0.001)
(6.502043383 0.4170990192 0.001)
(1.50187375 3.632258712 0.001)
(6.492477053 3.659255438 0.001)
(1.473682519 0.3612360887 0.001)
(4.835135515 3.648909067 0.001)
(4.408337218 0.3469326063 0.001)
(0.6467033578 1.609217075 0.001)
(7.349084059 2.38595216 0.001)
(7.535486563 0.7306032625 0.001)
(0.4464582965 3.22800527 0.001)
(7.382105384 3.607190633 0.001)
(0.6184729477 0.3931011417 0.001)
(7.244305203 1.715332508 0.001)
(6.751746776 2.068134972 0.001)
(6.709353579 1.45394091 0.001)
(6.255385853 1.797838416 0.001)
(6.279195461 2.356560895 0.001)
(5.821136108 2.08209989 0.001)
(5.788500719 1.566062499 0.001)
(5.382790781 1.847121037 0.001)
(5.400579814 2.33658722 0.001)
(4.986518083 2.100374351 0.001)
(4.973962535 1.620887731 0.001)
(4.587376342 1.871068373 0.001)
(4.596750494 2.335705032 0.001)
(4.199600857 2.117753116 0.001)
(4.189805188 1.660360212 0.001)
(3.809099273 1.904183295 0.001)
(3.824128027 2.349286009 0.001)
(3.433009156 2.144244392 0.001)
(3.413390827 1.695293069 0.001)
(3.032646214 1.943404481 0.001)
(3.016741973 1.486466644 0.001)
(2.614276685 1.732712018 0.001)
(2.631314298 2.214649377 0.001)
(3.451113776 2.584886623 0.001)
(2.173997732 1.973378414 0.001)
(2.216942843 2.492835399 0.001)
(2.17037586 1.481768081 0.001)
(1.729862073 2.232936176 0.001)
(3.396349139 1.248737034 0.001)
(3.009277757 1.036117192 0.001)
(2.654052638 2.679895418 0.001)
(2.249865286 2.979784419 0.001)
(3.839363866 2.790151467 0.001)
(3.47183934 3.01877809 0.001)
(0.7479160883 2.285985343 0.001)
(3.398624928 0.7485526952 0.001)
(3.769274076 1.016454621 0.001)
(2.9944719 0.6547787401 0.001)
(2.574884696 0.7860839335 0.001)
(6.761464366 2.651969069 0.001)
(6.240749834 2.887957807 0.001)
(5.824516659 2.598589579 0.001)
(5.388107182 2.806826759 0.001)
(5.783737494 3.101957091 0.001)
(5.365122154 3.261353549 0.001)
(4.998655488 3.005451365 0.001)
(7.272575706 3.0362188 0.001)
(1.217803447 1.935419186 0.001)
(1.20105218 1.325463169 0.001)
(0.7305836217 0.9637020463 0.001)
(4.994365437 2.562107865 0.001)
(4.604660168 2.784500849 0.001)
(4.614021461 3.251463885 0.001)
(6.167096382 3.364245849 0.001)
(3.862732492 3.209629167 0.001)
(3.517341822 3.419281504 0.001)
(3.110567648 3.250353621 0.001)
(6.206169935 1.285876672 0.001)
(5.764054716 1.081116386 0.001)
(6.163636323 0.7658967062 0.001)
(5.726440297 0.6188451242 0.001)
(5.346285606 0.8560569841 0.001)
(4.945695108 0.7021190084 0.001)
(4.978351101 1.124068019 0.001)
(4.574635815 0.9741461206 0.001)
(3.791111734 1.459003484 0.001)
(4.176612046 1.213901844 0.001)
(4.191214987 0.7413127313 0.001)
(1.77236179 2.794954328 0.001)
(1.283585513 2.558539636 0.001)
(1.828975922 3.291634448 0.001)
(2.279003442 3.417380173 0.001)
(4.584568491 1.397013929 0.001)
(4.215594286 2.564988733 0.001)
(2.626439804 1.262235405 0.001)
(1.894736664 0.3554195708 0.001)
(2.071897563 0.7182252609 0.001)
(4.406283047 3.648383294 0.001)
(3.997087246 0.3506974913 0.001)
(4.224482941 2.99333109 0.001)
(5.365102788 1.359936461 0.001)
(3.08911852 2.823192462 0.001)
(2.679126875 3.140230367 0.001)
(3.058498153 2.385078525 0.001)
(6.663111003 3.165780981 0.001)
(1.031858645 0.4147507954 0.001)
(1.30268897 0.794885346 0.001)
(1.764365881 1.103504919 0.001)
(6.950835187 3.578074308 0.001)
(1.693503178 1.664574432 0.001)
(3.206288194 3.673642013 0.001)
(6.047809366 0.3437687121 0.001)
(6.658541837 0.8717257047 0.001)
(7.009751849 0.4954045511 0.001)
(1.063018656 3.625838438 0.001)
(1.282138051 3.184372107 0.001)
(0.6578300453 3.63702811 0.001)
(5.259231232 3.657020933 0.001)
(7.109025839 1.124131134 0.001)
(0.8806488317 2.853041162 0.001)
(2.735784942 0.350962443 0.001)
(4.836088788 0.3215175852 0.001)
(1.952519487 3.685963917 0.001)
(7.368423345 0.3242727374 0.001)
(0.3529087183 0.6940096935 0.001)
(7.647561153 3.307168767 0.001)
(3.789939614 0.643218914 0.001)
(3.207855952 0.3344577894 0.001)
(2.241592761 1.07036352 0.001)
(4.20958731 3.352846278 0.001)
(5.044667737 3.363631116 0.001)
(1.696541539 0.6669433496 0.001)
(5.684209208 0.2607714229 0.001)
(7.577763521 1.340801111 0.001)
(3.578948986 3.756024421 0.001)
(4.620171317 0.6162503953 0.001)
(0.4150046433 2.646618625 0.001)
(7.701898636 3.685920825 0.001)
(0.2981013645 0.3140791753 0.001)
(7.696571832 0.3053491434 0.001)
(0.8735857254 3.288457045 0.001)
(6.113980975 3.736860995 0.001)
(0.3050678174 3.678632732 0.001)
(2.315711908 3.758896474 0.001)
)


// ************************************************************************* //
