/*--------------------------------*- C++ -*----------------------------------*\
| =========                 |                                                 |
| \\      /  F ield         | OpenFOAM: The Open Source CFD Toolbox           |
|  \\    /   O peration     | Version:  2412                                  |
|   \\  /    A nd           | Website:  www.openfoam.com                      |
|    \\/     M anipulation  |                                                 |
\*---------------------------------------------------------------------------*/
FoamFile
{
    version     2.0;
    format      ascii;
    arch        "LSB;label=32;scalar=64";
    note        "nPoints:2988  nCells:2578  nFaces:9227  nInternalFaces:3663";
    class       labelList;
    location    "constant/polyMesh";
    object      neighbour;
}
// * * * * * * * * * * * * * * * * * * * * * * * * * * * * * * * * * * * * * //


3663
(
166
197
634
55
330
2304
49
2048
2110
60
1311
1801
61
452
2318
137
301
1209
138
302
1208
69
1122
1356
247
756
2521
97
316
1024
227
1228
2286
228
1229
2285
38
383
1089
79
759
1354
78
760
1353
96
868
1016
253
910
2011
254
909
2010
134
528
1770
144
544
1058
145
545
1059
84
391
1119
83
390
1118
476
1862
2377
477
1861
2376
223
343
1783
224
342
1782
89
676
1369
88
675
1368
234
1544
2577
148
209
1595
147
210
1594
91
185
2364
90
184
2369
104
1383
1476
93
153
1358
92
157
1351
199
295
1344
863
2236
249
328
1269
250
329
1268
213
825
1917
114
970
1536
115
971
1537
303
1424
1767
118
1376
1460
119
1377
1463
85
1006
1775
59
1455
1630
303
993
151
916
1182
152
917
1181
67
176
1340
200
526
976
201
527
977
153
1287
156
247
482
101
140
495
102
141
494
1564
1688
98
2043
157
1331
103
207
576
277
590
1637
125
452
1487
182
563
1870
183
564
1869
954
1227
257
905
1399
677
233
398
722
215
1946
2236
238
934
2188
239
935
2189
154
1073
1623
155
1072
1622
367
982
1490
368
983
1491
698
699
572
961
994
325
588
2470
229
863
1924
1998
2179
1997
2180
1129
1672
493
2085
2550
103
266
415
879
878
1058
1565
1059
1566
861
862
110
1389
2264
111
1388
2263
1063
1691
1064
1690
322
2392
522
750
2507
523
749
2506
169
710
170
711
198
936
171
1206
1810
442
669
1658
443
670
1659
657
703
2389
658
702
2388
195
1828
194
1829
172
1673
1707
173
1674
1708
764
1773
763
1774
516
1286
1933
517
1285
1934
938
941
548
748
2505
717
1714
1879
718
1713
1880
693
1601
2246
198
1769
1817
780
2024
363
1429
1912
463
505
772
464
504
771
438
608
847
217
361
479
216
478
2122
240
1755
1964
241
1754
1963
1637
204
1370
1508
205
1382
1507
1981
2515
1980
2516
206
704
1360
159
240
160
241
180
1313
2115
181
1312
2116
466
467
214
1374
1752
595
1726
596
1727
168
376
1564
251
1759
2036
1220
2033
1221
2034
852
837
1771
838
1772
167
251
871
225
1373
1847
389
424
388
423
230
1208
1364
231
1209
1363
197
287
922
620
1349
1386
237
822
1359
177
953
385
451
513
931
284
2516
283
2515
335
2041
1951
2180
1950
2179
209
2160
2164
210
2161
2163
649
708
1705
2284
444
672
1708
445
671
1707
1594
1595
1178
1194
1177
1193
2031
2074
2029
2075
277
2166
2240
265
2157
2556
603
2018
2062
604
2019
2063
410
491
809
519
580
695
518
579
694
618
631
732
795
1682
794
1683
207
252
415
1149
868
748
1612
253
1176
254
1175
492
1136
1547
692
1137
1548
1019
1018
1020
944
633
730
735
1312
1313
288
1226
1579
289
1225
1578
1706
2014
1027
1819
2258
615
1289
616
1288
321
872
1339
471
1232
1481
472
1233
1482
286
1182
1381
285
1181
1355
791
2137
792
2138
1057
496
512
892
1535
1730
1534
1731
1760
1979
1074
1075
475
1695
2134
972
1766
2132
310
1269
1379
311
1268
1352
1092
1533
2525
1532
2524
855
854
481
814
1543
480
815
1542
790
1719
2437
399
890
1176
400
891
1175
541
468
1341
1820
749
1722
750
1721
853
1047
2576
2509
2508
439
848
993
440
787
1112
1541
2042
449
858
1144
450
859
1143
386
949
1093
395
957
1164
394
958
1165
518
840
1246
519
841
1247
1972
2084
441
509
994
2109
306
912
2478
307
913
2477
895
1073
1104
896
1072
1103
520
924
1262
521
923
1261
305
2373
304
2372
591
1287
1485
1770
530
927
1151
532
928
1150
531
696
929
533
697
930
326
482
1324
388
2272
389
2273
1095
1094
809
2493
835
1471
836
1472
548
774
1530
404
1361
1399
405
1371
1760
522
783
1525
523
784
1526
1988
2505
344
536
649
881
933
1502
880
932
1503
630
843
1520
631
844
1519
711
2355
710
2356
2354
1252
1401
1253
1400
2370
2421
2371
2422
594
1331
1494
636
906
1140
1116
1117
345
748
798
465
716
2258
332
951
1048
331
952
1049
1844
2151
633
942
1534
632
943
1535
446
1344
1372
447
1345
1362
573
1394
1574
2440
362
1307
2079
635
953
1149
876
1016
756
817
364
1314
2080
2006
2506
2005
2507
1522
2096
478
2171
462
479
801
1197
2343
802
1198
2344
553
2206
346
812
887
347
813
886
688
921
1684
689
920
1685
378
749
827
379
750
826
895
1197
896
1198
839
1577
774
991
1037
1295
1036
1294
951
987
1183
952
988
1720
834
1043
1348
527
1796
2300
526
1797
2299
680
734
2213
681
733
2214
382
636
1009
377
635
1010
690
974
1700
691
973
1699
561
845
1202
562
846
1203
462
2038
830
1109
2110
2150
831
1110
667
757
1134
668
758
1135
866
962
867
963
455
1947
986
2261
975
2262
456
1948
429
799
1531
637
823
1591
638
824
1592
1140
2415
831
1818
784
1000
783
999
544
2178
545
2177
830
1832
1946
542
1908
541
1960
451
777
853
1950
1951
487
1907
488
1906
1966
1965
507
1751
506
1750
661
1853
511
510
408
1292
1636
409
1293
1635
589
994
1129
1130
755
945
1136
754
946
1137
782
1749
781
1748
619
609
2246
514
2281
515
2280
536
1944
721
997
1206
569
2289
568
2288
650
2277
651
2276
722
1003
1128
723
1004
1100
453
454
677
2215
620
2216
699
2301
698
2302
1161
1800
804
1985
2320
805
1986
2319
724
1068
1843
725
1069
1842
769
981
1301
770
980
1300
592
1971
593
1970
1231
1729
1715
1716
868
873
1281
1481
1282
1482
849
1680
850
1679
1159
1160
806
1027
1204
1780
1781
1582
818
854
819
855
1390
1411
1391
1410
478
1655
2196
479
1654
2197
772
1001
1322
771
1002
1323
1944
2201
1183
1141
1142
799
2017
616
1654
615
1655
2134
2417
495
550
948
494
549
947
1850
2314
1851
2313
835
1153
1631
836
1154
1632
1989
2331
1789
2438
1788
2439
1664
1665
1759
801
1859
2339
802
1860
2340
498
914
1795
499
915
1794
523
2226
522
2227
668
812
1062
667
813
1061
1346
1495
2346
2216
2259
1754
1755
780
775
2284
754
1179
755
1180
2001
2229
2002
2228
766
2298
765
2297
1189
1919
1190
1918
642
1044
641
1045
773
2012
747
788
1105
789
1106
1393
892
1455
1423
1433
1422
1434
2046
2328
2047
2327
1613
1614
540
1174
1233
539
1173
1232
890
891
1172
1718
1185
1776
2303
1651
2308
1652
2309
792
2270
791
2271
1437
1906
2199
1907
2200
2314
2313
2251
548
2223
803
822
2249
2369
2364
1453
2359
566
1222
1506
711
978
710
979
955
1186
2189
956
1187
2188
1825
2348
997
2329
1004
2330
1003
2331
980
2276
981
2277
1002
2313
1001
2314
1452
1471
1451
1472
1237
2235
1238
2234
1152
1207
1649
2157
936
2338
1445
1464
1446
1465
701
955
1741
700
956
1740
1024
2151
599
944
879
2295
878
2294
599
1769
843
2289
844
2288
1039
2268
1038
2269
938
2177
941
2178
861
2002
862
2001
704
816
2250
946
2262
945
2261
2012
874
1024
1125
1982
852
1171
1448
1449
1447
1450
871
1184
1966
2333
1965
2332
943
2271
942
2270
1200
1177
1181
2034
1178
1182
2033
1017
1348
2133
1262
1538
1261
1539
921
2280
920
2281
1250
1321
1815
1115
2482
1517
2265
974
2297
973
2298
1143
1862
1874
1144
1861
1875
1236
1871
2317
906
2246
1681
2070
1522
1747
2550
1019
2291
1018
2292
1074
2293
1075
2290
1057
2359
1027
2330
1092
2331
1020
2329
1405
2338
1563
1558
652
2493
852
862
861
871
1594
1966
1595
1965
934
1187
935
1186
1099
1666
2211
1495
1677
1925
928
2290
929
2292
930
2291
927
2293
1397
1552
1693
1553
1694
1099
1717
1908
2222
953
2284
845
1298
1533
846
1299
1532
1498
1953
1499
1954
814
2215
815
2216
950
1808
1692
2157
1116
2362
1117
2361
1095
2367
1094
2368
1606
1833
1607
1834
1951
1950
1213
2299
1214
2300
810
1617
811
1618
2219
840
2302
841
2301
726
728
727
729
1159
2363
1130
2202
1160
2378
1129
2432
1272
2362
1273
2361
1858
1857
1509
1510
1739
2379
1564
2415
1012
1011
1040
2566
1041
2565
1703
1704
899
1085
900
1086
1948
1947
1207
787
2432
1299
2445
1298
2446
839
1258
1334
2363
924
2295
923
2294
786
939
1484
785
940
1483
1946
1955
2095
1956
2094
832
1157
1281
833
1158
1282
1757
1689
1142
1141
989
1845
990
1846
746
1380
745
1357
1728
2072
1637
1960
1170
1217
1253
1218
1252
1188
859
2368
858
2367
1154
1692
1153
1405
987
1334
988
1647
848
2378
847
1084
1824
1647
2202
1213
1214
1518
2100
1927
1971
1926
1970
851
950
1071
1430
893
2380
894
2381
1050
2021
1051
2020
891
2300
890
2299
1417
2101
1416
2102
1559
1838
1560
1837
933
1273
932
1272
1570
1571
1321
1562
1885
1580
2350
1162
1476
1756
1170
1134
2238
1135
2237
1582
1629
1628
1893
1892
1283
1480
1284
1479
2546
1011
1012
2215
2462
1575
1576
1111
1425
1725
1274
1958
1275
1957
914
1101
1270
915
1102
1271
1013
1581
996
1188
2383
2384
1260
1391
1699
1784
1700
1785
1392
1752
1245
2237
1244
2238
2028
959
2279
960
2278
2462
2259
1390
1409
1014
1644
1439
1438
1050
1456
2316
1051
1457
2315
1653
1171
1799
1184
1798
1602
1905
1032
1633
1033
1634
886
1603
1843
887
1604
1842
1398
1396
1833
2549
1834
2548
972
1492
2091
1493
2092
1872
2512
2511
1251
1816
1883
2463
2464
1223
2529
1761
1762
1017
1210
1031
1108
1107
1253
2214
1252
2213
2533
2532
986
1060
2083
1597
1263
1645
1264
1646
1504
1505
1235
1466
1904
1234
1467
1903
1561
2013
1504
1505
1310
1640
1641
1988
2223
2242
2241
1480
1479
1034
2446
1035
2445
1899
2251
1230
1302
1527
1061
1062
2006
2226
2005
2227
2024
1123
2322
1124
2323
2383
2384
1447
2264
1448
2263
2114
2113
1391
2249
1390
2250
975
1076
1486
1224
1347
1546
949
1361
2415
1483
1813
1937
1484
1814
1938
1436
1835
1435
1836
1054
1315
1590
2291
2455
2292
2456
1441
1440
957
1381
958
1355
1097
1850
2058
1098
1851
2057
2474
2473
1346
2080
2352
2351
1981
2272
1980
2273
1991
1992
2456
2455
1393
2079
1788
1789
2117
2118
1756
998
1248
1979
1297
1241
1309
1240
1308
1296
2572
2573
1901
2346
2379
1327
1420
1328
1421
1454
1596
2025
2007
2008
1422
1550
1423
1551
2071
2170
1403
1402
1121
1829
1957
1120
1828
1958
1107
1680
2307
1108
1679
2312
1068
2372
1069
2373
1211
1277
1212
1276
1454
2500
2501
2553
1306
1836
1305
1835
1053
1994
1052
1993
2519
2520
1312
2414
1313
2413
1272
1788
2471
1273
1789
2472
2547
1766
1767
2098
2453
2099
2454
1475
1521
1148
1341
1598
1803
1424
2048
2287
2222
2459
2567
1387
1597
1468
1585
1469
1586
1850
1851
1989
2442
1223
1404
1444
1399
2042
1422
2279
1423
2278
1438
1439
1710
1709
1318
1475
1338
1387
1739
1821
2009
1817
1454
2371
2370
1152
1437
2296
1555
1574
2055
1556
1620
2056
1194
1638
2033
1193
1639
2034
1167
1650
2042
1217
1400
1477
1218
1401
1478
1531
2017
1343
1468
1342
1469
1608
1823
1609
1822
1570
1571
1636
1977
1635
1978
1742
2554
1743
2555
1517
2303
1090
1825
1280
1279
1522
2304
2195
1645
1646
2461
2460
1328
1384
1327
1385
1337
1540
1389
1435
1450
1388
1436
1449
1852
1867
1868
1888
1123
1124
1490
1504
1491
1505
1276
1461
1489
1277
1462
1488
1163
1296
1463
2468
2467
1260
1410
1470
1689
1418
1419
1512
1513
1898
1100
1395
2564
1166
1297
1460
1580
2317
1518
2306
1500
1740
2188
1501
1741
2189
1582
2318
1444
2185
1317
1316
1559
2315
1560
2316
1924
1453
1334
1766
2498
1695
1541
2253
2183
2182
1562
2325
1322
1643
1323
1642
2423
1973
1498
2168
1499
2167
1413
1783
1412
1782
1529
1615
1528
1616
2123
2124
1761
1762
1406
2158
1544
2198
1279
2039
1280
2040
1847
1852
1764
1763
1923
1922
1290
1332
1291
1333
1891
2424
1968
1967
1960
2253
1465
2311
1464
2310
1266
1853
2401
1335
1651
1336
1652
1453
1825
2510
2558
2557
1794
1795
1442
1512
1714
1443
1513
1713
1832
1604
1603
2430
2431
1241
2308
1240
2309
1405
1555
2440
1199
1425
1818
1573
1943
1572
1942
2181
1555
1556
1269
1583
1764
1268
1584
1763
1173
1366
1174
1375
1777
1787
1558
1311
2232
1224
2457
1220
2332
1221
2333
1230
2450
1318
1775
1412
1419
1607
1413
1418
1606
1738
1554
1563
1615
1616
2182
2183
1510
1509
2132
1557
1460
2450
2245
2244
1753
1294
2089
1295
2088
1575
2344
1576
2343
1342
1343
1553
2340
1552
2339
1576
1575
1406
1514
1251
1605
1265
1549
1649
1664
1665
1902
2172
1222
1378
1990
2349
2037
1864
1865
1757
1840
1913
1841
1914
2454
2453
2113
2128
2114
2129
1846
1845
1258
1315
1340
1936
1935
1549
1863
1750
1751
2353
2416
2537
2573
2536
2572
1866
1621
2090
1281
1282
1384
1895
1385
1894
1463
2457
1874
2026
1875
2027
1409
1411
1588
1813
1814
1330
1456
1914
1329
1457
1913
1275
1711
1274
1712
1538
2268
1539
2269
1338
2173
1765
1873
2194
1911
2528
1394
1319
1458
1846
1320
1459
1845
1744
1807
2545
1745
1806
2544
1746
1545
1619
2100
1941
2266
2267
2140
2229
2141
2228
1404
2037
2492
2564
1344
1602
1777
1857
1858
2403
2402
1600
1599
1345
1696
1787
2244
2245
1503
2225
1502
2224
1583
1962
1584
1961
2211
1716
1715
1319
2053
1320
2054
1614
1613
1603
1604
1669
1668
2525
2524
1643
1920
1642
1921
1732
2103
1682
2263
1683
2264
1320
2098
1319
2099
1393
1780
1781
1844
2201
1876
1346
1619
1625
2007
1624
2008
1660
2174
1918
1919
1387
2165
1434
1550
1657
1433
1551
1656
1466
1467
1838
2210
1837
2209
1487
1458
1516
1459
1515
1479
1484
1480
1483
1949
2097
1667
1779
2497
1540
1969
1675
1676
2252
1768
2121
2348
1524
1779
1793
2195
2318
2005
2315
2316
2306
2214
2304
2249
2250
1899
1981
1980
2340
2344
2310
2339
2343
2279
2278
1922
1924
1988
1898
1888
2311
2303
2317
2296
2006
2213
1923
2325
1701
1702
1793
1448
1447
1589
2360
1567
1808
1853
2124
2312
2353
2570
2123
2307
2086
2087
2200
2413
2199
2414
1588
1925
1431
2129
1432
2128
2037
2148
2149
1896
1897
1446
1687
2051
1445
1686
2052
2018
2077
2019
2076
1658
1659
1673
1805
1674
1804
2426
1589
1600
1627
1806
1599
1626
1807
1514
1598
1941
1696
1959
1593
2526
2444
2443
2135
2136
1975
1976
2570
2123
2124
2126
2337
2125
2336
1991
2293
1992
2290
2009
2111
2112
2010
2011
1532
1578
1533
1579
2024
1560
1559
1477
1478
1627
1656
1626
1657
2575
2574
1569
1568
1638
1639
1514
1830
1849
1848
1496
2448
1497
2447
1650
2400
1733
1734
1910
1909
1546
1666
1792
1887
1630
1811
1840
1812
1841
2495
2494
1995
2057
1996
2058
1527
1661
2449
2040
2039
1823
2390
1822
2391
2438
2439
2345
2556
1826
2410
1827
2409
2126
2125
1653
1695
2106
1864
1865
1610
1877
1611
1878
1776
2571
1730
2070
1731
2073
1786
1982
1820
1973
2499
1793
2504
1906
2050
1907
2049
1557
1748
2435
1749
2436
1908
2067
1738
2072
2069
2020
2460
2021
2461
2077
2076
1596
2105
2003
2119
1945
2120
1873
2260
2571
1554
1954
2374
1953
2375
1729
2274
2275
1859
1860
2030
1648
2032
2127
1567
1801
2552
2131
1670
1882
1671
1881
1876
1804
1984
1805
1983
2089
2088
1955
2554
1956
2555
2003
1944
2078
2118
2117
1871
1612
1905
1722
1721
1727
2045
1726
2044
1647
1767
2426
1932
1969
1987
2260
1889
2001
1890
2002
1678
2252
1831
2212
2106
1773
1774
2217
2265
1612
1815
1974
1686
1687
2444
2443
1957
2022
1958
2023
1978
1977
2176
2175
2060
2274
2061
2275
2169
1945
2035
2041
2206
1915
2384
1916
2383
2447
2448
2274
2275
1927
2436
1926
2435
1661
1849
2055
1848
2056
1721
1961
1722
1962
1709
1710
1936
1935
1663
1690
1662
1691
1995
1996
1678
1959
2197
2196
1692
1972
1737
2105
1938
1937
1941
1867
1868
1940
1939
1772
1771
1854
1905
1732
2116
2115
2204
2205
1768
1839
1959
2029
2184
2031
2186
1735
2140
1736
2141
1765
2503
1754
1755
1869
1962
1870
1961
1809
2158
1696
1963
1964
1800
2127
1711
1712
1785
2147
1784
2146
1724
1723
1732
2217
1808
2494
2495
1916
2091
1915
2092
1714
1790
2342
1713
1791
2341
2144
2145
1790
1879
1791
1880
2020
2102
2021
2101
2243
2350
2498
2577
1963
1964
1748
1749
1758
2038
1768
2243
1728
1753
2097
2219
2171
2354
1896
2142
1897
2143
2187
2360
1892
1893
2131
1884
2396
2395
1878
2081
1877
2082
1867
2197
1868
2196
1884
2324
1800
2481
2335
2334
1942
2257
1943
2256
1929
2062
1928
2063
2071
2169
2028
2096
2118
2117
2282
2420
2043
2133
1803
2122
1819
1952
2307
2312
2046
2047
2139
1974
2420
1909
1910
1929
1928
2139
2059
2014
1809
2261
2346
2535
2225
2224
2192
2193
2366
2365
2105
2253
2150
1993
1994
1824
2502
2167
2168
2098
2453
2099
2454
1881
2075
1882
2074
2093
2068
2239
2401
2354
2179
2180
2061
2060
2547
2324
2567
1855
1939
1856
1940
2256
2257
1883
1876
2232
2404
2080
2165
1902
1900
2185
2220
2221
2482
1930
2371
1931
2370
1975
1976
1925
2159
1949
2004
2079
2052
2051
2054
2053
2539
2538
1912
2218
2210
2209
1967
1968
2496
2466
2205
2204
2090
1917
2139
2015
2319
2016
2320
2336
2337
1916
1915
2513
2514
2030
2031
2342
2341
2029
2032
1934
1933
2104
2071
2156
2546
2532
2533
2479
2480
2191
2190
1890
1889
2130
2041
1982
2166
1900
2262
2379
1898
2466
2162
2488
2489
1987
2219
2161
2160
2190
2421
2191
2422
1999
2000
2385
2553
2497
2576
1969
1930
2523
1931
2522
2057
2058
2012
2470
2048
2460
2461
2194
1920
1921
2088
2089
2475
2476
2543
2542
2019
2018
2422
2421
2009
2203
2026
2027
2044
2045
1943
1942
2248
2247
2233
2231
2230
2437
2064
2401
2168
2167
1991
1992
2065
2066
2255
2254
2035
2442
2528
2053
2054
2266
2267
2064
1997
2522
1998
2523
2487
2500
2486
2501
2097
2492
2326
2345
2356
2355
2520
2519
2475
2476
2192
2285
2193
2286
2305
2084
2347
2152
2153
2254
2255
2085
2535
2427
2210
2486
2209
2487
2036
2207
2402
2208
2403
2084
2530
2514
2513
2423
2074
2075
2347
2258
2198
2561
2562
2397
2333
2332
2428
2429
2161
2483
2160
2484
2574
2575
2119
2120
2265
2283
2241
2242
2351
2352
2531
2154
2467
2155
2468
2166
2485
2202
2426
2070
2127
2073
2131
2511
2512
2156
2496
2086
2154
2087
2155
2162
2187
2093
2411
2412
2425
2393
2394
2392
2107
2555
2108
2554
2211
2109
2405
2406
2283
2450
2321
2350
2134
2478
2565
2477
2566
2170
2529
2143
2418
2142
2419
2334
2335
2494
2495
2204
2205
2321
2457
2171
2144
2145
2559
2560
2174
2527
2198
2349
2247
2433
2248
2434
2386
2537
2387
2536
2488
2489
2357
2358
2146
2147
2336
2337
2159
2230
2203
2231
2458
2156
2245
2562
2244
2561
2323
2322
2465
2449
2282
2413
2483
2414
2484
2212
2170
2330
2442
2218
2531
2552
2509
2569
2508
2568
2184
2186
2324
2382
2234
2235
2364
2502
2369
2465
2478
2477
2536
2537
2577
2551
2484
2483
2496
2481
2510
2380
2558
2381
2557
2236
2283
2287
2334
2559
2335
2560
2485
2505
2430
2431
2506
2507
2489
2488
2388
2389
2527
2441
2462
2451
2452
2407
2408
2287
2531
2459
2485
2545
2544
2321
2399
2398
2521
2385
2517
2518
2309
2308
2305
2424
2269
2268
2387
2386
2515
2516
2394
2393
2434
2433
2360
2357
2358
2418
2419
2490
2491
2534
2541
2540
2405
2406
2392
2563
2549
2548
2398
2399
2479
2480
2469
2353
2534
2376
2513
2377
2514
2382
2397
2355
2356
2416
2441
2349
2491
2490
2395
2396
2425
2428
2429
2427
2398
2473
2399
2474
2451
2452
2412
2411
2388
2449
2389
2481
2471
2472
2458
2479
2480
2567
2526
2573
2572
2446
2525
2445
2524
2520
2519
2463
2464
2440
2469
2527
2408
2407
2470
2528
2511
2512
2557
2558
2475
2522
2476
2523
2467
2468
2530
2492
2499
2464
2463
2459
2493
2563
2510
2498
2472
2471
2438
2439
2503
2474
2473
2569
2568
2441
2559
2560
2561
2562
2533
2532
2565
2566
2529
2547
2482
2552
2538
2539
2544
2545
2504
2564
2540
2541
2553
2546
2551
2517
2518
2542
2543
2526
2556
2570
2550
2541
2540
2568
2569
2574
2575
2576
2571
)


// ************************************************************************* //
