/*--------------------------------*- C++ -*----------------------------------*\
| =========                 |                                                 |
| \\      /  F ield         | OpenFOAM: The Open Source CFD Toolbox           |
|  \\    /   O peration     | Version:  2412                                  |
|   \\  /    A nd           | Website:  www.openfoam.com                      |
|    \\/     M anipulation  |                                                 |
\*---------------------------------------------------------------------------*/
FoamFile
{
    version     2.0;
    format      ascii;
    arch        "LSB;label=32;scalar=64";
    class       vectorField;
    location    "constant/polyMesh";
    object      points;
}
// * * * * * * * * * * * * * * * * * * * * * * * * * * * * * * * * * * * * * //


2988
(
(0 0 0)
(5 0 0)
(5 0.1 0)
(0 0.1 0)
(0 0 0.001)
(5 0 0.001)
(5 0.1 0.001)
(0 0.1 0.001)
(0.01185139161 0 0)
(0.02850131312 0 0)
(0.05192412197 0 0)
(0.08478879261 0 0)
(0.1231309414 0 0)
(0.1629217667 0 0)
(0.1995109621 0 0)
(0.2263538149 0 0)
(0.2453967476 0 0)
(0.2589514792 0 0)
(0.2698423963 0 0)
(0.2844003786 0 0)
(0.304853408 0 0)
(0.3348508995 0 0)
(0.3705652362 0 0)
(0.4103684844 0 0)
(0.4471334826 0 0)
(0.4788043584 0 0)
(0.5009353274 0 0)
(0.5166858877 0 0)
(0.5279874147 0 0)
(0.5405156711 0 0)
(0.5581165168 0 0)
(0.5829177658 0 0)
(0.6171738218 0 0)
(0.656664579 0 0)
(0.6962641207 0 0)
(0.7307429661 0 0)
(0.7564180406 0 0)
(0.7743805378 0 0)
(0.7871662179 0 0)
(0.7983202491 0 0)
(0.8137535823 0 0)
(0.8354452496 0 0)
(0.8661567595 0 0)
(0.9030451115 0 0)
(0.9428483597 0 0)
(0.9808428405 0 0)
(1.01001588 0 0)
(1.030739638 0 0)
(1.045484779 0 0)
(1.056412968 0 0)
(1.069795488 0 0)
(1.088596481 0 0)
(1.116362747 0 0)
(1.149553057 0 0)
(1.188578218 0 0)
(1.226570655 0 0)
(1.260411251 0 0)
(1.284816096 0 0)
(1.302178515 0 0)
(1.314537059 0 0)
(1.325953582 0 0)
(1.34192036 0 0)
(1.364383971 0 0)
(1.395958713 0 0)
(1.434894996 0 0)
(1.474698244 0 0)
(1.511415705 0 0)
(1.539588759 0 0)
(1.559367792 0 0)
(1.573446479 0 0)
(1.584293261 0 0)
(1.598309242 0 0)
(1.618000177 0 0)
(1.646084267 0 0)
(1.681059627 0 0)
(1.720830645 0 0)
(1.759540449 0 0)
(1.790128595 0 0)
(1.814216541 0 0)
(1.830690029 0 0)
(1.842419163 0 0)
(1.85439771 0 0)
(1.871226272 0 0)
(1.894879281 0 0)
(1.928092825 0 0)
(1.967465301 0 0)
(2.006324241 0 0)
(2.042196195 0 0)
(2.068831029 0 0)
(2.087766639 0 0)
(2.101244978 0 0)
(2.112150857 0 0)
(2.126791028 0 0)
(2.147359885 0 0)
(2.17643445 0 0)
(2.213793603 0 0)
(2.253277669 0 0)
(2.291706198 0 0)
(2.322362354 0 0)
(2.344134876 0 0)
(2.359570021 0 0)
(2.37072484 0 0)
(2.383509114 0 0)
(2.401469635 0 0)
(2.427365159 0 0)
(2.460324126 0 0)
(2.5 0 0)
(2.539675874 0 0)
(2.572634841 0 0)
(2.598530365 0 0)
(2.616490886 0 0)
(2.62927516 0 0)
(2.640429979 0 0)
(2.655865124 0 0)
(2.677637646 0 0)
(2.708293802 0 0)
(2.746722331 0 0)
(2.786206397 0 0)
(2.82356555 0 0)
(2.852640115 0 0)
(2.873208972 0 0)
(2.887849143 0 0)
(2.898755022 0 0)
(2.912233361 0 0)
(2.931168971 0 0)
(2.957803805 0 0)
(2.993675759 0 0)
(3.032534699 0 0)
(3.071907175 0 0)
(3.105120719 0 0)
(3.128773728 0 0)
(3.14560229 0 0)
(3.157580837 0 0)
(3.169309971 0 0)
(3.185783459 0 0)
(3.209871405 0 0)
(3.240459551 0 0)
(3.279169355 0 0)
(3.318940373 0 0)
(3.353915733 0 0)
(3.381999823 0 0)
(3.401690758 0 0)
(3.415706739 0 0)
(3.426553521 0 0)
(3.440632208 0 0)
(3.460411241 0 0)
(3.488584295 0 0)
(3.525301756 0 0)
(3.565105004 0 0)
(3.604041287 0 0)
(3.635616029 0 0)
(3.65807964 0 0)
(3.674046418 0 0)
(3.685462941 0 0)
(3.697821485 0 0)
(3.715183904 0 0)
(3.739588749 0 0)
(3.773429345 0 0)
(3.811421782 0 0)
(3.850446943 0 0)
(3.883637253 0 0)
(3.911403519 0 0)
(3.930204512 0 0)
(3.943587032 0 0)
(3.954515221 0 0)
(3.969260362 0 0)
(3.98998412 0 0)
(4.01915716 0 0)
(4.05715164 0 0)
(4.096954888 0 0)
(4.133843241 0 0)
(4.16455475 0 0)
(4.186246418 0 0)
(4.201679751 0 0)
(4.212833782 0 0)
(4.225619462 0 0)
(4.243581959 0 0)
(4.269257034 0 0)
(4.303735879 0 0)
(4.343335421 0 0)
(4.382826178 0 0)
(4.417082234 0 0)
(4.441883483 0 0)
(4.459484329 0 0)
(4.472012585 0 0)
(4.483314112 0 0)
(4.499064673 0 0)
(4.521195642 0 0)
(4.552866517 0 0)
(4.589631516 0 0)
(4.629434764 0 0)
(4.665149101 0 0)
(4.695146592 0 0)
(4.715599621 0 0)
(4.730157604 0 0)
(4.741048521 0 0)
(4.754603252 0 0)
(4.773646185 0 0)
(4.800489038 0 0)
(4.837078233 0 0)
(4.876869059 0 0)
(4.915211207 0 0)
(4.948075878 0 0)
(4.971498687 0 0)
(4.988148608 0 0)
(5 0.01152926351 0)
(5 0.02759974991 0)
(5 0.05 0)
(5 0.07240025009 0)
(5 0.08847073649 0)
(4.988148608 0.1 0)
(4.971498687 0.1 0)
(4.948075878 0.1 0)
(4.915211207 0.1 0)
(4.876869059 0.1 0)
(4.837078233 0.1 0)
(4.800489038 0.1 0)
(4.773646185 0.1 0)
(4.754603252 0.1 0)
(4.741048521 0.1 0)
(4.730157604 0.1 0)
(4.715599621 0.1 0)
(4.695146592 0.1 0)
(4.665149101 0.1 0)
(4.629434764 0.1 0)
(4.589631516 0.1 0)
(4.552866517 0.1 0)
(4.521195642 0.1 0)
(4.499064673 0.1 0)
(4.483314112 0.1 0)
(4.472012585 0.1 0)
(4.459484329 0.1 0)
(4.441883483 0.1 0)
(4.417082234 0.1 0)
(4.382826178 0.1 0)
(4.343335421 0.1 0)
(4.303735879 0.1 0)
(4.269257034 0.1 0)
(4.243581959 0.1 0)
(4.225619462 0.1 0)
(4.212833782 0.1 0)
(4.201679751 0.1 0)
(4.186246418 0.1 0)
(4.16455475 0.1 0)
(4.133843241 0.1 0)
(4.096954888 0.1 0)
(4.05715164 0.1 0)
(4.01915716 0.1 0)
(3.98998412 0.1 0)
(3.969260362 0.1 0)
(3.954515221 0.1 0)
(3.943587032 0.1 0)
(3.930204512 0.1 0)
(3.911403519 0.1 0)
(3.883637253 0.1 0)
(3.850446943 0.1 0)
(3.811421782 0.1 0)
(3.773429345 0.1 0)
(3.739588749 0.1 0)
(3.715183904 0.1 0)
(3.697821485 0.1 0)
(3.685462941 0.1 0)
(3.674046418 0.1 0)
(3.65807964 0.1 0)
(3.635616029 0.1 0)
(3.604041287 0.1 0)
(3.565105004 0.1 0)
(3.525301756 0.1 0)
(3.488584295 0.1 0)
(3.460411241 0.1 0)
(3.440632208 0.1 0)
(3.426553521 0.1 0)
(3.415706739 0.1 0)
(3.401690758 0.1 0)
(3.381999823 0.1 0)
(3.353915733 0.1 0)
(3.318940373 0.1 0)
(3.279169355 0.1 0)
(3.240459551 0.1 0)
(3.209871405 0.1 0)
(3.185783459 0.1 0)
(3.169309971 0.1 0)
(3.157580837 0.1 0)
(3.14560229 0.1 0)
(3.128773728 0.1 0)
(3.105120719 0.1 0)
(3.071907175 0.1 0)
(3.032534699 0.1 0)
(2.993675759 0.1 0)
(2.957803805 0.1 0)
(2.931168971 0.1 0)
(2.912233361 0.1 0)
(2.898755022 0.1 0)
(2.887849143 0.1 0)
(2.873208972 0.1 0)
(2.852640115 0.1 0)
(2.82356555 0.1 0)
(2.786206397 0.1 0)
(2.746722331 0.1 0)
(2.708293802 0.1 0)
(2.677637646 0.1 0)
(2.655865124 0.1 0)
(2.640429979 0.1 0)
(2.62927516 0.1 0)
(2.616490886 0.1 0)
(2.598530365 0.1 0)
(2.572634841 0.1 0)
(2.539675874 0.1 0)
(2.5 0.1 0)
(2.460324126 0.1 0)
(2.427365159 0.1 0)
(2.401469635 0.1 0)
(2.383509114 0.1 0)
(2.37072484 0.1 0)
(2.359570021 0.1 0)
(2.344134876 0.1 0)
(2.322362354 0.1 0)
(2.291706198 0.1 0)
(2.253277669 0.1 0)
(2.213793603 0.1 0)
(2.17643445 0.1 0)
(2.147359885 0.1 0)
(2.126791028 0.1 0)
(2.112150857 0.1 0)
(2.101244978 0.1 0)
(2.087766639 0.1 0)
(2.068831029 0.1 0)
(2.042196195 0.1 0)
(2.006324241 0.1 0)
(1.967465301 0.1 0)
(1.928092825 0.1 0)
(1.894879281 0.1 0)
(1.871226272 0.1 0)
(1.85439771 0.1 0)
(1.842419163 0.1 0)
(1.830690029 0.1 0)
(1.814216541 0.1 0)
(1.790128595 0.1 0)
(1.759540449 0.1 0)
(1.720830645 0.1 0)
(1.681059627 0.1 0)
(1.646084267 0.1 0)
(1.618000177 0.1 0)
(1.598309242 0.1 0)
(1.584293261 0.1 0)
(1.573446479 0.1 0)
(1.559367792 0.1 0)
(1.539588759 0.1 0)
(1.511415705 0.1 0)
(1.474698244 0.1 0)
(1.434894996 0.1 0)
(1.395958713 0.1 0)
(1.364383971 0.1 0)
(1.34192036 0.1 0)
(1.325953582 0.1 0)
(1.314537059 0.1 0)
(1.302178515 0.1 0)
(1.284816096 0.1 0)
(1.260411251 0.1 0)
(1.226570655 0.1 0)
(1.188578218 0.1 0)
(1.149553057 0.1 0)
(1.116362747 0.1 0)
(1.088596481 0.1 0)
(1.069795488 0.1 0)
(1.056412968 0.1 0)
(1.045484779 0.1 0)
(1.030739638 0.1 0)
(1.01001588 0.1 0)
(0.9808428405 0.1 0)
(0.9428483597 0.1 0)
(0.9030451115 0.1 0)
(0.8661567595 0.1 0)
(0.8354452496 0.1 0)
(0.8137535823 0.1 0)
(0.7983202491 0.1 0)
(0.7871662179 0.1 0)
(0.7743805378 0.1 0)
(0.7564180406 0.1 0)
(0.7307429661 0.1 0)
(0.6962641207 0.1 0)
(0.656664579 0.1 0)
(0.6171738218 0.1 0)
(0.5829177658 0.1 0)
(0.5581165168 0.1 0)
(0.5405156711 0.1 0)
(0.5279874147 0.1 0)
(0.5166858877 0.1 0)
(0.5009353274 0.1 0)
(0.4788043584 0.1 0)
(0.4471334826 0.1 0)
(0.4103684844 0.1 0)
(0.3705652362 0.1 0)
(0.3348508995 0.1 0)
(0.304853408 0.1 0)
(0.2844003786 0.1 0)
(0.2698423963 0.1 0)
(0.2589514792 0.1 0)
(0.2453967476 0.1 0)
(0.2263538149 0.1 0)
(0.1995109621 0.1 0)
(0.1629217667 0.1 0)
(0.1231309414 0.1 0)
(0.08478879261 0.1 0)
(0.05192412197 0.1 0)
(0.02850131312 0.1 0)
(0.01185139161 0.1 0)
(0 0.08847073649 0)
(0 0.07240025009 0)
(0 0.05 0)
(0 0.02759974991 0)
(0 0.01152926351 0)
(0.01185139161 0 0.001)
(0.02850131312 0 0.001)
(0.05192412197 0 0.001)
(0.08478879261 0 0.001)
(0.1231309414 0 0.001)
(0.1629217667 0 0.001)
(0.1995109621 0 0.001)
(0.2263538149 0 0.001)
(0.2453967476 0 0.001)
(0.2589514792 0 0.001)
(0.2698423963 0 0.001)
(0.2844003786 0 0.001)
(0.304853408 0 0.001)
(0.3348508995 0 0.001)
(0.3705652362 0 0.001)
(0.4103684844 0 0.001)
(0.4471334826 0 0.001)
(0.4788043584 0 0.001)
(0.5009353274 0 0.001)
(0.5166858877 0 0.001)
(0.5279874147 0 0.001)
(0.5405156711 0 0.001)
(0.5581165168 0 0.001)
(0.5829177658 0 0.001)
(0.6171738218 0 0.001)
(0.656664579 0 0.001)
(0.6962641207 0 0.001)
(0.7307429661 0 0.001)
(0.7564180406 0 0.001)
(0.7743805378 0 0.001)
(0.7871662179 0 0.001)
(0.7983202491 0 0.001)
(0.8137535823 0 0.001)
(0.8354452496 0 0.001)
(0.8661567595 0 0.001)
(0.9030451115 0 0.001)
(0.9428483597 0 0.001)
(0.9808428405 0 0.001)
(1.01001588 0 0.001)
(1.030739638 0 0.001)
(1.045484779 0 0.001)
(1.056412968 0 0.001)
(1.069795488 0 0.001)
(1.088596481 0 0.001)
(1.116362747 0 0.001)
(1.149553057 0 0.001)
(1.188578218 0 0.001)
(1.226570655 0 0.001)
(1.260411251 0 0.001)
(1.284816096 0 0.001)
(1.302178515 0 0.001)
(1.314537059 0 0.001)
(1.325953582 0 0.001)
(1.34192036 0 0.001)
(1.364383971 0 0.001)
(1.395958713 0 0.001)
(1.434894996 0 0.001)
(1.474698244 0 0.001)
(1.511415705 0 0.001)
(1.539588759 0 0.001)
(1.559367792 0 0.001)
(1.573446479 0 0.001)
(1.584293261 0 0.001)
(1.598309242 0 0.001)
(1.618000177 0 0.001)
(1.646084267 0 0.001)
(1.681059627 0 0.001)
(1.720830645 0 0.001)
(1.759540449 0 0.001)
(1.790128595 0 0.001)
(1.814216541 0 0.001)
(1.830690029 0 0.001)
(1.842419163 0 0.001)
(1.85439771 0 0.001)
(1.871226272 0 0.001)
(1.894879281 0 0.001)
(1.928092825 0 0.001)
(1.967465301 0 0.001)
(2.006324241 0 0.001)
(2.042196195 0 0.001)
(2.068831029 0 0.001)
(2.087766639 0 0.001)
(2.101244978 0 0.001)
(2.112150857 0 0.001)
(2.126791028 0 0.001)
(2.147359885 0 0.001)
(2.17643445 0 0.001)
(2.213793603 0 0.001)
(2.253277669 0 0.001)
(2.291706198 0 0.001)
(2.322362354 0 0.001)
(2.344134876 0 0.001)
(2.359570021 0 0.001)
(2.37072484 0 0.001)
(2.383509114 0 0.001)
(2.401469635 0 0.001)
(2.427365159 0 0.001)
(2.460324126 0 0.001)
(2.5 0 0.001)
(2.539675874 0 0.001)
(2.572634841 0 0.001)
(2.598530365 0 0.001)
(2.616490886 0 0.001)
(2.62927516 0 0.001)
(2.640429979 0 0.001)
(2.655865124 0 0.001)
(2.677637646 0 0.001)
(2.708293802 0 0.001)
(2.746722331 0 0.001)
(2.786206397 0 0.001)
(2.82356555 0 0.001)
(2.852640115 0 0.001)
(2.873208972 0 0.001)
(2.887849143 0 0.001)
(2.898755022 0 0.001)
(2.912233361 0 0.001)
(2.931168971 0 0.001)
(2.957803805 0 0.001)
(2.993675759 0 0.001)
(3.032534699 0 0.001)
(3.071907175 0 0.001)
(3.105120719 0 0.001)
(3.128773728 0 0.001)
(3.14560229 0 0.001)
(3.157580837 0 0.001)
(3.169309971 0 0.001)
(3.185783459 0 0.001)
(3.209871405 0 0.001)
(3.240459551 0 0.001)
(3.279169355 0 0.001)
(3.318940373 0 0.001)
(3.353915733 0 0.001)
(3.381999823 0 0.001)
(3.401690758 0 0.001)
(3.415706739 0 0.001)
(3.426553521 0 0.001)
(3.440632208 0 0.001)
(3.460411241 0 0.001)
(3.488584295 0 0.001)
(3.525301756 0 0.001)
(3.565105004 0 0.001)
(3.604041287 0 0.001)
(3.635616029 0 0.001)
(3.65807964 0 0.001)
(3.674046418 0 0.001)
(3.685462941 0 0.001)
(3.697821485 0 0.001)
(3.715183904 0 0.001)
(3.739588749 0 0.001)
(3.773429345 0 0.001)
(3.811421782 0 0.001)
(3.850446943 0 0.001)
(3.883637253 0 0.001)
(3.911403519 0 0.001)
(3.930204512 0 0.001)
(3.943587032 0 0.001)
(3.954515221 0 0.001)
(3.969260362 0 0.001)
(3.98998412 0 0.001)
(4.01915716 0 0.001)
(4.05715164 0 0.001)
(4.096954888 0 0.001)
(4.133843241 0 0.001)
(4.16455475 0 0.001)
(4.186246418 0 0.001)
(4.201679751 0 0.001)
(4.212833782 0 0.001)
(4.225619462 0 0.001)
(4.243581959 0 0.001)
(4.269257034 0 0.001)
(4.303735879 0 0.001)
(4.343335421 0 0.001)
(4.382826178 0 0.001)
(4.417082234 0 0.001)
(4.441883483 0 0.001)
(4.459484329 0 0.001)
(4.472012585 0 0.001)
(4.483314112 0 0.001)
(4.499064673 0 0.001)
(4.521195642 0 0.001)
(4.552866517 0 0.001)
(4.589631516 0 0.001)
(4.629434764 0 0.001)
(4.665149101 0 0.001)
(4.695146592 0 0.001)
(4.715599621 0 0.001)
(4.730157604 0 0.001)
(4.741048521 0 0.001)
(4.754603252 0 0.001)
(4.773646185 0 0.001)
(4.800489038 0 0.001)
(4.837078233 0 0.001)
(4.876869059 0 0.001)
(4.915211207 0 0.001)
(4.948075878 0 0.001)
(4.971498687 0 0.001)
(4.988148608 0 0.001)
(5 0.01152926351 0.001)
(5 0.02759974991 0.001)
(5 0.05 0.001)
(5 0.07240025009 0.001)
(5 0.08847073649 0.001)
(4.988148608 0.1 0.001)
(4.971498687 0.1 0.001)
(4.948075878 0.1 0.001)
(4.915211207 0.1 0.001)
(4.876869059 0.1 0.001)
(4.837078233 0.1 0.001)
(4.800489038 0.1 0.001)
(4.773646185 0.1 0.001)
(4.754603252 0.1 0.001)
(4.741048521 0.1 0.001)
(4.730157604 0.1 0.001)
(4.715599621 0.1 0.001)
(4.695146592 0.1 0.001)
(4.665149101 0.1 0.001)
(4.629434764 0.1 0.001)
(4.589631516 0.1 0.001)
(4.552866517 0.1 0.001)
(4.521195642 0.1 0.001)
(4.499064673 0.1 0.001)
(4.483314112 0.1 0.001)
(4.472012585 0.1 0.001)
(4.459484329 0.1 0.001)
(4.441883483 0.1 0.001)
(4.417082234 0.1 0.001)
(4.382826178 0.1 0.001)
(4.343335421 0.1 0.001)
(4.303735879 0.1 0.001)
(4.269257034 0.1 0.001)
(4.243581959 0.1 0.001)
(4.225619462 0.1 0.001)
(4.212833782 0.1 0.001)
(4.201679751 0.1 0.001)
(4.186246418 0.1 0.001)
(4.16455475 0.1 0.001)
(4.133843241 0.1 0.001)
(4.096954888 0.1 0.001)
(4.05715164 0.1 0.001)
(4.01915716 0.1 0.001)
(3.98998412 0.1 0.001)
(3.969260362 0.1 0.001)
(3.954515221 0.1 0.001)
(3.943587032 0.1 0.001)
(3.930204512 0.1 0.001)
(3.911403519 0.1 0.001)
(3.883637253 0.1 0.001)
(3.850446943 0.1 0.001)
(3.811421782 0.1 0.001)
(3.773429345 0.1 0.001)
(3.739588749 0.1 0.001)
(3.715183904 0.1 0.001)
(3.697821485 0.1 0.001)
(3.685462941 0.1 0.001)
(3.674046418 0.1 0.001)
(3.65807964 0.1 0.001)
(3.635616029 0.1 0.001)
(3.604041287 0.1 0.001)
(3.565105004 0.1 0.001)
(3.525301756 0.1 0.001)
(3.488584295 0.1 0.001)
(3.460411241 0.1 0.001)
(3.440632208 0.1 0.001)
(3.426553521 0.1 0.001)
(3.415706739 0.1 0.001)
(3.401690758 0.1 0.001)
(3.381999823 0.1 0.001)
(3.353915733 0.1 0.001)
(3.318940373 0.1 0.001)
(3.279169355 0.1 0.001)
(3.240459551 0.1 0.001)
(3.209871405 0.1 0.001)
(3.185783459 0.1 0.001)
(3.169309971 0.1 0.001)
(3.157580837 0.1 0.001)
(3.14560229 0.1 0.001)
(3.128773728 0.1 0.001)
(3.105120719 0.1 0.001)
(3.071907175 0.1 0.001)
(3.032534699 0.1 0.001)
(2.993675759 0.1 0.001)
(2.957803805 0.1 0.001)
(2.931168971 0.1 0.001)
(2.912233361 0.1 0.001)
(2.898755022 0.1 0.001)
(2.887849143 0.1 0.001)
(2.873208972 0.1 0.001)
(2.852640115 0.1 0.001)
(2.82356555 0.1 0.001)
(2.786206397 0.1 0.001)
(2.746722331 0.1 0.001)
(2.708293802 0.1 0.001)
(2.677637646 0.1 0.001)
(2.655865124 0.1 0.001)
(2.640429979 0.1 0.001)
(2.62927516 0.1 0.001)
(2.616490886 0.1 0.001)
(2.598530365 0.1 0.001)
(2.572634841 0.1 0.001)
(2.539675874 0.1 0.001)
(2.5 0.1 0.001)
(2.460324126 0.1 0.001)
(2.427365159 0.1 0.001)
(2.401469635 0.1 0.001)
(2.383509114 0.1 0.001)
(2.37072484 0.1 0.001)
(2.359570021 0.1 0.001)
(2.344134876 0.1 0.001)
(2.322362354 0.1 0.001)
(2.291706198 0.1 0.001)
(2.253277669 0.1 0.001)
(2.213793603 0.1 0.001)
(2.17643445 0.1 0.001)
(2.147359885 0.1 0.001)
(2.126791028 0.1 0.001)
(2.112150857 0.1 0.001)
(2.101244978 0.1 0.001)
(2.087766639 0.1 0.001)
(2.068831029 0.1 0.001)
(2.042196195 0.1 0.001)
(2.006324241 0.1 0.001)
(1.967465301 0.1 0.001)
(1.928092825 0.1 0.001)
(1.894879281 0.1 0.001)
(1.871226272 0.1 0.001)
(1.85439771 0.1 0.001)
(1.842419163 0.1 0.001)
(1.830690029 0.1 0.001)
(1.814216541 0.1 0.001)
(1.790128595 0.1 0.001)
(1.759540449 0.1 0.001)
(1.720830645 0.1 0.001)
(1.681059627 0.1 0.001)
(1.646084267 0.1 0.001)
(1.618000177 0.1 0.001)
(1.598309242 0.1 0.001)
(1.584293261 0.1 0.001)
(1.573446479 0.1 0.001)
(1.559367792 0.1 0.001)
(1.539588759 0.1 0.001)
(1.511415705 0.1 0.001)
(1.474698244 0.1 0.001)
(1.434894996 0.1 0.001)
(1.395958713 0.1 0.001)
(1.364383971 0.1 0.001)
(1.34192036 0.1 0.001)
(1.325953582 0.1 0.001)
(1.314537059 0.1 0.001)
(1.302178515 0.1 0.001)
(1.284816096 0.1 0.001)
(1.260411251 0.1 0.001)
(1.226570655 0.1 0.001)
(1.188578218 0.1 0.001)
(1.149553057 0.1 0.001)
(1.116362747 0.1 0.001)
(1.088596481 0.1 0.001)
(1.069795488 0.1 0.001)
(1.056412968 0.1 0.001)
(1.045484779 0.1 0.001)
(1.030739638 0.1 0.001)
(1.01001588 0.1 0.001)
(0.9808428405 0.1 0.001)
(0.9428483597 0.1 0.001)
(0.9030451115 0.1 0.001)
(0.8661567595 0.1 0.001)
(0.8354452496 0.1 0.001)
(0.8137535823 0.1 0.001)
(0.7983202491 0.1 0.001)
(0.7871662179 0.1 0.001)
(0.7743805378 0.1 0.001)
(0.7564180406 0.1 0.001)
(0.7307429661 0.1 0.001)
(0.6962641207 0.1 0.001)
(0.656664579 0.1 0.001)
(0.6171738218 0.1 0.001)
(0.5829177658 0.1 0.001)
(0.5581165168 0.1 0.001)
(0.5405156711 0.1 0.001)
(0.5279874147 0.1 0.001)
(0.5166858877 0.1 0.001)
(0.5009353274 0.1 0.001)
(0.4788043584 0.1 0.001)
(0.4471334826 0.1 0.001)
(0.4103684844 0.1 0.001)
(0.3705652362 0.1 0.001)
(0.3348508995 0.1 0.001)
(0.304853408 0.1 0.001)
(0.2844003786 0.1 0.001)
(0.2698423963 0.1 0.001)
(0.2589514792 0.1 0.001)
(0.2453967476 0.1 0.001)
(0.2263538149 0.1 0.001)
(0.1995109621 0.1 0.001)
(0.1629217667 0.1 0.001)
(0.1231309414 0.1 0.001)
(0.08478879261 0.1 0.001)
(0.05192412197 0.1 0.001)
(0.02850131312 0.1 0.001)
(0.01185139161 0.1 0.001)
(0 0.08847073649 0.001)
(0 0.07240025009 0.001)
(0 0.05 0.001)
(0 0.02759974991 0.001)
(0 0.01152926351 0.001)
(3.42113013 0.009393589249 0)
(1.57886987 0.09060641075 0)
(4.73638695 0.009881559893 0)
(0.2642423607 0.09069531018 0)
(2.106149571 0.09111087026 0)
(2.893850429 0.008889129745 0)
(1.051512833 0.01072938705 0)
(3.948483317 0.08926283794 0)
(4.207403953 0.009916760375 0)
(0.7925960474 0.09008323963 0)
(2.634594826 0.089861388 0)
(2.36514743 0.009660355858 0)
(0.5213883534 0.01064082455 0)
(4.478611647 0.08935917545 0)
(1.321244636 0.08929150855 0)
(3.679754679 0.009886998907 0)
(1.837218091 0.008779288155 0)
(3.162781909 0.09122071184 0)
(3.420121796 0.09046897865 0)
(1.579878204 0.009531021351 0)
(4.735603062 0.09056818907 0)
(0.2643969378 0.00943181093 0)
(2.894661159 0.08954349777 0)
(2.105338841 0.01045650223 0)
(1.05098936 0.08810283899 0)
(3.94901173 0.01189935094 0)
(4.206238484 0.08938088324 0)
(0.7937615161 0.01061911676 0)
(2.634198806 0.008820997322 0)
(2.365786801 0.0911843069 0)
(0.5226113041 0.09122959839 0)
(4.477388696 0.00877040161 0)
(1.32001129 0.008716874019 0)
(3.680116627 0.08956356866 0)
(1.848083983 0.08810616878 0)
(3.151916017 0.01189383122 0)
(1.020377759 0.01535848342 0)
(3.979622241 0.01535848342 0)
(2.862600505 0.0854835745 0)
(2.137399495 0.0145164255 0)
(4.704628436 0.01790225696 0)
(0.2920663192 0.01334501021 0)
(1.547734701 0.08518359415 0)
(3.452265299 0.01481640585 0)
(3.39184529 0.08540447717 0)
(1.60815471 0.01459552283 0)
(0.2380756695 0.08817413473 0)
(4.764124719 0.01411520269 0)
(2.078491547 0.08691305277 0)
(2.921508453 0.01308694723 0)
(3.920868468 0.08575095415 0)
(1.079136904 0.01424806749 0)
(1.079145659 0.08519287305 0)
(3.920854341 0.01480712695 0)
(0.8218847155 0.08628777603 0)
(4.178115284 0.01371222397 0)
(2.668246163 0.08364320949 0)
(2.331907924 0.01625769523 0)
(0.7652522061 0.08370586932 0)
(4.234747794 0.01629413068 0)
(4.233954969 0.08598783761 0)
(0.7660450314 0.01401216239 0)
(2.607772402 0.08595119288 0)
(2.392489374 0.01331288702 0)
(2.393354856 0.08655191649 0)
(2.606882312 0.01425780894 0)
(0.4888122206 0.01662127406 0)
(4.511187779 0.08337872594 0)
(0.549316094 0.01304628392 0)
(4.450683906 0.08695371608 0)
(0.5495690624 0.08735350092 0)
(4.450430938 0.01264649908 0)
(3.650001516 0.01384674935 0)
(1.354219594 0.08310539698 0)
(1.293497305 0.08713044541 0)
(3.706502695 0.08713044541 0)
(3.706660726 0.01269347526 0)
(1.292926572 0.01340620963 0)
(1.802348753 0.01667533145 0)
(3.197651247 0.08332466855 0)
(1.862811991 0.01247384432 0)
(3.137188009 0.08752615568 0)
(1.822453285 0.08778790664 0)
(3.177546715 0.01221209336 0)
(2.921929561 0.08630005463 0)
(2.078070439 0.01369994537 0)
(4.765966823 0.08450577852 0)
(0.2356443947 0.0167728395 0)
(3.391610182 0.01421401593 0)
(1.608389818 0.08578598407 0)
(1.549393609 0.01416264113 0)
(3.450606391 0.08583735887 0)
(3.116947223 0.01752903441 0)
(1.883052777 0.08247096559 0)
(0.2946493275 0.08408365202 0)
(4.704219822 0.08249545756 0)
(2.1371429 0.08531089836 0)
(2.8628571 0.01468910164 0)
(3.979622241 0.08464151658 0)
(1.019203606 0.08427236661 0)
(4.175400584 0.08392440324 0)
(0.824599416 0.01607559676 0)
(2.667142834 0.01571232001 0)
(2.332857166 0.08428767999 0)
(0.4918239898 0.08570666588 0)
(4.50817601 0.01429333412 0)
(3.645703843 0.08254801168 0)
(1.351270749 0.01433393092 0)
(4.984853873 0.03957488154 0)
(0.01514612743 0.06042511846 0)
(4.932351918 0.02223938373 0)
(0.06764808226 0.07776061627 0)
(3.759314687 0.0748979656 0)
(1.243277343 0.02439791499 0)
(4.398212421 0.02451737695 0)
(0.6017875787 0.07548262305 0)
(1.775720624 0.07313092993 0)
(3.224279376 0.02686907007 0)
(2.443676004 0.07562646129 0)
(2.556155358 0.02548474191 0)
(0.7129351909 0.0254174918 0)
(4.287064809 0.0745825082 0)
(1.911486053 0.02462393978 0)
(3.088513947 0.07537606022 0)
(2.023123178 0.02652495032 0)
(2.976876822 0.07347504968 0)
(3.869036394 0.02509379136 0)
(1.130963606 0.07490620864 0)
(0.1802915778 0.02532278846 0)
(4.819708422 0.07467721154 0)
(3.335727819 0.02596953879 0)
(1.664272181 0.07403046121 0)
(0.03932547115 0.01476088798 0)
(4.960674529 0.08523911202 0)
(3.508901455 0.07336000457 0)
(1.492226418 0.02630907398 0)
(2.804885973 0.02876664384 0)
(2.195114027 0.07123335616 0)
(4.039962184 0.07170581069 0)
(0.9600330407 0.02830695049 0)
(0.3527080678 0.07154594374 0)
(4.645735921 0.03082706994 0)
(4.115399065 0.02927159885 0)
(0.8846009355 0.07072840115 0)
(2.270870829 0.02901790305 0)
(2.729129171 0.07098209695 0)
(4.573955711 0.0715899773 0)
(0.4260442885 0.0284100227 0)
(0.01195104228 0.01956450671 0)
(4.988048958 0.08043549329 0)
(3.589575794 0.03366710436 0)
(1.418938914 0.07363386879 0)
(3.261227561 0.0721452021 0)
(1.738772439 0.0278547979 0)
(0.1044327938 0.02798383057 0)
(4.895567206 0.07201616943 0)
(3.05318164 0.03153191792 0)
(1.94681836 0.06846808208 0)
(1.207658259 0.06979623126 0)
(3.793469523 0.02696140709 0)
(2.478679806 0.03539282781 0)
(0.6301393069 0.03303788902 0)
(4.369860693 0.06696211098 0)
(2.559270634 0.0720049263 0)
(3.830934363 0.06917696632 0)
(1.169065637 0.03082303368 0)
(4.959279116 0.01732449407 0)
(0.04072088409 0.08267550593 0)
(4.950193054 0.03835120952 0)
(0.04980694561 0.06164879048 0)
(0.7180129875 0.07266926933 0)
(4.281987013 0.02733073067 0)
(4.850399942 0.03355248303 0)
(0.1496000581 0.06644751697 0)
(2.024176204 0.0739959185 0)
(2.975823796 0.0260040815 0)
(3.334511164 0.07352978615 0)
(1.665488836 0.02647021385 0)
(3.507773582 0.02630907398 0)
(1.49113351 0.07333959243 0)
(0.6028138882 0.03043789094 0)
(0.5792123842 0.03000688822 0)
(4.397186112 0.06956210906 0)
(4.420787616 0.06999311178 0)
(4.820433483 0.03252910485 0)
(4.792884316 0.03068340756 0)
(0.1795665169 0.06747089515 0)
(0.2058246013 0.06735808629 0)
(1.24128756 0.07017199422 0)
(1.268336738 0.06850742578 0)
(3.757515729 0.03107176302 0)
(3.731373907 0.02620170534 0)
(0.3534518708 0.03200319731 0)
(4.646153802 0.06823356087 0)
(4.979823648 0.0123414306 0)
(0.02017635236 0.0876585694 0)
(0.2055396489 0.02844796907 0)
(4.794256149 0.07152524009 0)
(2.95049435 0.07267614514 0)
(2.04950565 0.02732385486 0)
(2.445434972 0.03083467981 0)
(2.420263003 0.0295009702 0)
(1.134348423 0.0268865646 0)
(1.107089245 0.02887148542 0)
(3.865651577 0.0731134354 0)
(3.89291327 0.07112680101 0)
(2.195886183 0.02651795358 0)
(2.804113817 0.07348204642 0)
(1.519910826 0.02702980781 0)
(3.480277153 0.07291503861 0)
(4.014490969 0.07288745287 0)
(4.019627896 0.04865208727 0)
(3.99268735 0.04595828817 0)
(4.053297518 0.04371094133 0)
(0.3153246476 0.08266484709 0)
(0.3026382582 0.06697637653 0)
(0.2851231743 0.06974072851 0)
(0.2914386714 0.05312656411 0)
(0.2748503099 0.05609757791 0)
(0.3099800379 0.04448145773 0)
(0.2807106595 0.04065403603 0)
(0.2645208788 0.04266346597 0)
(0.2586221002 0.05840420728 0)
(0.248313825 0.04484979697 0)
(0.2544389594 0.03174152789 0)
(0.2425398182 0.05983033506 0)
(0.2523820434 0.07132817835 0)
(0.231903504 0.04704406645 0)
(4.679266899 0.0784925947 0)
(4.694924192 0.06386812816 0)
(4.714537418 0.0680032867 0)
(4.708887484 0.05130732454 0)
(4.72566054 0.05521023464 0)
(4.689996235 0.04545447803 0)
(4.721251509 0.03982488235 0)
(4.736257116 0.04307381595 0)
(4.741746298 0.05859834378 0)
(4.751030464 0.04525816021 0)
(4.757275182 0.06095429869 0)
(4.746757424 0.07133196632 0)
(4.767359206 0.04713140322 0)
(4.731979695 0.02866633811 0)
(3.113479839 0.0737096333 0)
(3.099799103 0.05494353547 0)
(3.124134691 0.0529610759 0)
(1.886520161 0.0262903667 0)
(1.900200897 0.04505646453 0)
(1.875865309 0.0470389241 0)
(2.8327108 0.02800857872 0)
(2.1672892 0.07199142128 0)
(0.5777321442 0.07412175861 0)
(4.422267856 0.02587824139 0)
(2.947011446 0.02984426421 0)
(2.052988554 0.07015573579 0)
(1.266687888 0.02547733415 0)
(3.732653132 0.07075478253 0)
(0.7380310582 0.02715444325 0)
(4.261256385 0.02295970238 0)
(0.7387436151 0.07704029762 0)
(4.261968942 0.07284555675 0)
(4.532499607 0.08144234561 0)
(4.51903995 0.06478717811 0)
(4.499589802 0.06917949823 0)
(4.505918658 0.05036038735 0)
(4.488824537 0.05202027414 0)
(4.529932569 0.04440581845 0)
(4.482045288 0.06700436385 0)
(4.473620708 0.05391793395 0)
(4.479103479 0.04008964219 0)
(4.464683472 0.04100704675 0)
(4.459188438 0.05622299323 0)
(4.470025714 0.02840096945 0)
(4.484586978 0.02673390615 0)
(4.449485825 0.04167376466 0)
(4.52974679 0.01997355411 0)
(4.55853437 0.02607647782 0)
(4.589674585 0.03978488577 0)
(4.486865143 0.08027969867 0)
(0.4675003933 0.01855765439 0)
(0.4809600497 0.03521282189 0)
(0.5004101982 0.03082050177 0)
(0.4940813418 0.04963961265 0)
(0.5111754629 0.04797972586 0)
(0.4700674308 0.05559418155 0)
(0.5179547121 0.03299563615 0)
(0.5263792917 0.04608206605 0)
(0.5208965215 0.05991035781 0)
(0.5353165281 0.05899295325 0)
(0.540811562 0.04377700677 0)
(0.5299742859 0.07159903055 0)
(0.515413022 0.07326609385 0)
(0.5505141747 0.05832623534 0)
(0.47025321 0.08002644589 0)
(0.4414656304 0.07392352218 0)
(0.4103254149 0.06021511423 0)
(0.5131348572 0.01972030133 0)
(1.52222301 0.06857924255 0)
(3.47762086 0.03137056694 0)
(2.698390137 0.06820897906 0)
(2.711720898 0.04551616413 0)
(2.686963812 0.04797392731 0)
(2.685280965 0.01651118608 0)
(2.30160089 0.03179582554 0)
(2.288278339 0.05448424443 0)
(2.313011719 0.05202224185 0)
(2.314719035 0.08348881392 0)
(0.9914693967 0.03107474808 0)
(0.9771963922 0.05434365749 0)
(1.002833851 0.05464068662 0)
(0.9466724784 0.05630484229 0)
(3.362201441 0.02775121543 0)
(1.637798559 0.07224878457 0)
(0.8508010045 0.02205668803 0)
(0.8350514349 0.03751425744 0)
(0.8141682501 0.03400296643 0)
(0.8199296106 0.05098638443 0)
(0.8028695584 0.04746721766 0)
(0.8403797532 0.05831894429 0)
(0.7973373909 0.03344529385 0)
(0.7880103578 0.04539548462 0)
(0.7925646855 0.05953863192 0)
(0.7780292039 0.05663651396 0)
(0.7747877421 0.04121680232 0)
(0.7828590071 0.07063710635 0)
(0.7967040456 0.07232376636 0)
(0.7607684495 0.05315408652 0)
(0.8405491063 0.07964150671 0)
(0.8059038305 0.01954032944 0)
(4.149198995 0.07794331197 0)
(4.164948565 0.06248574256 0)
(4.18583175 0.06599703357 0)
(4.180070389 0.04901361557 0)
(4.197130442 0.05253278234 0)
(4.159620247 0.04168105571 0)
(4.202662609 0.06655470615 0)
(4.211989642 0.05460451538 0)
(4.207435315 0.04046136808 0)
(4.221970796 0.04336348604 0)
(4.225212258 0.05878319768 0)
(4.217140993 0.02936289365 0)
(4.203295954 0.02767623364 0)
(4.23923155 0.04684591348 0)
(4.159450894 0.02035849329 0)
(4.194096169 0.08045967056 0)
(2.83585948 0.06939188756 0)
(2.16414052 0.03060811244 0)
(0.3232525258 0.02415734627 0)
(4.686443282 0.01690024806 0)
(3.619828658 0.07723335206 0)
(3.63585924 0.06108934399 0)
(3.657409677 0.06776900329 0)
(3.651666069 0.0483851441 0)
(3.669278811 0.0509093147 0)
(3.675219265 0.06824560245 0)
(3.684544684 0.05389500535 0)
(3.679571402 0.0394797897 0)
(3.694204736 0.04240074913 0)
(3.699017255 0.05684199787 0)
(3.630847006 0.04115136373 0)
(3.689332997 0.02874037779 0)
(3.709966686 0.04430580548 0)
(3.666871206 0.07898809072 0)
(3.675291483 0.02419288229 0)
(1.375754417 0.0811335888 0)
(1.362155402 0.06423323387 0)
(1.342443223 0.06868458195 0)
(1.349155709 0.04922832219 0)
(1.331557062 0.05157399008 0)
(1.37331884 0.04392020107 0)
(1.324681121 0.06649901096 0)
(1.316202685 0.05336708507 0)
(1.321671599 0.0394297832 0)
(1.307339889 0.04165709792 0)
(1.301570227 0.05587824136 0)
(1.31250481 0.02768533299 0)
(1.327122806 0.02634459152 0)
(1.291583866 0.04287298516 0)
(1.373147827 0.01987979044 0)
(1.400943919 0.02769347927 0)
(1.329568614 0.08001565571 0)
(0.9954293605 0.07898428423 0)
(3.902006958 0.01598478409 0)
(3.913401336 0.03068974381 0)
(3.929971743 0.02811300045 0)
(3.924465402 0.04379748676 0)
(3.940507829 0.04083134666 0)
(3.935439658 0.05641612503 0)
(3.951401264 0.05388214153 0)
(3.956250194 0.03825143708 0)
(3.94638053 0.06768059938 0)
(3.961939442 0.06481159381 0)
(3.905782487 0.05111743191 0)
(1.097993042 0.08401521591 0)
(1.086598664 0.06931025619 0)
(1.070028257 0.07188699955 0)
(1.075536213 0.05620322475 0)
(1.059491805 0.05917470482 0)
(1.06456818 0.0435808641 0)
(1.048607451 0.04600113549 0)
(1.043633469 0.06231280407 0)
(1.053613494 0.03229060739 0)
(1.038025821 0.03516064351 0)
(1.094221413 0.04888018643 0)
(1.905684438 0.07993577711 0)
(3.094315562 0.02006422289 0)
(2.418712344 0.07457676577 0)
(2.579266275 0.02700435194 0)
(2.581222992 0.07783317359 0)
(2.567246976 0.04569847738 0)
(2.597732163 0.05132301039 0)
(1.769568257 0.02999039496 0)
(3.230431743 0.07000960504 0)
(3.362063804 0.06988875258 0)
(1.637936196 0.03011124742 0)
(1.799879546 0.07692337189 0)
(3.200120454 0.02307662811 0)
(4.004076017 0.02234072313 0)
(3.584723752 0.0692409439 0)
(0.8842731137 0.02696249744 0)
(4.115726747 0.07303750256 0)
(2.256906461 0.05802338156 0)
(2.743093539 0.04197661844 0)
(3.300015838 0.0671330926 0)
(1.699984162 0.0328669074 0)
(3.54703138 0.06742149431 0)
(1.820077851 0.01879323849 0)
(1.8116131 0.03279288056 0)
(1.829159895 0.0329294476 0)
(1.821339833 0.0476509635 0)
(1.838848429 0.04635985147 0)
(1.831983047 0.06135431411 0)
(1.848552504 0.06029005643 0)
(1.803787533 0.04849645053 0)
(1.847126234 0.02985181616 0)
(3.179922149 0.08120676151 0)
(3.1883869 0.06720711944 0)
(3.170840105 0.0670705524 0)
(3.178660167 0.0523490365 0)
(3.161151571 0.05364014853 0)
(3.168016953 0.03864568589 0)
(3.151447496 0.03970994357 0)
(3.196212467 0.05150354947 0)
(3.152873766 0.07014818384 0)
(4.273939858 0.05366039949 0)
(0.7260601418 0.04633960051 0)
(0.6354980368 0.06673661649 0)
(0.6684467472 0.06422181278 0)
(4.364501963 0.03326338351 0)
(4.331553253 0.03577818722 0)
(1.693886326 0.06863742461 0)
(3.306113674 0.03136257539 0)
(0.0759097237 0.02690584329 0)
(4.924090276 0.07309415671 0)
(1.947786189 0.03269239471 0)
(3.052213811 0.06730760529 0)
(1.455481169 0.06746875534 0)
(3.011496317 0.06654364195 0)
(1.988503683 0.03345635805 0)
(2.519125666 0.03374779147 0)
(2.525231129 0.07258890604 0)
(3.131690371 0.0173914895 0)
(1.868309629 0.0826085105 0)
(2.349708249 0.08256832064 0)
(2.341915942 0.06966463199 0)
(2.358236316 0.06937696269 0)
(2.350936185 0.05591715165 0)
(2.367276409 0.05682765551 0)
(2.359979569 0.04231295062 0)
(2.376292898 0.04274633634 0)
(2.383440116 0.05786276112 0)
(2.344106667 0.04115609835 0)
(2.353050715 0.02864492662 0)
(2.393197864 0.04279285328 0)
(2.650274959 0.01743786762 0)
(2.658070817 0.03027548306 0)
(2.641759996 0.03046940443 0)
(2.649022053 0.04403881741 0)
(2.632951512 0.04328031405 0)
(2.640461437 0.05776237816 0)
(2.655985911 0.05827283662 0)
(2.647540452 0.0701063342 0)
(2.633446109 0.06973982738 0)
(2.62569552 0.02785226841 0)
(2.614568008 0.04273282793 0)
(3.253567089 0.02428392884 0)
(1.746432911 0.07571607116 0)
(0.09613162541 0.07593804486 0)
(4.903868375 0.02406195514 0)
(4.72028916 0.08294167413 0)
(1.032641862 0.08426453512 0)
(3.96664643 0.08556395136 0)
(2.121361769 0.08343076216 0)
(2.128931186 0.07106669253 0)
(2.113293015 0.07070749557 0)
(2.11997325 0.05737734266 0)
(2.104381797 0.0585149817 0)
(2.110730514 0.04432956161 0)
(2.095047657 0.04492990848 0)
(2.136453069 0.05618348675 0)
(2.086584944 0.061936121 0)
(2.101871349 0.03148498455 0)
(2.07791065 0.04477187233 0)
(2.116651574 0.03047340776 0)
(2.878638231 0.01656923784 0)
(2.871068814 0.02893330747 0)
(2.886706985 0.02929250443 0)
(2.88002675 0.04262265734 0)
(2.895618203 0.0414850183 0)
(2.889269486 0.05567043839 0)
(2.904952343 0.05507009152 0)
(2.863546931 0.04381651325 0)
(2.913415056 0.038063879 0)
(2.898128651 0.06851501545 0)
(2.92208935 0.05522812767 0)
(2.883348426 0.06952659224 0)
(2.367724399 0.02958103341 0)
(0.2793739927 0.08375688054 0)
(3.630847808 0.02024768646 0)
(1.873504172 0.0668002052 0)
(3.126495828 0.0331997948 0)
(1.209806942 0.02559766012 0)
(3.793024253 0.07448332806 0)
(0.6815734135 0.02845165565 0)
(4.318426586 0.07154834435 0)
(2.474768871 0.07258890604 0)
(3.004961141 0.03133026042 0)
(1.995038859 0.06866973958 0)
(3.436289565 0.08442893196 0)
(3.442932242 0.07204281212 0)
(3.428671715 0.07281595457 0)
(3.434460631 0.05888950058 0)
(3.418854334 0.06059500213 0)
(3.425413015 0.04582632909 0)
(3.409414361 0.04697772329 0)
(3.441090451 0.04481618981 0)
(3.432406204 0.03137981162 0)
(3.401735877 0.06174080946 0)
(3.391799902 0.04595558879 0)
(3.413558558 0.07776037435 0)
(3.415969502 0.03242415302 0)
(1.563710435 0.01557106804 0)
(1.557067758 0.02795718788 0)
(1.571328285 0.02718404543 0)
(1.565539369 0.04111049942 0)
(1.581145666 0.03940499787 0)
(1.574586985 0.05417367091 0)
(1.590585639 0.05302227671 0)
(1.558909549 0.05518381019 0)
(1.567593796 0.06862018838 0)
(1.598264123 0.03825919054 0)
(1.608200098 0.05404441121 0)
(1.586441442 0.02223962565 0)
(1.584030498 0.06757584698 0)
(1.596187183 0.08553170581 0)
(1.598693138 0.07069605986 0)
(3.403812817 0.01446829419 0)
(3.401306862 0.02930394014 0)
(3.96665083 0.01614340657 0)
(1.033327509 0.01442685297 0)
(0.2690439704 0.07380805681 0)
(2.877327948 0.08280099693 0)
(2.122672052 0.01719900307 0)
(4.71945789 0.01415314334 0)
(0.2792267219 0.01546624744 0)
(1.168003708 0.06903896185 0)
(3.830793944 0.03173360166 0)
(0.2510396958 0.01258636083 0)
(0.01409518387 0.03748872331 0)
(4.985904816 0.06251127669 0)
(2.092811749 0.01215800012 0)
(2.087749909 0.02809175412 0)
(2.907188251 0.08784199988 0)
(2.912250091 0.07190824588 0)
(3.158632495 0.02497664123 0)
(1.841367505 0.07502335877 0)
(4.730871608 0.07187415128 0)
(3.664585004 0.03629060307 0)
(1.562240559 0.08210749851 0)
(3.437759441 0.01789250149 0)
(3.6673561 0.01082617945 0)
(1.33215678 0.01323221135 0)
(2.624831394 0.05724931914 0)
(2.618245956 0.07286607827 0)
(4.608375998 0.07026191997 0)
(0.3880282974 0.02994968052 0)
(4.489504337 0.01333200272 0)
(0.5104956632 0.08666799728 0)
(2.645602188 0.0904125215 0)
(2.354585272 0.009618201205 0)
(4.193971439 0.01052939744 0)
(0.8060285611 0.08947060256 0)
(3.538452682 0.03156834353 0)
(1.120144608 0.04985487388 0)
(3.879856461 0.05014444358 0)
(4.748782781 0.01185272906 0)
(2.905034619 0.01340410589 0)
(2.094965381 0.08659589411 0)
(1.460515739 0.0311533081 0)
(0.27064213 0.02763808135 0)
(4.755756756 0.02805998575 0)
(4.494272267 0.03762416874 0)
(0.5057277329 0.06237583126 0)
(3.935215488 0.08648131979 0)
(1.064784512 0.01351868021 0)
(1.064454612 0.08657760002 0)
(1.055164365 0.07375170595 0)
(3.935545436 0.01342249499 0)
(3.944817465 0.02634591356 0)
(1.337193896 0.03716045311 0)
(3.407644716 0.08856919696 0)
(1.592355284 0.01143080304 0)
(0.8071196201 0.06279350217 0)
(4.19288038 0.03720649783 0)
(0.1446707089 0.03114300207 0)
(4.855329291 0.06885699793 0)
(2.962286752 0.05075364041 0)
(2.037713248 0.04924635959 0)
(0.2519042754 0.09029514324 0)
(4.744471535 0.09060175364 0)
(4.220728444 0.01298560003 0)
(0.7792715562 0.08701439997 0)
(4.219884252 0.08745650405 0)
(0.7801157483 0.01254349595 0)
(2.377914969 0.01110303085 0)
(2.382739568 0.02623586379 0)
(2.621381679 0.08701561757 0)
(2.378618321 0.08701561757 0)
(2.621381679 0.01298438243 0)
(2.232710206 0.03347516354 0)
(2.767289794 0.06652483646 0)
(1.286177535 0.05944591322 0)
(1.06912021 0.02768762171 0)
(3.930884832 0.07230307153 0)
(4.077849693 0.06684403203 0)
(0.9221428614 0.03316144643 0)
(4.464336387 0.08723570246 0)
(4.457325211 0.07295154744 0)
(0.5356636126 0.01276429754 0)
(0.5426747889 0.02704845256 0)
(0.5338324377 0.08659261728 0)
(4.466167562 0.01340738272 0)
(3.348075759 0.04904836925 0)
(1.651924241 0.05095163075 0)
(3.692800591 0.08758819171 0)
(3.700371786 0.07289458228 0)
(3.68515824 0.07777649582 0)
(1.308056788 0.01381421469 0)
(1.307009976 0.08737816876 0)
(1.300229213 0.07344333767 0)
(1.315644668 0.07733781341 0)
(3.692484723 0.01160899447 0)
(0.5269759052 0.02258166109 0)
(4.473024095 0.07741833891 0)
(2.373615556 0.07041834648 0)
(3.143819569 0.05536582659 0)
(3.136137101 0.07110035572 0)
(1.856180431 0.04463417341 0)
(1.863862899 0.02889964428 0)
(2.404005874 0.05962076928 0)
(4.444889352 0.05802215237 0)
(0.5551106484 0.04197784763 0)
(1.848134387 0.01350371774 0)
(3.151865613 0.08649628226 0)
(1.83547208 0.08770996838 0)
(3.16452792 0.01229003162 0)
(4.135294117 0.05268150917 0)
(0.8647056282 0.04731849083 0)
(1.549498275 0.0421494112 0)
(1.54174078 0.0576642827 0)
(3.450501725 0.0578505888 0)
(3.458252446 0.0423335398 0)
(3.608212637 0.05258775503 0)
(4.667989423 0.05600193396 0)
(1.028743441 0.07083902273 0)
(3.969007288 0.05051472435 0)
(3.979106139 0.0649497465 0)
(3.973091278 0.03144064783 0)
(3.715847663 0.06024766127 0)
(2.873425154 0.05712095063 0)
(2.855488849 0.0596804355 0)
(2.126574846 0.04287904937 0)
(2.144511151 0.0403195645 0)
(3.72832698 0.04591805014 0)
(3.492285308 0.05048206404 0)
(1.507717591 0.04948376621 0)
(1.031777243 0.04906377957 0)
(1.01894269 0.03533379222 0)
(3.661463226 0.02319614683 0)
(0.7896299861 0.02255469435 0)
(0.7755905611 0.02620582591 0)
(0.7598747422 0.03117672388 0)
(4.210370014 0.07744530565 0)
(4.224409439 0.07379417409 0)
(4.240125258 0.06882327612 0)
(1.254515293 0.04657015423 0)
(0.322580465 0.06439370955 0)
(0.3308062999 0.04328235966 0)
(1.382687204 0.06246542496 0)
(0.4604706293 0.03736864561 0)
(4.539529371 0.06263135439 0)
(2.929973387 0.04065402124 0)
(2.070026613 0.05934597876 0)
(2.666691415 0.04604575353 0)
(1.574993456 0.07975849456 0)
(3.425006544 0.02024150544 0)
(1.813686611 0.06322378978 0)
(3.186313389 0.03677621022 0)
(3.912557398 0.07059820797 0)
(1.087446754 0.02939849728 0)
(0.8235265548 0.06927264959 0)
(4.176473445 0.03072735041 0)
(2.428069855 0.05247179311 0)
(3.385226894 0.06721812604 0)
(1.614773106 0.03278187396 0)
(2.901405272 0.02782587028 0)
(2.098594728 0.07217412972 0)
(0.8096065954 0.07729188022 0)
(4.190393405 0.02270811978 0)
(4.432973154 0.0430291556 0)
(0.5670268463 0.0569708444 0)
(0.2388292954 0.03219508898 0)
(2.542929792 0.0493548565 0)
(2.059629541 0.04566896109 0)
(2.940370459 0.05433103891 0)
(2.820104923 0.04975195856 0)
(2.179895077 0.05024804144 0)
(4.300606203 0.04770254992 0)
(0.6993937969 0.05229745008 0)
(1.924751328 0.04942674659 0)
(3.075248672 0.05057325341 0)
(4.51099253 0.0316946107 0)
(0.4890074699 0.0683053893 0)
(2.598388301 0.07016649228 0)
(3.20684904 0.06676824986 0)
(3.216681051 0.04873908342 0)
(1.79315096 0.03323175014 0)
(1.783318949 0.05126091658 0)
(2.325753145 0.0343987196 0)
(3.89359804 0.0332824405 0)
(1.10640196 0.0667175595 0)
(4.705422567 0.03544067139 0)
(0.2961902631 0.03756069251 0)
(4.082705384 0.02942536316 0)
(0.9172790555 0.07058444132 0)
(2.674545082 0.06558236981 0)
(1.340240123 0.02479782602 0)
(2.388871478 0.07232496326 0)
(3.458198499 0.07168585518 0)
(1.541801501 0.02831414482 0)
(0.0305492462 0.04911652699 0)
(4.969450754 0.05088347301 0)
(4.673495777 0.03469518273 0)
(3.37211411 0.04809717411 0)
(1.62788589 0.05190282589 0)
(2.227322539 0.0707669066 0)
(2.772677461 0.0292330934 0)
(2.411515307 0.04382895904 0)
(1.757732108 0.0505222468 0)
(3.242267892 0.0494777532 0)
(2.14488935 0.07065222576 0)
(2.85511065 0.02934777424 0)
(1.011349859 0.06973324855 0)
(1.311379708 0.06542360422 0)
(1.354054524 0.03155342062 0)
(0.5599478518 0.02767699316 0)
(4.440052148 0.07232300684 0)
(3.713923317 0.02796084461 0)
(4.773416702 0.02914502271 0)
(3.382505361 0.02999796218 0)
(1.617494639 0.07000203782 0)
(0.5426125638 0.07372346632 0)
(4.457387436 0.02627653368 0)
(4.254368049 0.05634498632 0)
(0.7456319507 0.04365501368 0)
(2.06932222 0.02894259134 0)
(2.93067778 0.07105740866 0)
(1.530481997 0.04553677588 0)
(3.469522665 0.0544396089 0)
(1.299049289 0.02889766036 0)
(2.109362206 0.02067157008 0)
(2.890637794 0.07932842992 0)
(3.668704102 0.08953398031 0)
(4.497506424 0.02473560449 0)
(0.5024935756 0.07526439551 0)
(4.808010103 0.05244185707 0)
(0.1930317244 0.04759452546 0)
(4.032262954 0.02262221589 0)
(0.9671943682 0.07800719595 0)
(0.5318830066 0.03392742887 0)
(4.468116993 0.06607257113 0)
(2.610753164 0.0588675456 0)
(2.598196096 0.03099662021 0)
(3.447336881 0.0299797964 0)
(1.55266199 0.07001984068 0)
(3.142704407 0.02558569892 0)
(1.857295593 0.07441430108 0)
(0.2864344977 0.02692344799 0)
(3.689413308 0.06604846725 0)
(3.648852516 0.03103868588 0)
(0.2249542944 0.06308786969 0)
(1.285093757 0.0742293853 0)
(2.333551294 0.0537517883 0)
(4.231023441 0.03194961487 0)
(0.7689765588 0.06805038513 0)
(2.5 0.05695800682 0)
(2.401197109 0.02817869836 0)
(1.891423305 0.06357430314 0)
(3.108576695 0.03642569686 0)
(2.843803605 0.04666619131 0)
(2.156196395 0.05333380869 0)
(1.227170812 0.04704810267 0)
(3.71424511 0.07459190778 0)
(1.33216947 0.0912835515 0)
(4.441500204 0.02710943959 0)
(0.5584997962 0.07289056041 0)
(4.194817726 0.09157143111 0)
(0.8051822744 0.008428568889 0)
(3.750552853 0.05433946243 0)
(0.5105684139 0.00858598876 0)
(4.489431586 0.09141401124 0)
(4.741266579 0.02138251393 0)
(4.743258122 0.03328816279 0)
(1.827818515 0.07534237612 0)
(3.172181485 0.02465762388 0)
(1.430034461 0.04263028889 0)
(4.919561298 0.04849155334 0)
(0.08043870175 0.05150844666 0)
(2.086331195 0.07636328023 0)
(2.913668805 0.02363671977 0)
(4.772987685 0.06797254614 0)
(0.2598803096 0.01962939988 0)
(2.131129516 0.02859093292 0)
(2.868870484 0.07140906708 0)
(2.67671072 0.03167473536 0)
(2.323323447 0.06828090231 0)
(0.3786677743 0.05593713893 0)
(4.620539934 0.04446591426 0)
(4.988602555 0.02076281475 0)
(0.01139744453 0.07923718525 0)
(0.02101802947 0.01110348789 0)
(4.978981971 0.08889651211 0)
(3.466409885 0.08528767277 0)
(1.533590115 0.01471232723 0)
(2.278810838 0.07579557676 0)
(2.721189009 0.02420450495 0)
(2.640995737 0.08051769483 0)
(2.986288966 0.04962133479 0)
(2.013711034 0.05037866521 0)
(2.846396534 0.01530346672 0)
(2.153603466 0.08469653328 0)
(1.079685793 0.0419575916 0)
(0.2186823875 0.08339971489 0)
(3.920322289 0.05803702022 0)
(3.324888851 0.04940867244 0)
(1.675111149 0.05059132756 0)
(3.374446508 0.01439263871 0)
(1.625553492 0.08560736129 0)
(1.275032952 0.04445461332 0)
(0.8592784365 0.07120146859 0)
(4.140721513 0.02879853141 0)
(4.719599692 0.02693671171 0)
(4.949627515 0.06389729004 0)
(0.0503724846 0.03610270996 0)
(2.061585107 0.01399327832 0)
(2.938414893 0.08600672168 0)
(3.776994775 0.05258736862 0)
(3.904573043 0.085253969 0)
(1.095426957 0.014746031 0)
(0.7879127708 0.08017960065 0)
(4.212087229 0.01982039935 0)
(3.40041548 0.07508772331 0)
(1.59958452 0.02491227669 0)
(2.360381372 0.01947450732 0)
(3.725506592 0.01394769711 0)
(4.785292703 0.01536844278 0)
(3.94358388 0.07911684354 0)
(1.284397088 0.02706253671 0)
(1.056412835 0.02086755355 0)
(2.660212736 0.07189335627 0)
(0.2589059802 0.0817457079 0)
(2.454125902 0.05338293361 0)
(0.0275336523 0.02738055447 0)
(4.972466348 0.07261944553 0)
(0.2393269763 0.07302505644 0)
(3.137217531 0.04267295949 0)
(1.862782469 0.05732704051 0)
(4.430090155 0.08534837181 0)
(0.569909845 0.01465162819 0)
(4.434632943 0.01312683601 0)
(0.5653670571 0.08687316399 0)
(3.721634718 0.08649542714 0)
(2.412709366 0.01472071402 0)
(1.2743077 0.08550618318 0)
(4.74017702 0.08176842494 0)
(2.611958672 0.02667961551 0)
(1.042217739 0.07850448414 0)
(3.854369534 0.04907539441 0)
(1.145458855 0.0510348743 0)
(2.629821979 0.0803212485 0)
(0.2186497037 0.01545064088 0)
(4.781469176 0.08480071295 0)
(3.805043372 0.05098853435 0)
(1.191908395 0.04622971445 0)
(1.835323532 0.01985734394 0)
(3.164676468 0.08014265606 0)
(1.81421675 0.07762064453 0)
(3.18578325 0.02237935547 0)
(3.520734356 0.04991234494 0)
(1.479420627 0.04977086695 0)
(3.957853621 0.0230551906 0)
(4.387632603 0.04836670313 0)
(4.412738298 0.04863921676 0)
(0.6123673972 0.05163329687 0)
(0.5872617021 0.05136078324 0)
(2.340066618 0.02770974059 0)
(3.988916174 0.02847315432 0)
(0.2138810014 0.04885015599 0)
(0.1187692569 0.05421929118 0)
(4.881230743 0.04578070882 0)
(0.7850712076 0.03376362021 0)
(4.214928792 0.06623637979 0)
(3.701170564 0.03305626914 0)
(3.996162707 0.08083867315 0)
(4.476827561 0.01905319858 0)
(0.523172439 0.08094680142 0)
(4.249777632 0.08553133409 0)
(0.7502223677 0.01446866591 0)
(0.750365806 0.08623109695 0)
(4.249634194 0.01376890305 0)
(3.123028006 0.087049335 0)
(1.876971994 0.012950665 0)
(3.277612144 0.04285901367 0)
(1.722387856 0.05714098633 0)
(1.532456671 0.08502455475 0)
(3.467527397 0.01497032377 0)
(4.759220626 0.07343721837 0)
(2.062659577 0.08562592411 0)
(2.937340423 0.01437407589 0)
(3.68470195 0.0193385425 0)
(2.314666102 0.01649044807 0)
(2.685422566 0.08348691167 0)
(1.004329713 0.01635340474 0)
(4.726378385 0.09146457007 0)
(2.846220459 0.08457775833 0)
(2.153779541 0.01542224167 0)
(2.364755491 0.0801891543 0)
(2.408700961 0.08688502376 0)
(2.591101978 0.01445175622 0)
(2.592206439 0.08659802609 0)
(2.790809077 0.0498366311 0)
(2.209190923 0.0501633689 0)
(0.2692828832 0.01638844428 0)
(4.785911243 0.05126887057 0)
(3.956581992 0.07900353181 0)
(3.375010309 0.08450227116 0)
(1.624989691 0.01549772884 0)
(1.043392834 0.02098144632 0)
(2.635136513 0.01972077026 0)
(2.654311617 0.0820963489 0)
(4.100775245 0.05008675796 0)
(0.8992223208 0.0499140377 0)
(1.826775045 0.009260009446 0)
(3.173224955 0.09073999055 0)
(2.34599356 0.01779440297 0)
(3.612704906 0.02953078192 0)
(1.019737492 0.05724921592 0)
(1.277847779 0.0131892161 0)
(1.969983587 0.05456616095 0)
(3.030016413 0.04543383905 0)
(1.319111439 0.01910479716 0)
(4.245936743 0.02988229892 0)
(0.7540632573 0.07011770108 0)
(3.563402124 0.04429988134 0)
(4.729635527 0.01807245365 0)
(4.972508035 0.02788248334 0)
(0.02749196476 0.07211751666 0)
(1.39497553 0.07622366404 0)
(0.1657592637 0.04686542789 0)
(4.834240736 0.05313457211 0)
(2.356791088 0.09078835637 0)
(2.644092406 0.008554740622 0)
(0.2240745913 0.03146012681 0)
(3.140820014 0.0101322588 0)
(1.859179986 0.0898677412 0)
(4.551362207 0.07626999485 0)
(0.4486377927 0.02373000515 0)
(3.413328937 0.01896703956 0)
(1.586671063 0.08103296044 0)
(2.892594851 0.01864085698 0)
(2.107405149 0.08135914302 0)
(0.009721410831 0.09033360078 0)
(4.990278589 0.009666399216 0)
(3.969463544 0.0755194482 0)
(0.009844307963 0.0097927301 0)
(4.990155692 0.0902072699 0)
(4.3106657 0.02331512958 0)
(0.6893343003 0.07668487042 0)
(0.3845269955 0.07753963938 0)
(4.615003344 0.02301557399 0)
(0.3316942977 0.08000439181 0)
(4.497820528 0.08558775689 0)
(0.5021794721 0.01441224311 0)
(1.030813323 0.02425224369 0)
(1.782947403 0.01597949531 0)
(3.217052597 0.08402050469 0)
(1.340663082 0.08533005323 0)
(2.09851467 0.02194751048 0)
(2.90148533 0.07805248952 0)
(2.402729103 0.07599188771 0)
(2.115272892 0.09163801573 0)
(2.884727108 0.00836198427 0)
(4.559227151 0.05137928374 0)
(0.4407728492 0.04862071626 0)
(2.370781547 0.01921095825 0)
(2.584714418 0.04286195794 0)
(1.807496492 0.0884408378 0)
(3.192503508 0.0115591622 0)
(0.2732188025 0.09174676932 0)
(0.2692342805 0.08398676393 0)
(1.923739192 0.07144253234 0)
(3.076260808 0.02855746766 0)
(0.5899484573 0.01717960386 0)
(4.410051543 0.08282039614 0)
(0.8123597758 0.01101112377 0)
(4.187640224 0.08898887623 0)
(0.7748895959 0.07764030093 0)
(4.225110404 0.02235969907 0)
(3.958745635 0.09104890243 0)
(1.041256763 0.09094904576 0)
(1.253691052 0.08316984256 0)
(3.746308948 0.01683015744 0)
(0.7406740689 0.05923922992 0)
(4.259325931 0.04076077008 0)
(0.2730996763 0.008168465441 0)
(1.041246495 0.008946527201 0)
(3.958446343 0.008963968354 0)
(4.941676121 0.08305240933 0)
(0.0583238791 0.01694759067 0)
(2.884645764 0.09105191973 0)
(2.115354236 0.008948080268 0)
(1.11329481 0.08172516731 0)
(3.88670519 0.01827483269 0)
(4.726434034 0.008349155396 0)
(3.658537081 0.08533139871 0)
(4.807195258 0.01826702372 0)
(0.1928047416 0.08173297628 0)
(3.698425085 0.02187356871 0)
(0.798447471 0.08234736791 0)
(4.201552529 0.01765263209 0)
(1.795278653 0.06260709174 0)
(3.204721347 0.03739290826 0)
(0.2460480049 0.0231904717 0)
(1.538903181 0.07274155074 0)
(3.46107111 0.02725018463 0)
(3.429805988 0.09182547373 0)
(3.426663637 0.08335411955 0)
(1.570194012 0.008174526267 0)
(1.573336363 0.01664588045 0)
(4.752790656 0.08273023328 0)
(2.926980624 0.02580279642 0)
(2.073019376 0.07419720358 0)
(4.342786166 0.06035085938 0)
(0.6572138341 0.03964914062 0)
(2.853807955 0.07410854459 0)
(2.146192045 0.02589145541 0)
(0.5697118866 0.04159867133 0)
(4.430288113 0.05840132867 0)
(1.401074928 0.05328800361 0)
(3.430025856 0.009073132048 0)
(1.569974144 0.09092686795 0)
(1.588405012 0.09160422376 0)
(3.411594988 0.008395776236 0)
(4.690033625 0.03155309357 0)
(0.3031132602 0.02463010781 0)
(1.855939287 0.02106189423 0)
(3.144060713 0.07893810577 0)
(4.000415012 0.06265724959 0)
(4.730663847 0.0837234019 0)
(3.675424278 0.08169209302 0)
(2.698359868 0.02764675297 0)
(2.301641596 0.07234529654 0)
(2.433406165 0.01672769488 0)
(3.090840168 0.03811283526 0)
(1.909159832 0.06188716474 0)
(2.581343914 0.05978305111 0)
(0.2470496732 0.08108830699 0)
(3.42113013 0.009393589249 0.001)
(1.57886987 0.09060641075 0.001)
(4.73638695 0.009881559893 0.001)
(0.2642423607 0.09069531018 0.001)
(2.106149571 0.09111087026 0.001)
(2.893850429 0.008889129745 0.001)
(1.051512833 0.01072938705 0.001)
(3.948483317 0.08926283794 0.001)
(4.207403953 0.009916760375 0.001)
(0.7925960474 0.09008323963 0.001)
(2.634594826 0.089861388 0.001)
(2.36514743 0.009660355858 0.001)
(0.5213883534 0.01064082455 0.001)
(4.478611647 0.08935917545 0.001)
(1.321244636 0.08929150855 0.001)
(3.679754679 0.009886998907 0.001)
(1.837218091 0.008779288155 0.001)
(3.162781909 0.09122071184 0.001)
(3.420121796 0.09046897865 0.001)
(1.579878204 0.009531021351 0.001)
(4.735603062 0.09056818907 0.001)
(0.2643969378 0.00943181093 0.001)
(2.894661159 0.08954349777 0.001)
(2.105338841 0.01045650223 0.001)
(1.05098936 0.08810283899 0.001)
(3.94901173 0.01189935094 0.001)
(4.206238484 0.08938088324 0.001)
(0.7937615161 0.01061911676 0.001)
(2.634198806 0.008820997322 0.001)
(2.365786801 0.0911843069 0.001)
(0.5226113041 0.09122959839 0.001)
(4.477388696 0.00877040161 0.001)
(1.32001129 0.008716874019 0.001)
(3.680116627 0.08956356866 0.001)
(1.848083983 0.08810616878 0.001)
(3.151916017 0.01189383122 0.001)
(1.020377759 0.01535848342 0.001)
(3.979622241 0.01535848342 0.001)
(2.862600505 0.0854835745 0.001)
(2.137399495 0.0145164255 0.001)
(4.704628436 0.01790225696 0.001)
(0.2920663192 0.01334501021 0.001)
(1.547734701 0.08518359415 0.001)
(3.452265299 0.01481640585 0.001)
(3.39184529 0.08540447717 0.001)
(1.60815471 0.01459552283 0.001)
(0.2380756695 0.08817413473 0.001)
(4.764124719 0.01411520269 0.001)
(2.078491547 0.08691305277 0.001)
(2.921508453 0.01308694723 0.001)
(3.920868468 0.08575095415 0.001)
(1.079136904 0.01424806749 0.001)
(1.079145659 0.08519287305 0.001)
(3.920854341 0.01480712695 0.001)
(0.8218847155 0.08628777603 0.001)
(4.178115284 0.01371222397 0.001)
(2.668246163 0.08364320949 0.001)
(2.331907924 0.01625769523 0.001)
(0.7652522061 0.08370586932 0.001)
(4.234747794 0.01629413068 0.001)
(4.233954969 0.08598783761 0.001)
(0.7660450314 0.01401216239 0.001)
(2.607772402 0.08595119288 0.001)
(2.392489374 0.01331288702 0.001)
(2.393354856 0.08655191649 0.001)
(2.606882312 0.01425780894 0.001)
(0.4888122206 0.01662127406 0.001)
(4.511187779 0.08337872594 0.001)
(0.549316094 0.01304628392 0.001)
(4.450683906 0.08695371608 0.001)
(0.5495690624 0.08735350092 0.001)
(4.450430938 0.01264649908 0.001)
(3.650001516 0.01384674935 0.001)
(1.354219594 0.08310539698 0.001)
(1.293497305 0.08713044541 0.001)
(3.706502695 0.08713044541 0.001)
(3.706660726 0.01269347526 0.001)
(1.292926572 0.01340620963 0.001)
(1.802348753 0.01667533145 0.001)
(3.197651247 0.08332466855 0.001)
(1.862811991 0.01247384432 0.001)
(3.137188009 0.08752615568 0.001)
(1.822453285 0.08778790664 0.001)
(3.177546715 0.01221209336 0.001)
(2.921929561 0.08630005463 0.001)
(2.078070439 0.01369994537 0.001)
(4.765966823 0.08450577852 0.001)
(0.2356443947 0.0167728395 0.001)
(3.391610182 0.01421401593 0.001)
(1.608389818 0.08578598407 0.001)
(1.549393609 0.01416264113 0.001)
(3.450606391 0.08583735887 0.001)
(3.116947223 0.01752903441 0.001)
(1.883052777 0.08247096559 0.001)
(0.2946493275 0.08408365202 0.001)
(4.704219822 0.08249545756 0.001)
(2.1371429 0.08531089836 0.001)
(2.8628571 0.01468910164 0.001)
(3.979622241 0.08464151658 0.001)
(1.019203606 0.08427236661 0.001)
(4.175400584 0.08392440324 0.001)
(0.824599416 0.01607559676 0.001)
(2.667142834 0.01571232001 0.001)
(2.332857166 0.08428767999 0.001)
(0.4918239898 0.08570666588 0.001)
(4.50817601 0.01429333412 0.001)
(3.645703843 0.08254801168 0.001)
(1.351270749 0.01433393092 0.001)
(4.984853873 0.03957488154 0.001)
(0.01514612743 0.06042511846 0.001)
(4.932351918 0.02223938373 0.001)
(0.06764808226 0.07776061627 0.001)
(3.759314687 0.0748979656 0.001)
(1.243277343 0.02439791499 0.001)
(4.398212421 0.02451737695 0.001)
(0.6017875787 0.07548262305 0.001)
(1.775720624 0.07313092993 0.001)
(3.224279376 0.02686907007 0.001)
(2.443676004 0.07562646129 0.001)
(2.556155358 0.02548474191 0.001)
(0.7129351909 0.0254174918 0.001)
(4.287064809 0.0745825082 0.001)
(1.911486053 0.02462393978 0.001)
(3.088513947 0.07537606022 0.001)
(2.023123178 0.02652495032 0.001)
(2.976876822 0.07347504968 0.001)
(3.869036394 0.02509379136 0.001)
(1.130963606 0.07490620864 0.001)
(0.1802915778 0.02532278846 0.001)
(4.819708422 0.07467721154 0.001)
(3.335727819 0.02596953879 0.001)
(1.664272181 0.07403046121 0.001)
(0.03932547115 0.01476088798 0.001)
(4.960674529 0.08523911202 0.001)
(3.508901455 0.07336000457 0.001)
(1.492226418 0.02630907398 0.001)
(2.804885973 0.02876664384 0.001)
(2.195114027 0.07123335616 0.001)
(4.039962184 0.07170581069 0.001)
(0.9600330407 0.02830695049 0.001)
(0.3527080678 0.07154594374 0.001)
(4.645735921 0.03082706994 0.001)
(4.115399065 0.02927159885 0.001)
(0.8846009355 0.07072840115 0.001)
(2.270870829 0.02901790305 0.001)
(2.729129171 0.07098209695 0.001)
(4.573955711 0.0715899773 0.001)
(0.4260442885 0.0284100227 0.001)
(0.01195104228 0.01956450671 0.001)
(4.988048958 0.08043549329 0.001)
(3.589575794 0.03366710436 0.001)
(1.418938914 0.07363386879 0.001)
(3.261227561 0.0721452021 0.001)
(1.738772439 0.0278547979 0.001)
(0.1044327938 0.02798383057 0.001)
(4.895567206 0.07201616943 0.001)
(3.05318164 0.03153191792 0.001)
(1.94681836 0.06846808208 0.001)
(1.207658259 0.06979623126 0.001)
(3.793469523 0.02696140709 0.001)
(2.478679806 0.03539282781 0.001)
(0.6301393069 0.03303788902 0.001)
(4.369860693 0.06696211098 0.001)
(2.559270634 0.0720049263 0.001)
(3.830934363 0.06917696632 0.001)
(1.169065637 0.03082303368 0.001)
(4.959279116 0.01732449407 0.001)
(0.04072088409 0.08267550593 0.001)
(4.950193054 0.03835120952 0.001)
(0.04980694561 0.06164879048 0.001)
(0.7180129875 0.07266926933 0.001)
(4.281987013 0.02733073067 0.001)
(4.850399942 0.03355248303 0.001)
(0.1496000581 0.06644751697 0.001)
(2.024176204 0.0739959185 0.001)
(2.975823796 0.0260040815 0.001)
(3.334511164 0.07352978615 0.001)
(1.665488836 0.02647021385 0.001)
(3.507773582 0.02630907398 0.001)
(1.49113351 0.07333959243 0.001)
(0.6028138882 0.03043789094 0.001)
(0.5792123842 0.03000688822 0.001)
(4.397186112 0.06956210906 0.001)
(4.420787616 0.06999311178 0.001)
(4.820433483 0.03252910485 0.001)
(4.792884316 0.03068340756 0.001)
(0.1795665169 0.06747089515 0.001)
(0.2058246013 0.06735808629 0.001)
(1.24128756 0.07017199422 0.001)
(1.268336738 0.06850742578 0.001)
(3.757515729 0.03107176302 0.001)
(3.731373907 0.02620170534 0.001)
(0.3534518708 0.03200319731 0.001)
(4.646153802 0.06823356087 0.001)
(4.979823648 0.0123414306 0.001)
(0.02017635236 0.0876585694 0.001)
(0.2055396489 0.02844796907 0.001)
(4.794256149 0.07152524009 0.001)
(2.95049435 0.07267614514 0.001)
(2.04950565 0.02732385486 0.001)
(2.445434972 0.03083467981 0.001)
(2.420263003 0.0295009702 0.001)
(1.134348423 0.0268865646 0.001)
(1.107089245 0.02887148542 0.001)
(3.865651577 0.0731134354 0.001)
(3.89291327 0.07112680101 0.001)
(2.195886183 0.02651795358 0.001)
(2.804113817 0.07348204642 0.001)
(1.519910826 0.02702980781 0.001)
(3.480277153 0.07291503861 0.001)
(4.014490969 0.07288745287 0.001)
(4.019627896 0.04865208727 0.001)
(3.99268735 0.04595828817 0.001)
(4.053297518 0.04371094133 0.001)
(0.3153246476 0.08266484709 0.001)
(0.3026382582 0.06697637653 0.001)
(0.2851231743 0.06974072851 0.001)
(0.2914386714 0.05312656411 0.001)
(0.2748503099 0.05609757791 0.001)
(0.3099800379 0.04448145773 0.001)
(0.2807106595 0.04065403603 0.001)
(0.2645208788 0.04266346597 0.001)
(0.2586221002 0.05840420728 0.001)
(0.248313825 0.04484979697 0.001)
(0.2544389594 0.03174152789 0.001)
(0.2425398182 0.05983033506 0.001)
(0.2523820434 0.07132817835 0.001)
(0.231903504 0.04704406645 0.001)
(4.679266899 0.0784925947 0.001)
(4.694924192 0.06386812816 0.001)
(4.714537418 0.0680032867 0.001)
(4.708887484 0.05130732454 0.001)
(4.72566054 0.05521023464 0.001)
(4.689996235 0.04545447803 0.001)
(4.721251509 0.03982488235 0.001)
(4.736257116 0.04307381595 0.001)
(4.741746298 0.05859834378 0.001)
(4.751030464 0.04525816021 0.001)
(4.757275182 0.06095429869 0.001)
(4.746757424 0.07133196632 0.001)
(4.767359206 0.04713140322 0.001)
(4.731979695 0.02866633811 0.001)
(3.113479839 0.0737096333 0.001)
(3.099799103 0.05494353547 0.001)
(3.124134691 0.0529610759 0.001)
(1.886520161 0.0262903667 0.001)
(1.900200897 0.04505646453 0.001)
(1.875865309 0.0470389241 0.001)
(2.8327108 0.02800857872 0.001)
(2.1672892 0.07199142128 0.001)
(0.5777321442 0.07412175861 0.001)
(4.422267856 0.02587824139 0.001)
(2.947011446 0.02984426421 0.001)
(2.052988554 0.07015573579 0.001)
(1.266687888 0.02547733415 0.001)
(3.732653132 0.07075478253 0.001)
(0.7380310582 0.02715444325 0.001)
(4.261256385 0.02295970238 0.001)
(0.7387436151 0.07704029762 0.001)
(4.261968942 0.07284555675 0.001)
(4.532499607 0.08144234561 0.001)
(4.51903995 0.06478717811 0.001)
(4.499589802 0.06917949823 0.001)
(4.505918658 0.05036038735 0.001)
(4.488824537 0.05202027414 0.001)
(4.529932569 0.04440581845 0.001)
(4.482045288 0.06700436385 0.001)
(4.473620708 0.05391793395 0.001)
(4.479103479 0.04008964219 0.001)
(4.464683472 0.04100704675 0.001)
(4.459188438 0.05622299323 0.001)
(4.470025714 0.02840096945 0.001)
(4.484586978 0.02673390615 0.001)
(4.449485825 0.04167376466 0.001)
(4.52974679 0.01997355411 0.001)
(4.55853437 0.02607647782 0.001)
(4.589674585 0.03978488577 0.001)
(4.486865143 0.08027969867 0.001)
(0.4675003933 0.01855765439 0.001)
(0.4809600497 0.03521282189 0.001)
(0.5004101982 0.03082050177 0.001)
(0.4940813418 0.04963961265 0.001)
(0.5111754629 0.04797972586 0.001)
(0.4700674308 0.05559418155 0.001)
(0.5179547121 0.03299563615 0.001)
(0.5263792917 0.04608206605 0.001)
(0.5208965215 0.05991035781 0.001)
(0.5353165281 0.05899295325 0.001)
(0.540811562 0.04377700677 0.001)
(0.5299742859 0.07159903055 0.001)
(0.515413022 0.07326609385 0.001)
(0.5505141747 0.05832623534 0.001)
(0.47025321 0.08002644589 0.001)
(0.4414656304 0.07392352218 0.001)
(0.4103254149 0.06021511423 0.001)
(0.5131348572 0.01972030133 0.001)
(1.52222301 0.06857924255 0.001)
(3.47762086 0.03137056694 0.001)
(2.698390137 0.06820897906 0.001)
(2.711720898 0.04551616413 0.001)
(2.686963812 0.04797392731 0.001)
(2.685280965 0.01651118608 0.001)
(2.30160089 0.03179582554 0.001)
(2.288278339 0.05448424443 0.001)
(2.313011719 0.05202224185 0.001)
(2.314719035 0.08348881392 0.001)
(0.9914693967 0.03107474808 0.001)
(0.9771963922 0.05434365749 0.001)
(1.002833851 0.05464068662 0.001)
(0.9466724784 0.05630484229 0.001)
(3.362201441 0.02775121543 0.001)
(1.637798559 0.07224878457 0.001)
(0.8508010045 0.02205668803 0.001)
(0.8350514349 0.03751425744 0.001)
(0.8141682501 0.03400296643 0.001)
(0.8199296106 0.05098638443 0.001)
(0.8028695584 0.04746721766 0.001)
(0.8403797532 0.05831894429 0.001)
(0.7973373909 0.03344529385 0.001)
(0.7880103578 0.04539548462 0.001)
(0.7925646855 0.05953863192 0.001)
(0.7780292039 0.05663651396 0.001)
(0.7747877421 0.04121680232 0.001)
(0.7828590071 0.07063710635 0.001)
(0.7967040456 0.07232376636 0.001)
(0.7607684495 0.05315408652 0.001)
(0.8405491063 0.07964150671 0.001)
(0.8059038305 0.01954032944 0.001)
(4.149198995 0.07794331197 0.001)
(4.164948565 0.06248574256 0.001)
(4.18583175 0.06599703357 0.001)
(4.180070389 0.04901361557 0.001)
(4.197130442 0.05253278234 0.001)
(4.159620247 0.04168105571 0.001)
(4.202662609 0.06655470615 0.001)
(4.211989642 0.05460451538 0.001)
(4.207435315 0.04046136808 0.001)
(4.221970796 0.04336348604 0.001)
(4.225212258 0.05878319768 0.001)
(4.217140993 0.02936289365 0.001)
(4.203295954 0.02767623364 0.001)
(4.23923155 0.04684591348 0.001)
(4.159450894 0.02035849329 0.001)
(4.194096169 0.08045967056 0.001)
(2.83585948 0.06939188756 0.001)
(2.16414052 0.03060811244 0.001)
(0.3232525258 0.02415734627 0.001)
(4.686443282 0.01690024806 0.001)
(3.619828658 0.07723335206 0.001)
(3.63585924 0.06108934399 0.001)
(3.657409677 0.06776900329 0.001)
(3.651666069 0.0483851441 0.001)
(3.669278811 0.0509093147 0.001)
(3.675219265 0.06824560245 0.001)
(3.684544684 0.05389500535 0.001)
(3.679571402 0.0394797897 0.001)
(3.694204736 0.04240074913 0.001)
(3.699017255 0.05684199787 0.001)
(3.630847006 0.04115136373 0.001)
(3.689332997 0.02874037779 0.001)
(3.709966686 0.04430580548 0.001)
(3.666871206 0.07898809072 0.001)
(3.675291483 0.02419288229 0.001)
(1.375754417 0.0811335888 0.001)
(1.362155402 0.06423323387 0.001)
(1.342443223 0.06868458195 0.001)
(1.349155709 0.04922832219 0.001)
(1.331557062 0.05157399008 0.001)
(1.37331884 0.04392020107 0.001)
(1.324681121 0.06649901096 0.001)
(1.316202685 0.05336708507 0.001)
(1.321671599 0.0394297832 0.001)
(1.307339889 0.04165709792 0.001)
(1.301570227 0.05587824136 0.001)
(1.31250481 0.02768533299 0.001)
(1.327122806 0.02634459152 0.001)
(1.291583866 0.04287298516 0.001)
(1.373147827 0.01987979044 0.001)
(1.400943919 0.02769347927 0.001)
(1.329568614 0.08001565571 0.001)
(0.9954293605 0.07898428423 0.001)
(3.902006958 0.01598478409 0.001)
(3.913401336 0.03068974381 0.001)
(3.929971743 0.02811300045 0.001)
(3.924465402 0.04379748676 0.001)
(3.940507829 0.04083134666 0.001)
(3.935439658 0.05641612503 0.001)
(3.951401264 0.05388214153 0.001)
(3.956250194 0.03825143708 0.001)
(3.94638053 0.06768059938 0.001)
(3.961939442 0.06481159381 0.001)
(3.905782487 0.05111743191 0.001)
(1.097993042 0.08401521591 0.001)
(1.086598664 0.06931025619 0.001)
(1.070028257 0.07188699955 0.001)
(1.075536213 0.05620322475 0.001)
(1.059491805 0.05917470482 0.001)
(1.06456818 0.0435808641 0.001)
(1.048607451 0.04600113549 0.001)
(1.043633469 0.06231280407 0.001)
(1.053613494 0.03229060739 0.001)
(1.038025821 0.03516064351 0.001)
(1.094221413 0.04888018643 0.001)
(1.905684438 0.07993577711 0.001)
(3.094315562 0.02006422289 0.001)
(2.418712344 0.07457676577 0.001)
(2.579266275 0.02700435194 0.001)
(2.581222992 0.07783317359 0.001)
(2.567246976 0.04569847738 0.001)
(2.597732163 0.05132301039 0.001)
(1.769568257 0.02999039496 0.001)
(3.230431743 0.07000960504 0.001)
(3.362063804 0.06988875258 0.001)
(1.637936196 0.03011124742 0.001)
(1.799879546 0.07692337189 0.001)
(3.200120454 0.02307662811 0.001)
(4.004076017 0.02234072313 0.001)
(3.584723752 0.0692409439 0.001)
(0.8842731137 0.02696249744 0.001)
(4.115726747 0.07303750256 0.001)
(2.256906461 0.05802338156 0.001)
(2.743093539 0.04197661844 0.001)
(3.300015838 0.0671330926 0.001)
(1.699984162 0.0328669074 0.001)
(3.54703138 0.06742149431 0.001)
(1.820077851 0.01879323849 0.001)
(1.8116131 0.03279288056 0.001)
(1.829159895 0.0329294476 0.001)
(1.821339833 0.0476509635 0.001)
(1.838848429 0.04635985147 0.001)
(1.831983047 0.06135431411 0.001)
(1.848552504 0.06029005643 0.001)
(1.803787533 0.04849645053 0.001)
(1.847126234 0.02985181616 0.001)
(3.179922149 0.08120676151 0.001)
(3.1883869 0.06720711944 0.001)
(3.170840105 0.0670705524 0.001)
(3.178660167 0.0523490365 0.001)
(3.161151571 0.05364014853 0.001)
(3.168016953 0.03864568589 0.001)
(3.151447496 0.03970994357 0.001)
(3.196212467 0.05150354947 0.001)
(3.152873766 0.07014818384 0.001)
(4.273939858 0.05366039949 0.001)
(0.7260601418 0.04633960051 0.001)
(0.6354980368 0.06673661649 0.001)
(0.6684467472 0.06422181278 0.001)
(4.364501963 0.03326338351 0.001)
(4.331553253 0.03577818722 0.001)
(1.693886326 0.06863742461 0.001)
(3.306113674 0.03136257539 0.001)
(0.0759097237 0.02690584329 0.001)
(4.924090276 0.07309415671 0.001)
(1.947786189 0.03269239471 0.001)
(3.052213811 0.06730760529 0.001)
(1.455481169 0.06746875534 0.001)
(3.011496317 0.06654364195 0.001)
(1.988503683 0.03345635805 0.001)
(2.519125666 0.03374779147 0.001)
(2.525231129 0.07258890604 0.001)
(3.131690371 0.0173914895 0.001)
(1.868309629 0.0826085105 0.001)
(2.349708249 0.08256832064 0.001)
(2.341915942 0.06966463199 0.001)
(2.358236316 0.06937696269 0.001)
(2.350936185 0.05591715165 0.001)
(2.367276409 0.05682765551 0.001)
(2.359979569 0.04231295062 0.001)
(2.376292898 0.04274633634 0.001)
(2.383440116 0.05786276112 0.001)
(2.344106667 0.04115609835 0.001)
(2.353050715 0.02864492662 0.001)
(2.393197864 0.04279285328 0.001)
(2.650274959 0.01743786762 0.001)
(2.658070817 0.03027548306 0.001)
(2.641759996 0.03046940443 0.001)
(2.649022053 0.04403881741 0.001)
(2.632951512 0.04328031405 0.001)
(2.640461437 0.05776237816 0.001)
(2.655985911 0.05827283662 0.001)
(2.647540452 0.0701063342 0.001)
(2.633446109 0.06973982738 0.001)
(2.62569552 0.02785226841 0.001)
(2.614568008 0.04273282793 0.001)
(3.253567089 0.02428392884 0.001)
(1.746432911 0.07571607116 0.001)
(0.09613162541 0.07593804486 0.001)
(4.903868375 0.02406195514 0.001)
(4.72028916 0.08294167413 0.001)
(1.032641862 0.08426453512 0.001)
(3.96664643 0.08556395136 0.001)
(2.121361769 0.08343076216 0.001)
(2.128931186 0.07106669253 0.001)
(2.113293015 0.07070749557 0.001)
(2.11997325 0.05737734266 0.001)
(2.104381797 0.0585149817 0.001)
(2.110730514 0.04432956161 0.001)
(2.095047657 0.04492990848 0.001)
(2.136453069 0.05618348675 0.001)
(2.086584944 0.061936121 0.001)
(2.101871349 0.03148498455 0.001)
(2.07791065 0.04477187233 0.001)
(2.116651574 0.03047340776 0.001)
(2.878638231 0.01656923784 0.001)
(2.871068814 0.02893330747 0.001)
(2.886706985 0.02929250443 0.001)
(2.88002675 0.04262265734 0.001)
(2.895618203 0.0414850183 0.001)
(2.889269486 0.05567043839 0.001)
(2.904952343 0.05507009152 0.001)
(2.863546931 0.04381651325 0.001)
(2.913415056 0.038063879 0.001)
(2.898128651 0.06851501545 0.001)
(2.92208935 0.05522812767 0.001)
(2.883348426 0.06952659224 0.001)
(2.367724399 0.02958103341 0.001)
(0.2793739927 0.08375688054 0.001)
(3.630847808 0.02024768646 0.001)
(1.873504172 0.0668002052 0.001)
(3.126495828 0.0331997948 0.001)
(1.209806942 0.02559766012 0.001)
(3.793024253 0.07448332806 0.001)
(0.6815734135 0.02845165565 0.001)
(4.318426586 0.07154834435 0.001)
(2.474768871 0.07258890604 0.001)
(3.004961141 0.03133026042 0.001)
(1.995038859 0.06866973958 0.001)
(3.436289565 0.08442893196 0.001)
(3.442932242 0.07204281212 0.001)
(3.428671715 0.07281595457 0.001)
(3.434460631 0.05888950058 0.001)
(3.418854334 0.06059500213 0.001)
(3.425413015 0.04582632909 0.001)
(3.409414361 0.04697772329 0.001)
(3.441090451 0.04481618981 0.001)
(3.432406204 0.03137981162 0.001)
(3.401735877 0.06174080946 0.001)
(3.391799902 0.04595558879 0.001)
(3.413558558 0.07776037435 0.001)
(3.415969502 0.03242415302 0.001)
(1.563710435 0.01557106804 0.001)
(1.557067758 0.02795718788 0.001)
(1.571328285 0.02718404543 0.001)
(1.565539369 0.04111049942 0.001)
(1.581145666 0.03940499787 0.001)
(1.574586985 0.05417367091 0.001)
(1.590585639 0.05302227671 0.001)
(1.558909549 0.05518381019 0.001)
(1.567593796 0.06862018838 0.001)
(1.598264123 0.03825919054 0.001)
(1.608200098 0.05404441121 0.001)
(1.586441442 0.02223962565 0.001)
(1.584030498 0.06757584698 0.001)
(1.596187183 0.08553170581 0.001)
(1.598693138 0.07069605986 0.001)
(3.403812817 0.01446829419 0.001)
(3.401306862 0.02930394014 0.001)
(3.96665083 0.01614340657 0.001)
(1.033327509 0.01442685297 0.001)
(0.2690439704 0.07380805681 0.001)
(2.877327948 0.08280099693 0.001)
(2.122672052 0.01719900307 0.001)
(4.71945789 0.01415314334 0.001)
(0.2792267219 0.01546624744 0.001)
(1.168003708 0.06903896185 0.001)
(3.830793944 0.03173360166 0.001)
(0.2510396958 0.01258636083 0.001)
(0.01409518387 0.03748872331 0.001)
(4.985904816 0.06251127669 0.001)
(2.092811749 0.01215800012 0.001)
(2.087749909 0.02809175412 0.001)
(2.907188251 0.08784199988 0.001)
(2.912250091 0.07190824588 0.001)
(3.158632495 0.02497664123 0.001)
(1.841367505 0.07502335877 0.001)
(4.730871608 0.07187415128 0.001)
(3.664585004 0.03629060307 0.001)
(1.562240559 0.08210749851 0.001)
(3.437759441 0.01789250149 0.001)
(3.6673561 0.01082617945 0.001)
(1.33215678 0.01323221135 0.001)
(2.624831394 0.05724931914 0.001)
(2.618245956 0.07286607827 0.001)
(4.608375998 0.07026191997 0.001)
(0.3880282974 0.02994968052 0.001)
(4.489504337 0.01333200272 0.001)
(0.5104956632 0.08666799728 0.001)
(2.645602188 0.0904125215 0.001)
(2.354585272 0.009618201205 0.001)
(4.193971439 0.01052939744 0.001)
(0.8060285611 0.08947060256 0.001)
(3.538452682 0.03156834353 0.001)
(1.120144608 0.04985487388 0.001)
(3.879856461 0.05014444358 0.001)
(4.748782781 0.01185272906 0.001)
(2.905034619 0.01340410589 0.001)
(2.094965381 0.08659589411 0.001)
(1.460515739 0.0311533081 0.001)
(0.27064213 0.02763808135 0.001)
(4.755756756 0.02805998575 0.001)
(4.494272267 0.03762416874 0.001)
(0.5057277329 0.06237583126 0.001)
(3.935215488 0.08648131979 0.001)
(1.064784512 0.01351868021 0.001)
(1.064454612 0.08657760002 0.001)
(1.055164365 0.07375170595 0.001)
(3.935545436 0.01342249499 0.001)
(3.944817465 0.02634591356 0.001)
(1.337193896 0.03716045311 0.001)
(3.407644716 0.08856919696 0.001)
(1.592355284 0.01143080304 0.001)
(0.8071196201 0.06279350217 0.001)
(4.19288038 0.03720649783 0.001)
(0.1446707089 0.03114300207 0.001)
(4.855329291 0.06885699793 0.001)
(2.962286752 0.05075364041 0.001)
(2.037713248 0.04924635959 0.001)
(0.2519042754 0.09029514324 0.001)
(4.744471535 0.09060175364 0.001)
(4.220728444 0.01298560003 0.001)
(0.7792715562 0.08701439997 0.001)
(4.219884252 0.08745650405 0.001)
(0.7801157483 0.01254349595 0.001)
(2.377914969 0.01110303085 0.001)
(2.382739568 0.02623586379 0.001)
(2.621381679 0.08701561757 0.001)
(2.378618321 0.08701561757 0.001)
(2.621381679 0.01298438243 0.001)
(2.232710206 0.03347516354 0.001)
(2.767289794 0.06652483646 0.001)
(1.286177535 0.05944591322 0.001)
(1.06912021 0.02768762171 0.001)
(3.930884832 0.07230307153 0.001)
(4.077849693 0.06684403203 0.001)
(0.9221428614 0.03316144643 0.001)
(4.464336387 0.08723570246 0.001)
(4.457325211 0.07295154744 0.001)
(0.5356636126 0.01276429754 0.001)
(0.5426747889 0.02704845256 0.001)
(0.5338324377 0.08659261728 0.001)
(4.466167562 0.01340738272 0.001)
(3.348075759 0.04904836925 0.001)
(1.651924241 0.05095163075 0.001)
(3.692800591 0.08758819171 0.001)
(3.700371786 0.07289458228 0.001)
(3.68515824 0.07777649582 0.001)
(1.308056788 0.01381421469 0.001)
(1.307009976 0.08737816876 0.001)
(1.300229213 0.07344333767 0.001)
(1.315644668 0.07733781341 0.001)
(3.692484723 0.01160899447 0.001)
(0.5269759052 0.02258166109 0.001)
(4.473024095 0.07741833891 0.001)
(2.373615556 0.07041834648 0.001)
(3.143819569 0.05536582659 0.001)
(3.136137101 0.07110035572 0.001)
(1.856180431 0.04463417341 0.001)
(1.863862899 0.02889964428 0.001)
(2.404005874 0.05962076928 0.001)
(4.444889352 0.05802215237 0.001)
(0.5551106484 0.04197784763 0.001)
(1.848134387 0.01350371774 0.001)
(3.151865613 0.08649628226 0.001)
(1.83547208 0.08770996838 0.001)
(3.16452792 0.01229003162 0.001)
(4.135294117 0.05268150917 0.001)
(0.8647056282 0.04731849083 0.001)
(1.549498275 0.0421494112 0.001)
(1.54174078 0.0576642827 0.001)
(3.450501725 0.0578505888 0.001)
(3.458252446 0.0423335398 0.001)
(3.608212637 0.05258775503 0.001)
(4.667989423 0.05600193396 0.001)
(1.028743441 0.07083902273 0.001)
(3.969007288 0.05051472435 0.001)
(3.979106139 0.0649497465 0.001)
(3.973091278 0.03144064783 0.001)
(3.715847663 0.06024766127 0.001)
(2.873425154 0.05712095063 0.001)
(2.855488849 0.0596804355 0.001)
(2.126574846 0.04287904937 0.001)
(2.144511151 0.0403195645 0.001)
(3.72832698 0.04591805014 0.001)
(3.492285308 0.05048206404 0.001)
(1.507717591 0.04948376621 0.001)
(1.031777243 0.04906377957 0.001)
(1.01894269 0.03533379222 0.001)
(3.661463226 0.02319614683 0.001)
(0.7896299861 0.02255469435 0.001)
(0.7755905611 0.02620582591 0.001)
(0.7598747422 0.03117672388 0.001)
(4.210370014 0.07744530565 0.001)
(4.224409439 0.07379417409 0.001)
(4.240125258 0.06882327612 0.001)
(1.254515293 0.04657015423 0.001)
(0.322580465 0.06439370955 0.001)
(0.3308062999 0.04328235966 0.001)
(1.382687204 0.06246542496 0.001)
(0.4604706293 0.03736864561 0.001)
(4.539529371 0.06263135439 0.001)
(2.929973387 0.04065402124 0.001)
(2.070026613 0.05934597876 0.001)
(2.666691415 0.04604575353 0.001)
(1.574993456 0.07975849456 0.001)
(3.425006544 0.02024150544 0.001)
(1.813686611 0.06322378978 0.001)
(3.186313389 0.03677621022 0.001)
(3.912557398 0.07059820797 0.001)
(1.087446754 0.02939849728 0.001)
(0.8235265548 0.06927264959 0.001)
(4.176473445 0.03072735041 0.001)
(2.428069855 0.05247179311 0.001)
(3.385226894 0.06721812604 0.001)
(1.614773106 0.03278187396 0.001)
(2.901405272 0.02782587028 0.001)
(2.098594728 0.07217412972 0.001)
(0.8096065954 0.07729188022 0.001)
(4.190393405 0.02270811978 0.001)
(4.432973154 0.0430291556 0.001)
(0.5670268463 0.0569708444 0.001)
(0.2388292954 0.03219508898 0.001)
(2.542929792 0.0493548565 0.001)
(2.059629541 0.04566896109 0.001)
(2.940370459 0.05433103891 0.001)
(2.820104923 0.04975195856 0.001)
(2.179895077 0.05024804144 0.001)
(4.300606203 0.04770254992 0.001)
(0.6993937969 0.05229745008 0.001)
(1.924751328 0.04942674659 0.001)
(3.075248672 0.05057325341 0.001)
(4.51099253 0.0316946107 0.001)
(0.4890074699 0.0683053893 0.001)
(2.598388301 0.07016649228 0.001)
(3.20684904 0.06676824986 0.001)
(3.216681051 0.04873908342 0.001)
(1.79315096 0.03323175014 0.001)
(1.783318949 0.05126091658 0.001)
(2.325753145 0.0343987196 0.001)
(3.89359804 0.0332824405 0.001)
(1.10640196 0.0667175595 0.001)
(4.705422567 0.03544067139 0.001)
(0.2961902631 0.03756069251 0.001)
(4.082705384 0.02942536316 0.001)
(0.9172790555 0.07058444132 0.001)
(2.674545082 0.06558236981 0.001)
(1.340240123 0.02479782602 0.001)
(2.388871478 0.07232496326 0.001)
(3.458198499 0.07168585518 0.001)
(1.541801501 0.02831414482 0.001)
(0.0305492462 0.04911652699 0.001)
(4.969450754 0.05088347301 0.001)
(4.673495777 0.03469518273 0.001)
(3.37211411 0.04809717411 0.001)
(1.62788589 0.05190282589 0.001)
(2.227322539 0.0707669066 0.001)
(2.772677461 0.0292330934 0.001)
(2.411515307 0.04382895904 0.001)
(1.757732108 0.0505222468 0.001)
(3.242267892 0.0494777532 0.001)
(2.14488935 0.07065222576 0.001)
(2.85511065 0.02934777424 0.001)
(1.011349859 0.06973324855 0.001)
(1.311379708 0.06542360422 0.001)
(1.354054524 0.03155342062 0.001)
(0.5599478518 0.02767699316 0.001)
(4.440052148 0.07232300684 0.001)
(3.713923317 0.02796084461 0.001)
(4.773416702 0.02914502271 0.001)
(3.382505361 0.02999796218 0.001)
(1.617494639 0.07000203782 0.001)
(0.5426125638 0.07372346632 0.001)
(4.457387436 0.02627653368 0.001)
(4.254368049 0.05634498632 0.001)
(0.7456319507 0.04365501368 0.001)
(2.06932222 0.02894259134 0.001)
(2.93067778 0.07105740866 0.001)
(1.530481997 0.04553677588 0.001)
(3.469522665 0.0544396089 0.001)
(1.299049289 0.02889766036 0.001)
(2.109362206 0.02067157008 0.001)
(2.890637794 0.07932842992 0.001)
(3.668704102 0.08953398031 0.001)
(4.497506424 0.02473560449 0.001)
(0.5024935756 0.07526439551 0.001)
(4.808010103 0.05244185707 0.001)
(0.1930317244 0.04759452546 0.001)
(4.032262954 0.02262221589 0.001)
(0.9671943682 0.07800719595 0.001)
(0.5318830066 0.03392742887 0.001)
(4.468116993 0.06607257113 0.001)
(2.610753164 0.0588675456 0.001)
(2.598196096 0.03099662021 0.001)
(3.447336881 0.0299797964 0.001)
(1.55266199 0.07001984068 0.001)
(3.142704407 0.02558569892 0.001)
(1.857295593 0.07441430108 0.001)
(0.2864344977 0.02692344799 0.001)
(3.689413308 0.06604846725 0.001)
(3.648852516 0.03103868588 0.001)
(0.2249542944 0.06308786969 0.001)
(1.285093757 0.0742293853 0.001)
(2.333551294 0.0537517883 0.001)
(4.231023441 0.03194961487 0.001)
(0.7689765588 0.06805038513 0.001)
(2.5 0.05695800682 0.001)
(2.401197109 0.02817869836 0.001)
(1.891423305 0.06357430314 0.001)
(3.108576695 0.03642569686 0.001)
(2.843803605 0.04666619131 0.001)
(2.156196395 0.05333380869 0.001)
(1.227170812 0.04704810267 0.001)
(3.71424511 0.07459190778 0.001)
(1.33216947 0.0912835515 0.001)
(4.441500204 0.02710943959 0.001)
(0.5584997962 0.07289056041 0.001)
(4.194817726 0.09157143111 0.001)
(0.8051822744 0.008428568889 0.001)
(3.750552853 0.05433946243 0.001)
(0.5105684139 0.00858598876 0.001)
(4.489431586 0.09141401124 0.001)
(4.741266579 0.02138251393 0.001)
(4.743258122 0.03328816279 0.001)
(1.827818515 0.07534237612 0.001)
(3.172181485 0.02465762388 0.001)
(1.430034461 0.04263028889 0.001)
(4.919561298 0.04849155334 0.001)
(0.08043870175 0.05150844666 0.001)
(2.086331195 0.07636328023 0.001)
(2.913668805 0.02363671977 0.001)
(4.772987685 0.06797254614 0.001)
(0.2598803096 0.01962939988 0.001)
(2.131129516 0.02859093292 0.001)
(2.868870484 0.07140906708 0.001)
(2.67671072 0.03167473536 0.001)
(2.323323447 0.06828090231 0.001)
(0.3786677743 0.05593713893 0.001)
(4.620539934 0.04446591426 0.001)
(4.988602555 0.02076281475 0.001)
(0.01139744453 0.07923718525 0.001)
(0.02101802947 0.01110348789 0.001)
(4.978981971 0.08889651211 0.001)
(3.466409885 0.08528767277 0.001)
(1.533590115 0.01471232723 0.001)
(2.278810838 0.07579557676 0.001)
(2.721189009 0.02420450495 0.001)
(2.640995737 0.08051769483 0.001)
(2.986288966 0.04962133479 0.001)
(2.013711034 0.05037866521 0.001)
(2.846396534 0.01530346672 0.001)
(2.153603466 0.08469653328 0.001)
(1.079685793 0.0419575916 0.001)
(0.2186823875 0.08339971489 0.001)
(3.920322289 0.05803702022 0.001)
(3.324888851 0.04940867244 0.001)
(1.675111149 0.05059132756 0.001)
(3.374446508 0.01439263871 0.001)
(1.625553492 0.08560736129 0.001)
(1.275032952 0.04445461332 0.001)
(0.8592784365 0.07120146859 0.001)
(4.140721513 0.02879853141 0.001)
(4.719599692 0.02693671171 0.001)
(4.949627515 0.06389729004 0.001)
(0.0503724846 0.03610270996 0.001)
(2.061585107 0.01399327832 0.001)
(2.938414893 0.08600672168 0.001)
(3.776994775 0.05258736862 0.001)
(3.904573043 0.085253969 0.001)
(1.095426957 0.014746031 0.001)
(0.7879127708 0.08017960065 0.001)
(4.212087229 0.01982039935 0.001)
(3.40041548 0.07508772331 0.001)
(1.59958452 0.02491227669 0.001)
(2.360381372 0.01947450732 0.001)
(3.725506592 0.01394769711 0.001)
(4.785292703 0.01536844278 0.001)
(3.94358388 0.07911684354 0.001)
(1.284397088 0.02706253671 0.001)
(1.056412835 0.02086755355 0.001)
(2.660212736 0.07189335627 0.001)
(0.2589059802 0.0817457079 0.001)
(2.454125902 0.05338293361 0.001)
(0.0275336523 0.02738055447 0.001)
(4.972466348 0.07261944553 0.001)
(0.2393269763 0.07302505644 0.001)
(3.137217531 0.04267295949 0.001)
(1.862782469 0.05732704051 0.001)
(4.430090155 0.08534837181 0.001)
(0.569909845 0.01465162819 0.001)
(4.434632943 0.01312683601 0.001)
(0.5653670571 0.08687316399 0.001)
(3.721634718 0.08649542714 0.001)
(2.412709366 0.01472071402 0.001)
(1.2743077 0.08550618318 0.001)
(4.74017702 0.08176842494 0.001)
(2.611958672 0.02667961551 0.001)
(1.042217739 0.07850448414 0.001)
(3.854369534 0.04907539441 0.001)
(1.145458855 0.0510348743 0.001)
(2.629821979 0.0803212485 0.001)
(0.2186497037 0.01545064088 0.001)
(4.781469176 0.08480071295 0.001)
(3.805043372 0.05098853435 0.001)
(1.191908395 0.04622971445 0.001)
(1.835323532 0.01985734394 0.001)
(3.164676468 0.08014265606 0.001)
(1.81421675 0.07762064453 0.001)
(3.18578325 0.02237935547 0.001)
(3.520734356 0.04991234494 0.001)
(1.479420627 0.04977086695 0.001)
(3.957853621 0.0230551906 0.001)
(4.387632603 0.04836670313 0.001)
(4.412738298 0.04863921676 0.001)
(0.6123673972 0.05163329687 0.001)
(0.5872617021 0.05136078324 0.001)
(2.340066618 0.02770974059 0.001)
(3.988916174 0.02847315432 0.001)
(0.2138810014 0.04885015599 0.001)
(0.1187692569 0.05421929118 0.001)
(4.881230743 0.04578070882 0.001)
(0.7850712076 0.03376362021 0.001)
(4.214928792 0.06623637979 0.001)
(3.701170564 0.03305626914 0.001)
(3.996162707 0.08083867315 0.001)
(4.476827561 0.01905319858 0.001)
(0.523172439 0.08094680142 0.001)
(4.249777632 0.08553133409 0.001)
(0.7502223677 0.01446866591 0.001)
(0.750365806 0.08623109695 0.001)
(4.249634194 0.01376890305 0.001)
(3.123028006 0.087049335 0.001)
(1.876971994 0.012950665 0.001)
(3.277612144 0.04285901367 0.001)
(1.722387856 0.05714098633 0.001)
(1.532456671 0.08502455475 0.001)
(3.467527397 0.01497032377 0.001)
(4.759220626 0.07343721837 0.001)
(2.062659577 0.08562592411 0.001)
(2.937340423 0.01437407589 0.001)
(3.68470195 0.0193385425 0.001)
(2.314666102 0.01649044807 0.001)
(2.685422566 0.08348691167 0.001)
(1.004329713 0.01635340474 0.001)
(4.726378385 0.09146457007 0.001)
(2.846220459 0.08457775833 0.001)
(2.153779541 0.01542224167 0.001)
(2.364755491 0.0801891543 0.001)
(2.408700961 0.08688502376 0.001)
(2.591101978 0.01445175622 0.001)
(2.592206439 0.08659802609 0.001)
(2.790809077 0.0498366311 0.001)
(2.209190923 0.0501633689 0.001)
(0.2692828832 0.01638844428 0.001)
(4.785911243 0.05126887057 0.001)
(3.956581992 0.07900353181 0.001)
(3.375010309 0.08450227116 0.001)
(1.624989691 0.01549772884 0.001)
(1.043392834 0.02098144632 0.001)
(2.635136513 0.01972077026 0.001)
(2.654311617 0.0820963489 0.001)
(4.100775245 0.05008675796 0.001)
(0.8992223208 0.0499140377 0.001)
(1.826775045 0.009260009446 0.001)
(3.173224955 0.09073999055 0.001)
(2.34599356 0.01779440297 0.001)
(3.612704906 0.02953078192 0.001)
(1.019737492 0.05724921592 0.001)
(1.277847779 0.0131892161 0.001)
(1.969983587 0.05456616095 0.001)
(3.030016413 0.04543383905 0.001)
(1.319111439 0.01910479716 0.001)
(4.245936743 0.02988229892 0.001)
(0.7540632573 0.07011770108 0.001)
(3.563402124 0.04429988134 0.001)
(4.729635527 0.01807245365 0.001)
(4.972508035 0.02788248334 0.001)
(0.02749196476 0.07211751666 0.001)
(1.39497553 0.07622366404 0.001)
(0.1657592637 0.04686542789 0.001)
(4.834240736 0.05313457211 0.001)
(2.356791088 0.09078835637 0.001)
(2.644092406 0.008554740622 0.001)
(0.2240745913 0.03146012681 0.001)
(3.140820014 0.0101322588 0.001)
(1.859179986 0.0898677412 0.001)
(4.551362207 0.07626999485 0.001)
(0.4486377927 0.02373000515 0.001)
(3.413328937 0.01896703956 0.001)
(1.586671063 0.08103296044 0.001)
(2.892594851 0.01864085698 0.001)
(2.107405149 0.08135914302 0.001)
(0.009721410831 0.09033360078 0.001)
(4.990278589 0.009666399216 0.001)
(3.969463544 0.0755194482 0.001)
(0.009844307963 0.0097927301 0.001)
(4.990155692 0.0902072699 0.001)
(4.3106657 0.02331512958 0.001)
(0.6893343003 0.07668487042 0.001)
(0.3845269955 0.07753963938 0.001)
(4.615003344 0.02301557399 0.001)
(0.3316942977 0.08000439181 0.001)
(4.497820528 0.08558775689 0.001)
(0.5021794721 0.01441224311 0.001)
(1.030813323 0.02425224369 0.001)
(1.782947403 0.01597949531 0.001)
(3.217052597 0.08402050469 0.001)
(1.340663082 0.08533005323 0.001)
(2.09851467 0.02194751048 0.001)
(2.90148533 0.07805248952 0.001)
(2.402729103 0.07599188771 0.001)
(2.115272892 0.09163801573 0.001)
(2.884727108 0.00836198427 0.001)
(4.559227151 0.05137928374 0.001)
(0.4407728492 0.04862071626 0.001)
(2.370781547 0.01921095825 0.001)
(2.584714418 0.04286195794 0.001)
(1.807496492 0.0884408378 0.001)
(3.192503508 0.0115591622 0.001)
(0.2732188025 0.09174676932 0.001)
(0.2692342805 0.08398676393 0.001)
(1.923739192 0.07144253234 0.001)
(3.076260808 0.02855746766 0.001)
(0.5899484573 0.01717960386 0.001)
(4.410051543 0.08282039614 0.001)
(0.8123597758 0.01101112377 0.001)
(4.187640224 0.08898887623 0.001)
(0.7748895959 0.07764030093 0.001)
(4.225110404 0.02235969907 0.001)
(3.958745635 0.09104890243 0.001)
(1.041256763 0.09094904576 0.001)
(1.253691052 0.08316984256 0.001)
(3.746308948 0.01683015744 0.001)
(0.7406740689 0.05923922992 0.001)
(4.259325931 0.04076077008 0.001)
(0.2730996763 0.008168465441 0.001)
(1.041246495 0.008946527201 0.001)
(3.958446343 0.008963968354 0.001)
(4.941676121 0.08305240933 0.001)
(0.0583238791 0.01694759067 0.001)
(2.884645764 0.09105191973 0.001)
(2.115354236 0.008948080268 0.001)
(1.11329481 0.08172516731 0.001)
(3.88670519 0.01827483269 0.001)
(4.726434034 0.008349155396 0.001)
(3.658537081 0.08533139871 0.001)
(4.807195258 0.01826702372 0.001)
(0.1928047416 0.08173297628 0.001)
(3.698425085 0.02187356871 0.001)
(0.798447471 0.08234736791 0.001)
(4.201552529 0.01765263209 0.001)
(1.795278653 0.06260709174 0.001)
(3.204721347 0.03739290826 0.001)
(0.2460480049 0.0231904717 0.001)
(1.538903181 0.07274155074 0.001)
(3.46107111 0.02725018463 0.001)
(3.429805988 0.09182547373 0.001)
(3.426663637 0.08335411955 0.001)
(1.570194012 0.008174526267 0.001)
(1.573336363 0.01664588045 0.001)
(4.752790656 0.08273023328 0.001)
(2.926980624 0.02580279642 0.001)
(2.073019376 0.07419720358 0.001)
(4.342786166 0.06035085938 0.001)
(0.6572138341 0.03964914062 0.001)
(2.853807955 0.07410854459 0.001)
(2.146192045 0.02589145541 0.001)
(0.5697118866 0.04159867133 0.001)
(4.430288113 0.05840132867 0.001)
(1.401074928 0.05328800361 0.001)
(3.430025856 0.009073132048 0.001)
(1.569974144 0.09092686795 0.001)
(1.588405012 0.09160422376 0.001)
(3.411594988 0.008395776236 0.001)
(4.690033625 0.03155309357 0.001)
(0.3031132602 0.02463010781 0.001)
(1.855939287 0.02106189423 0.001)
(3.144060713 0.07893810577 0.001)
(4.000415012 0.06265724959 0.001)
(4.730663847 0.0837234019 0.001)
(3.675424278 0.08169209302 0.001)
(2.698359868 0.02764675297 0.001)
(2.301641596 0.07234529654 0.001)
(2.433406165 0.01672769488 0.001)
(3.090840168 0.03811283526 0.001)
(1.909159832 0.06188716474 0.001)
(2.581343914 0.05978305111 0.001)
(0.2470496732 0.08108830699 0.001)
)


// ************************************************************************* //
