/*--------------------------------*- C++ -*----------------------------------*\
| =========                 |                                                 |
| \\      /  F ield         | OpenFOAM: The Open Source CFD Toolbox           |
|  \\    /   O peration     | Version:  2412                                  |
|   \\  /    A nd           | Website:  www.openfoam.com                      |
|    \\/     M anipulation  |                                                 |
\*---------------------------------------------------------------------------*/
FoamFile
{
    version     2.0;
    format      ascii;
    arch        "LSB;label=32;scalar=64";
    note        "nPoints:7356  nCells:7194  nFaces:25260  nInternalFaces:10710";
    class       labelList;
    location    "constant/polyMesh";
    object      neighbour;
}
// * * * * * * * * * * * * * * * * * * * * * * * * * * * * * * * * * * * * * //


10710
(
115
142
575
418
553
6483
206
5355
6946
495
707
790
394
5440
5869
420
534
6755
213
563
7165
373
603
6015
110
530
549
244
421
6809
373
6670
7174
160
5251
7051
428
1021
5943
47
443
5657
179
5442
7116
48
169
939
28
6238
6561
176
273
6170
724
859
7175
288
827
994
67
148
290
49
149
291
238
822
6366
31
588
5324
193
366
1086
79
249
4808
91
536
795
129
294
6187
116
6282
415
478
6826
869
6886
7193
997
6215
183
741
7038
39
5421
6490
50
5470
6678
80
6245
6571
293
4279
5600
173
325
819
312
727
6275
510
7157
476
5448
6718
187
326
362
270
312
7155
279
289
4982
136
231
246
111
899
943
147
184
607
896
5777
5080
6279
775
6620
396
6060
74
269
6527
695
859
7015
98
354
5377
263
6378
7005
224
485
1850
143
469
981
280
322
372
281
323
711
119
6607
6886
99
1054
3695
759
876
6048
65
438
809
758
6306
7191
195
3642
5484
490
772
457
609
6924
740
6579
759
6462
7129
155
5214
5461
153
684
924
146
308
601
217
275
7159
253
442
2956
210
4999
292
358
6969
84
892
1218
118
745
4074
85
5788
6411
430
917
236
481
145
782
4801
419
462
4961
392
6136
6462
5148
5941
143
6056
312
675
6330
300
454
1180
101
1995
5959
125
387
7017
763
5205
5587
2321
6934
515
663
6637
171
702
703
436
548
866
264
278
5091
226
514
662
107
535
7102
229
5681
704
5405
524
6836
6915
5326
5561
175
460
926
211
344
108
522
6274
480
772
6340
221
6911
6964
147
6141
5355
7047
265
801
5322
489
594
1054
5650
228
285
5943
286
448
846
989
6501
6816
735
6271
752
5275
237
299
1090
537
722
520
6310
130
5301
5719
195
5364
6461
238
663
7050
274
376
7076
188
629
5127
279
5374
534
6129
6719
185
5227
5573
260
365
683
5263
5489
735
5950
339
595
5966
187
517
5506
181
575
5102
250
1007
6847
245
247
666
166
984
378
654
7029
230
612
5231
212
5289
6575
173
232
5659
909
5068
5402
5375
6303
6137
235
654
6842
5749
5787
399
993
334
551
1010
552
849
356
5196
5382
446
635
839
155
571
6892
264
5337
220
1907
6036
800
724
5876
6983
5175
6249
6777
341
667
2030
5551
5559
6931
5740
6368
391
523
887
519
522
6526
207
3842
6093
576
936
2205
418
662
738
5224
5571
833
6137
7005
254
6851
7154
5331
5805
392
479
809
416
4984
617
760
6573
6424
364
688
6904
306
516
781
7111
5279
5559
6846
446
474
5314
297
1017
495
6546
7191
815
5340
6653
6726
215
5175
689
771
851
6131
203
5564
5939
6830
555
286
5402
7122
453
1026
6119
353
636
2218
210
413
798
5635
5734
329
374
3336
7121
198
5607
5991
378
6827
7098
659
5747
837
6831
7187
393
3565
5095
5344
6951
6961
467
5280
6786
1023
6542
566
795
5964
480
5395
7186
5442
6813
298
743
404
5939
6998
223
616
6263
1114
671
5111
5502
5604
5919
6296
364
665
839
554
622
275
399
908
601
6691
219
862
5798
5543
5689
641
5945
912
6732
764
5900
6635
847
5633
532
768
5440
6843
7192
5879
6144
310
511
2538
870
872
5026
5584
477
930
6337
6979
5830
5910
6916
333
604
5138
324
7064
320
6477
1154
5727
5178
268
5638
5738
762
6752
7036
345
388
7008
889
5260
6324
311
401
6221
5281
5448
440
902
5022
5503
3952
5826
361
5695
7114
791
5224
760
6524
429
615
3137
298
5395
7186
787
6075
688
5765
380
511
585
342
398
6068
276
606
347
680
4478
473
501
6339
540
6156
425
659
6325
283
5699
6092
979
6502
927
599
6887
272
334
5842
340
1000
6486
501
5799
653
4993
376
5745
681
695
5437
729
6141
360
561
746
5665
5665
5080
5122
403
5556
5702
806
4959
1031
6385
398
496
5222
7146
5372
6982
5624
6010
6755
354
6681
6442
476
6443
6957
405
6676
702
5032
6013
6011
6385
6083
6249
499
2120
379
1085
5553
344
369
463
324
956
3808
627
831
855
5499
488
592
5887
486
5190
5243
698
990
6001
466
5315
5450
367
969
6406
363
5078
402
5293
5943
538
6542
416
472
5118
426
900
5479
7068
557
803
1526
610
756
3727
411
818
5847
578
849
7173
423
894
1026
572
641
6154
487
5988
6949
5825
6395
467
5845
6901
493
6331
494
6052
6935
701
6046
753
7124
685
6027
6661
410
972
6068
579
631
335
619
5438
944
989
5987
499
5517
5683
5177
431
336
504
1009
5302
456
6523
6534
343
5475
6109
962
5973
1011
5860
374
5666
529
5812
5662
7142
5118
7172
7190
417
821
5563
765
5348
580
776
4790
563
5482
5982
683
4995
5397
568
1010
5791
361
5694
6955
5537
5816
565
854
1843
892
1232
519
809
1055
370
6024
533
777
2120
976
5971
6582
6361
7019
973
5473
474
5936
6495
5209
6103
5348
5593
657
667
754
416
968
726
385
607
805
538
5927
913
3558
500
829
6506
6275
540
690
5010
7125
482
710
433
900
382
5842
7153
483
719
541
3379
5733
523
582
624
5616
6247
744
847
1015
938
6110
527
5554
5550
6705
7156
5501
6598
7065
5217
5833
7129
5455
5760
5911
6015
407
776
996
5651
6129
477
640
946
808
1080
430
644
5030
6656
6992
5656
6923
6748
6939
434
6542
6193
6377
723
5989
526
5489
630
5407
5680
503
5589
6106
6327
6510
1082
6191
761
959
6248
6253
6559
508
732
6575
6125
6792
3670
5792
948
454
5620
763
6145
961
6357
432
5281
6485
5778
7067
500
6699
7136
5301
5558
608
2842
445
5939
6774
849
870
1535
5326
4896
483
771
5475
7113
717
5145
601
7054
471
5706
6151
6741
6780
909
5982
7018
480
873
470
2529
6919
518
6046
571
5288
7188
5368
5525
5266
6373
866
6470
6754
811
6023
6883
5726
5953
7031
5470
5742
697
5381
5521
502
4929
5282
784
873
7186
5387
5669
6081
6123
6715
5619
468
896
6270
517
5498
5884
7190
461
3560
5155
682
3495
5926
507
4807
725
910
1050
6208
546
1081
673
6506
6586
5285
6122
6958
5661
6003
5154
5577
6057
505
6302
5155
6039
5081
6190
750
5782
6334
6515
558
1003
5185
484
5310
5694
6967
1055
6161
959
5797
5204
570
5944
1047
5598
5583
5985
995
6309
649
6968
867
868
519
7185
751
5523
5534
755
5458
5465
6011
6013
1051
1018
5052
649
6051
6587
767
812
6135
777
5858
5265
5019
5192
1061
6398
796
1008
6200
6411
5862
6574
7119
874
916
5604
5868
560
5267
7030
6598
7024
3644
566
860
6523
698
6220
7178
530
5420
5305
7119
739
4793
860
666
5755
5467
6516
526
737
5710
6650
826
6121
7105
5567
5594
6950
5744
799
7096
661
3414
6706
5206
5989
1020
562
5227
5383
640
947
1939
5625
6838
699
5218
593
655
757
1015
1023
1006
6019
6795
4995
5490
5983
1024
6112
7115
634
960
5090
5262
5669
6513
553
662
5674
671
6071
694
844
1034
6660
6968
705
5885
687
5843
7156
872
870
698
865
6696
888
941
5260
5677
5919
5892
5992
1022
6066
826
5350
6291
6044
6674
6350
7189
5476
6269
7101
816
886
5993
1011
6353
593
804
6342
6753
763
6579
598
1007
6361
5251
7097
5252
5663
5934
589
6275
6799
588
978
4847
5546
897
5643
768
769
2625
5979
6620
714
5158
821
4783
5762
5797
7184
669
5268
584
5760
6179
5176
5538
5746
6416
616
5970
6159
974
986
5512
4787
617
6121
894
6342
6876
798
1118
6584
1004
6051
793
857
6058
5682
6932
718
5757
6261
787
788
4690
1026
7166
1018
5352
5321
5826
7188
965
6305
6445
5586
5911
630
5408
656
5837
939
5120
699
714
3336
5655
6267
682
5581
5881
6224
6983
5628
5799
639
786
6478
762
6390
6597
5361
5661
744
6915
626
939
6285
5987
5999
5990
6733
6916
712
5373
5376
945
6655
995
5241
6479
5350
6251
1004
6817
6926
928
1000
931
1002
935
958
1001
5803
6989
6801
642
5666
643
942
5329
646
792
6190
645
943
940
7118
1022
5351
706
5044
5445
5981
6123
6786
4418
5524
769
2096
878
5135
881
5121
877
5126
882
5113
884
5115
885
1061
5133
1010
5606
6976
810
811
976
7120
963
1169
6207
5500
6947
7071
700
5804
5896
693
5891
6312
6594
5811
6734
773
6010
6999
1864
5477
5486
5961
5547
6043
6434
825
6212
7149
1030
6543
5673
2222
692
722
5552
887
3041
792
5081
5566
1076
696
5729
6725
708
6769
778
1091
6018
695
6987
1076
5159
5329
747
6489
6752
5685
6636
6951
5183
5304
7151
5412
5583
982
5754
5580
5810
5636
5759
6484
6702
728
923
5488
716
6370
6539
805
1201
5515
5717
5837
757
6479
5999
6116
6149
6247
5972
6517
5676
6770
5172
6177
6488
902
5958
5374
967
968
731
5441
5949
6058
5045
5756
6196
6404
5154
6262
3607
5659
6332
5401
1025
6068
1201
5264
5275
6200
6615
774
725
3914
5411
6516
7161
828
6428
6783
5478
985
5087
6767
5167
5262
7117
3997
5401
7021
1430
5478
6121
7144
898
5425
6674
6894
766
5907
6764
5375
5471
953
5717
5262
5664
6759
843
5496
5743
5935
773
6051
6790
813
996
5597
5879
5776
5918
5914
6700
7057
7133
749
6163
6537
784
7032
745
5970
908
5763
6698
7033
5377
5681
6935
6280
7042
883
4984
5425
6115
5948
6635
5259
6889
919
5666
5908
6589
5295
6426
6308
5965
6638
5748
7014
5611
6461
6047
6745
6901
969
4102
6646
6965
2123
6970
1303
3060
5328
5699
5828
5967
6817
900
929
5567
6170
5263
5518
5399
6499
5549
5924
6633
874
934
5031
5979
7103
5287
6441
875
941
1102
975
5314
5790
5975
5354
6066
2175
4563
6417
6139
6599
7155
5693
6130
984
6154
6362
6116
6203
810
6647
6754
1432
5987
6501
5299
6010
6796
6004
6033
6392
5462
5867
4810
5992
5876
6438
7066
2050
5463
5613
6739
1034
5337
5393
948
5867
6483
5989
6811
5564
5602
6293
5563
6383
880
892
6037
5686
5978
4743
6778
824
5662
6869
2864
6648
6048
6420
1071
5328
5338
996
999
5501
5474
5544
6168
5821
7137
6272
6326
6080
6619
6981
879
5746
6033
7063
918
1000
1001
920
5637
925
1002
1003
6166
6246
893
5210
5237
1014
6209
7073
2796
5083
5557
6682
6791
955
2156
5332
6450
864
1057
6165
5255
5319
5687
1077
5316
5731
1032
5284
890
914
6602
7061
6129
6286
6649
1064
5467
6458
894
5613
7166
862
5574
866
6655
6692
1038
5253
5273
958
5855
856
1181
1205
6399
5300
5528
904
1012
6330
6203
5184
6316
6678
5542
5907
6762
7147
1043
2865
6412
7068
1020
5277
1019
5300
7038
7057
5297
6320
7170
5606
6136
4894
942
5180
6768
7091
5160
5158
5157
5164
5159
5165
5161
5162
5163
5547
6471
1083
5180
1036
5631
1043
5653
5656
6161
7129
1083
5217
962
6487
6772
1057
5388
5693
5176
6593
960
5829
998
6342
6626
5321
954
5821
6890
964
2859
1108
5635
5701
5202
5895
6132
5199
5716
5969
6169
6429
1066
5839
1063
5226
5239
6098
6466
1037
6574
6380
7012
5946
6038
6732
5107
5132
5101
5126
5100
5106
5097
5135
5142
5146
5143
5144
5759
5108
5114
6140
5105
5130
5141
5144
5099
5140
5107
5112
5141
5147
5100
5120
5125
5145
5117
5139
5140
5146
5097
5130
5811
5109
5110
5894
5132
5134
5103
5106
5540
5708
5605
6266
7067
5770
6943
6026
6096
1166
1035
5405
6427
6806
6370
6470
5139
5216
5131
5216
3789
5332
5825
6571
1056
5442
5844
5676
6109
6927
6274
6591
6650
5986
6771
5925
6855
2678
5905
5377
6681
5884
5898
6850
980
6245
5733
6485
6616
6278
6064
6089
5657
6002
5800
6775
1008
1009
1639
5460
5480
1046
5423
2839
6300
6339
6327
6366
6611
5812
6903
1047
1795
5323
5676
5183
6136
6350
1050
6059
6153
4895
6217
6166
6699
5157
5358
6246
6432
6599
6987
5540
5643
6560
5934
6625
6766
5951
6927
1039
5925
7171
1013
5713
5968
5333
6212
6697
5317
5463
5951
1113
5173
5187
5927
6045
6931
7077
6308
5086
5684
6069
6785
5500
6953
1011
1062
5354
7039
5244
5670
6536
6676
6931
6715
2929
2091
2865
5213
5984
6126
6320
7082
6720
1027
1052
1195
1056
5293
6975
1068
5318
6144
5748
6645
5186
6331
6574
6670
6273
6695
1074
5410
5742
6178
6442
5339
6684
6928
5765
6519
4895
5511
1040
5005
1123
5076
5088
1079
6553
5677
6250
5586
5754
5284
5529
6021
7146
1084
2330
5496
6134
6352
5086
5325
5794
1141
5067
5079
5345
6200
6408
1081
5507
6182
1149
5059
5073
5276
5813
6400
5932
5211
5965
1150
5042
1070
1071
4386
5649
5844
6923
5213
4011
5835
5863
1151
5052
5352
1077
1078
1410
5781
1090
5363
5210
5229
6505
6897
1100
4998
5036
5104
5601
5133
5356
5601
1093
1094
2834
5628
6077
1435
5327
3096
5242
5659
6424
5288
5321
5958
1098
4891
5246
5729
5972
6207
2042
4077
5824
1102
1103
5233
6421
1107
2847
6002
5229
5024
5313
5206
5814
1096
1108
4816
4994
5004
1092
5591
5836
2868
5775
5901
1111
6581
6585
1106
2844
4990
5398
1115
1116
1096
5209
2843
1099
1106
6017
1119
5768
4928
1177
4978
1186
4975
4976
1122
4981
6035
5417
5429
5824
1112
1113
2654
1127
5179
4973
4781
4965
4967
5166
5168
5234
1134
6025
3066
5174
3308
1118
1124
4964
5487
1136
4996
2852
5298
6559
2871
1143
4955
1121
1130
3425
1129
3738
1147
4988
1135
3135
2869
6527
1144
1171
1174
1145
1197
4798
1150
6071
1141
1142
3142
1172
3599
1144
1173
1146
1172
3425
1206
4920
4922
1148
1149
3058
1154
5430
3878
4905
1160
4966
1138
4903
5603
4878
4901
1140
4880
4912
4888
4909
3559
2556
5066
1163
4989
4945
4925
4963
1197
4949
1166
1167
3451
5060
2361
1169
1152
2268
1162
3420
4900
4915
4942
1175
4910
4917
4962
1158
4858
4869
4802
4873
6009
1182
3129
1161
3891
4890
1179
4789
4924
4938
4809
5520
1180
1181
1173
1174
3281
1237
4829
4838
5803
1183
1184
1176
1177
3314
1185
1182
3687
6498
2527
4902
4916
2354
3513
1187
1188
2415
4977
2595
4791
4820
6135
1191
1192
4961
1193
4884
1194
5010
5908
6512
1195
5815
4978
5029
1196
6565
4797
5724
4831
4868
4898
4836
4859
4883
1199
4974
1198
4794
1200
5014
1201
5526
4986
1202
4800
2243
1203
4815
1204
4796
1205
6495
1207
1208
1209
4818
1210
4764
6425
4916
4949
1212
4770
1211
5789
1214
4757
1213
1215
1218
4772
1217
4806
1242
4803
1220
1221
1219
1222
1219
1242
4760
1234
1235
1232
1243
1244
1245
4747
4805
4749
4771
4589
4717
4753
1229
1233
3162
1230
1349
5611
4759
4762
4765
1240
1257
4201
1246
1249
3172
1230
3148
4535
1238
1239
1741
1323
1257
2432
1337
4630
4710
4774
1265
1275
3918
4809
4844
1241
2289
1428
5435
1246
4428
1298
1550
4759
1387
4752
4249
4763
1376
4751
2432
1251
1413
3749
2900
4496
4561
1275
2377
1302
1312
3467
1282
2125
1295
1301
2054
1271
1401
1966
1270
1281
3636
1310
1317
2814
1306
1333
3133
4535
1318
2068
4672
1393
1469
1491
1660
1729
1801
1382
4213
4387
1279
1284
3716
2037
4465
5311
1272
4188
4374
1301
1315
4603
4709
4722
1274
1381
4093
1351
1765
3154
1276
1340
3881
1293
2331
1307
4207
3681
4728
1280
2215
5831
1396
1769
4428
1351
2568
4374
4533
4602
1280
1329
1405
1327
4385
3277
1306
4636
1290
4100
1426
4123
4401
1379
3835
1362
1883
6261
1291
1426
4272
1371
1412
3234
1344
1483
1881
1307
1793
3761
1304
3001
1381
4002
2365
3803
4467
1412
1868
3726
4146
4552
1343
2235
1563
1918
3225
1340
2134
4041
1317
3092
1359
1380
1747
1305
1450
3503
2377
2678
5709
1366
2714
1364
1766
1425
3441
2636
4532
1313
1417
1577
1355
1475
3563
1327
2640
1848
4257
4325
1349
3148
2290
3911
1326
1813
3883
1331
1343
1338
2335
5461
3419
3360
4454
1389
1515
2587
1438
1453
2240
1640
3675
3751
1329
1502
1601
1737
4775
1440
1530
3169
1504
1799
2085
1484
2178
3092
1378
1395
4207
3505
1751
2373
3742
1900
3264
1471
1552
1693
3447
4368
1385
3671
4317
1418
1595
2749
1521
1913
3403
1700
4725
1402
2805
1416
2776
5558
4520
1359
1606
3548
1396
1525
2188
1448
1460
3390
1545
1567
2376
1391
2488
5407
1503
1819
3965
1681
3874
5423
6248
1612
2643
3843
4566
1463
1496
3661
1392
1845
3855
1462
2242
6353
1815
3534
1452
1647
1859
1367
1548
4027
1485
2892
4362
3417
1646
1853
2213
1373
1386
2243
1475
3830
1541
3765
3947
1658
2064
1780
2501
3524
1850
2807
2364
3704
1429
1548
1551
1388
1589
3607
3049
3550
4235
1659
1905
1404
3475
6307
3969
4798
1569
1711
2468
1623
2106
3028
1524
1798
1728
2093
2991
1401
5534
1390
3097
1384
3457
4015
1413
4562
1433
3637
4885
2906
6157
2152
4376
1613
2465
1802
1806
2589
5822
1594
3849
1429
4027
1839
3497
3146
3498
2308
3561
1629
3310
3405
1861
2164
4002
2058
4009
4114
3205
3974
4409
1505
2828
4616
3834
4442
4662
3123
1573
2343
1512
2697
4509
2166
3378
1870
3069
1520
1758
1877
1654
5518
5779
3956
4394
4479
1575
1578
2649
1557
1725
1492
1923
3366
3805
4334
1454
2425
4598
1489
1719
3993
1864
3424
1703
3779
2008
2143
1486
3002
5929
1501
1560
4202
1489
1759
1931
3206
4263
5706
1696
1796
6359
1938
3939
4151
1480
3376
4600
1518
1526
2275
2812
5294
1835
1473
4157
1490
1587
3082
1494
2937
1888
2547
1683
2157
3356
1950
3201
1591
1745
3813
1951
3482
3818
1849
3550
3561
4471
4518
1539
4069
2221
2469
3628
1617
1872
1895
1478
1645
2982
1812
1949
3496
1537
1541
2557
2439
2902
4373
1476
1786
1906
1913
1987
1522
1871
2062
1563
2911
3809
3903
3933
1640
4065
3049
3592
2201
2567
1468
1778
3088
2073
3306
3733
1576
2647
6557
1832
3610
4180
1474
2342
3499
1648
1792
1590
1776
4294
1843
2651
2580
3825
1529
1651
2670
1624
1705
4605
1926
2421
3291
1508
1731
3815
2132
3302
1511
4448
1823
1897
3938
2433
3019
1553
1639
2688
1513
3560
1960
2423
1884
1712
3840
1572
1664
2489
2038
2164
1570
2190
4690
1649
3736
1573
1688
2751
1503
1879
1949
1504
4316
1869
3755
1904
2251
1523
2566
1531
3562
5970
1603
1678
3645
4145
2053
3259
1619
1869
2531
2710
1626
2179
2498
2321
2952
1496
1676
1714
4132
1596
1961
3047
1499
2416
4498
2194
3144
1698
3713
6536
2103
3882
1568
3069
4239
4426
3128
3824
1561
3337
3987
1528
2436
5270
2017
2303
1599
1659
2015
1723
1996
2965
2266
2795
2089
2453
1956
2059
1983
2326
5433
3537
3790
1588
1733
3383
3772
4255
4461
1989
2050
1744
2757
3556
2766
4032
2573
3811
1915
3382
1615
5840
4249
4705
1898
1974
4810
1630
2325
4550
1637
2899
3439
5829
2380
4422
3147
3345
1631
1675
1781
1658
2079
3454
1592
1806
4755
1995
2631
1752
1997
2062
2133
2337
1675
1778
2197
1707
3064
1546
1992
2006
2065
1652
3872
4218
1746
1885
3288
1616
1681
2396
2067
2261
1762
3313
1753
2401
4432
3876
1633
3052
4592
1628
1873
2140
2660
1614
3704
2077
2091
1699
1759
1988
1717
2224
2451
3626
3913
4013
3132
4182
1924
1977
4441
1580
1780
2987
3987
4110
2324
2891
1597
2477
3545
4488
1665
3207
4688
1792
2211
3511
1627
2732
5457
1703
3672
1622
3465
2347
3714
2434
2665
1634
2306
4553
2257
2993
2511
2383
2826
3906
2254
2584
2020
2180
1582
1981
1717
3034
1622
2346
2585
1686
3057
1856
1915
1946
3866
3873
1650
1933
3581
1732
1743
3017
1667
1757
2428
1610
2314
4720
1932
5390
2577
3807
1691
3541
3776
4436
2423
3756
2119
2484
3276
3572
3767
1878
2274
3094
3932
1979
2542
2245
2910
3313
3344
3776
2212
2291
1635
2073
2675
1998
2173
1614
2364
4192
1682
3808
1890
2295
6318
1760
2238
3884
2290
3779
1704
2113
2438
1917
3173
3538
1814
3707
4845
2209
2417
1660
1748
4263
1973
4349
2925
3886
2138
1825
3832
2150
3242
2153
4056
3615
3715
3846
2795
3566
2099
2361
5225
1963
2385
4243
2938
2583
4211
2021
4401
1663
3540
3823
3335
4870
2414
3009
1944
2095
4046
4156
2369
2672
2015
3260
4269
4281
4508
2139
2444
2712
3007
2148
3011
1706
1804
2456
1641
4262
1677
3210
4376
1975
4369
2374
3305
3094
3376
3667
1718
3357
4734
3046
3988
4042
1861
2685
2008
3094
1650
2087
1689
2011
2036
3667
4369
2013
2334
2487
2664
1796
3340
6155
1711
3814
1724
3289
5589
1729
3751
4297
2707
3536
4190
3845
1781
4634
1816
3625
3674
1755
2626
3539
2615
3530
1775
3657
2657
3833
1777
1825
3033
1844
2048
1934
3324
3515
2735
3903
3963
1837
1891
2466
2018
2185
4496
1906
3606
3978
2218
4120
5494
1739
2109
2300
2159
2623
2924
2722
3392
2082
3402
2372
2397
4255
1761
2989
3702
2967
3348
5751
2122
3915
1912
3964
4290
3323
3352
3635
1709
3524
3083
3927
3937
2034
2338
2211
2272
1784
1908
2121
1993
2323
1713
3741
3911
1955
2005
1936
2227
3541
1727
2564
2812
1932
2053
2366
3552
3617
1747
3330
1738
3316
1939
2336
1867
2799
2934
1911
1940
2816
3873
2232
2895
2305
4123
2022
2582
1969
3296
1924
2111
3055
2441
2784
1763
1893
2612
3438
2017
2127
3915
4038
3723
4164
2198
2366
5552
4359
4417
4626
2140
3826
4106
1846
1853
1860
2307
3395
2389
2555
4380
3417
3672
3779
3393
4341
2025
3139
3797
4432
2261
2370
2429
2944
5200
1891
4321
4338
3790
3849
5319
2127
4954
2463
3741
1844
4200
1786
1926
3517
1910
2142
2617
2138
2510
3949
1971
5802
2478
3250
3652
3665
3074
3110
3957
1873
2541
1774
5546
5686
1981
3911
2442
3995
4923
4947
2492
3673
5670
3519
6244
1789
3068
3745
1756
2208
4148
1820
4290
1915
3739
2052
2461
1790
2803
3605
2233
2918
2210
2801
3512
3742
3928
4070
4089
1894
3916
2921
6493
1886
2682
4031
4205
2345
2606
3373
3117
4549
3093
3247
1787
2452
2479
1999
3688
4242
1974
4109
2083
3985
4378
3730
3941
4001
2014
3338
5640
1841
2601
3879
2141
2624
1826
2690
2705
4205
2736
3649
3406
3008
3266
4325
4126
3406
2523
3587
3593
2255
2431
3870
2098
3757
1807
1851
3691
4020
3054
4875
2358
4003
4405
1986
3597
1922
2340
2174
2409
2970
3705
1833
3471
1810
2978
5230
1850
1914
3819
1830
3368
6358
2128
3859
2029
4034
1821
3499
3640
3896
4598
3912
4760
3760
4171
4195
3214
3972
2043
2207
2824
2169
1828
2770
2144
3508
3573
2187
2220
5753
2483
2674
1827
3664
3916
2294
3900
3772
4507
3909
3923
1929
3830
2000
2299
2534
3645
3904
1829
2158
2196
4286
4493
2003
3900
3745
3798
2169
3912
3958
3977
5312
2481
4042
4116
2023
3763
3860
3783
4264
2344
3106
2368
3015
1907
2883
1925
2213
2780
3394
4347
2348
2786
2388
2585
2690
2254
3835
2112
2385
4393
2997
3737
2217
2229
2968
1882
5680
2167
2798
4258
3728
6007
2058
3970
4534
2195
4063
3922
4429
2008
2825
3795
3817
4096
3010
4635
2793
3051
1856
2045
2105
2127
2419
3208
1901
3189
3539
1874
3728
4717
2344
2009
2018
4561
2796
3333
5416
2733
3934
2359
4047
5917
1863
2953
3718
1866
3374
1920
1887
2872
2956
2033
4245
3222
4129
1876
1905
3295
1885
1979
2115
4233
2384
3086
3258
2601
2821
2747
3936
4332
1942
3636
2750
3731
1902
2002
2475
3823
3167
3464
3961
3705
3981
2060
4489
2192
3583
2246
3583
1961
3501
4013
3368
5525
1957
4834
2010
4903
5049
2176
2304
2628
1967
3426
4554
2705
2727
2663
3783
3726
4565
3436
3863
4140
2277
4463
1954
3174
2472
3249
3646
1930
3918
2269
3245
1962
2094
2815
3194
3293
2281
4543
2212
3619
1958
2409
3197
2558
3553
3867
2167
4197
2102
2490
4073
4396
3264
2921
5078
1987
2235
2283
3322
3982
3596
4116
2044
3263
6208
2107
5991
2200
3363
5864
3585
3941
3387
3572
4291
2036
2972
4163
2494
2818
4943
3394
3998
4364
2026
3754
2349
3603
2103
3316
6295
2575
3759
2390
3691
2695
3163
4511
2247
2323
1984
2086
3151
4117
4307
4679
2352
4579
2951
2984
5649
1978
2234
1988
2279
2478
2603
3092
1982
4901
4908
1947
2884
2045
3350
2322
3639
3909
3647
2579
4330
3571
4179
1959
3416
3528
2049
4646
4695
3614
3631
2007
3134
3490
3612
3335
4876
2096
2959
2358
2602
2992
3640
3816
3348
3622
2092
3899
2194
2512
2712
2013
2474
3379
2112
3084
3257
3630
2660
3145
3876
2088
2786
2155
2310
2924
2318
4782
2339
2982
3774
3006
3229
2168
2500
4043
2481
3393
3596
4267
4456
2212
2284
3277
1986
2252
2586
4133
3326
4244
3106
3591
2661
4315
3651
4563
6124
3798
3811
3431
3386
3468
2059
2947
3330
2985
4048
5718
2882
3776
2047
2782
2015
2165
3428
3252
2416
3796
3220
3477
2297
3465
4035
4283
2186
5472
2415
2442
3318
2082
2286
3383
4063
2166
2268
5191
2940
4377
2538
2804
2433
2513
2263
2417
3504
3685
3434
4041
2683
3164
3731
5912
2055
3053
2614
2901
3942
3619
2282
2488
3114
3767
3099
6108
2552
3843
2750
2766
2566
3266
3881
4448
4566
2239
5566
2926
3960
2831
3642
6198
2406
5182
5627
3853
4477
3124
3339
2235
2965
3216
2352
3996
4442
4301
4459
2076
2343
2873
3137
3575
2182
3404
6083
2730
3491
2500
3895
5955
2170
5236
5634
3095
4904
4912
3132
5003
2903
3361
2958
3613
2390
2280
2817
3486
3533
6167
2543
3894
2185
3325
2151
3504
3628
4933
2785
2974
2328
2759
3216
2278
6061
3493
3511
3569
2187
3132
3582
3753
3713
2681
3720
2099
3349
3466
3429
3401
4123
4272
3492
3788
3087
3585
2273
3526
3886
3380
3396
4468
4632
2840
3287
4224
2342
2362
4920
2220
2677
5034
3327
3400
4412
4159
2589
3839
6351
2249
2335
2343
2708
3482
2699
2923
3159
3328
4838
2320
3788
2440
2630
2697
2412
3410
3724
3348
3700
4112
2881
3715
5841
3006
4440
2380
4439
2135
3759
2393
3604
2130
4585
2207
3083
3140
2788
3665
3747
3582
4182
3849
5255
2637
3245
2145
3118
3277
5832
3445
3586
3009
2450
3317
3668
2488
2575
3276
2609
4513
3993
2324
2880
2895
4926
5237
3620
4478
3650
3670
2171
2705
3005
3501
3913
2377
2759
3225
2391
4456
4532
2761
4637
2326
3220
3868
2653
3786
2646
3848
6085
3532
5636
5652
2295
2969
3186
2719
4138
2336
2492
3179
2540
3453
3209
3735
2435
2678
2819
3663
4562
3632
4564
6049
2457
2711
2389
2768
3222
2172
4666
2404
5615
5619
2521
3234
2598
3765
2266
2600
2367
2733
2531
2611
3795
4451
4585
4697
3019
2883
2959
2254
2776
3601
2208
4248
2435
2590
2877
4044
2604
3921
3890
4187
4331
2639
2791
4934
3111
3733
2246
3160
3375
2230
2267
2411
5317
2722
3872
2229
3629
2296
3243
3825
2829
4936
2819
2885
3548
4038
2992
3721
2627
2677
2176
2241
3680
3462
3550
4675
2234
3237
3633
4024
4221
4411
2530
2936
5942
5857
3343
3026
3614
2535
2691
5000
2798
4294
3402
3598
3246
3333
2316
4015
2190
2706
5431
2909
3649
5732
2256
4580
3160
4863
2578
2709
2924
3487
4132
2536
3780
2595
3226
6268
3043
3945
4311
2497
3238
4344
5002
2313
3660
3139
3213
4443
2658
3012
3844
4403
3028
3567
2621
2778
4222
4573
2253
4276
2303
4019
2628
2991
2378
3997
2443
2824
3140
3477
3868
2447
3896
2328
3055
3320
2226
3422
4179
2276
3150
3248
2518
3221
2753
2774
4036
4012
2576
3312
3588
2661
3769
2948
3667
2930
3120
3827
3505
5609
2671
4030
4883
2285
2653
3102
2439
2887
3013
3476
2623
4164
2973
5903
2359
2886
3024
3122
3211
2356
4083
5176
3255
3864
2400
2440
2433
2910
3119
3086
3373
3458
2307
2454
4021
2430
4730
3292
4213
4223
2919
3814
6431
2590
2819
3027
4064
4078
3213
5707
3345
3437
3377
3494
2718
2912
2701
2432
2911
3116
2373
3512
2498
2762
3059
3271
3678
4306
3482
3488
2831
3443
6440
2823
3058
2670
2738
3341
3554
3044
3625
3295
4635
2264
2990
2310
3487
4174
2419
2691
5359
2597
3656
3686
3873
2332
4061
4062
3579
3588
3032
3269
2796
3246
5610
3881
2606
2716
2525
2394
4334
2582
2718
2725
2686
2755
5436
2790
4578
3455
3944
3283
3600
2426
4865
2321
5568
2384
3726
2395
5771
2505
3053
3474
4491
2633
4000
3442
3579
2351
3659
2740
3633
2715
4233
2832
3600
2527
2608
4918
2312
2451
2943
3419
5728
4038
2740
3428
2511
2821
3384
2413
2781
3711
3383
3693
3147
3223
3937
2574
3860
3022
3171
4944
3228
3290
2581
3558
2802
3454
4048
3357
3584
3714
3902
2969
3494
2744
3973
2568
3154
4198
3010
3295
2455
3273
3590
3654
2779
3241
3969
3122
3262
3174
5684
2673
4525
2620
3429
3477
2676
4093
3322
3351
3577
2624
2728
2571
3272
4073
2408
4231
2606
3153
3108
4110
2458
2654
6677
3239
3790
4160
3819
2598
2789
3257
3096
3388
2636
3634
2899
3305
2420
3060
3569
2878
3173
5773
3456
3109
3257
2897
3329
2685
3804
3806
4001
3323
3433
5641
3756
3739
3608
3639
2970
3197
3024
3831
3568
3604
2507
6563
2554
2898
4190
2559
2965
2914
2466
3061
3856
2465
2701
2478
2570
2954
2685
5535
2903
3623
6162
4474
3459
3440
3441
3736
3398
3280
4143
3989
4080
4678
2549
4135
4698
2486
2945
3387
2890
3793
3008
4257
2592
3380
2503
3475
5257
3037
3066
3964
2817
3658
2476
3035
3070
2545
3490
3235
3397
2548
3319
5536
2721
2666
3232
4191
2511
2601
2805
2522
4449
2460
4415
2448
2521
2958
2411
3574
3901
2676
2970
3500
2599
2769
3920
2473
4176
5614
2915
4261
2637
3749
3307
3317
3063
3458
2480
4399
2408
3082
3454
2412
2680
2774
2572
2762
2596
3737
2486
2754
2995
3016
3310
3421
3133
3484
2810
3041
5668
3190
3671
2935
3136
3605
3259
4115
2504
2702
4236
3468
3770
2669
3908
3349
3463
4242
2559
3709
2516
3391
4166
3840
2625
3935
4384
4975
2664
2783
2822
3721
2447
3078
3287
2789
3630
3328
3386
2736
2760
2975
2510
3411
2787
3866
2472
2880
2906
3432
2765
4587
3467
2554
3359
3399
3506
4427
3064
3169
3576
3544
2667
3311
3314
5432
5453
2593
4508
2593
2883
3155
3340
3638
6128
3675
3209
3302
3182
3743
5548
2885
3027
2660
2652
4867
2630
3598
2468
3391
2483
5168
2548
3192
4054
4705
3308
3365
2514
2727
4446
3141
3938
2495
3797
2562
3810
4606
2792
3145
2704
2774
3191
2517
3176
2918
3023
4332
3395
3712
4218
2483
2526
3047
2998
3212
3867
4724
3185
3332
3173
3676
3847
3965
2979
4892
2565
3146
3036
3300
2978
3181
4305
3150
3227
5960
2535
3104
3113
3453
3717
3235
2809
3954
2720
2974
3050
3085
3297
3574
5323
3449
2611
2710
4044
2748
3781
3143
3321
2544
3290
3625
2587
3442
3563
3792
3877
4507
2929
3394
4582
2717
2798
3128
3362
3450
3178
3182
2954
3338
2719
2784
3104
2773
3264
3276
3387
3759
2983
3744
3783
2543
2977
3683
2655
3473
2612
3682
2894
3500
3689
2889
5517
3142
3281
3362
5388
2737
3353
3653
3101
4515
5521
3805
2950
3251
3090
3164
2741
3254
6252
3315
3378
2613
3816
2579
2569
2931
3015
3560
3713
3471
3568
4226
2721
3151
4721
3332
3484
6032
2630
4057
4237
2679
3194
2636
2932
2941
2682
2887
3543
4855
2544
3044
2650
2812
3118
3480
3025
3113
3232
3396
2928
3475
3696
3278
3534
4101
2792
3876
2732
3463
4303
2661
2800
2939
3020
4296
2651
2912
3531
3184
3000
4196
2905
3281
2742
3748
2577
2962
3233
2594
2746
3878
2615
2937
3131
3196
3573
2710
2877
2904
2622
3091
2775
3855
3065
3275
3287
4583
2890
5607
3081
3274
3158
3346
2697
3778
3522
3956
3333
3385
3497
2641
3435
3693
2657
2963
3513
3223
3324
3336
3589
2771
2908
3564
2830
4336
3763
2953
3485
3283
2669
3326
4935
3679
2825
3138
3461
3774
3279
3286
4090
3135
4425
5093
2662
2785
2629
4353
3800
2729
3267
3434
3523
4497
4927
3126
4385
2656
3518
3377
3732
3967
2663
2983
3107
3171
4330
2713
3641
3056
4229
5468
3507
2616
2674
3112
3230
3440
2952
3165
3910
2641
2966
2737
4091
6325
2694
2723
2896
3021
3363
3781
4915
3093
3199
2829
6511
2808
2649
2700
2991
3476
3088
2916
3062
2781
3838
3112
3179
3673
3058
3398
2731
2827
2879
2827
3098
5744
3258
3101
3152
4632
3430
3768
2791
3716
4664
2787
3224
3894
3020
3120
2765
2901
3103
3254
3489
6555
3461
3532
2963
3414
3143
3385
3852
3189
3003
3091
3554
2711
3955
3470
3037
2910
3146
2959
3052
4712
3452
3460
2806
3543
4204
2724
2997
4058
2722
2901
3452
3178
4087
3057
3928
2751
2897
3157
2888
3045
2723
2934
2772
3365
3312
3370
3181
2696
2811
3358
3260
2972
3111
2816
3085
3497
3581
2842
2725
2912
3448
3549
3676
3105
6408
3051
3397
4072
3188
4018
2706
2955
3460
2993
3509
3100
3200
3745
2811
3882
4028
2739
4030
2760
3412
3156
4266
2736
2909
3615
3188
4287
3034
3253
3425
3012
3743
3303
4108
5169
2733
2920
2956
3184
4061
3329
3571
3062
3833
3036
4431
3050
3073
2808
3309
3342
3392
2767
2908
3343
4150
5336
3551
2990
3215
3294
3018
3110
5459
2750
2987
3042
3587
3161
2776
2933
3115
3350
3423
4195
6187
6319
3056
2804
2882
3578
3796
4341
3100
3439
3597
3031
4193
5220
3130
3198
2935
3109
2840
3078
3641
3401
3445
3168
3351
3908
3134
3473
3029
3746
2893
3418
3389
3467
3384
3176
3302
3735
2920
3677
3195
3617
3419
3520
3233
3659
4136
4215
6590
3035
3075
3472
3596
3033
3294
4643
3271
2940
3134
3697
3304
3611
3888
3293
3214
3242
4211
2894
4345
3240
3304
3361
3766
3192
5212
3002
3065
3193
3403
3303
4413
3004
3017
4133
3231
3487
3526
5239
3038
3208
3137
3607
5242
2809
2884
4410
3215
4069
3286
2907
5569
3275
2946
3976
3072
3175
3334
3462
2823
2892
3030
3523
3363
4059
5974
3018
3355
2801
3177
3435
2980
3845
3251
3791
3644
2971
3420
4830
2921
3077
2964
3350
3127
5630
3038
3016
3826
3889
3072
3520
3111
4540
3410
4173
2994
4917
3098
3130
5710
4753
3392
4259
3451
3623
4145
2998
3752
4420
3161
4268
3095
3126
3189
3621
3402
4527
2849
2861
2836
2862
2837
2850
6488
5215
2855
2839
2861
2860
4417
2852
2867
3589
4928
5400
2864
2874
2868
2875
2853
2859
2868
2874
2862
5638
5617
2855
2869
2857
2864
2869
2871
5804
2863
2867
5618
2863
2875
5890
5738
5716
5399
6453
5201
2871
6454
2955
3529
3711
4300
6455
6099
2944
3331
6538
3048
3045
3374
3076
3354
3298
4227
6394
4208
3382
2961
2960
4037
4075
3071
3168
3354
4253
3353
2981
3296
3907
3243
4357
3070
2981
3236
3841
3610
3221
3409
3184
4693
4714
3159
4506
2913
3366
3677
3201
3513
3495
2923
3227
3153
3510
3172
3766
5735
3372
3410
3296
3337
3270
4066
3067
3597
6120
3253
3584
4743
2945
3252
3549
3838
3595
3142
3455
3534
3637
3162
3389
3932
3450
4156
6314
2989
3966
3203
3489
3133
6042
3424
4776
4859
4501
3260
5035
3483
3288
3449
3151
4708
3648
3263
3469
3139
3527
4512
3145
3940
3199
3366
2948
3080
3490
3672
3493
2962
3279
3807
2998
3244
3067
3984
3248
3045
3352
3933
3507
3980
4103
3469
3016
3405
3219
5510
3212
3166
3708
3722
3170
3343
3319
3413
3342
3694
4624
3879
5806
3011
3339
3481
3321
3163
4383
3072
3256
4907
3144
4104
3066
3472
4577
2985
3199
3064
3423
3299
3695
6271
3331
3300
4105
4147
3165
3097
3648
4310
3077
3074
3793
3358
3022
3418
3710
3753
3168
3577
4937
3061
3231
3243
3781
3222
3355
3492
3663
4273
3258
3951
3025
3949
3128
3161
4316
3525
3683
3065
5696
4471
3038
3527
3159
4829
3355
3662
4004
4137
3175
3764
3411
3919
3347
4121
5048
3029
3292
3395
3224
3415
3542
4092
3369
3075
3202
3968
3054
3300
3358
4241
4095
3211
3689
4265
4462
3369
3375
3583
3102
3114
4124
5238
3057
3090
3506
4342
3356
3371
3820
3273
3521
3535
4538
4107
3437
3609
3307
3991
3240
6118
3422
3678
5310
5286
3099
3319
3892
3068
3187
3288
3381
4909
4913
3078
3690
3983
3787
4151
4238
3309
3130
4029
4128
3518
4142
3249
3250
3992
3479
3481
4415
3191
3470
3970
4225
3176
3408
4429
5509
4088
3247
3845
3628
5047
3768
4071
4418
3187
3297
3516
3194
3230
3311
3149
5446
3407
3643
4640
3422
3533
3426
3215
4082
3812
5691
3723
3954
3162
3503
3167
3399
6082
3411
3512
3229
3418
4284
5025
3717
3481
5523
3558
3652
3608
3698
4769
3245
3367
5360
3282
4881
3265
3272
3408
3251
4328
3268
3423
4327
3347
3470
3183
3233
6159
3389
3256
3520
4165
3299
3850
3923
3525
3368
3529
3337
4159
3551
4006
3204
4396
3546
3506
3531
3857
4622
4741
3525
3294
4295
4590
3261
3225
4039
4192
4548
4584
4097
3586
3196
3664
4526
3801
3914
4077
5417
3285
3694
3345
3592
4085
3195
3685
5027
3934
5330
5790
6234
4419
4022
3449
4020
4163
3640
3653
5151
3304
3871
5801
6020
3303
3692
3792
4232
3720
4444
3980
4067
4028
3613
3285
3342
4230
3926
3519
4099
3393
3559
4011
5250
3602
4397
4686
3317
5772
3591
3359
3479
4185
3314
3556
4323
3238
4024
3975
3780
4312
3612
3406
3821
4193
4504
3404
4277
3555
3594
5516
3725
4804
5226
3874
3791
4055
3505
4100
3540
3298
4228
3905
3862
3978
3571
4364
3580
3320
3388
5024
3453
3898
5620
3530
4220
4095
3324
3661
4079
4381
3415
3983
3507
3656
3514
3784
3480
3646
4168
4250
3335
3563
4113
3301
3446
3637
3687
3325
3445
3782
4134
4051
4053
3527
3828
3478
3509
4976
3885
4517
3994
4139
4468
3485
3718
3486
4171
4337
3431
3547
3959
4204
4070
3822
4402
3420
4209
4202
3474
3688
4291
3657
3676
3338
4476
3711
4862
5963
4599
4180
3417
6323
3750
3397
3953
4414
3611
3578
4112
4258
4294
3666
3729
3786
3444
3549
4168
5747
5683
3432
3831
5708
3377
4575
4050
3409
3962
3996
4662
4361
3526
3948
3564
3681
4727
3460
4275
3643
4716
3698
3538
4068
4060
3696
3448
4140
4289
4868
4259
3943
5698
4472
4386
3434
4426
3438
3863
3466
3945
3555
4388
3757
3502
4279
3459
3766
5434
5272
4216
4131
4518
5269
5331
4696
4109
3557
3738
3543
4154
3650
4370
3719
4366
4607
5629
3786
3616
3648
3668
3457
3632
6152
4706
3752
4363
3562
5893
5650
4458
4488
3537
3603
4023
3706
4016
4452
4946
3484
3924
3905
4122
3917
3820
3559
4742
5263
3548
4246
4183
4186
4611
3762
3683
4084
3763
3971
4256
3634
4207
3746
3498
3995
3582
3812
4329
3515
5632
3784
5964
4162
3929
3952
6418
3606
3568
3760
4486
4189
4692
3727
3823
4423
4425
4143
4567
3589
3522
5702
4060
3712
3810
4026
3517
3715
5741
3935
3778
4464
4012
5408
5816
3840
3880
4546
3677
4078
4631
4355
4347
4919
4957
3809
4423
3950
3651
4322
3573
4064
4198
4335
4254
4301
4528
3847
3679
3986
4450
3679
4057
3964
4413
3707
4854
4127
5414
4252
4125
5343
3647
4239
3700
4411
6233
3599
4474
4671
4074
3999
3804
3848
3755
4034
3620
5712
3570
4094
5503
4226
5512
5661
5807
3602
3684
3669
4299
4407
5074
5447
4531
4684
3748
4178
3910
3618
5234
5631
3739
4346
3950
3985
4484
6410
3701
4240
3645
3799
4633
5935
5950
4644
5590
3893
3748
4137
4812
3880
4447
4252
3725
4157
6530
4494
4383
3697
4906
4018
3719
4288
4019
5583
4201
4280
5386
6340
5454
4457
4563
4652
4197
4248
3703
4119
4762
3694
3750
4576
3655
3861
3635
4340
3805
4435
4400
3888
4502
4819
4626
4045
3724
4309
4533
3693
3832
4777
4271
3899
3793
3891
4911
4434
5644
3795
3852
3771
4326
3869
4170
5793
3723
3764
4482
4542
4483
4206
3784
6475
4089
3982
4939
4783
3979
3816
3870
5295
3690
3864
3967
5848
3734
3857
4389
4075
4348
4317
3817
5861
3960
4521
3802
4065
4050
3729
5170
5375
4046
3878
4119
3861
6110
6548
3950
4007
4287
3827
5274
4040
4392
4377
3708
3762
4722
4068
3935
4574
4685
3821
4009
4308
3814
3768
4382
4481
3822
4516
3902
3959
3981
4058
3819
3870
4932
6413
4007
4141
4088
4454
5921
4453
3822
4421
3856
3780
4321
4945
4282
4354
4530
3940
4063
3828
3850
4214
4523
3769
4148
3951
3924
3896
3926
4419
5700
6354
3853
4922
4115
3765
3875
4569
3893
4069
4422
4052
3841
4360
4243
3884
4036
4215
6243
4580
3919
4572
5188
3848
3788
4010
4298
4045
4535
5364
4398
3973
4351
4005
4099
4144
3802
3885
4049
5462
3806
4351
4177
4732
6256
4556
4077
4162
4270
4921
3875
4250
4082
4219
4339
4476
4646
4083
4493
4053
3904
4090
4621
3869
4304
3815
3902
4950
4120
3952
4406
3942
3953
4150
4647
4312
4037
3919
6106
4014
4017
4153
5757
4037
5750
4066
4575
4672
4336
4097
4130
4236
4495
4513
4626
3908
3842
4057
4445
3904
4655
4153
4236
4210
4227
4165
3994
4467
4527
4633
3860
3883
4010
4324
4629
4108
5602
4126
4160
4391
4484
3955
4756
4039
4203
4230
4191
3998
3887
4146
4565
4185
4055
6405
4395
3907
3920
4308
4102
4670
3883
4409
4049
3976
4266
4058
4387
3969
4400
4636
3968
4154
4194
4166
4253
4086
4081
4101
4337
4200
4125
5527
3925
4047
4198
3915
3940
4414
4247
3994
4278
4593
5983
4130
4363
4354
4835
4031
4144
4206
4087
4022
3968
4560
4023
4530
4142
5663
4356
5508
3999
4056
4190
4216
4113
4172
4327
4088
4062
4117
4184
4256
4472
4033
4536
4571
4060
4275
4107
4221
4390
4357
4121
4035
4521
4225
4318
4006
4758
3948
4011
3961
3961
3990
4343
3970
4114
5378
4192
4100
4480
4292
4861
4395
4155
5287
4032
4099
3966
5418
4346
4538
3988
4275
4167
3975
5254
4000
4016
4005
4101
4232
4349
4655
4217
4529
4059
5714
4020
4098
5256
4066
4217
4365
3986
4085
5719
4031
4155
4266
4305
4210
4311
4084
4424
4030
4879
4048
5391
4028
4173
4681
4072
4470
4068
4586
4286
4170
4358
4497
4196
4557
4040
4138
4466
4373
4437
4475
4604
4486
4050
4402
4149
4403
4372
4597
4328
4501
4043
4137
4166
4335
4064
4280
4329
4244
4931
5458
4067
4103
4310
4071
4283
4237
4362
4543
4355
4181
4078
6407
4081
4578
4318
4125
4103
4201
4209
4169
5597
4098
4176
4175
4709
4200
4265
4510
4519
4274
4121
4331
4187
4107
4687
4237
4181
4074
4220
4154
4365
4522
4914
4186
4537
4227
5335
4246
4178
5760
4104
4091
4174
4940
4157
4092
4269
5301
4145
4241
4189
6142
4131
4226
4360
4371
4376
4293
4136
4265
4571
4194
4703
4356
4241
4139
4431
4490
4573
4208
4140
4569
4372
4545
4491
4344
5227
5296
4246
4124
4169
4216
4360
4492
4361
6216
4163
4384
4345
4886
4487
4416
4312
4185
4178
4234
4295
4658
4499
4750
4228
4199
4240
4189
4162
4392
4654
4193
4536
4285
4370
4568
4295
4420
4220
4247
4290
4487
5787
4183
4242
4251
4997
4261
4254
4375
4389
4492
4292
4314
4199
4314
4602
4183
4600
4408
4284
5253
4215
4222
4303
5023
5181
4366
4614
4322
4364
4420
4594
4264
4483
4271
4307
4435
4564
4371
4348
4381
4324
4514
4286
4228
4212
4332
4209
4378
4285
4436
4342
4293
4304
4390
4528
4264
4278
4316
4292
4234
4399
4523
4942
4400
4654
4250
4676
4466
4303
4972
4382
4291
4298
4605
4259
4352
4359
4495
4253
4307
4519
4323
4315
4300
4320
4481
4423
4285
4745
4283
4384
4410
4407
4302
4278
4680
4514
4437
4526
4595
4337
4326
5271
4338
4482
4557
4446
4469
4593
4350
4452
4652
4372
4361
6053
4368
4565
4299
5855
4465
4654
4340
4428
4498
4573
4445
4504
4357
4485
4391
4407
4345
4889
4478
4572
4623
4369
4531
4441
4309
5465
4365
4462
4551
4382
4341
4375
4470
4317
6416
4377
4343
4588
4637
4673
4323
4393
4458
4389
4446
4460
4350
4405
4594
4406
4547
4416
6641
5273
4449
4390
4386
4335
4398
4460
4469
4528
4385
4516
4567
4615
5221
4383
4682
4388
4624
4410
4397
4440
4474
4352
4430
4418
5493
4645
4426
5856
4522
4951
4675
4645
4371
4421
4574
4588
4704
4636
4501
4644
4727
4464
4436
4489
5852
6183
4455
4547
4404
4615
5573
4607
4765
4439
4424
4682
4499
4413
4715
4509
4461
4623
4514
4512
4408
4559
4459
5673
4453
4477
4601
4601
4853
4415
4471
4702
4485
4723
4544
4499
4429
4511
4549
4461
4507
4620
4594
4520
4529
4578
4494
5413
4602
4506
4443
4524
4546
4544
4477
4629
4716
4581
4489
6151
4505
4500
4619
4671
4487
4494
6457
4616
4647
4481
4540
4707
4503
4567
4539
4587
4690
4545
4522
4464
4550
4552
5504
4552
4534
4713
4640
4642
4582
4627
4558
4611
4674
4606
4639
4633
4631
4649
4604
4611
4505
4595
4541
4534
4591
4545
4508
4592
4521
4582
4519
4699
4695
4956
4556
4529
4609
4560
5883
4542
4651
4650
4539
4599
4659
4596
4613
4625
4581
4579
4707
5541
4531
4608
4612
4625
4583
4638
4554
4576
4628
4740
4606
4666
4539
4544
4739
4650
4559
4610
4699
4608
4555
6000
4591
4617
4634
4591
4693
4706
4641
4680
4580
4677
4609
4620
4568
4607
4614
4593
4629
4653
4670
4608
5094
4685
4651
4660
4641
4581
4653
4586
4597
4613
4596
5794
4720
4692
4656
4638
4828
4681
4609
4708
4714
4659
4617
4612
4643
4754
4773
4664
4698
4619
4627
4617
4748
4656
4627
4661
4638
4745
4768
4653
4655
4612
4652
4738
6105
4651
4642
4750
4754
4758
4620
4639
4687
4712
4718
4661
4683
4648
4673
4735
4679
4799
5556
4707
4656
4677
4730
4689
4701
4648
4659
4721
4689
4650
4726
4658
4671
4678
5539
4663
4688
4712
4713
4728
5485
6482
4683
4686
4731
4667
4709
4761
5004
4697
4669
4706
4696
4737
5547
4726
4729
4676
4701
4720
4675
4702
4702
4680
4682
5585
4699
4692
4734
4736
4733
4691
4694
4694
4691
4694
4729
4729
4741
4713
4726
4704
4708
4721
4716
4711
4715
4733
4738
4725
4785
4719
4734
4733
4731
4980
4719
4731
4746
4748
4728
4732
4735
4739
4742
4740
4735
5486
4737
4746
4743
4744
4740
4746
4790
4745
4748
4751
4842
4752
4754
4755
4756
4755
4758
4852
4763
4833
4767
4765
4768
4813
4769
4768
4771
4965
4767
4769
4832
4795
4772
4774
4773
4775
4967
4779
4778
4782
4784
4780
4784
4779
4782
4786
4783
4788
4964
4969
4786
4786
4788
4793
5058
4790
4815
5021
4801
6293
4802
5660
6153
4807
4796
4817
4803
4811
4803
4800
4840
4804
4806
4837
4806
4821
4820
4823
4814
4818
4847
4846
5945
4830
4843
4817
4822
4824
4832
4833
4994
4822
4841
4833
4990
5012
4818
4824
4827
4874
4874
5648
4832
4826
4925
4841
4834
4836
4887
4952
5357
4835
4849
4851
4853
4855
4855
4869
4881
4897
4839
4876
4840
5993
4865
4845
4857
6471
4842
4849
4844
4865
5322
4850
4896
6345
4894
4914
4924
4951
4852
4854
4864
4869
4892
4857
4858
4860
4884
5574
5798
4861
4862
4886
4863
4871
4864
4884
4866
4867
4870
4877
4871
4892
4872
4875
4876
4882
4930
5384
4930
4877
4879
4880
4904
4882
4908
4885
4883
4897
4887
4889
4890
4911
4898
4913
4986
4989
4959
5368
6097
4958
4958
4960
4898
4902
4910
4918
4948
4956
4931
4919
4933
4933
4906
5077
4934
4934
5171
4935
4935
4957
4936
4936
4937
4939
4943
4921
4944
4944
4945
4946
4946
4947
4925
4950
4940
4954
5228
4948
4957
4973
4971
5006
4968
5362
4970
5578
4938
4939
4941
4942
4953
4962
4963
4962
4963
4952
4953
4954
4956
4961
5932
4982
4983
4983
5481
4966
4974
4974
4980
5008
5385
4970
5309
4980
4985
4987
5011
5906
5595
4997
5000
4978
4997
4991
4993
5006
4988
4995
5031
5030
5032
6018
6396
5062
4993
6177
5010
5014
4996
4999
5007
5001
5007
5818
5021
5021
5029
6281
6355
5046
5040
5061
5003
6148
5880
5023
5047
6074
5013
5015
5055
5646
5015
5020
5040
5012
5023
5278
5015
5019
5069
5028
5037
5809
5916
5980
6914
5019
5020
6529
5037
5934
6142
5048
5048
5403
5053
5197
5049
5367
5065
5736
5046
5091
5089
5089
5207
5731
6430
5035
5761
6222
5093
5449
5039
5039
5043
5065
5041
5041
5051
5179
5874
5045
5054
5054
5071
5051
6088
5940
5373
5063
5082
5085
5075
5191
5056
5072
5063
5194
6528
5734
6328
5309
5334
5578
5776
6500
5060
6260
5094
5075
5969
5069
5930
5064
5065
5070
5067
5151
5871
6286
6422
5810
5072
6276
5082
5522
5085
5225
6348
5171
5366
6229
5077
5394
5171
5918
5250
5957
6406
5707
5096
5219
6721
5085
5150
5197
5793
6606
6738
5272
6040
5161
5165
5490
5160
5152
5189
5266
6347
6522
5759
6085
5150
5153
5162
5163
5185
5572
6303
5157
5596
6593
5561
5580
5353
5159
5473
6232
5165
6171
5542
6131
5571
5581
6313
5180
5593
5361
5562
5543
5599
5158
6022
5873
6277
5412
5592
5598
5161
5346
5382
5186
5537
6389
5164
5455
5160
5164
5637
5156
5371
5777
5189
5519
5153
6191
5847
6621
5596
5245
5266
6362
6398
5173
5767
6081
6951
5230
5170
5875
5419
5406
5616
5174
5230
6696
5816
6329
5923
7055
5427
5256
5396
5256
6091
7158
6060
6517
5766
5766
5414
5796
5274
6435
5235
5873
6201
5591
6717
5261
5265
5799
5426
5770
6369
6661
6710
5802
5947
5203
5778
5845
6119
6099
6229
5294
5721
5298
6544
5502
5723
5231
5235
5303
6104
6382
6719
5401
5429
6891
5819
6472
6798
5349
5228
6076
6130
5336
6391
5657
5773
6079
5349
6028
5236
5973
6487
5416
5429
5221
5705
6610
6306
6820
5452
5530
5604
5572
5931
5357
5357
5238
5261
5404
5852
6055
6169
6419
6250
5245
5359
5359
5360
5360
5303
5717
5527
6341
5755
5412
5894
6185
5320
6062
6748
5854
6065
6463
6503
6539
6612
5392
5491
5531
6160
6836
5451
6114
5403
5639
6357
5386
5388
5622
5469
6076
6344
6427
7145
5854
5320
5362
5439
5347
6630
6688
5668
6401
5423
6279
5271
5720
5626
6189
5432
5872
6302
5491
5497
5318
5334
5398
5415
6326
6472
6998
7054
7043
5836
6396
5709
5905
6245
5313
6065
6605
5459
6322
5459
6114
6132
6622
5513
6096
6133
5452
5502
5579
5371
5380
5505
6681
5788
5472
5472
6269
6445
6666
6459
5849
6422
5398
5569
6960
6771
6100
6462
5582
5862
5774
5954
6561
5320
5347
5371
5791
6848
6976
5487
5503
5504
6551
5504
5780
5403
6175
6022
5880
6205
5512
5487
5516
5520
5521
5325
6500
6435
5562
5328
5519
6089
5536
5642
5536
5510
6338
6866
6570
5539
5575
5860
5652
5940
6311
6429
6856
6296
6492
5342
5427
5952
5426
5646
5552
6284
6299
6494
5436
6054
5947
5978
5365
5592
6451
5494
6729
5520
5996
6185
5363
5844
5781
5839
5746
6087
5450
5603
5889
5611
5380
5782
5394
6176
5376
5627
5481
5617
6364
5618
6363
6567
6646
5603
5460
5515
5630
5863
5869
6445
6873
5424
5541
6893
6037
6131
5646
5752
5514
5648
5967
6467
7044
5570
6723
6903
5391
6456
5899
5456
5577
6097
6520
6063
5751
5444
6415
5930
6035
5672
5672
6257
6429
6171
6232
5973
6604
5691
5691
5726
6289
6694
5428
5874
5548
5839
5576
5697
6433
5528
5906
5698
5698
5466
5700
6127
6879
5674
5885
6780
7065
5979
6682
6993
5464
5703
5535
5480
5507
5768
5870
5724
6469
5928
5937
5711
5434
6452
5866
5728
5850
5728
5586
7015
5891
6960
5458
5526
6224
6232
5653
6149
6481
6143
6399
5775
6356
5447
6282
6238
6735
5915
6588
6220
7163
5565
5454
6547
6388
6179
5715
6481
6008
6193
5770
5806
5806
6639
5531
5555
5807
5689
6498
6521
5808
6514
6209
6560
6583
6303
6226
5730
5865
6761
6313
6256
6916
6414
6412
6865
5507
5913
6422
6796
6225
6731
6913
6198
6724
5486
6090
5811
6115
6319
6140
6580
5506
5613
7019
5861
6478
5861
5817
5879
6570
5529
5588
5671
6518
6879
5615
6861
7050
7180
5555
6270
6518
5509
6465
6292
6423
6531
7017
6211
6517
5697
6528
6156
6067
5893
5893
5725
5847
6356
5903
5889
6108
5933
5908
6284
6758
5711
5909
6594
5588
5737
5827
6855
6186
6746
6959
5917
5917
6329
6593
6062
5820
5921
6336
6336
6301
6723
5694
6158
6206
5935
5690
6360
6708
6390
6564
5769
6019
6104
6568
6384
6623
5577
6062
6255
6489
5950
6798
6052
6631
6926
6386
6386
5801
6950
5764
5878
5621
5971
5960
6497
5960
5814
6568
6409
6409
5963
5963
5729
6394
5749
6457
5817
5654
5671
6444
6444
5713
5938
6077
6328
5993
6372
5791
6784
5658
5621
5976
5997
6017
6509
6509
6011
6331
6017
6298
6554
6007
6549
5795
6537
6610
6777
6322
6742
6802
6613
6020
6664
6671
7080
5610
6491
6255
5715
6381
6507
6032
6415
6032
6507
6581
6004
6042
6042
6393
6307
6404
6047
6492
6941
6629
6700
5779
6372
6072
6980
6283
5638
5705
6197
6086
5632
6324
6367
6930
5833
6088
5736
6085
6349
5921
6616
5641
6315
6627
5805
6391
6344
6110
6448
6552
6936
7074
5977
6104
6771
5749
6120
6120
6714
7099
6124
6165
5658
5764
6918
7008
5748
5703
6135
6449
7058
6142
6609
6669
6996
5949
6272
6818
6150
6815
6157
5723
6167
6001
6288
6662
6908
5888
5688
6101
6583
6095
6126
6599
6183
6613
5813
5895
6187
6829
6494
6600
6525
6192
6375
5742
6107
5795
5781
6106
6210
6628
7168
6404
6288
6652
5931
6193
6448
5725
6280
5809
6298
6234
6239
6026
6748
7027
6569
6244
6244
5720
6248
6252
6240
5985
6261
6181
6027
6073
6580
6544
5899
6378
6271
5820
6056
6538
6033
6885
7059
5813
6043
5871
6853
6349
6565
5977
5986
5824
6101
6107
5912
6276
5866
6513
6276
5992
6887
6339
5852
6034
6151
6915
7078
6101
6172
6074
6556
6319
5763
6265
6325
6107
6178
6340
5870
5952
5761
6458
6973
6167
5901
6229
6354
6227
6477
6827
6521
6477
6628
6730
6258
6210
5796
6566
5859
6360
6846
5772
6533
6558
6418
5948
6266
6455
5872
6270
6742
6431
6027
6944
6239
5785
6454
5786
6453
6363
6364
6457
5850
5941
6565
6563
5991
6020
6482
6482
6280
6824
6779
6498
6466
6468
6555
6511
6512
6527
6285
5920
5906
6633
6529
6495
5814
5930
6064
6007
5877
6355
6713
7182
6072
6794
6332
6716
6069
6266
6693
6731
6184
5892
6890
6311
6646
5912
6180
6946
5832
6605
6701
6080
5865
5994
6622
6160
6601
6257
5868
5895
5966
6050
6178
6304
6172
6316
7090
6564
6647
6834
6473
6597
7000
5937
6663
6755
6838
6054
6172
6583
6678
5902
5966
6278
6839
6087
5875
6634
6196
6546
6586
6845
5932
6070
6353
5984
7035
6174
6812
5922
6815
6892
6594
6843
6009
6092
6493
6428
5952
6595
6740
6016
6459
5909
6840
6756
5911
7021
6317
6867
7084
6267
6924
6857
6818
6540
6650
6966
6974
7109
7052
7165
6025
6030
6397
6934
6639
5926
6657
6658
5954
6693
6906
6619
6994
6502
6802
6834
6099
5968
6146
6734
5980
6986
7164
6571
6986
6728
5961
6694
5933
6345
5995
6631
6102
6281
6600
6662
6493
6726
6003
6589
5938
6242
6434
6723
6019
6514
7062
6157
6804
6318
6436
6304
6504
6377
6358
6425
6673
6640
6168
6793
6349
6197
6632
6735
6864
6154
6084
6757
6525
6802
6360
6117
6625
6912
6952
6341
6447
6333
6971
7174
6092
6859
6805
5983
6140
6138
6596
6686
6800
6188
7060
6192
6147
6016
6950
6133
6073
6174
5997
6515
6440
6612
6301
6908
6691
7159
7101
6973
6428
5994
6029
7009
6274
7047
6575
6629
6926
6039
6563
6294
6430
6473
6806
6540
6591
7149
6373
6683
6559
6613
6657
6709
6586
6621
7002
6118
6676
6070
6543
6784
6938
6631
6123
6365
6996
6956
6544
6111
6306
6810
6683
6164
6788
6414
6995
6237
6133
6077
6103
6368
6945
6672
6728
6080
6195
6480
6171
6190
6259
6345
6358
6297
6451
6554
6063
6906
6264
6822
7160
6471
6760
7128
6421
6541
6424
6837
6100
6090
6572
6146
6446
6695
6504
6684
6411
6202
7028
6808
6165
6481
6708
6343
6449
6211
6315
6767
6952
6259
6701
6729
6375
6476
6876
6153
6207
6972
6702
6874
6097
6417
6819
6122
6463
6653
6184
7188
6961
6324
6839
6576
6387
6977
6150
7061
6416
6195
6553
6138
6143
6673
6351
6895
6636
6668
7117
6147
6214
6603
6305
6686
6337
6437
6480
6328
6591
6733
6290
7113
6177
6460
6254
7119
6439
6582
6948
7187
6734
7095
6869
6940
6795
6786
7033
6520
6206
6643
6973
6595
6739
6267
6687
6344
6446
6556
6746
6808
6289
6214
6265
7030
6425
6570
6579
6700
6181
6550
6458
6897
6381
7012
6572
6853
6687
6763
6283
6652
6749
6241
6933
6923
6513
6759
6277
6769
6774
7136
6434
6803
6620
6330
6822
7144
7056
6667
6883
6238
6978
6813
6899
6242
6226
6549
7028
6418
6919
6609
6668
6475
6523
6292
6942
6373
7185
6625
6842
7125
6281
6307
7193
6503
6654
6965
6986
6546
6820
6389
6830
6596
6666
6671
6430
7094
6971
6343
7192
6665
7099
7045
6524
6573
7011
6218
6217
6829
6684
6849
6531
6630
6644
6724
6851
7121
6831
6299
7181
6607
6632
6323
6685
7005
7004
6395
7098
6535
7029
6608
6885
6918
6231
6507
6604
6400
6580
6800
6854
6667
6464
6744
6762
6611
6660
7169
6290
6469
6258
6352
6547
6263
6318
6545
6862
6898
6832
6381
6710
6566
6401
6789
6383
6355
6459
6637
7071
6698
6733
6499
6474
6553
6850
6857
6774
6998
6690
6867
6990
6321
6800
6877
6426
6846
6510
6578
6783
6550
6406
6615
6673
6479
6486
6838
6467
6937
7150
6781
6572
6557
6297
6480
6727
6441
6689
6891
6852
6905
6659
6437
6717
6875
6334
6672
6568
6841
7020
6666
6954
6341
6624
7057
7161
6764
6397
6728
6426
6447
6501
6766
6725
6346
7107
6843
6630
6760
6441
6378
6835
7055
6979
6749
7049
6474
6468
6757
6792
7151
6776
7011
6530
6438
7132
6877
6964
6592
6850
6925
6716
6959
7042
6648
6663
6763
6852
6847
6393
6584
6585
7076
7106
7180
6443
6690
6888
6508
6696
7133
6489
6689
6721
6778
6825
6884
6967
6614
6485
6770
6893
6592
6384
7172
7182
6782
6825
6784
7070
6555
7048
6804
6792
6882
6669
6759
6801
6828
6486
6506
6833
6398
6725
6827
6499
6861
6932
7088
6888
7009
7011
6765
6812
7086
6812
6907
6532
6829
6615
6476
6540
6703
6534
6879
7153
6861
6520
6617
7003
6768
6805
7037
6558
6731
6776
6778
6745
6841
6849
7040
6500
6690
7089
6675
6722
6751
6955
6503
7020
7089
6545
6816
6943
6970
6603
6900
6977
6937
7044
6585
6584
6648
6642
6905
6488
6581
6779
6726
6746
6807
6634
6962
6757
7134
6643
6706
6647
7189
6936
6840
6534
6966
6729
7178
6508
6992
6797
6878
7026
6605
6958
6823
6821
6716
6895
6896
6934
6960
6642
6856
6747
7074
7068
7104
6525
6988
6795
6904
6747
6739
6665
6938
6607
6857
6924
6577
6614
6966
6943
6717
6970
6532
6548
6738
6767
6628
7069
6919
6685
7154
6969
6995
6900
6622
6712
7017
6644
6576
6944
6705
6814
6744
6706
6913
7073
6978
6658
6707
7069
6811
7052
6948
6965
6984
7193
7078
6902
6776
6889
7109
7167
6654
6985
7022
6675
6964
6988
6854
6862
6619
6753
6844
6705
6953
7152
6773
6860
6860
6884
7110
6932
7098
7125
6763
7001
7117
6984
7104
6904
7185
6893
6894
7037
6945
7046
7051
6901
6788
6833
6816
6866
6917
6962
6853
7031
6817
6886
6758
6917
6841
6914
7050
6810
6868
6940
6718
7089
6898
6980
6871
6863
6772
7091
7173
7006
7046
6777
6984
7038
7010
6941
7114
6703
6679
7176
6935
7029
6796
6999
6974
7007
6787
6809
6870
6898
7108
6939
6807
6712
7049
7170
6840
7003
6732
6907
6937
7138
7181
6782
6789
6882
6881
6989
6808
6911
6918
6772
6797
7000
7054
6704
6780
7023
6899
7039
6831
6881
6958
6871
6839
7135
6704
6878
6709
7016
6758
6976
6902
6773
6880
6933
6959
6925
7048
6719
7183
7106
6809
6954
7006
6891
6737
7126
7154
6785
6962
6760
6803
7081
6870
6972
7082
6910
7130
6913
6909
6910
7065
7169
6834
6749
6872
6963
6991
7002
6814
6880
6948
6982
6880
7079
7000
6917
6968
6897
7143
7107
7123
7164
7034
7138
7150
7031
6791
6833
7113
7079
6863
6873
7148
7010
7053
7088
7042
7023
6858
7024
7072
6977
6823
6985
6997
6874
7034
7126
7132
7102
7077
7014
7076
7028
7128
6969
7187
7145
7131
7130
7022
7116
7156
7044
7149
7127
7192
7191
7026
7157
7175
6999
7040
7112
6826
6882
6837
7022
7124
6845
7002
7111
7189
7139
6985
7083
6854
7080
7136
6889
6938
7016
6928
7168
7001
7171
7122
6953
7053
6933
6982
7035
7080
7013
6990
7139
6875
6878
7009
7066
6910
7093
7142
6980
7063
7071
7115
6956
6991
7026
7067
6911
7103
7118
7079
7096
7087
7078
7137
7163
7090
7032
6979
7179
6912
7070
7007
7055
6922
6942
7150
7114
6929
6983
7083
7131
6921
7112
7165
7041
7101
7059
7063
7120
7142
7018
7004
7093
6957
7046
7094
7027
7137
7036
7023
7007
7092
7047
6963
7053
6954
7092
6978
6967
7085
7097
7177
7010
7013
7073
7167
7087
7146
6994
7100
7155
6989
7141
7147
7140
6997
7173
7190
7075
7159
7091
7059
7128
7127
7092
7096
7088
7085
7106
7021
7108
7041
7166
7122
7152
7075
7090
7153
7118
7102
7158
7036
7147
7061
7075
7109
7041
7081
7123
7103
7111
7072
7115
7097
7112
7086
7135
7107
7132
7093
7127
7126
7130
7083
7116
7175
7108
7183
7120
7143
7162
7141
7170
7123
7141
7174
7176
7171
7143
7124
7145
7110
7162
7172
7167
7144
7160
7183
7148
7164
7161
7138
7177
7140
7160
7176
7184
7179
7157
7179
7182
7178
7184
7180
7181
)


// ************************************************************************* //
