/*--------------------------------*- C++ -*----------------------------------*\
| =========                 |                                                 |
| \\      /  F ield         | OpenFOAM: The Open Source CFD Toolbox           |
|  \\    /   O peration     | Version:  2412                                  |
|   \\  /    A nd           | Website:  www.openfoam.com                      |
|    \\/     M anipulation  |                                                 |
\*---------------------------------------------------------------------------*/
FoamFile
{
    version     2.0;
    format      ascii;
    arch        "LSB;label=32;scalar=64";
    class       faceList;
    location    "constant/polyMesh";
    object      faces;
}
// * * * * * * * * * * * * * * * * * * * * * * * * * * * * * * * * * * * * * //


711
(
4(114 196 220 138)
4(114 79 161 196)
4(79 138 220 161)
4(103 114 196 185)
4(103 185 220 138)
4(118 121 203 200)
4(73 118 200 155)
4(73 155 203 121)
4(75 105 187 157)
4(75 157 210 128)
4(105 128 210 187)
4(105 187 192 110)
4(75 110 192 157)
4(118 130 212 200)
4(121 203 212 130)
4(74 156 208 126)
4(74 106 188 156)
4(106 126 208 188)
4(107 77 159 189)
4(77 123 205 159)
4(107 189 205 123)
4(118 200 218 136)
4(73 136 218 155)
4(75 157 221 139)
4(128 139 221 210)
4(107 134 216 189)
4(77 159 216 134)
4(86 168 192 110)
4(86 105 187 168)
4(115 122 204 197)
4(76 115 197 158)
4(76 158 204 122)
4(38 70 166 84)
4(39 84 166 71)
4(22 54 190 108)
4(23 108 190 55)
4(124 129 211 206)
4(129 140 222 211)
4(124 206 222 140)
4(111 74 156 193)
4(111 193 208 126)
4(74 144 226 156)
4(106 188 226 144)
4(79 108 190 161)
4(79 161 191 109)
4(108 109 191 190)
4(78 84 166 160)
4(78 160 167 85)
4(84 85 167 166)
4(78 160 192 110)
4(78 86 168 160)
4(19 74 156 51)
4(19 51 193 111)
4(35 75 157 67)
4(35 67 195 113)
4(75 113 195 157)
4(78 38 70 160)
4(115 136 218 197)
4(122 204 218 136)
4(17 49 164 82)
4(18 82 164 50)
4(34 83 165 66)
4(33 65 165 83)
4(79 22 54 161)
4(124 72 154 206)
4(72 129 211 154)
4(74 20 52 156)
4(20 114 196 52)
4(74 156 196 114)
4(75 36 68 157)
4(36 110 192 68)
4(15 141 223 47)
4(116 15 47 198)
4(116 198 223 141)
4(17 141 223 49)
4(17 49 235 153)
4(141 153 235 223)
4(89 118 200 171)
4(99 89 171 181)
4(99 181 200 118)
4(82 164 194 112)
4(82 111 193 164)
4(111 112 194 193)
4(21 79 161 53)
4(21 53 196 114)
4(88 170 171 89)
4(87 89 171 169)
4(88 87 169 170)
4(37 78 160 69)
4(37 69 192 110)
4(16 141 223 48)
4(86 168 169 87)
4(86 85 167 168)
4(85 87 169 167)
4(89 90 172 171)
4(88 170 172 90)
4(87 118 200 169)
4(95 104 186 177)
4(101 95 177 183)
4(101 183 186 104)
4(112 116 198 194)
4(82 164 198 116)
4(86 168 170 88)
4(100 99 181 182)
4(99 115 197 181)
4(100 182 197 115)
4(93 94 176 175)
4(94 95 177 176)
4(93 175 177 95)
4(95 117 199 177)
4(104 186 199 117)
4(18 50 193 111)
4(34 66 195 113)
4(92 93 175 174)
4(90 172 175 93)
4(90 92 174 172)
4(109 138 220 191)
4(91 89 171 173)
4(91 173 181 99)
4(129 119 201 211)
4(119 140 222 201)
4(82 141 223 164)
4(107 101 183 189)
4(101 134 216 183)
4(92 94 176 174)
4(87 130 212 169)
4(90 172 173 91)
4(102 101 183 184)
4(102 184 189 107)
4(94 117 199 176)
4(105 88 170 187)
4(88 120 202 170)
4(105 187 202 120)
4(96 95 177 178)
4(96 178 183 101)
4(117 98 180 199)
4(117 199 201 119)
4(98 119 201 180)
4(90 172 202 120)
4(93 120 202 175)
4(94 98 180 176)
4(93 175 178 96)
4(91 173 182 100)
4(83 165 195 113)
4(91 92 174 173)
4(94 97 179 176)
4(97 98 180 179)
4(92 97 179 174)
4(12 73 155 44)
4(11 43 155 73)
4(96 178 184 102)
4(112 194 208 126)
4(99 136 218 181)
4(96 120 202 178)
4(117 199 211 129)
4(12 44 204 122)
4(13 122 204 45)
4(13 45 158 76)
4(14 76 158 46)
4(103 97 179 185)
4(97 106 188 179)
4(103 185 188 106)
4(11 121 203 43)
4(10 42 203 121)
4(30 77 159 62)
4(29 61 159 77)
4(30 62 205 123)
4(31 123 205 63)
4(29 125 207 61)
4(28 60 207 125)
4(28 72 154 60)
4(27 59 154 72)
4(98 180 185 103)
4(91 127 209 173)
4(92 174 209 127)
4(27 124 206 59)
4(26 58 206 124)
4(115 197 217 135)
4(76 135 217 158)
4(102 137 219 184)
4(137 139 221 219)
4(102 184 221 139)
4(10 80 162 42)
4(9 41 162 80)
4(26 81 163 58)
4(25 57 163 81)
4(39 146 228 71)
4(84 166 228 146)
4(97 127 209 179)
4(106 188 209 127)
4(23 147 229 55)
4(108 190 229 147)
4(100 127 209 182)
4(15 47 225 143)
4(116 143 225 198)
4(73 155 204 122)
4(104 186 211 129)
4(9 131 213 41)
4(8 40 213 131)
4(25 132 214 57)
4(24 56 214 132)
4(120 128 210 202)
4(119 138 220 201)
4(109 119 201 191)
4(113 195 221 139)
4(107 137 219 189)
4(96 128 210 178)
4(77 125 207 159)
4(72 154 207 125)
4(98 138 220 180)
4(31 63 215 133)
4(32 133 215 64)
4(102 128 210 184)
4(80 162 203 121)
4(109 140 222 191)
4(85 130 212 167)
4(81 163 206 124)
4(80 162 212 130)
4(80 131 213 162)
4(81 132 214 163)
4(33 65 230 148)
4(83 148 230 165)
4(107 189 234 152)
4(123 152 234 205)
4(123 205 215 133)
4(104 134 216 186)
4(116 198 217 135)
4(112 135 217 194)
4(115 142 224 197)
4(100 182 224 142)
4(114 196 226 144)
4(103 144 226 185)
4(0 146 228 4)
4(2 147 229 6)
4(3 7 230 148)
4(126 142 224 208)
4(112 194 224 142)
4(14 46 225 143)
4(8 146 228 40)
4(24 147 229 56)
4(109 191 232 150)
4(108 150 232 190)
4(113 137 219 195)
4(83 165 219 137)
4(32 64 230 148)
4(85 167 233 151)
4(84 151 233 166)
4(125 207 216 134)
4(135 142 224 217)
4(140 222 232 150)
4(106 145 227 188)
4(126 208 227 145)
4(127 145 227 209)
4(1 5 235 153)
4(130 151 233 212)
4(80 162 233 151)
4(134 149 231 216)
4(125 207 231 149)
4(131 84 166 213)
4(131 213 228 146)
4(142 224 227 145)
4(132 108 190 214)
4(132 214 229 147)
4(104 149 231 186)
4(135 217 225 143)
4(76 143 225 158)
4(129 211 231 149)
4(72 149 231 154)
4(81 163 222 140)
4(16 48 235 153)
4(132 150 232 214)
4(131 151 233 213)
4(133 148 230 215)
4(83 133 215 165)
4(100 145 227 182)
4(137 219 234 152)
4(81 163 232 150)
4(83 152 234 165)
4(133 215 234 152)
3(114 138 79)
3(196 161 220)
3(103 138 114)
3(185 196 220)
3(73 121 118)
3(155 200 203)
3(75 128 105)
3(157 187 210)
3(105 110 75)
3(187 157 192)
3(121 130 118)
3(203 200 212)
3(74 126 106)
3(156 188 208)
3(107 123 77)
3(189 159 205)
3(118 136 73)
3(200 155 218)
3(75 139 128)
3(157 210 221)
3(77 134 107)
3(159 189 216)
3(86 110 105)
3(168 187 192)
3(76 122 115)
3(158 197 204)
3(38 84 39)
3(70 71 166)
3(22 108 23)
3(54 55 190)
3(124 140 129)
3(206 211 222)
3(111 126 74)
3(193 156 208)
3(106 144 74)
3(188 156 226)
3(79 109 108)
3(161 190 191)
3(78 85 84)
3(160 166 167)
3(78 110 86)
3(160 168 192)
3(19 111 74)
3(51 156 193)
3(35 113 75)
3(67 157 195)
3(78 84 38)
3(160 70 166)
3(122 136 115)
3(204 197 218)
3(17 82 18)
3(49 50 164)
3(33 83 34)
3(65 66 165)
3(79 108 22)
3(161 54 190)
3(124 129 72)
3(206 154 211)
3(74 114 20)
3(156 52 196)
3(75 110 36)
3(157 68 192)
3(116 141 15)
3(198 47 223)
3(17 153 141)
3(49 223 235)
3(99 118 89)
3(181 171 200)
3(82 112 111)
3(164 193 194)
3(21 114 79)
3(53 161 196)
3(88 89 87)
3(170 169 171)
3(37 110 78)
3(69 160 192)
3(37 78 38)
3(69 70 160)
3(15 141 16)
3(47 48 223)
3(86 87 85)
3(168 167 169)
3(21 79 22)
3(53 54 161)
3(88 90 89)
3(170 171 172)
3(89 118 87)
3(171 169 200)
3(19 74 20)
3(51 52 156)
3(101 104 95)
3(183 177 186)
3(35 75 36)
3(67 68 157)
3(82 116 112)
3(164 194 198)
3(86 88 87)
3(168 169 170)
3(100 115 99)
3(182 181 197)
3(93 95 94)
3(175 176 177)
3(104 117 95)
3(186 177 199)
3(20 114 21)
3(52 53 196)
3(18 111 19)
3(50 51 193)
3(36 110 37)
3(68 69 192)
3(34 113 35)
3(66 67 195)
3(90 93 92)
3(172 174 175)
3(78 86 85)
3(160 167 168)
3(79 138 109)
3(161 191 220)
3(91 99 89)
3(173 171 181)
3(129 140 119)
3(211 201 222)
3(17 141 82)
3(49 164 223)
3(107 134 101)
3(189 183 216)
3(93 94 92)
3(175 174 176)
3(118 130 87)
3(200 169 212)
3(90 91 89)
3(172 171 173)
3(102 107 101)
3(184 183 189)
3(95 117 94)
3(177 176 199)
3(105 120 88)
3(187 170 202)
3(96 101 95)
3(178 177 183)
3(117 119 98)
3(199 180 201)
3(90 120 93)
3(172 175 202)
3(86 105 88)
3(168 170 187)
3(94 117 98)
3(176 180 199)
3(93 96 95)
3(175 177 178)
3(91 100 99)
3(173 181 182)
3(82 111 18)
3(164 50 193)
3(83 113 34)
3(165 66 195)
3(88 120 90)
3(170 172 202)
3(90 92 91)
3(172 173 174)
3(94 98 97)
3(176 179 180)
3(94 97 92)
3(176 174 179)
3(11 73 12)
3(43 44 155)
3(96 102 101)
3(178 183 184)
3(112 126 111)
3(194 193 208)
3(115 136 99)
3(197 181 218)
3(93 120 96)
3(175 178 202)
3(117 129 119)
3(199 201 211)
3(12 122 13)
3(44 45 204)
3(13 76 14)
3(45 46 158)
3(103 106 97)
3(185 179 188)
3(10 121 11)
3(42 43 203)
3(29 77 30)
3(61 62 159)
3(30 123 31)
3(62 63 205)
3(28 125 29)
3(60 61 207)
3(27 72 28)
3(59 60 154)
3(98 103 97)
3(180 179 185)
3(92 127 91)
3(174 173 209)
3(26 124 27)
3(58 59 206)
3(115 135 76)
3(197 158 217)
3(102 139 137)
3(184 219 221)
3(9 80 10)
3(41 42 162)
3(25 81 26)
3(57 58 163)
3(84 146 39)
3(166 71 228)
3(106 127 97)
3(188 179 209)
3(108 147 23)
3(190 55 229)
3(91 127 100)
3(173 182 209)
3(15 143 116)
3(47 198 225)
3(73 122 12)
3(155 44 204)
3(104 129 117)
3(186 199 211)
3(8 131 9)
3(40 41 213)
3(97 127 92)
3(179 174 209)
3(24 132 25)
3(56 57 214)
3(105 128 120)
3(187 202 210)
3(11 121 73)
3(43 155 203)
3(13 122 76)
3(45 158 204)
3(109 138 119)
3(191 201 220)
3(113 139 75)
3(195 157 221)
3(102 137 107)
3(184 189 219)
3(120 128 96)
3(202 178 210)
3(77 123 30)
3(159 62 205)
3(29 125 77)
3(61 159 207)
3(72 125 28)
3(154 60 207)
3(119 138 98)
3(201 180 220)
3(27 124 72)
3(59 154 206)
3(31 133 32)
3(63 64 215)
3(96 128 102)
3(178 184 210)
3(80 121 10)
3(162 42 203)
3(119 140 109)
3(201 191 222)
3(87 130 85)
3(169 167 212)
3(81 124 26)
3(163 58 206)
3(80 130 121)
3(162 203 212)
3(9 131 80)
3(41 162 213)
3(25 132 81)
3(57 163 214)
3(33 148 83)
3(65 165 230)
3(107 152 123)
3(189 205 234)
3(99 136 118)
3(181 200 218)
3(123 133 31)
3(205 63 215)
3(101 134 104)
3(183 186 216)
3(116 135 112)
3(198 194 217)
3(100 142 115)
3(182 197 224)
3(114 144 103)
3(196 185 226)
3(39 146 0)
3(71 4 228)
3(23 147 2)
3(55 6 229)
3(3 148 33)
3(7 65 230)
3(112 142 126)
3(194 208 224)
3(14 143 15)
3(46 47 225)
3(0 146 8)
3(4 40 228)
3(2 147 24)
3(6 56 229)
3(109 150 108)
3(191 190 232)
3(83 137 113)
3(165 195 219)
3(32 148 3)
3(64 7 230)
3(137 139 113)
3(219 195 221)
3(85 151 84)
3(167 166 233)
3(74 144 114)
3(156 196 226)
3(125 134 77)
3(207 159 216)
3(115 142 135)
3(197 217 224)
3(73 136 122)
3(155 204 218)
3(140 150 109)
3(222 191 232)
3(126 145 106)
3(208 188 227)
3(106 145 127)
3(188 209 227)
3(1 153 17)
3(5 49 235)
3(98 138 103)
3(180 185 220)
3(80 151 130)
3(162 212 233)
3(82 141 116)
3(164 198 223)
3(125 149 134)
3(207 216 231)
3(131 146 84)
3(213 166 228)
3(142 145 126)
3(224 208 227)
3(132 147 108)
3(214 190 229)
3(134 149 104)
3(216 186 231)
3(128 139 102)
3(210 184 221)
3(135 143 76)
3(217 158 225)
3(116 143 135)
3(198 217 225)
3(129 149 72)
3(211 154 231)
3(130 151 85)
3(212 167 233)
3(81 140 124)
3(163 206 222)
3(104 149 129)
3(186 211 231)
3(103 144 106)
3(185 188 226)
3(76 143 14)
3(158 46 225)
3(16 153 1)
3(48 5 235)
3(108 150 132)
3(190 214 232)
3(84 151 131)
3(166 213 233)
3(83 148 133)
3(165 215 230)
3(127 145 100)
3(209 182 227)
3(137 152 107)
3(219 189 234)
3(8 146 131)
3(40 213 228)
3(24 147 132)
3(56 214 229)
3(81 150 140)
3(163 222 232)
3(72 149 125)
3(154 207 231)
3(133 148 32)
3(215 64 230)
3(132 150 81)
3(214 163 232)
3(131 151 80)
3(213 162 233)
3(133 152 83)
3(215 165 234)
3(135 142 112)
3(217 194 224)
3(83 152 137)
3(165 219 234)
3(123 152 133)
3(205 215 234)
3(100 145 142)
3(182 224 227)
3(141 153 16)
3(223 48 235)
4(15 16 48 47)
4(11 12 44 43)
4(12 13 45 44)
4(13 14 46 45)
4(10 11 43 42)
4(29 30 62 61)
4(30 31 63 62)
4(28 29 61 60)
4(27 28 60 59)
4(26 27 59 58)
4(9 10 42 41)
4(25 26 58 57)
4(8 9 41 40)
4(24 25 57 56)
4(31 32 64 63)
4(14 15 47 46)
4(0 8 40 4)
4(2 24 56 6)
4(32 3 7 64)
4(16 1 5 48)
4(22 23 55 54)
4(17 18 50 49)
4(21 22 54 53)
4(19 20 52 51)
4(20 21 53 52)
4(18 19 51 50)
4(23 2 6 55)
4(1 17 49 5)
4(38 39 71 70)
4(33 34 66 65)
4(37 38 70 69)
4(35 36 68 67)
4(36 37 69 68)
4(34 35 67 66)
4(39 0 4 71)
4(3 33 65 7)
)


// ************************************************************************* //
