/*--------------------------------*- C++ -*----------------------------------*\
| =========                 |                                                 |
| \\      /  F ield         | OpenFOAM: The Open Source CFD Toolbox           |
|  \\    /   O peration     | Version:  2412                                  |
|   \\  /    A nd           | Website:  www.openfoam.com                      |
|    \\/     M anipulation  |                                                 |
\*---------------------------------------------------------------------------*/
FoamFile
{
    version     2.0;
    format      ascii;
    arch        "LSB;label=32;scalar=64";
    note        "nPoints:236  nCells:198  nFaces:711  nInternalFaces:279";
    class       labelList;
    location    "constant/polyMesh";
    object      neighbour;
}
// * * * * * * * * * * * * * * * * * * * * * * * * * * * * * * * * * * * * * //


279
(
1
35
58
141
162
5
8
114
4
9
113
11
30
64
131
16
17
159
10
120
135
136
157
117
170
62
155
20
72
24
99
115
23
103
27
105
28
60
175
21
84
154
177
27
58
149
23
57
153
37
57
44
53
46
55
117
38
85
157
61
76
77
134
41
124
173
44
52
154
46
54
39
107
164
61
161
197
43
59
136
47
76
84
41
52
42
43
48
38
54
197
48
57
129
65
78
64
51
69
138
139
164
72
75
85
140
63
67
74
67
109
76
77
63
71
79
116
65
75
87
128
164
66
138
81
129
79
83
118
73
72
78
113
74
83
73
87
123
78
86
80
86
106
150
97
81
96
111
108
114
126
145
136
119
109
108
115
115
178
96
104
177
114
127
120
121
120
137
121
122
122
124
162
106
111
124
130
156
171
118
152
170
127
132
130
133
142
166
111
160
143
168
183
146
172
157
176
132
185
133
186
119
123
128
152
184
126
155
188
162
137
189
170
131
158
174
175
163
191
190
144
182
184
195
195
169
172
193
156
196
154
177
147
148
151
167
193
178
185
186
158
180
152
194
189
174
181
165
193
187
160
167
183
179
174
191
169
188
181
185
196
180
186
176
172
178
176
188
187
197
190
191
189
192
196
194
190
194
195
)


// ************************************************************************* //
