/*--------------------------------*- C++ -*----------------------------------*\
| =========                 |                                                 |
| \\      /  F ield         | OpenFOAM: The Open Source CFD Toolbox           |
|  \\    /   O peration     | Version:  2412                                  |
|   \\  /    A nd           | Website:  www.openfoam.com                      |
|    \\/     M anipulation  |                                                 |
\*---------------------------------------------------------------------------*/
FoamFile
{
    version     2.0;
    format      ascii;
    arch        "LSB;label=32;scalar=64";
    class       vectorField;
    location    "constant/polyMesh";
    object      points;
}
// * * * * * * * * * * * * * * * * * * * * * * * * * * * * * * * * * * * * * //


236
(
(0 0 0)
(2 0 0)
(2 2 0)
(0 2 0)
(0 0 0.001)
(2 0 0.001)
(2 2 0.001)
(0 2 0.001)
(0.2003583933 0 0)
(0.4005407608 0 0)
(0.6005440603 0 0)
(0.8003647762 0 0)
(1 0 0)
(1.199635224 0 0)
(1.39945594 0 0)
(1.599459239 0 0)
(1.799641607 0 0)
(2 0.2170856879 0)
(2 0.4777562842 0)
(2 0.7388781421 0)
(2 1 0)
(2 1.261121858 0)
(2 1.522243716 0)
(2 1.782914312 0)
(1.799641607 2 0)
(1.599459239 2 0)
(1.39945594 2 0)
(1.199635224 2 0)
(1 2 0)
(0.8003647762 2 0)
(0.6005440603 2 0)
(0.4005407608 2 0)
(0.2003583933 2 0)
(0 1.782914312 0)
(0 1.522243716 0)
(0 1.261121858 0)
(0 1 0)
(0 0.7388781421 0)
(0 0.4777562842 0)
(0 0.2170856879 0)
(0.2003583933 0 0.001)
(0.4005407608 0 0.001)
(0.6005440603 0 0.001)
(0.8003647762 0 0.001)
(1 0 0.001)
(1.199635224 0 0.001)
(1.39945594 0 0.001)
(1.599459239 0 0.001)
(1.799641607 0 0.001)
(2 0.2170856879 0.001)
(2 0.4777562842 0.001)
(2 0.7388781421 0.001)
(2 1 0.001)
(2 1.261121858 0.001)
(2 1.522243716 0.001)
(2 1.782914312 0.001)
(1.799641607 2 0.001)
(1.599459239 2 0.001)
(1.39945594 2 0.001)
(1.199635224 2 0.001)
(1 2 0.001)
(0.8003647762 2 0.001)
(0.6005440603 2 0.001)
(0.4005407608 2 0.001)
(0.2003583933 2 0.001)
(0 1.782914312 0.001)
(0 1.522243716 0.001)
(0 1.261121858 0.001)
(0 1 0.001)
(0 0.7388781421 0.001)
(0 0.4777562842 0.001)
(0 0.2170856879 0.001)
(1.099817612 1.827110825 0)
(0.9031271272 0.1812005859 0)
(1.749274583 0.8707497501 0)
(0.2504937205 1.12980414 0)
(1.29823752 0.1745688801 0)
(0.7004544183 1.827030504 0)
(0.2165922816 0.5990253547 0)
(1.77405724 1.391682787 0)
(0.5003931233 0.1669435523 0)
(1.49953668 1.833152845 0)
(1.785313134 0.359469826 0)
(0.2059487304 1.660431968 0)
(0.2116247347 0.3397495404 0)
(0.4192982638 0.476436078 0)
(0.4403073842 0.7052895111 0)
(0.6338089208 0.5691806278 0)
(0.6635871408 0.7945343495 0)
(0.8488707999 0.6565254874 0)
(0.8780987743 0.8824430194 0)
(1.059075612 0.7460907938 0)
(1.08693902 0.97109403 0)
(0.9074642841 1.106902258 0)
(1.115088273 1.195154983 0)
(0.9348911305 1.330086251 0)
(0.730103743 1.243346693 0)
(1.297709308 1.058487956 0)
(1.320745208 1.279855145 0)
(1.032071528 0.5271392745 0)
(1.228386052 0.621182506 0)
(0.758692581 1.4604833 0)
(0.5574899635 1.38047891 0)
(1.506397378 1.131586078 0)
(0.9651126459 1.532866391 0)
(0.4671891442 0.94482379 0)
(1.48815213 0.9021196222 0)
(0.5824952226 1.619854543 0)
(1.793125461 1.652579014 0)
(1.578066805 1.53715215 0)
(0.2246998049 0.8613298842 0)
(1.780718281 0.5964625924 0)
(1.590930942 0.4575861874 0)
(0.2068940897 1.400333527 0)
(1.767172416 1.137958588 0)
(1.210911983 0.3845335123 0)
(1.597586973 0.2388197224 0)
(1.139796319 1.4127085 0)
(0.8170001666 0.3994196458 0)
(1.351517506 1.480729048 0)
(0.6952863243 1.021384656 0)
(0.7036829375 0.1838527839 0)
(1.099817612 0.1728891753 0)
(0.5005424106 1.826897433 0)
(1.292376329 1.827862954 0)
(0.9001704058 1.836334412 0)
(1.568169913 0.6960221711 0)
(1.258508747 0.8344866925 0)
(0.5252748596 1.156257824 0)
(1.178283756 1.638066647 0)
(0.5789808274 0.349517341 0)
(0.309316549 0.1593812813 0)
(1.691463472 1.839352812 0)
(0.3083978501 1.839558213 0)
(0.8092811645 1.661699121 0)
(1.426242385 0.3212441575 0)
(1 0.3333959039 0)
(0.385472888 1.515621421 0)
(1.549659425 1.326493966 0)
(0.3794460271 1.296256076 0)
(1.416679942 1.669278649 0)
(1.766075378 0.1680861899 0)
(1.402614612 0.5291108227 0)
(1.457065595 0.1486161722 0)
(1.634863188 1.013231598 0)
(1.390790362 0.7079452471 0)
(0.1442599354 0.1432433019 0)
(1.856846108 1.854969228 0)
(0.1429409948 1.856580899 0)
(1 1.703960235 0)
(1.595774472 1.706303094 0)
(0.4039226996 0.2984055586 0)
(0.3965714203 1.692472716 0)
(1.891429246 0.09629296944 0)
(1.099817612 1.827110825 0.001)
(0.9031271272 0.1812005859 0.001)
(1.749274583 0.8707497501 0.001)
(0.2504937205 1.12980414 0.001)
(1.29823752 0.1745688801 0.001)
(0.7004544183 1.827030504 0.001)
(0.2165922816 0.5990253547 0.001)
(1.77405724 1.391682787 0.001)
(0.5003931233 0.1669435523 0.001)
(1.49953668 1.833152845 0.001)
(1.785313134 0.359469826 0.001)
(0.2059487304 1.660431968 0.001)
(0.2116247347 0.3397495404 0.001)
(0.4192982638 0.476436078 0.001)
(0.4403073842 0.7052895111 0.001)
(0.6338089208 0.5691806278 0.001)
(0.6635871408 0.7945343495 0.001)
(0.8488707999 0.6565254874 0.001)
(0.8780987743 0.8824430194 0.001)
(1.059075612 0.7460907938 0.001)
(1.08693902 0.97109403 0.001)
(0.9074642841 1.106902258 0.001)
(1.115088273 1.195154983 0.001)
(0.9348911305 1.330086251 0.001)
(0.730103743 1.243346693 0.001)
(1.297709308 1.058487956 0.001)
(1.320745208 1.279855145 0.001)
(1.032071528 0.5271392745 0.001)
(1.228386052 0.621182506 0.001)
(0.758692581 1.4604833 0.001)
(0.5574899635 1.38047891 0.001)
(1.506397378 1.131586078 0.001)
(0.9651126459 1.532866391 0.001)
(0.4671891442 0.94482379 0.001)
(1.48815213 0.9021196222 0.001)
(0.5824952226 1.619854543 0.001)
(1.793125461 1.652579014 0.001)
(1.578066805 1.53715215 0.001)
(0.2246998049 0.8613298842 0.001)
(1.780718281 0.5964625924 0.001)
(1.590930942 0.4575861874 0.001)
(0.2068940897 1.400333527 0.001)
(1.767172416 1.137958588 0.001)
(1.210911983 0.3845335123 0.001)
(1.597586973 0.2388197224 0.001)
(1.139796319 1.4127085 0.001)
(0.8170001666 0.3994196458 0.001)
(1.351517506 1.480729048 0.001)
(0.6952863243 1.021384656 0.001)
(0.7036829375 0.1838527839 0.001)
(1.099817612 0.1728891753 0.001)
(0.5005424106 1.826897433 0.001)
(1.292376329 1.827862954 0.001)
(0.9001704058 1.836334412 0.001)
(1.568169913 0.6960221711 0.001)
(1.258508747 0.8344866925 0.001)
(0.5252748596 1.156257824 0.001)
(1.178283756 1.638066647 0.001)
(0.5789808274 0.349517341 0.001)
(0.309316549 0.1593812813 0.001)
(1.691463472 1.839352812 0.001)
(0.3083978501 1.839558213 0.001)
(0.8092811645 1.661699121 0.001)
(1.426242385 0.3212441575 0.001)
(1 0.3333959039 0.001)
(0.385472888 1.515621421 0.001)
(1.549659425 1.326493966 0.001)
(0.3794460271 1.296256076 0.001)
(1.416679942 1.669278649 0.001)
(1.766075378 0.1680861899 0.001)
(1.402614612 0.5291108227 0.001)
(1.457065595 0.1486161722 0.001)
(1.634863188 1.013231598 0.001)
(1.390790362 0.7079452471 0.001)
(0.1442599354 0.1432433019 0.001)
(1.856846108 1.854969228 0.001)
(0.1429409948 1.856580899 0.001)
(1 1.703960235 0.001)
(1.595774472 1.706303094 0.001)
(0.4039226996 0.2984055586 0.001)
(0.3965714203 1.692472716 0.001)
(1.891429246 0.09629296944 0.001)
)


// ************************************************************************* //
