/*--------------------------------*- C++ -*----------------------------------*\
| =========                 |                                                 |
| \\      /  F ield         | OpenFOAM: The Open Source CFD Toolbox           |
|  \\    /   O peration     | Version:  2412                                  |
|   \\  /    A nd           | Website:  www.openfoam.com                      |
|    \\/     M anipulation  |                                                 |
\*---------------------------------------------------------------------------*/
FoamFile
{
    version     2.0;
    format      ascii;
    arch        "LSB;label=32;scalar=64";
    note        "nPoints:9342  nCells:8906  nFaces:31388  nInternalFaces:13142";
    class       labelList;
    location    "constant/polyMesh";
    object      neighbour;
}
// * * * * * * * * * * * * * * * * * * * * * * * * * * * * * * * * * * * * * //


13142
(
46
1418
6824
10
796
8049
45
722
8905
196
1232
3923
302
345
3293
512
860
1092
69
1252
6917
158
2177
20
478
7969
161
7474
7864
5003
7706
63
4795
6418
107
209
8270
54
645
2474
89
7723
8340
60
1052
5627
81
490
4209
18
1057
7987
1404
5219
36
378
5021
1526
8289
137
1037
1180
201
585
1888
258
883
8494
790
1004
1917
98
1508
6618
190
532
861
40
1696
7577
431
1074
8509
74
501
6897
57
1192
6367
141
343
1914
122
473
5837
96
723
1722
2091
7188
8903
210
844
8149
765
4818
130
496
5686
51
8274
67
3124
3779
1551
7822
50
773
250
3893
6309
70
1659
2406
251
1293
3047
1091
6401
1719
1728
65
551
911
56
3909
5034
58
481
822
2243
7186
1965
3683
157
626
6959
84
537
6986
173
6966
615
654
1231
8280
8904
2774
8345
311
2694
282
1135
1518
79
8505
62
313
1101
1430
1818
906
5291
82
3356
7433
253
8817
117
1852
147
5028
111
5231
8290
235
4298
914
6874
116
399
8090
126
7058
8308
266
1319
4692
144
661
245
348
6650
293
1326
7375
178
1288
2213
334
1116
8477
4759
8575
202
1512
8144
976
2965
3633
6755
274
1553
3878
2154
8649
233
1136
2755
113
503
7021
136
534
8273
186
618
2717
4652
292
888
1752
174
402
3035
248
4189
7373
175
1109
7373
143
1504
1885
184
543
1221
2638
8155
172
656
7935
1379
4153
182
546
652
273
683
5900
281
940
1339
170
1062
1658
498
774
1532
134
992
1070
228
934
7032
194
360
4439
2614
4381
255
1713
3532
181
4580
4789
213
277
4783
745
6890
556
1064
4708
1423
2566
306
346
6622
179
314
3568
329
8707
6330
7330
333
351
7660
350
1227
1662
147
2640
5187
406
1034
2340
606
2564
163
380
1274
240
709
1939
167
1208
2301
3277
316
797
4790
218
1678
2047
438
4061
506
8364
472
3784
8599
223
1877
8876
212
1388
6412
1724
6010
434
1436
2691
2938
5267
1039
5247
2686
8902
375
664
2998
322
4111
5241
956
1700
361
1494
4226
775
4290
5591
7563
153
3258
8107
280
8288
7985
159
498
2196
451
873
3314
518
693
3476
401
8010
8465
299
1423
8690
2540
8053
519
1229
4686
1343
3735
8860
437
1444
3362
2212
6260
2514
6973
2866
8267
367
1413
8555
3937
238
2158
7852
308
8094
285
2345
2490
365
1100
2431
326
6790
7041
276
2858
176
318
2701
418
6249
7541
1711
6533
284
1648
3066
4697
5799
480
6421
453
777
267
8786
2326
4854
529
973
1056
4010
7178
683
2525
381
2539
4296
989
2805
640
7392
283
3064
8730
1447
5834
373
4701
6564
1810
2166
301
5512
5946
337
976
6676
534
2827
3910
616
3724
219
7131
7391
239
1098
5850
385
595
1588
271
3791
376
760
1345
686
7374
225
417
4640
593
1726
4663
363
4106
4243
718
3506
1605
3304
3253
7435
569
1101
3550
595
1387
2414
221
2201
4620
522
908
2832
208
2067
2772
961
1136
1548
3793
569
647
256
612
6786
2521
3477
856
5222
300
373
6250
836
6920
7173
390
950
2362
303
5123
6332
1420
8448
1442
1512
447
2086
4180
2325
7348
288
352
3472
1278
3599
570
1775
3575
955
4464
487
1199
2042
714
940
7890
783
4319
275
1393
6559
417
2654
5937
384
2356
4582
339
2271
7696
320
3616
477
1907
4330
290
992
353
2034
8414
268
1173
5741
2895
8313
1391
1950
1226
2615
263
291
346
349
570
3460
368
4440
6836
276
1664
4908
1357
2565
404
816
7693
831
1132
1554
6798
7946
700
2543
7023
1904
760
1083
260
3957
5787
6295
310
3794
4404
1054
2136
4400
4838
324
393
2840
6997
7154
304
1639
1881
2850
6593
287
1200
8390
730
1495
4419
3314
7328
508
2455
3297
357
939
7757
4052
5584
3601
1587
6365
821
980
1534
532
717
3282
972
4198
502
1772
5133
3392
5722
505
4204
454
4412
4711
531
5407
369
1900
5759
416
1119
7810
1591
7295
5319
8389
3110
5149
841
2257
2253
6032
1188
405
517
7049
702
8544
602
1149
450
1738
1854
687
963
527
3372
757
2010
6608
7354
750
1015
344
762
1672
481
1154
453
2006
8788
684
1261
8002
7371
7609
2698
4761
394
3777
3769
7347
7050
7537
953
1919
834
3540
4486
2067
6476
364
733
6288
391
1883
523
7312
8298
909
5116
719
2811
870
1563
2236
8129
8622
632
4940
328
1471
2652
5294
7451
694
1812
7095
579
4934
445
589
4420
428
3441
752
784
5249
1619
540
982
7738
847
4672
436
944
7652
1225
1565
468
1333
4864
790
7426
792
1908
581
1415
1598
1145
6834
452
2904
4717
1303
5948
4197
6028
1399
7763
1386
5994
4714
6525
362
1546
6883
1098
2040
998
1246
5548
486
1165
8022
625
1502
1686
1940
3395
1147
7594
1076
2018
3500
642
2522
5844
964
4376
1633
2223
4573
1729
7742
919
4343
3092
3552
530
1320
1621
410
2704
2940
547
2486
4154
1403
4699
379
5284
8608
407
463
2558
750
1635
1871
2099
1435
2121
778
4102
1753
2732
3697
8884
1586
7485
6933
8148
1005
8878
2123
8108
669
1384
2044
843
922
1763
838
892
1601
4289
445
539
4267
6053
7369
524
6969
962
1266
1620
1061
7699
3473
8346
7350
415
7409
425
4502
8132
609
916
8722
411
3642
5513
6334
1099
2032
8734
554
1078
2315
643
2289
3030
423
4292
7357
1892
2018
5916
6028
548
4317
7321
1087
2735
407
5445
749
953
3037
1019
1085
663
1039
2849
439
1063
2532
576
3998
1568
7400
689
1695
618
1660
455
792
4007
6710
8476
1328
2458
1977
5247
4401
641
1968
3510
578
1500
2147
4139
5009
446
2268
441
990
1705
938
1882
1946
830
956
3318
791
1855
1775
8072
4842
1413
6749
1443
4716
8609
1058
2522
3313
686
1031
6112
426
2980
5019
1195
7837
515
880
3859
2367
6742
7309
7311
435
983
3026
1290
1542
868
1209
8742
1350
6074
8750
7278
7920
544
1487
3901
612
1258
7596
832
7055
3709
7443
6980
8244
2182
6339
3440
5104
2531
7407
545
5736
8827
1042
2263
592
1752
1847
483
912
3719
807
3359
3805
5335
3437
8319
7090
7360
574
1015
1635
720
1048
5803
5836
2935
4410
7829
8019
3819
823
2869
1244
3113
638
837
3267
3245
6166
6858
1234
1522
5460
611
4759
7266
577
4288
5203
949
1715
3332
621
3970
5796
5292
8323
1576
2924
601
7282
8147
789
899
2156
484
1338
6631
3216
7561
757
884
2418
770
1027
1239
483
2219
3295
1513
6553
3788
7088
941
5236
8634
479
5617
5629
509
520
3519
6795
8676
1891
7015
782
2111
3530
584
668
3766
3889
525
626
1046
8526
8746
1235
8639
1279
1496
516
5563
7869
1100
1340
1744
5730
7252
553
8453
978
985
5718
526
690
1028
647
7923
562
5974
6955
844
8134
667
1010
4182
4455
538
1577
6393
4512
8231
572
819
2346
7764
552
4791
722
6330
712
6326
1786
6394
710
918
1441
799
4827
1286
7231
829
2911
4120
603
1156
5870
881
6545
594
1040
2954
878
3821
7056
714
1339
6076
8311
1488
6081
1625
7276
8432
543
5673
533
4301
5510
2176
7465
5865
7605
915
1083
889
1133
1550
4325
633
4769
2564
2692
6809
2686
2751
7092
1486
2249
715
7319
7419
7672
1557
8425
8654
598
7273
7556
4775
6718
5831
6205
1287
2907
1435
8266
787
1974
6483
558
3050
6135
6323
805
3900
4570
883
4703
853
1808
1941
738
800
1377
970
1063
1521
586
8470
1011
1044
1234
3277
1376
8834
607
895
1475
2420
6022
648
878
3689
7915
8325
809
1267
3406
876
896
5261
666
6225
6510
765
7399
833
1187
6659
1021
1685
6643
693
8128
849
867
1210
929
1242
2282
650
2428
4124
4053
869
959
2537
673
1176
802
984
8105
2909
4294
840
1205
3715
1872
1181
2975
781
7932
589
5323
1165
1755
7636
7687
1053
1075
1701
1050
1159
2502
866
1243
2181
4739
7280
8532
865
8573
819
2032
8277
3093
911
936
1183
995
1183
4406
947
4285
5201
6496
802
2035
6926
737
1481
3024
656
1432
3687
5295
8028
2407
2631
1771
7312
8842
1028
2931
2498
8518
1409
3118
753
5771
6816
656
7124
7913
4217
6975
732
1123
1129
1161
6443
1134
7564
657
1498
2481
2642
7559
1701
836
995
6380
678
2502
6088
6772
1500
7491
3155
6611
3819
754
1882
8063
630
5597
7823
2501
7929
1097
1117
3909
880
905
2621
701
2770
1087
4672
8428
773
5545
721
2802
675
1539
6098
791
3594
5564
6890
804
6041
1549
2250
904
2427
3112
672
5994
958
2732
6161
679
988
3622
1656
1675
1293
1905
6629
1330
2349
1352
6282
4052
6609
1033
5797
1082
1255
7607
4440
8850
702
7687
8663
7379
8366
1080
1402
2195
3681
5233
725
877
1337
684
7413
926
1845
6131
2186
4164
698
2243
3051
4686
4691
805
8453
733
1077
2445
981
1043
1185
1171
8866
974
1584
6050
1460
3123
1141
7930
832
4385
8443
1094
6946
2547
6301
1909
2223
1650
695
1201
5402
923
4364
2677
4403
1171
859
1251
5037
1604
6687
842
1735
1856
818
2660
6700
1673
3937
830
1700
1699
5895
872
3274
7567
851
6280
7814
3525
7773
1022
3431
7323
2161
1526
1046
1533
1625
1000
1727
692
740
852
4256
3256
3838
8429
2179
8560
6521
7140
860
2770
6833
1375
3238
3365
7677
1060
1076
3091
6522
7155
860
5822
6776
5884
7149
713
1238
3505
1009
1479
7778
827
993
3420
861
2802
7491
1565
1597
1748
1189
2343
1287
5335
1090
2150
3146
879
2331
3232
7798
2019
1749
1756
831
997
2886
721
8898
2153
7768
1353
3435
2475
7733
861
1586
1842
2499
1184
5667
6541
5541
8043
1177
1393
1515
1043
1191
7122
810
6834
1209
2177
7097
7947
741
1614
2427
1463
1922
8819
1305
6424
8523
939
8573
1007
7508
8675
4739
6474
3506
1197
1980
3873
3914
7891
1172
4255
1249
2360
2630
1038
6941
7069
1275
1727
7028
8386
2951
3152
1013
2544
7709
894
5926
7751
3714
7731
3699
959
1279
2168
5444
7592
6881
7791
2140
2563
1770
6861
7155
779
907
7368
4089
4409
7596
768
795
4324
1514
811
5895
6316
6506
3602
6758
932
5422
7066
1760
6699
785
812
6349
1302
1976
793
8442
8885
2514
803
2270
5710
989
3516
6691
3051
930
3380
1025
6578
847
970
5380
2073
5894
1139
3243
5847
7425
898
6744
7113
854
2308
1118
2364
825
1746
1709
2195
1777
8643
903
1069
8097
3914
6560
945
5551
1546
8436
6665
5955
6747
5800
7012
1024
1281
1364
1073
2055
3762
8480
1502
4011
874
1292
3249
1173
2700
6322
8005
875
1266
6666
4629
5798
7297
2463
3235
1630
988
3492
3581
926
7002
927
4281
7094
5093
6866
4706
7836
2121
3919
7717
8230
1065
1169
1467
990
1295
3031
1510
5884
991
2416
1012
1047
1369
1747
6381
5004
1023
1528
2056
3906
7240
862
8458
1540
2245
1461
2548
8271
1573
2382
1946
2087
6130
6096
7726
2502
7665
1116
1555
5841
5968
1762
2078
4122
2380
8481
1867
3049
7447
6270
1737
2133
1412
8878
1971
6208
8613
6012
6908
920
6844
5065
6254
1591
6517
2802
7959
1077
1148
2213
5763
1016
7662
8066
3326
7343
2770
7786
3730
7349
1212
2339
1051
2980
2224
6489
930
1417
2941
907
5349
1162
1189
2968
1674
4959
6979
973
3907
2862
7299
1276
5148
1228
1311
1622
1496
2259
2091
7243
979
1465
2318
7917
8841
1170
1822
6759
1875
4702
6359
7328
1607
5011
6534
7824
1406
3394
1171
6928
957
1347
5125
1721
6833
1195
6736
6945
1261
1848
1912
1362
2257
5276
933
2271
2747
1072
1491
1887
4653
5147
8033
1965
3111
6521
906
2397
8612
3601
986
1118
1545
2494
3490
2313
8099
3123
8109
6776
7154
3705
6433
6384
7889
947
1956
7792
1121
4061
1093
1254
6683
2370
8202
1686
2285
1910
3839
8808
7804
1289
1769
1332
4042
1248
1424
3210
2217
3150
1172
2309
2972
6152
6375
1965
7169
7250
924
6611
942
4923
1045
2973
1144
1362
951
4573
8035
1007
1427
1852
7447
3173
4784
3013
3822
6191
3180
4364
8057
8332
1954
1160
6503
7741
1575
5659
1644
1790
4648
8699
1876
5244
8737
1901
7280
1308
1359
3732
2596
6201
5575
5911
7454
7485
1334
7065
1142
6428
7682
7212
8465
1426
5158
1440
1985
2740
2323
1215
2492
4260
2486
2980
1076
3425
2266
1398
3959
6264
3176
1325
1994
8275
1238
4533
3280
2031
3348
2336
6590
2105
1816
4562
8789
4762
8338
2304
3112
1070
2327
8566
1314
1538
3007
993
3474
3523
1294
1411
2177
1571
2471
8114
1205
6295
5979
1236
6890
1085
3593
3767
4397
8139
1059
2235
7464
6057
1107
1373
3449
1861
1058
4508
1324
1396
7400
5260
8818
1314
5096
1375
7575
1564
8880
6758
1081
3977
4596
4539
7410
4172
1373
4649
6713
6151
1456
2203
8593
1901
1395
6853
8416
1103
7635
1304
5344
1687
3029
7495
2142
6634
1177
4221
6514
6449
7064
1067
1315
6284
1566
2490
1601
8371
5757
7156
1285
1049
1347
2628
8308
2687
2749
1423
1606
1025
7478
4786
7310
1550
2693
7551
4245
6351
8283
1481
1959
2814
1400
7181
8202
1267
4332
6553
7211
4947
5553
6919
7155
2137
2390
5969
2661
1167
1781
6544
6693
7810
1214
1602
6070
1341
3170
5992
1424
3419
1126
3958
4368
1979
4355
2301
7897
1268
8288
1554
2886
6080
1112
3349
2760
7602
3729
1567
2949
1926
7653
1392
3096
5620
7864
2051
2265
3476
8676
1127
8145
1863
3097
1459
1673
1528
2901
2407
2730
1654
8872
1228
6574
1544
5235
6769
1277
5037
1102
8411
8742
5208
7481
1944
2925
3888
8139
1543
6648
1489
6047
1105
2395
2020
7665
3083
4912
2423
4963
7740
1894
8137
4022
1247
8274
1757
2300
1874
5378
3823
5331
7596
7144
8231
1761
1835
2641
4025
1927
1271
6586
1116
1641
2287
3375
1365
2487
2881
2285
1206
7225
8258
1201
5632
8146
3451
7105
1557
1655
2402
7489
1415
1873
2332
2542
1416
2448
4746
1240
5963
6899
8280
4660
3827
6150
1331
3605
7750
1380
5316
1861
3595
6021
1589
6291
1397
3675
6322
1451
4335
1198
1520
1862
1202
1163
2416
2469
3846
7786
1532
1954
1350
7259
1548
6894
7896
1530
7543
1681
8891
6519
1239
2160
1927
8627
5458
8372
2504
7259
2001
5364
1285
1763
5483
1245
6397
6751
1978
5657
4208
7598
1149
5971
6974
5990
1337
2327
2719
1164
1593
3833
7813
7828
1619
1264
1455
1711
1889
7115
1535
2135
5851
1438
3667
6118
1283
5465
6420
7434
5920
7177
3423
5333
1478
2499
7763
2592
6553
1229
1257
6492
5856
8103
1970
1997
8855
1253
2391
7564
2009
4025
1717
2078
3480
1207
1858
3247
4427
8458
1334
6723
8440
1318
4077
1272
1802
2267
1976
2048
2055
1298
6694
1211
3737
1579
8868
1962
2011
5561
7706
2246
6311
7087
1300
7493
7900
1259
1442
2385
2882
2906
1218
1320
1595
2908
4148
6066
1319
4741
7880
2646
3124
5867
2032
6748
1782
3190
4113
1626
2092
5893
1977
2946
1296
5440
1454
3064
7833
6720
7326
1941
1216
1254
1466
1628
6183
1566
2178
7411
1271
7613
8456
1941
6297
1280
2295
1595
1800
4384
1591
4570
7289
7866
1887
1973
2024
7774
8713
7211
2259
5255
1770
7458
3111
3823
7600
1315
4159
7074
1662
8281
5207
6610
7911
1342
5399
1470
7897
7386
1547
7337
7619
8651
2626
3652
2283
6201
1491
1928
3663
7994
2044
8439
2828
6291
1480
6378
8304
1408
2688
3333
4582
4801
1646
1791
3758
1603
1872
1263
1865
2381
1358
2460
7354
8040
1886
5190
4215
3390
1446
3820
6678
1272
3563
2047
4654
1596
3938
6364
3511
1677
2607
5334
8290
1913
2340
3068
6619
6498
7968
1306
8076
8127
1651
8123
1904
1405
1908
1624
2761
1983
2882
4605
7012
1925
2572
1272
6088
1792
6693
8591
1716
1782
1526
8379
1264
2252
2156
7395
7792
2313
5216
5864
5636
7108
6355
8771
1611
2874
1707
2096
2987
6698
6689
7029
1531
2804
1849
1344
2108
5695
6652
3593
5079
6231
1671
1866
2655
1346
6332
7151
5147
1282
7538
7552
1390
1771
3366
6171
6644
8561
1712
6631
1403
1706
2585
2663
8024
2325
5952
1447
3845
2499
5705
7359
1308
6078
2684
1979
2289
1953
2109
1464
3273
1473
1897
3218
1762
5279
8410
3363
7386
1511
4195
1784
5956
1840
2611
4720
1459
7502
3614
5001
6352
6898
1486
1632
5108
1474
1448
2252
1932
3317
4722
7644
6671
8796
1555
1641
3631
6136
1516
6790
8530
1436
1762
2188
3208
4804
1324
1734
2065
1363
2140
3046
3189
6413
1935
5563
7651
1838
5727
5950
2106
6537
1906
3850
1624
2071
2683
2052
3634
8024
1335
1446
2237
7919
4614
8222
5854
7636
1958
2106
5865
4419
4970
1484
1754
2213
7337
8622
6422
7604
4348
7281
2981
1501
2957
1368
1779
2306
1619
1877
7690
2453
7626
6274
6887
1407
4835
1364
2919
1733
5066
1744
8100
8189
8264
2338
1678
1828
4994
1450
2126
5091
4409
1462
1758
1868
1641
2411
1394
3354
1514
1744
2978
1690
1729
7239
1593
4528
8254
3572
8027
1748
1870
6569
6813
2094
2597
4062
1661
2862
5633
2450
2897
1669
6294
2072
2504
8710
1986
2850
3031
1977
3770
3180
3355
4737
5788
2490
5183
7725
1498
2920
5453
2469
2252
6059
7660
7075
8572
1843
1989
5712
6231
2109
2832
8516
8603
1710
5032
5480
1642
3676
5768
1837
4379
8046
4272
6807
2008
3599
6426
6420
8148
1664
2858
8214
8574
3149
4894
4915
1883
1982
3032
5511
2046
2962
7076
2610
3415
2423
8285
1509
6026
3506
4436
4368
6636
5822
8303
1894
7423
1968
2192
6632
1631
8889
2358
3755
7963
1603
8098
1899
5866
1710
6695
1759
2294
1433
3600
4364
7322
8041
1750
6973
8706
7048
1623
7434
5774
1646
5139
1668
2667
7210
8779
2101
5431
7610
2295
6367
1730
3353
6561
1693
5697
6225
7374
1738
8871
4911
6589
8675
4061
4963
7499
7653
7923
2089
2838
2110
2281
3895
7145
8765
1819
5519
1906
2240
8324
5523
1938
1599
1957
3337
5888
6744
1585
2143
6670
2402
5678
1582
6767
7435
3715
5207
3326
7914
1469
2830
4238
6526
6888
1849
5338
2345
8334
5273
6123
1562
4649
3269
3292
3661
3335
3741
4189
6844
7201
2034
3818
6061
7097
1815
2022
5952
1694
3377
4721
1949
4967
5247
5362
6538
3101
4234
1493
4655
2134
2457
1691
2168
1873
7877
1483
2659
1774
2616
4521
7959
3394
8109
1569
5964
1640
2484
3306
2949
5172
1998
3723
1493
2348
1924
2283
3533
1677
1690
7318
6171
8155
1869
5244
8123
8716
7220
1878
5087
5514
1492
7854
1916
1997
1505
2973
3271
6060
6535
8020
1922
2001
1990
4107
1560
2673
3010
1666
2395
2877
1621
8292
8826
2458
7983
4699
1600
2884
5197
5908
2068
2559
3629
3591
2065
6639
7013
1505
2991
3026
7958
8822
1667
2143
2679
3692
1764
5421
5562
7802
8775
2065
5920
4826
5171
5096
7443
2996
2592
3561
1905
6947
7258
2387
2460
2029
2256
2272
2063
5172
1776
7064
2533
2376
4130
1814
1971
1540
2706
3127
1598
8759
3173
8388
1921
2472
6506
5019
1900
2164
6090
4670
8348
2148
3082
4302
7185
7188
6121
6543
3333
8471
1580
2361
3875
1846
2284
3594
1705
3323
2351
5840
5394
3864
4728
6694
1556
3611
2880
7175
7209
7580
2111
3919
5493
8420
7237
2589
3262
3256
1830
3310
2129
3734
6020
5997
7380
7727
3679
2134
2977
8256
1725
7384
8424
1745
2167
7429
1669
7892
1952
7058
7480
2675
3740
2538
3535
8667
8558
2652
3802
4575
8332
8560
6745
8701
2529
2988
6207
7514
8213
1588
1676
2414
2227
2255
1779
1951
3304
5641
6924
1798
5242
1914
3280
2421
3572
5098
8660
1731
2874
2524
3073
3214
2724
6866
1616
1993
2199
3888
4380
7223
8854
8616
2298
5318
2722
2665
3821
1665
2401
3764
2211
2627
6986
8318
1743
2926
6711
3728
1746
2261
2244
2594
6683
1827
2119
2089
6380
3263
2596
2897
1810
2563
3046
8668
8776
8690
2381
3082
4022
8444
1848
1992
2394
1994
2686
3767
1987
2171
3919
8436
1670
2688
7332
1707
4618
2136
2214
4215
2037
4700
1618
2076
2606
3888
4818
1739
5892
4262
5633
8197
2060
2798
6411
8903
1969
2550
1836
3428
7724
2482
3560
2665
5130
7056
1742
6535
8744
1804
4142
5776
6825
3823
8509
4548
2516
2531
7484
1789
2017
2403
1947
3118
4077
1957
3570
1649
2683
6723
7116
3925
7081
7617
2040
2634
2083
3514
5991
3497
2238
2261
3514
6921
7455
2876
3452
2150
3700
8716
2116
2338
2708
2066
2749
6301
8672
2125
6330
2117
3430
1737
1880
4394
1889
2879
7921
4507
5658
2124
3208
8785
3298
7389
8736
6085
2510
4220
1728
3193
2944
3880
2258
3380
2222
1759
2809
1934
3414
1921
3654
7152
7265
8358
2965
4090
2837
3517
4338
3445
1842
5705
7368
2220
3348
7654
8732
2506
2896
5762
1845
2102
3696
1805
1807
4766
5886
8321
2304
8087
8607
2101
2222
8179
1786
6632
7418
4850
2234
2600
3288
6341
6645
2763
5408
8057
3366
8110
1826
2022
1948
5012
7775
4605
8475
2153
8551
4074
2389
1884
4988
7044
1983
2385
4906
1929
2303
2807
5096
1937
3434
4148
2757
3207
8620
4025
6783
4115
2335
2202
7548
6222
7120
2175
2278
7519
7091
7311
5475
7462
3019
3360
1745
2233
2696
3703
6123
2430
4566
6791
2050
7361
2434
5537
2185
3183
4060
7567
8843
7533
8122
6974
7218
4512
2492
6464
5660
7627
2171
3921
2846
6410
7910
2131
4712
2957
3192
2756
3103
3496
5299
5712
2310
8881
2309
4255
1972
2343
2808
2028
2613
7352
3511
5062
3335
5428
3582
7840
2538
3748
2433
2210
2813
4722
6898
1766
8561
1956
2288
2336
1979
3215
2607
3997
2409
3724
1973
4161
2170
6512
2098
2932
6399
2618
6728
4570
2791
7449
2139
2408
4400
4317
8178
1903
2141
5067
6781
7485
1824
2656
8510
6876
8493
2680
3289
5510
1790
1799
8895
1894
2347
7304
8617
5207
8609
1813
5493
8529
7165
7391
7313
1822
3924
5661
2350
3301
3596
4217
7666
6963
2011
2115
2460
3986
4505
6700
1841
2054
2509
1807
3674
2514
7644
2658
4554
4697
6778
8128
2180
2943
5393
2225
3384
7273
5334
8507
3781
4953
2747
7684
2035
3775
2051
2328
3023
2970
3088
2050
2795
6580
2448
5451
2552
3656
2601
6275
6600
5139
1993
3448
3237
3498
7034
1933
1991
3619
7106
8166
2209
4679
3277
8038
1879
2483
7771
8650
2217
3648
4072
3550
4527
3975
4972
1975
6726
7667
2788
3187
4055
2605
1974
2625
2922
2043
7747
1848
2159
3995
3534
6216
1902
2085
2295
3434
2330
6700
8578
4386
4738
2003
2725
4131
1881
2138
3176
2015
2084
3475
2569
2571
2790
2247
4346
7290
8339
7612
8029
4340
7965
5079
8513
1928
5638
2130
2365
5651
5157
7506
2231
3698
5742
2766
1995
8216
2010
3576
6549
2097
2603
3044
5216
5531
2070
1961
7747
8814
4673
6727
2748
4060
2112
3341
2847
3122
6743
2823
4396
2523
4727
5106
4403
8792
8896
5387
6152
3348
3387
2004
2936
4016
2100
5152
2086
6293
2070
8853
2113
3140
8737
2011
2588
2064
2676
1908
6522
6126
6221
5144
6268
8007
8628
5241
2566
7371
2989
3747
2598
3267
3401
7103
4197
4275
5618
3432
6657
7124
7935
3081
1951
3068
2841
2511
3566
7388
3643
5320
3707
4606
2141
4064
5539
4706
8789
2113
3039
4234
2063
3838
8581
2845
3517
3630
7191
2172
7086
4860
5262
1909
8023
6451
8227
8338
4454
2390
3859
2190
4007
6239
2010
3578
2301
4711
5386
7219
7312
2133
3021
7463
7725
2017
2253
8126
1964
7731
2459
4230
5143
2688
5029
2016
2847
3711
2833
6130
2169
3419
5498
6868
6576
2300
2276
3114
3424
7193
2204
2577
6111
1948
6441
2393
2457
2710
4914
7520
7711
2076
2523
4251
2645
5097
4390
6069
1972
2702
7716
8873
2003
3279
3638
3318
3756
4873
2068
2515
2581
5216
7016
3185
6132
7875
2401
6951
2040
2918
3770
8308
8807
2043
3266
2946
2039
2118
3078
7607
2816
4077
4430
3303
4201
2277
2682
3107
2244
8558
2343
2602
2372
5441
7448
2816
6406
2404
3288
5448
2254
7456
7467
2945
4926
7278
2445
3158
7839
5392
2005
4075
2720
7536
2088
3952
7156
3654
5856
7524
5180
4558
3432
4290
4873
2359
4291
4195
5787
2122
7435
2888
3006
3136
7031
8825
6602
8261
2134
3866
3043
5579
2901
8468
3978
5597
2371
2625
4781
2956
2924
2026
2077
8036
3827
4359
8734
4080
2007
2149
2312
3384
2292
5622
3621
7937
8627
2562
3620
2307
6324
5545
8633
2451
2648
5420
2479
2492
7210
7203
8559
4513
6368
2729
5252
5576
6829
2056
7416
4728
7080
2447
5885
6313
2218
2157
6319
6899
2323
4069
2399
2437
2479
3133
4429
4327
5362
8299
2512
2617
2571
2913
4191
4498
7875
3367
6326
2196
2629
2810
7250
2908
2417
3295
7793
3448
3773
2322
4192
5761
2469
2528
2319
5030
5087
2168
3220
2103
7141
2238
2969
4452
2049
3855
6331
3822
2848
3018
3053
3271
7516
8021
2107
8716
2302
2896
5367
3859
2762
2976
3612
2314
3065
4666
2119
2462
3369
5905
5458
8813
2160
3893
8072
2841
5472
5615
4488
8115
6440
3346
2473
2785
2913
7232
2595
2876
7765
2339
7891
2399
4594
6439
5477
8388
2260
2297
3311
5005
2132
2547
6183
2580
4187
5625
2417
2497
2867
2388
2735
4907
2296
2382
2570
2817
2462
2587
3504
2219
3719
3641
8238
6270
3329
4965
6737
7702
6145
6432
4508
8472
2670
6184
5868
7633
7756
2762
2764
3591
3724
2863
2983
2546
6581
2354
8084
3154
2855
3105
2244
4990
2809
3115
7494
2358
5725
7468
4281
8304
4666
4871
3933
3778
5413
6504
2440
3184
3566
2542
2551
8142
2576
2968
5280
7779
3215
4355
5561
7062
3570
2441
3521
6312
7738
2247
2718
3549
6213
3025
4469
2825
7330
3703
6003
2419
2893
3090
2879
4388
6874
2269
6276
2996
3626
2916
5517
2482
4182
3215
2294
4763
2553
2901
3446
2709
3213
2146
5684
2596
4858
2846
8361
5875
2404
4715
5168
2175
2570
4166
3398
4838
2830
6579
2960
4211
4481
5102
2680
3837
5588
2248
2750
3187
8705
2662
8443
2248
2541
4395
6883
5058
5515
2232
6051
2418
3751
3662
5918
2432
3379
4226
2362
2824
3336
2865
3549
2690
2935
7698
4507
8098
2704
3011
2505
2647
5098
5135
2937
3337
3876
2697
2795
3324
2316
4397
7999
3475
2656
4911
2266
5620
7400
5534
6550
3024
3565
5923
7343
2294
2863
4489
2644
3051
4350
2633
2885
2583
2651
2513
3628
5060
3249
5356
6366
8509
6747
7679
2955
5653
5718
2286
3917
2221
5969
7722
2503
2842
3750
5193
3380
2468
3633
5292
2784
3126
7770
3446
4664
2227
2269
5896
2274
6961
2593
4468
2226
7947
2843
3747
2609
3978
4176
3263
3601
8378
2914
7614
8120
4731
6124
6662
2573
2941
2818
5366
2354
2662
6631
7548
2303
3257
2315
2475
6198
2299
2993
4568
4556
2424
2989
6486
3076
3272
8024
8358
5283
8203
5447
7859
2636
2725
3033
4540
4319
2589
3493
4123
2368
2464
2925
3490
4667
6680
2281
4599
2822
3237
2864
5074
2674
3206
3492
3622
6484
6804
4020
6465
3938
3029
3822
5367
3620
5786
2273
4066
6920
3108
3128
7750
3427
2500
2505
3639
4879
3253
4825
4142
5760
2377
3450
4488
6391
8597
7967
6236
7028
2296
4792
4557
7294
8835
2810
3072
8897
3560
4001
2382
2754
3246
7006
2384
3323
6910
7417
8610
2291
3670
2534
2360
2894
2637
2778
6613
3463
5862
7668
2785
6139
8622
2843
8113
5917
7741
8488
2789
3257
2359
2887
2554
4273
2782
3230
7534
2369
3132
7674
4315
4765
7707
6031
3069
4193
2388
2752
5373
5536
6900
2445
3736
5230
2335
7236
8793
2328
3433
4298
5075
2451
3071
5105
8223
2859
4386
4821
7189
7683
7948
5165
2669
3342
3857
6534
2506
3211
5927
2941
2946
4342
5221
2333
3591
4868
3021
5013
2410
2440
4221
4076
4352
8374
2749
7801
8590
2507
2623
5069
5144
6203
2674
3255
2566
3306
2961
4031
5886
2561
3867
8122
4213
5262
7937
2467
3042
3088
2483
7006
8552
5541
3585
2582
5084
6775
2538
8841
2338
4875
5962
7460
2603
4587
2476
3177
4204
3110
4472
3074
3227
4941
3035
3770
6390
7575
7835
2452
4767
6146
2520
3038
7718
8836
2903
2905
4560
2751
5864
4282
2810
6055
7967
8126
4037
4230
6993
3223
4388
5163
3744
2557
3732
5150
2742
2778
2619
2849
6340
3130
3219
3355
3771
3814
3799
2766
3648
3842
4797
8302
2707
5576
2540
5107
6102
2526
4055
3203
3527
2648
3558
7350
8094
4075
7213
2911
3679
2435
3924
4231
2889
3308
6475
2392
2716
4076
2532
2793
2835
3003
2425
2815
3518
2965
3430
7252
2430
5571
5825
2553
2915
7120
2711
2962
4824
2609
2822
2895
2576
7944
3507
6786
8617
3635
3913
6059
5649
7540
2467
3181
3578
5329
6746
3657
7350
3311
4429
2869
5999
6546
7928
2590
2961
7815
4194
6943
2669
3393
3571
3248
4263
5049
8279
8851
5757
2791
4004
2818
3044
3341
4729
5536
6487
2491
3037
4277
2605
3403
3753
2845
2480
2741
3524
8049
3889
5861
2834
6208
4107
7732
2565
6512
2541
2930
3935
8538
3610
7577
3084
3587
3678
4220
4339
3507
5116
8295
2823
3717
4526
5443
2453
5191
2478
7886
3531
3613
4169
5651
3559
3915
2771
3199
6296
3466
7745
2883
3154
8030
2500
2869
6112
2567
2623
2705
5179
6170
3200
3415
3488
3111
3683
8556
2873
3232
5716
4310
6089
4032
2535
2938
5389
3357
3632
4347
3529
3856
3638
2670
3135
5993
6480
8026
2957
4020
5665
3042
4080
5343
6345
2474
8706
3499
3240
5423
2515
4682
3073
3759
3831
2713
2854
2929
3761
3002
3143
2767
5007
5362
3187
4395
3333
7776
5234
6239
4093
6987
2723
3458
2905
3128
7307
2809
2983
8383
2927
4904
2590
3478
3841
2843
4564
5030
3182
4671
5417
8167
2804
5152
3055
3067
3074
3037
3090
5118
2527
3176
3787
4276
5395
3726
3829
3484
7154
3234
3617
6317
2753
5669
2944
2973
3419
2590
5153
3343
4176
8847
2706
3342
2689
4135
2526
2788
2865
4134
4170
3269
3590
2685
3039
2854
2857
5173
6014
3824
2852
2853
2613
2853
2857
2694
2765
3435
3131
4537
4681
2780
3754
3276
6977
3537
4724
3322
4662
3934
5722
3005
2709
4597
3449
3795
3095
4626
2736
4884
6350
8626
2852
5663
6842
2652
6745
2604
3002
2929
2971
7892
4520
5494
2614
3695
3386
3990
7729
7877
8451
3763
8515
3135
4727
6184
4810
5615
2612
8299
8702
2845
2858
3394
2969
2986
3347
4591
3006
4212
3857
4117
5819
4322
5643
8136
2650
3272
6448
3114
3126
3143
4500
3824
4372
4782
5260
6086
2982
3587
4141
7437
6509
8588
8566
2952
3057
2964
4676
5505
3048
3242
3212
5700
2591
2643
2667
4902
2641
3836
3981
2961
3478
4643
6532
6211
8113
3299
4092
5756
2713
2971
3392
2999
3844
4965
8374
5848
6256
2635
3563
2851
2922
3515
2734
2927
2726
4602
7826
3148
4498
2602
3613
4633
2647
4834
8394
2820
6482
3531
5340
2761
3094
2838
4527
4018
5780
2633
2740
6906
2934
3220
3704
6110
4819
5573
3633
5267
3728
2624
4380
4631
2995
5556
6370
2842
4231
4421
3704
5858
3416
3546
7484
6223
2898
4071
4170
4379
2929
8138
3836
4151
3123
4015
3256
7521
8584
4435
6333
3480
5211
5373
8078
4001
5517
4924
3694
5242
2883
3085
2708
3398
3301
3302
4737
6949
5627
6449
4986
5236
6839
3409
4134
4377
3042
3273
3278
5295
3054
3142
2679
4054
3315
3706
4180
2703
4825
6036
6672
8575
2731
5230
3365
5105
2927
3300
2758
7060
3465
5815
3028
3031
4915
4118
7998
2695
2829
3122
3162
6612
2784
3098
3054
3437
3899
2715
3374
4105
5557
5677
3850
6209
2699
5395
3180
7958
6169
2919
8021
2840
2923
3009
6494
6100
6804
7655
3195
2723
3294
3696
3357
5197
2792
2904
7121
2923
2958
4130
2881
3408
3870
3139
3867
5209
5312
6557
7541
2844
3050
3413
8671
4881
2891
3028
3149
2697
4021
4661
2724
6167
2985
8018
4666
5066
2705
4225
2933
3022
7743
8058
4657
5837
5074
6641
3391
7542
8227
4849
4921
3790
6001
6422
3986
4604
3260
3305
2754
3093
2898
6508
2750
3034
3908
2712
3905
3637
5076
5684
3544
3054
3330
2972
3004
3285
5390
6647
2780
3528
8076
4416
6175
5844
6024
4039
4872
2937
4563
4376
3086
4642
3474
3604
5480
3034
5187
4610
3406
3017
3489
5490
4448
4715
5685
2742
3519
6323
3122
3417
6719
7539
3030
3210
7501
2775
3979
6629
2774
3420
3009
2759
4266
2790
4345
4600
2987
3004
3120
2891
3196
5852
3183
3300
3316
3012
3827
7180
2934
3206
3336
5620
6308
7106
2987
3100
3153
4375
2885
3594
3636
5845
2945
5328
3454
7335
4478
2769
2772
3184
4887
3937
7152
2776
6938
2903
6876
6180
8153
7775
4618
3716
6510
3056
3100
3281
3287
7002
6524
6596
2851
3743
4683
2794
3450
3197
3201
3500
6398
6954
7051
7726
8675
6146
6614
3383
3678
5605
3079
3713
5041
5915
4591
2782
3246
7546
4438
2881
3328
3340
4433
7679
3362
5347
5421
2860
4615
7831
3636
4155
5984
4284
2796
8201
2958
3471
2835
3616
5041
3008
7414
3191
3196
3855
6127
7616
2893
4449
5571
3361
3422
3931
2826
4014
7609
3129
5018
8026
3340
3894
5185
3086
5827
6860
3539
4819
5764
2994
3530
4207
6638
6921
3282
4812
4059
6372
2982
4312
6106
3172
7358
4087
3132
7142
7159
3001
6147
3164
3640
3847
4532
4835
3425
3527
7302
8250
8690
2861
5370
7092
8396
3273
3441
7160
2963
3336
5353
7424
3719
4556
5571
7647
3166
3194
3289
4301
3034
4311
5197
2947
3011
3582
5380
3040
3385
4522
8787
3826
3120
3153
3168
3672
4256
4035
5302
4617
3236
6131
2899
4621
5212
4425
3610
3712
2988
4287
2938
6013
3391
6415
5007
8193
5339
3302
6704
5082
5964
3182
3508
6080
3057
3184
4101
2972
3161
3323
2933
2979
3378
3655
4337
4432
3904
5876
6459
4275
3015
7111
2910
3217
3680
3216
5148
3317
8065
5993
8542
3069
3992
3479
4411
3241
3513
8572
3830
5735
5890
3058
3229
3461
4490
4734
3988
4660
5647
3626
5603
4978
3760
5381
3145
4710
5192
3638
4131
7393
4043
3494
3932
3148
3499
4147
6261
8105
4547
5015
3895
6407
7646
3160
3224
6450
3242
6037
8879
3382
3752
3841
5248
5950
7259
8074
4377
4426
8625
3478
4538
2979
3453
4157
3914
4999
4888
3425
3639
4241
4366
4652
8213
3883
8209
5990
5281
8396
3701
5977
3284
4213
4586
6373
3389
3755
3985
6641
7429
3318
5619
6217
3829
4057
3926
6495
3066
7967
3026
3189
3271
4629
3195
3561
3784
2992
5826
4412
7076
2985
2999
3623
3502
3775
7945
8880
4399
4405
4162
3609
4163
4928
3209
3340
3120
3351
3527
3456
3989
3523
3524
3604
3706
3929
3999
7863
6145
3761
3988
3010
4690
4931
7793
3301
6479
3056
3555
3286
4389
4793
6150
4718
4299
5768
3139
5313
3296
4632
5529
4082
5290
6067
5689
5628
4034
6729
3709
3710
5645
7052
5342
6196
3354
5004
6431
5076
3344
4154
8101
3536
7453
8053
3536
4365
7930
6228
7548
4283
3262
3370
4148
3549
8205
3469
3161
3171
3413
4202
4068
3399
5840
3645
4257
5743
7257
4026
4491
7619
3689
4855
5130
6907
4086
4494
3191
3659
4122
4258
3800
4150
4928
4399
3062
7283
3171
3189
4201
3287
3391
4190
5320
5862
4172
7257
3412
4426
4476
6499
4026
3204
3334
5775
3077
4078
3410
3061
4532
3532
4307
5666
3116
3995
6040
3119
3259
3996
7848
8410
3598
4345
6019
8196
3607
3702
3938
7933
3324
6545
4437
5629
3939
5128
3096
3855
3234
3350
4177
3581
4261
5073
3095
3407
3378
3468
5256
6235
5447
3373
5094
5134
5617
7008
3565
4033
3360
4408
8364
3147
4500
3195
5358
5824
4627
3190
4322
7588
3387
5882
3984
7531
3241
3522
3645
3720
5819
5833
7519
3193
6808
4609
3106
8312
3618
8220
3744
3994
3872
4830
5289
5748
3563
3199
3389
7697
3714
3293
3346
6606
7956
4428
5012
5397
7621
4172
3804
4459
4447
4640
3892
5065
6887
4877
7405
8464
4775
7568
7703
3892
4975
3199
3381
7789
3294
4044
7690
8389
3324
4291
3156
3868
5765
6121
5297
4255
6556
7977
4413
3428
7332
4242
6765
3198
5001
4972
3221
3856
3830
4053
6554
6614
4219
5318
6144
4357
4889
4893
3940
3297
4583
7669
7694
5631
5750
5556
3418
5306
4051
6387
6816
5782
4601
6471
3148
3317
7875
3669
4390
6162
4178
5135
6896
3505
4216
4533
3720
3871
3512
3716
4707
5526
3236
4310
7830
3512
4239
4289
4140
7059
3346
3627
3927
4156
5772
4165
3994
7243
8820
3201
3605
4199
4305
6332
4405
4822
3557
4244
5710
3283
3400
4868
3725
4094
4054
4466
5875
4808
6071
3228
3503
5149
3786
3806
3283
3321
4851
3660
6122
5431
8187
8682
3892
5064
4104
3489
3574
8887
3259
3383
4639
3543
3680
3886
3878
5449
3808
8732
3617
3793
7237
4274
4369
4930
3219
6630
7825
3468
3472
5201
3319
3386
4483
5475
3464
6009
6061
3703
3581
3693
4233
3381
3817
5156
8301
5179
3852
3762
3936
7383
3860
4050
3291
5324
3556
7225
8185
3799
7474
7678
4493
3742
4297
3320
3516
5286
3574
7676
3624
5848
5589
6846
3223
3902
7469
3238
3545
6442
4802
5078
3834
4128
4928
5042
3244
3928
4223
4354
7477
3762
3891
4185
5931
7008
3651
5297
3765
3795
4514
6159
3248
4684
4705
6570
3771
4000
7054
3627
5342
8088
3803
5559
4629
3625
4696
5088
5784
6196
4968
5056
3553
4393
3352
3664
3440
5104
4473
4129
4717
4693
5435
4143
4960
7648
3381
3768
8003
3293
3627
3945
6728
5981
7264
8618
4520
4891
5188
3623
5935
5430
3297
4611
5299
7031
8741
3835
6037
3461
3739
4441
4528
7584
8011
5045
6186
4038
3918
4023
6382
4194
6484
6519
6758
7719
5069
6010
4560
8207
3321
4085
3485
4086
5191
7870
5619
3559
4040
6830
5599
3701
3780
3327
3521
3866
4646
4407
6705
5073
3418
3785
5291
4446
4506
3864
6414
3882
3603
3477
7027
7545
8556
4745
7759
4929
8241
3309
4460
6530
4625
5741
7021
3350
4063
6317
6781
4846
6372
3485
7903
3584
3665
4740
5656
4998
8821
3780
3504
5115
3717
4362
4232
8107
3445
6331
5210
3712
4786
3383
3996
5766
8420
3649
4552
3742
4019
6562
3871
4809
3652
5492
5767
3746
4100
5332
5783
7946
5924
6892
7169
3872
4091
4175
8182
3632
3813
6124
4097
4236
3497
4264
4304
3528
4323
3509
3729
7068
3860
6852
3400
4900
5209
5499
3488
5258
5609
6142
7848
3693
6785
8141
3454
7625
5211
3880
4173
6991
6898
7988
3647
3722
5831
5420
8842
7654
8116
3690
3824
4183
3898
6775
3806
4584
3404
3772
3902
3450
3500
3554
8120
5161
7125
3791
4340
6688
8606
8472
3586
4107
8826
4012
4659
5983
3518
3618
3797
5388
3982
8311
8486
5219
4097
5724
3885
6687
8126
6827
7227
4764
5986
6468
3548
4078
6002
3804
3885
3930
5578
4367
5848
8234
8519
3924
4248
5955
7409
3666
4306
4458
4736
3750
7834
3930
4019
4033
6212
4082
4467
3727
5653
6770
3445
4800
7504
3504
5068
6006
3658
7040
4094
5136
4630
4904
4569
4714
6740
3641
3951
3991
8117
4257
4479
3642
4561
8319
5947
7142
7524
3548
3650
4705
8422
6957
8510
7150
3482
4157
5146
4421
3688
3809
4110
6930
3630
5426
8173
4456
5670
8900
6095
5446
6179
7130
4524
4531
5058
3461
3513
3522
4883
6803
7390
7456
3501
4541
5222
7804
5618
7021
3896
4067
4363
3501
4236
4773
3485
7822
3776
5265
5648
3842
4072
4679
4902
7704
4454
8895
3812
3874
3943
3643
7146
3487
4295
3905
4803
4903
6439
4589
5717
5876
4343
3815
4083
4484
4725
7079
4035
4073
6974
5867
5960
6172
4747
7860
4434
3545
3695
5466
4276
6478
7638
4067
4125
3936
4179
7262
6215
7976
3562
5511
5520
4233
6374
7847
7714
4701
6250
6555
3835
4574
4002
4129
3551
3669
6069
4230
7570
4336
3796
6181
3832
4154
3745
3802
3646
3802
3567
4138
3992
5166
3853
4302
3631
8830
8453
4099
4083
6145
4269
4924
3894
5726
4595
4751
3606
4013
4112
3588
3795
4904
4750
4940
5973
3882
4610
8116
4028
4802
5382
5925
3810
4424
4840
5952
7552
5570
7878
6018
7865
8089
3879
4502
6000
4012
4644
5062
6306
4531
5515
6038
4596
6576
7042
3895
4109
3801
5212
4296
5005
5466
4524
7333
8321
3984
8149
7612
7996
6761
8395
3845
4561
6164
7801
4005
4017
5044
6385
3730
5140
4936
5598
4421
4724
4902
4476
5654
3902
4373
7452
4836
8108
4229
5716
5307
7901
3612
4017
4084
4367
4448
4892
3920
4285
5238
5243
5132
6554
8368
5238
5250
4208
7942
8665
5250
4282
6299
3685
4318
6267
5567
4846
5071
7089
3712
7310
4104
4125
3670
4157
7533
4199
7151
5341
5731
7629
4339
6290
4068
4084
4907
4149
6971
7174
5708
6904
6712
7233
8527
5608
5697
4468
5518
6035
5836
8431
4931
5112
4115
6296
3809
3980
3618
7874
3739
3807
4694
4382
4680
4662
3616
3786
6242
6895
5826
7997
4118
5711
7643
3927
4369
5220
7803
5243
5459
4622
5159
3801
4116
3923
4450
8144
3949
4223
3927
4309
5889
8460
5286
5418
8358
4883
5026
4311
4293
4847
8318
7672
8273
5769
4801
7292
3743
6016
6965
4932
4088
4224
4845
7018
4140
4306
4648
4578
4693
4179
4224
5156
5372
5735
6011
7332
6480
8251
3674
3815
6281
8097
5092
6357
4114
4165
3729
4232
6290
7527
5672
7093
5523
6883
3677
4105
5437
6237
4577
6792
4519
6433
3794
3825
6942
4343
5673
5834
4915
7547
6116
6248
6371
4471
3982
6076
4821
6144
4416
4687
5085
6472
3772
4106
4685
3792
4124
4628
8640
4564
4878
5778
4569
5714
3984
4431
4578
4697
5738
4112
5090
6746
4682
4831
3891
4387
7845
3848
6644
4539
4953
5492
8270
3842
6405
7051
3922
4831
3791
4272
7105
4286
4452
7277
7139
5986
6083
4607
4905
7050
4382
4939
7688
4121
3880
3881
4992
5321
6033
7143
4095
7873
5113
4750
6078
6813
5524
4740
4917
6275
4081
5794
4324
5086
5021
6240
4667
4916
6021
7176
4196
4303
4612
6098
6509
7193
4034
5111
5462
5731
7439
4822
5425
8363
4233
4761
8218
4083
4518
4581
7766
8385
6092
4474
5996
4088
4308
7522
8167
6056
5570
6686
4709
6414
8749
5072
4200
6726
4637
6259
4210
4559
4811
6753
6168
5055
7150
4842
5348
4264
4885
5506
6218
6599
6705
3912
3903
4753
4457
4897
4541
7300
6180
7702
7497
4341
4480
3945
4349
4432
4108
4773
6310
3816
4300
4837
4214
4993
5337
4046
4463
4273
4599
3798
6668
4769
4888
5398
4227
8363
3797
3916
4398
4133
5145
8335
4389
4604
6391
5803
8619
4701
5612
4944
5083
4295
8295
4309
3851
5145
7986
8240
3943
7985
4606
4680
5227
5124
4044
4624
5921
4898
5891
4969
3815
4509
4748
6650
8489
4418
6574
4344
4936
8450
4760
5355
4373
7961
5022
5042
4302
4455
4341
4361
6549
6606
6639
8506
6746
3869
7571
4585
8264
4110
4465
6142
4024
5881
5589
6654
3898
4824
4136
6263
5857
6902
4876
7818
4674
5073
8870
5026
5336
4725
5503
6680
4001
4205
4474
5572
4082
5500
4801
6931
7574
4909
6638
5148
7223
4253
4482
8183
6156
4042
4351
4361
4232
4300
4042
6001
6938
4012
4422
5835
6859
4983
4955
5884
6481
5400
7800
8069
6384
8436
7502
6046
6287
6792
5177
3993
4351
4383
4102
4008
4606
5162
4530
8519
3918
5240
4254
4864
5365
6030
4337
6570
4840
5543
6137
3931
4160
4392
4506
4767
5160
7219
5975
4222
4259
4989
6939
6942
7059
4102
5465
5003
6369
4123
4874
4081
4304
4845
4181
7581
7787
5744
6988
8475
4959
6176
4006
5527
4865
5765
5868
7313
8380
4794
7749
7708
8243
8689
5377
7241
8739
4274
5902
4670
8032
4247
4248
4331
4483
5211
6963
8342
6624
8017
4254
6893
4050
5218
5918
4903
8535
4173
7940
4687
5691
3939
4005
6187
3942
4417
4462
5045
5595
8795
8856
4861
6064
7650
4098
4383
4417
6258
8444
3947
3948
4023
4100
4950
8354
4177
6091
8281
3950
4326
3951
3971
4779
4927
3953
3972
3952
3956
3954
3955
3957
4146
6245
6640
3958
3973
8091
3959
5873
3961
3963
3962
3968
4813
5971
3969
4402
3965
3968
7218
4663
6416
6635
6636
8224
6417
6436
8698
3972
3973
7557
7107
4309
4372
4381
5415
5595
4087
4253
4946
8334
5647
8410
4550
6918
4843
6343
8455
3991
4045
4237
6817
6944
5587
4041
7879
5850
4086
5374
5028
6628
8405
5316
4649
6710
5283
6302
7980
4071
4608
8439
5650
6536
4515
5022
5319
5911
6299
8403
4815
5586
4785
5054
6922
6007
4891
4905
4558
4639
5548
7144
8413
4672
4758
4463
4656
7439
5261
5426
6713
6953
5269
4318
5717
5859
4970
4278
4411
8843
8346
6550
6937
5658
4041
5412
5288
6671
4152
4572
7943
5422
5551
5553
6058
4600
5108
5793
7530
5739
5348
5863
5653
6558
4090
4318
4366
7390
4247
4619
5271
4462
4735
4668
4677
6905
4398
4571
4127
6837
4126
5612
4126
4127
4682
5031
6266
8714
6825
5537
7514
5916
5980
8158
4916
5600
5025
8744
7353
8377
4296
4757
5690
6453
7428
4516
5622
4324
5195
5378
7173
7263
5471
5226
6808
4805
5734
6801
7728
5449
4150
5360
4539
7716
8397
7922
4811
5668
8507
7772
5120
5017
4434
5091
5872
4616
4653
6797
6057
5184
5827
6529
7412
6966
6115
4620
4734
4777
6363
8313
4977
4877
5650
4283
5249
5057
4772
5184
4277
5118
6915
5522
5027
4393
4222
6223
4183
4315
4543
6778
4567
6015
6862
4295
4768
4280
6044
6256
4599
5343
4504
4553
8513
8477
8632
4160
7805
6649
4718
4886
5036
6054
7800
4162
4999
4713
5380
5402
5554
6116
6692
5358
6358
6202
5257
5568
4528
5568
4497
7849
8490
4618
6242
7282
7362
7817
4145
4481
6077
4974
7165
4337
4623
5031
6386
4326
6697
4964
4976
4736
4913
4162
5762
5927
4695
5023
5519
5595
4427
4732
5645
5959
4635
5040
5308
5052
6333
4326
5459
6107
6902
7688
6703
7542
5189
6043
6988
4758
4790
5327
5130
5604
4358
5585
8496
4933
7020
8175
5769
5086
5195
5502
4772
5122
6715
4641
4518
4950
4669
6536
4537
5084
5248
4259
4884
4976
5699
6272
6670
4771
4774
7906
4344
6102
4623
4827
7166
4771
4848
6751
7775
4279
5711
4867
5745
7502
8681
4210
4546
8052
4913
4979
4552
4651
7378
4510
4522
5270
4455
4492
8267
5616
4683
4807
4235
7723
8567
7672
8689
4986
5687
6676
4598
4579
4708
4501
4601
5067
4308
4565
5314
4823
4856
8588
5254
5344
6441
4853
4854
5357
7076
4381
5264
5114
5461
5552
5313
8559
5062
5460
8481
4823
4910
6419
5491
4872
7467
5791
4491
6598
7509
5456
8163
4464
6619
4712
5695
5898
6011
5233
7571
4774
4833
5639
4515
6793
7394
4966
4852
4854
4934
8171
6025
6941
7479
4818
5696
4375
7224
8548
4268
4348
6016
4751
4408
5690
4372
4720
8383
5232
6555
6156
6402
5040
5732
5120
4456
5949
7876
4735
5391
4964
5126
4549
8360
4414
4683
5987
6007
6556
4829
5043
7993
5640
4747
5520
5397
4719
5206
4944
7896
4504
5662
4750
4835
4703
5444
5199
6327
7937
4633
4718
5508
6133
5549
7394
5852
6392
6943
5540
8305
4863
7681
5639
8208
4579
4962
6713
4923
4934
4483
6785
4833
4880
4723
5245
6806
7032
4829
4971
4770
7799
5339
4950
5170
4663
4665
4848
5047
7695
4831
4665
6501
6998
4856
4987
6780
6359
6502
6015
5113
7729
6641
7282
8193
8584
6771
6949
6703
6772
4762
4571
4837
5093
5010
5182
5565
6605
4581
4981
4535
4746
5753
6042
6113
8074
5205
4468
5054
6155
4949
4563
6339
5445
5512
8768
4756
5000
5545
8437
4776
6024
7803
6251
8529
4779
4882
8422
4910
5018
8164
5016
5039
5095
5275
5947
7159
4853
5101
7544
5385
4984
5169
4898
7296
5682
5871
5543
6775
6635
5434
5475
6878
7331
4553
8667
6662
4855
5518
6789
7788
4748
6651
4523
4949
4993
7996
6075
5926
5436
4546
4565
5279
6169
7577
4466
5594
5914
4590
5356
4827
6066
4668
8217
4634
5758
6763
6064
4713
5006
5257
8228
6103
7449
4463
4567
4813
6934
8877
5233
7571
6701
7173
4619
4951
5686
8771
6502
8729
6894
5394
5039
5138
4636
5885
4465
4816
5609
5675
5174
4971
4997
5665
5126
5129
5691
6450
4592
4742
4942
4556
5449
4461
5154
5936
5129
5142
5291
6132
7576
5050
6684
6544
5016
5053
5273
5336
5795
7520
7768
5047
5215
5077
5100
4979
5133
6318
5482
5546
4555
4882
5879
4882
4943
6118
6886
7116
5190
7431
8365
5311
5783
4987
5053
6338
5443
8554
4654
4796
4762
6440
5290
4796
5008
5088
6309
4545
5961
6951
4552
5245
5388
6325
4752
4908
5302
6843
7555
4525
5235
4869
5491
5591
4951
4991
4949
5337
5697
4509
4885
5425
5988
5100
5155
5489
5611
6516
6467
4565
4798
5063
5142
5155
4932
5138
4937
6674
6019
4795
5635
5694
6351
5641
5828
5903
6791
8282
4804
4997
5014
7801
5733
5842
5482
6436
5048
4550
4837
4991
5014
5402
5632
5753
5922
6097
5237
6799
7874
8220
7086
4812
5366
7513
5445
4742
4766
7184
6161
6765
7680
6800
7624
8578
4861
7606
8821
6828
4836
4908
5024
5038
7926
8824
5470
7358
5038
5077
5203
5075
5521
4544
5572
6585
7108
4943
4996
5277
8046
8135
5224
4600
4746
6643
4842
4984
5006
7795
5093
5237
5583
5698
6458
4626
6780
6473
6476
4723
4993
5330
5419
8133
4603
5643
5740
6235
4981
5024
5253
7960
6193
7019
6232
6271
4919
5178
7987
8411
4973
5133
5872
7245
4656
5194
5240
7264
7078
5806
6234
4687
4799
4922
5700
5430
4698
4852
8137
5059
4706
4957
5923
4661
5719
6200
8323
5325
5919
5354
4656
4598
4698
8512
4874
7148
5149
5172
4996
5274
8051
5002
5099
5634
6047
5229
5280
6492
6323
5119
5369
4876
5294
4992
7858
5761
8434
6489
7000
4788
8207
5527
5780
4969
5217
6567
4601
4658
5305
7821
8258
5540
6594
5170
5224
8210
5206
5752
5225
5904
5953
4824
5263
7438
8885
4785
5429
4978
5843
4708
5223
5616
5119
5137
4794
5438
5095
5569
5651
4664
6125
6045
6207
4859
5164
5154
7734
5644
7843
5124
5168
5841
6392
6480
4710
4743
5101
5137
5559
5215
5414
4768
5033
5268
6005
5753
5843
5273
5330
4769
5059
5061
4743
8012
5532
6515
8438
8479
5379
5469
5855
5085
6780
5000
6438
5411
5698
5740
6058
4919
4839
8234
5217
5410
6061
7919
8875
5390
4668
4743
8104
7667
8351
8114
6912
8448
6402
6488
5933
6505
4901
5995
4919
5949
5258
5204
5628
6832
6496
5555
5198
8423
8886
6289
7346
7816
8068
5232
5566
5173
5272
5417
4689
6216
5048
5907
5010
7073
6530
5610
5303
6173
5593
5720
4886
5061
4977
5305
5416
8257
4744
5832
8067
8691
5153
8432
6451
6609
5749
5546
6498
8019
8200
5692
6750
4954
8573
6206
6832
6760
7560
6185
5715
6192
6511
5361
5408
5648
4728
7671
5308
4836
4879
5080
6267
5823
7694
8700
6916
5989
7274
7720
7842
8080
6914
5265
6659
6220
4820
5409
5734
6994
6514
7172
5419
6824
7907
5470
7112
5188
8242
5945
6168
7254
5345
6788
7073
8036
8791
6194
7287
6226
6587
5487
5509
7552
4820
5484
6079
6135
7117
8490
6136
5175
6085
5103
5151
4901
4942
5585
6428
6684
8484
5099
8421
5686
7795
5763
8056
4814
5513
5852
5842
6163
5274
5416
7639
8659
5970
5324
5464
4798
4859
5405
4893
5748
6068
6513
5504
5580
4867
6257
5009
5046
7808
5813
5506
5664
6197
5547
5951
7396
8661
4922
6060
7281
7450
5592
6846
5670
6817
7876
8770
7779
8252
5839
5618
8184
5896
8555
7359
8023
5009
8096
4841
6421
6658
7849
4943
5675
4994
5797
5303
6023
6109
6574
5325
5737
5933
5939
6195
5885
6585
4816
4960
5486
5534
6199
6985
7419
7265
8498
5240
5985
5199
5229
6769
4897
5538
6224
6982
4895
6886
6279
8199
5028
7589
5182
6811
5789
6310
6862
6400
6598
7619
5574
6023
7178
6355
8773
5785
5495
7228
5199
7622
5061
5424
7134
5117
5175
6032
7221
6154
5007
6027
6042
7136
6450
6977
5485
8552
7691
8219
6128
7016
7103
5558
6210
8424
6210
6456
5860
5547
5729
6665
4958
8357
5042
4889
6730
6164
6307
6633
8216
5522
4918
5582
4941
5414
5704
5094
6230
7456
5841
6666
5997
7779
8473
5189
5779
6377
6214
5186
6734
5655
6315
6125
5525
5309
5300
5184
5777
5086
5122
5602
6243
7835
6048
6677
7767
5128
6564
7762
5968
6794
6847
8045
8324
5357
5729
5085
5357
5972
5027
8398
4918
6607
7526
5078
5263
6242
4958
4960
6731
7893
5354
8248
7908
5534
5626
6065
6229
6626
5811
6499
6562
5496
5567
8015
5323
5532
5419
6082
8073
6067
6717
5533
5550
5169
5687
5173
5577
5557
5830
5712
7255
5439
5560
5746
5932
5043
5478
5549
6479
7856
7751
8204
5423
5671
5275
6157
6365
7189
5366
5635
7251
7461
5412
5476
6264
5202
5439
5468
5809
7415
5023
5754
5171
6461
5518
5519
7802
6696
8668
4974
5418
5352
5432
5468
6062
6119
8372
5455
5485
5723
7897
8109
6471
7062
5507
6347
6108
6630
5015
7764
6856
5777
5855
6298
5908
6140
8493
5484
5756
5829
5363
5025
8581
5218
5706
5481
5479
5513
6926
6371
5285
7474
8184
7612
8673
5340
6186
5473
5929
5703
5160
6880
7950
5930
5266
5844
7540
5471
5002
8482
6046
5913
6897
6183
5528
5043
5680
6732
5223
5721
7529
5081
6763
6104
7248
5383
5709
5857
5301
7416
6516
6913
5974
5163
7887
6563
7153
6721
5943
6488
6764
6377
5771
5942
7135
5300
6241
7578
8330
5488
7227
8462
5892
6652
6073
7271
7744
7517
5083
6361
6468
6927
5438
5683
5544
5497
5720
7168
5489
5702
5637
6799
5795
6147
8131
6482
6217
8343
5234
5608
5170
7091
5963
8206
5550
5577
5178
8490
5855
5883
8753
5248
5622
5626
5688
8434
7289
7295
7476
5194
5985
6124
7755
7429
6917
7131
5239
5430
8825
5319
5642
6103
7883
7084
7793
5607
5631
6903
5478
5883
5887
5992
5934
6142
5804
5466
6292
7614
5181
5687
5730
6620
5245
8037
8517
7922
8196
5418
6049
5630
8163
5696
5782
8240
8450
5984
5554
5939
6087
5196
5648
5652
5158
7893
5677
6486
5288
5164
5198
5429
5688
5368
5196
5265
6208
7114
5535
6483
7042
8397
5583
7526
8189
5823
6284
7690
6342
5589
5778
6802
5394
5467
5851
6163
6948
5490
7037
5567
7812
7017
5849
5938
8412
7336
5451
5798
7814
5770
5807
6174
8435
6148
6558
7488
5268
5703
5730
7607
5359
7770
5350
7709
5996
8698
5282
5371
5160
5623
8018
5887
5943
5671
5931
5452
7384
6107
6587
5577
5621
5529
7550
7683
6705
7918
8287
5878
6884
5479
5432
6262
8071
5220
5810
5225
5602
6573
8052
5407
5760
8548
8492
8836
6360
6784
5253
5877
6334
5314
5464
8512
5853
6089
6271
8271
8499
5433
7444
8008
8476
5683
5806
5897
7283
5818
5942
5452
5315
6411
5478
5692
6584
6039
6555
8292
5804
6429
5752
5590
5802
8259
5396
5450
6143
7659
5278
6148
6296
5899
6922
7490
8015
6022
8309
7117
7792
7953
5360
5928
6254
7821
8753
7410
7178
6236
8181
7230
5958
6193
7942
7820
6653
6661
7199
8782
7171
6621
5565
7205
5456
5501
6443
7145
7512
5814
5938
5272
5538
6265
6442
7174
5317
6841
6263
7696
6835
6858
8377
6739
5889
6244
5303
6014
6423
6096
6151
7433
6133
5592
5709
6818
7523
5476
5790
6273
6768
5801
7509
5773
5929
5516
5839
5825
5586
6291
6494
5940
7595
6294
6382
8416
7146
7297
5603
5497
6766
7606
5488
5910
6015
8159
6755
5439
5979
6648
5507
7903
5912
6238
6507
7262
5682
6246
6690
6993
5424
5369
6469
5739
5387
6375
8350
7989
6277
7053
5694
6041
5454
5535
6714
5434
5520
5807
5860
8229
6134
6387
6581
8197
5778
6654
6094
6543
8875
7544
7695
5773
5814
5533
6160
6412
5335
5382
7748
5688
6269
6855
5516
5560
5457
5906
6404
6984
6735
6717
7600
5384
5396
6567
7590
8892
6153
5408
7161
7440
5726
7637
6453
7068
7748
5742
6224
6748
6947
5719
6093
7545
6349
7914
7611
5407
5569
5779
6782
6540
8609
6158
7377
5707
5977
6413
6334
7985
5821
6055
6569
7611
6227
5751
6002
6867
7276
6233
8099
6197
6211
6126
6374
7604
5375
5496
6027
7113
7427
5881
6911
6292
5632
6099
7355
7955
5406
7197
8397
7381
8250
8235
6485
8520
7030
7403
6173
7015
7292
5442
5685
5504
5692
6205
6827
8534
6688
5444
6283
5461
5525
7342
6086
6812
5486
5704
6838
5750
6447
5502
7375
6916
7306
6593
8091
5438
5897
8102
5682
5812
6018
5416
6470
7253
6278
6286
7042
8492
5737
7279
5810
5967
7214
7501
6455
6079
6407
6531
6615
6927
5877
7674
6327
5912
5869
7360
7701
8195
6821
6995
7399
5695
6230
6462
8030
7436
6166
8618
6105
5721
6129
5580
5878
6165
6329
5452
5914
8009
8014
6338
6724
6029
5814
7475
8417
5816
6677
5685
6044
5970
5910
6219
5732
6271
6328
6354
6783
6292
6396
8756
6681
8613
8514
6052
6749
5880
8403
6138
6252
6385
7316
7098
5802
8564
7755
5857
6387
6435
5818
6172
6580
7361
7712
5873
5663
8638
5985
5818
6063
6909
5796
7981
8827
5606
5754
5671
5801
6077
5526
8484
6398
6383
5693
8869
5725
6179
5680
8345
8243
5658
7646
8632
6134
6229
5591
6149
6348
6404
5854
5555
5829
6497
6093
6099
6754
5839
6005
7133
6029
7397
7364
5902
5815
6408
8415
6814
5967
6214
5566
5588
5892
7713
5830
5931
6430
5652
7620
5642
6063
8133
5982
7106
7445
6300
7101
5951
5835
6319
6889
5582
5961
5588
5655
6603
8583
5668
8737
8601
6389
6989
7515
7463
5972
7226
6008
6238
5568
8011
6141
6660
6321
5598
5799
5593
5655
5689
6034
8662
6349
7304
7109
8280
8386
7761
6983
7368
7036
5702
6337
7047
5877
6289
6540
6032
6586
7613
5898
6984
5681
5729
5951
7275
5585
6978
6226
8580
5684
6633
6935
5887
6956
6335
5751
5811
5913
5983
7320
8367
6715
6155
6429
6586
5704
6500
6230
7946
8503
6006
6369
5659
7645
6113
6597
5734
6304
6033
6177
7157
6071
6190
6346
6189
7244
8253
5954
6946
7460
5849
6117
7247
7057
6326
7689
6929
6008
6094
6752
8861
6968
7114
8412
6149
6431
6777
7585
5824
7695
7499
8618
6143
7198
5702
6232
8525
5724
7522
6723
8347
6587
6664
5820
6139
7294
5912
8112
5910
5723
5942
7041
5805
6707
7196
8236
7842
8034
6138
8491
5807
5846
6229
6561
6416
8664
6602
6646
6243
6419
6203
7009
6030
6397
6009
6222
7993
6837
8628
7059
7625
7190
6112
6546
6779
6265
6447
7529
5930
5781
6165
6445
6128
6906
7853
6246
6314
6757
5789
6967
7093
7256
6181
6285
5879
7234
8637
6539
7066
5838
6261
7269
6336
6403
7663
7957
7601
7425
6558
6770
6852
7176
6975
7039
7004
7906
6244
6033
6052
7408
5717
6972
6738
8471
8164
6021
8582
6210
7290
6647
6923
8101
8546
6090
7488
8225
6437
6592
7005
7408
5749
6199
7641
5944
7037
7676
5874
5806
7512
6227
7470
7544
6148
7543
7289
8800
5793
6395
5967
7011
6120
7929
8317
6219
6232
5775
6315
7403
7459
7169
7640
6321
7539
5780
7850
7388
8173
5801
6203
7608
6034
6086
7260
8059
5960
6597
6532
8301
8171
5965
6105
7841
7437
6729
6179
6861
7458
6173
6940
8327
6485
6802
6062
7566
6822
6724
6082
6565
6031
7380
8045
8720
6697
6732
8723
6253
7338
7807
5908
6219
5954
5958
8401
7201
6319
6814
6228
8317
8272
8269
8067
7784
8736
5883
7385
6879
6344
6511
5907
5987
8276
7011
7377
6823
6820
6316
7100
5835
5879
5932
6341
8181
6318
6577
6836
6345
5945
6129
6528
7489
6044
6056
8084
6485
6507
6542
6477
7035
6493
6093
6200
7255
8735
7217
7816
6195
6722
8362
7749
7329
6376
5966
7101
6513
6547
7830
6004
5902
6738
6405
6773
7087
7340
6664
6847
6762
6848
8340
6797
7378
7906
6569
8284
7101
8687
5889
6090
6668
6913
6565
6591
6035
7630
6964
8506
6040
7107
5919
7838
7845
7420
7102
8754
6885
6448
7938
8823
6661
6708
6663
6825
6191
7275
6127
8840
8433
8788
6637
7048
5941
6911
6105
7022
5975
6642
6394
6756
7418
6928
7379
6773
7758
7170
8717
6733
7398
6766
6434
7206
8349
7121
7573
6457
6580
8478
8306
7337
7392
6750
8483
7285
6355
6787
6376
8162
7233
6106
6211
7063
7109
6346
6691
6190
7045
6048
6595
8614
6707
6755
8323
6122
6752
6718
6850
7611
7770
8400
6819
6843
8066
6234
8062
7466
5988
6590
7963
8228
8614
7180
7161
7323
6259
8847
6398
6405
5987
7452
6457
6932
6258
7765
7554
6854
8226
7060
7024
6905
7634
7333
7335
7099
8598
7092
7486
7279
8899
6077
7218
6224
6591
6642
6115
6925
7058
8038
8653
7043
6610
7172
8182
6034
6673
7181
7499
7740
7470
7970
7870
6336
8051
6663
6437
6838
8054
6432
6901
7125
6958
6933
6471
6820
6294
8252
6353
7369
7535
6559
8725
6624
7565
7284
7132
6808
6879
6115
6872
6277
6419
8401
6160
7097
6953
7680
7096
7430
6283
6596
6273
8651
6251
8672
6679
6548
6287
7629
8353
8413
6609
7185
7883
7177
7240
6596
6900
6200
7001
6360
7194
6339
6991
8684
6551
6826
6716
7230
6337
7422
7138
7519
7832
7673
7758
6891
6863
8487
6782
7516
6263
6311
7034
7356
8356
7618
8375
6869
8550
6932
6218
6267
7445
8087
6336
6092
7344
7752
6321
6529
6460
6877
6286
6289
8058
6360
6369
7082
6669
6682
6939
8561
8594
8074
8606
6214
6311
7520
7446
6368
7346
6764
7187
7081
6361
7427
6091
8660
6926
7417
7525
6771
6585
7339
6762
7916
7115
8227
6108
7138
8451
7749
8152
7816
8431
6528
7340
8463
8053
7014
6151
6172
8533
7195
6253
6730
8466
6847
7126
6197
6218
6725
6316
6679
7594
6675
8470
8508
7477
6445
6863
8645
8816
6841
8107
6735
6981
7495
8717
6234
7724
6201
7799
6992
6181
7238
7874
7193
6742
8213
6241
7119
6427
6990
6520
8166
6256
8171
8209
6552
6897
8524
6842
6260
6970
6278
6389
6431
8381
6177
7428
6262
7760
7503
7926
8574
7214
6528
6685
7129
8597
6204
7089
6261
6788
6303
8084
6667
7835
6547
8192
6466
6595
7286
8641
7007
6674
8004
8013
8203
6591
6945
7739
6285
6997
8531
6810
6848
6925
6669
6685
6942
6434
8449
7721
7183
7363
7949
7226
7771
8668
6660
8073
8145
8834
6415
6999
7743
6603
7357
7018
6310
8370
7303
6980
8168
7572
8541
6896
7895
8754
7822
7796
6477
6539
7628
8774
8004
7409
7157
7195
7246
6260
7020
7518
7772
8593
6677
6490
6603
6589
8401
6882
7699
7137
6759
7367
6720
7557
6964
8070
8792
6839
7736
8356
8718
7284
6604
6888
7715
8182
7671
8813
6395
6523
7560
8577
7656
8543
7402
6435
6627
8225
8710
6462
8329
8129
7383
8190
6563
6466
6470
6875
6749
7048
7556
6491
7069
7192
6469
7355
8770
6495
7128
8595
6333
6649
7127
6613
8362
8655
6706
6930
7090
7096
6878
7321
6354
6430
8531
6699
7040
6726
7782
6944
6477
7163
6678
6757
7110
6535
6815
8547
8761
7122
7970
8794
7085
8565
6515
7183
6623
7363
7364
7974
6421
8773
8871
8731
7860
8429
6787
8606
6343
6342
7225
6561
6646
7374
6462
7222
7387
8562
6752
8195
8740
6385
6991
6738
7003
7570
7714
7049
7207
6653
7204
7269
7700
7901
6914
7496
6434
6625
7911
7071
7194
8244
6396
6851
7558
8350
7235
7316
6404
6424
7587
7315
8246
6741
7584
6460
7170
7920
7228
7112
7159
8277
7598
6835
6893
7233
8295
7038
6427
6655
6657
8822
7568
7990
8669
7780
6838
7005
8285
7563
8464
7288
6548
6627
7293
7539
7904
8352
6759
8105
7638
7464
6826
6929
6517
7833
7010
6601
6907
7593
8651
6910
8425
7077
7483
8333
6961
7843
6865
8625
8764
6527
6962
7128
7025
8154
6601
6859
6972
8692
6581
7735
7735
7902
8183
8335
8328
8218
6708
7123
7204
6625
6682
7317
6840
8876
8592
8763
7395
7242
7616
8051
7806
7300
8457
6891
7068
8305
7215
7529
7043
8198
6836
6935
8547
6646
6525
6740
7344
7044
6800
8048
7803
6588
7621
7834
7007
6496
7308
8263
8576
7168
7367
7754
7182
7261
6482
6552
6474
7220
7589
8789
7136
7323
7207
7249
7125
6513
6718
8257
6731
6768
6756
8460
6622
7235
8055
7657
8294
7215
6796
6851
8241
7353
8406
8704
8431
7016
7118
7128
8369
7167
6594
7287
7727
7813
7276
6814
6826
6907
6733
6750
7093
6828
6656
6529
6531
7432
8263
7432
7794
8719
6966
7196
8571
8061
7505
6812
6990
8102
7729
6623
7405
7272
7275
8121
6871
6858
8766
8901
7917
7095
7251
6969
6861
7167
7315
6538
8595
6909
7110
7249
6733
8570
7046
7325
8392
8293
8793
7013
7137
7562
7630
8499
7147
8700
7879
6618
8169
7919
7862
6943
6967
7568
7912
7267
6777
7182
7216
7074
7061
6766
8697
8718
7258
7891
8433
8156
7123
8253
7617
6673
6889
8306
7718
7072
8162
8451
7899
6707
6819
7003
6884
7258
8725
7710
6719
7692
8505
8125
6658
7624
7464
7528
7491
7959
6673
7266
7406
6627
7381
7972
7480
8653
7826
7847
7465
7680
7894
8407
7934
8176
6768
8608
8117
6621
6645
7287
8502
6754
6863
8230
8643
7314
8540
7473
6736
7739
7234
8587
7821
7164
6882
8621
6998
6628
6630
8656
6786
7304
7449
7033
7036
7208
7424
7500
6624
7184
8130
7328
7104
7442
6881
7238
8209
7508
8830
7438
8119
8824
8085
8085
7738
8521
8357
7285
7326
8091
7790
7261
8671
8007
7734
7098
6994
8623
6850
6999
7263
7496
6754
6782
6903
7947
8188
8647
7975
6994
7088
7271
7469
6940
7880
7296
7263
7871
8346
7658
7845
8462
8407
8685
7993
7088
7385
7918
6964
6873
8111
7268
7493
6936
7889
7531
7992
7005
7777
7848
7938
6805
7298
7100
7363
7818
7417
7736
8418
7665
7135
7306
7836
8776
7805
7291
8544
7486
7014
7069
6792
6998
7032
7737
6918
8140
6725
6853
7477
7232
7330
7966
8848
8385
8738
7243
7343
6828
6899
7961
7327
8289
8631
7208
7807
6970
6981
6978
8300
8752
8511
8092
8767
7608
6854
6978
7615
8844
7349
7960
6824
8305
7518
8233
6812
8630
8248
6996
8011
7514
7675
8621
7199
8035
7472
7342
7001
7319
8076
7448
7457
7765
8710
7941
8488
7597
7404
7855
7782
7065
7820
7648
6852
7857
7857
7510
7247
7430
8757
8494
6855
8745
7231
8634
8633
7380
8252
8127
8750
7583
7111
7194
7052
8568
7054
7209
7759
7828
7542
7737
7010
7274
7984
8786
8864
8440
7532
7163
7936
7376
7028
8904
7878
6892
7537
8421
7119
7661
7954
8571
6864
7869
7224
7314
8284
8282
8442
7238
7697
7309
7414
7888
7569
6958
8124
6958
7649
7011
7022
8315
7050
8537
7722
8899
7301
7763
8001
8679
7670
8452
7089
8069
7951
7345
8745
8279
7246
7301
6849
8224
7376
6960
8576
8649
7952
7909
8031
8605
7391
7681
7049
7187
7666
6977
7667
8520
8408
6927
8495
7112
7469
7820
7300
8331
7710
7762
8253
6989
7498
8485
7448
8663
6955
8508
6936
7453
7754
6881
7126
7700
7166
7766
8888
7953
7506
7991
8075
7555
7061
8316
7979
7253
7217
7382
7629
8314
8409
8270
6982
7063
8108
8306
7083
8223
7004
8286
7187
7783
8276
7572
7868
8079
7918
7851
7885
8320
8456
8059
7204
7839
8653
7973
6983
8267
7023
7136
8129
7221
8157
7135
7459
6928
7645
7898
7216
8447
7492
8232
7558
7541
7099
7902
7624
7769
7751
8605
7980
7442
7701
7014
7190
7790
7554
7555
7003
7925
8086
7506
8005
8459
7964
7396
7861
7982
8434
7037
8703
6995
7466
8320
7158
7161
6970
8211
7837
7866
8533
7559
8685
8364
7593
8484
7102
7503
7534
8828
7043
7176
7420
7644
8619
7039
7483
7733
7286
7513
7854
8275
7631
7844
8050
7241
7872
7703
7483
8652
7676
7659
8762
8083
8459
7945
7162
7840
8514
7976
7055
7047
7315
7086
7817
7222
8077
7408
7035
7488
7532
7398
7389
8715
7744
7184
8670
8008
7856
8489
8611
7846
7138
7402
8620
7652
8168
7249
7954
7962
7550
8214
7229
8291
8130
8807
8307
7507
7878
7867
7336
7692
7558
7754
7663
7952
8177
7678
7246
8461
7334
8776
8696
8894
7997
8028
8036
7862
8239
7645
7241
7806
7980
7305
7569
7651
7423
8440
7649
7603
7761
8046
8034
8041
8815
7212
7630
7877
7994
8086
7420
7871
8006
8154
8307
8708
7662
8111
7671
7907
7433
8273
7365
8328
8691
8701
7151
7675
7444
7134
8309
7958
8712
8384
8817
7407
8238
8061
8725
8062
7196
7457
7623
7338
8354
7637
8666
7797
8037
7955
8338
8347
7943
7382
7559
7401
8438
7487
7331
7271
8785
7582
7346
7727
7811
7931
8079
8546
7681
7364
7419
7351
7831
8206
7360
7720
8502
7393
8828
7661
8090
7677
7579
8356
7746
8868
8131
7163
7422
7824
8473
8406
8901
8615
7964
8373
8702
7904
7554
7291
8002
7932
8404
8170
8532
7281
8831
7819
8631
8417
7517
7493
7496
7927
8897
7223
8293
8375
7787
8031
8814
7186
7884
8016
7799
8180
7479
7979
7632
7780
7701
8153
7268
7213
7725
7299
8197
8037
7209
7648
7819
8541
7686
8265
8648
7229
7794
7244
7603
7442
8673
8150
7293
7745
8534
8010
7463
7536
7796
8298
7353
8357
8194
8806
7580
8491
8448
7844
7446
8853
7415
7262
7383
7974
7341
8569
7756
7272
7927
8349
7387
8635
8400
7307
7939
8314
7924
7601
7989
7348
8554
7570
7512
7599
7995
7396
7631
7461
8342
7722
7382
7440
7773
8624
7583
7482
7986
8335
7342
8367
8426
8255
8755
8840
7635
8170
7308
8095
8427
8759
8353
8390
8131
8191
7623
8611
7426
8219
8395
8414
8242
8541
8256
8739
7471
7621
8418
8545
7586
7764
7698
8165
8612
7523
8408
8435
7369
7453
8569
8639
8127
7673
7831
8790
7447
8815
7344
8112
8312
7412
7659
8069
7481
7969
7931
8161
7588
8645
7704
8278
7426
7689
7557
7913
8765
7992
7742
8430
8128
8429
8421
8537
7538
8265
7556
8367
7610
8682
7728
8265
8172
8635
7566
7553
8376
8232
7808
8147
7434
7616
8035
8512
8644
7372
7511
8173
8861
8764
7591
7643
7421
7415
7709
7846
8602
8169
7806
8846
7598
8089
7809
7511
8640
8330
8047
7626
7580
7953
7538
8554
8402
7649
7472
7679
7678
7480
7730
7881
8583
7884
8056
7436
7622
8040
8497
7498
7473
8047
7487
8165
8839
7600
8631
8088
7642
7505
8435
7827
7868
7935
8067
8626
8720
8597
8467
8002
7550
8603
8726
8681
8022
8166
7561
8859
8473
8715
7823
7951
8616
7812
8689
8522
7687
7586
8276
8000
8594
8888
7505
8174
7767
7605
8110
8136
7758
7826
8707
7773
7868
8400
8175
8800
7528
8260
7602
7528
8183
8360
8454
8396
7890
7853
7860
8746
7705
7712
7886
8339
8430
8222
8380
7759
7798
8362
8648
8201
8325
7655
8191
8023
8404
7673
7870
8018
8525
7968
8317
8286
7591
8156
8082
8870
8354
8309
8463
7888
8694
8487
7909
8692
7581
8031
7682
7965
8804
8310
7618
8449
7782
8537
8080
8032
8152
8077
8310
7762
7934
7851
7951
8905
8193
8584
7664
7847
8446
7921
8010
8110
8866
8886
7578
8601
7597
8446
7573
8001
8662
8070
7871
7991
8687
8081
8674
8718
7893
7791
8045
7908
7933
8048
8056
7887
8050
8589
8160
8650
8142
8405
8012
8499
8595
8763
7769
8283
8795
7837
7808
8198
8272
7702
8748
8218
8842
7977
8144
8419
8138
8398
8503
7814
8199
7739
7633
7850
8157
7818
8015
7817
8100
8261
8292
8430
8569
8039
8124
8170
8121
8142
8405
7838
7728
7869
8115
8123
8647
8348
8722
7872
8161
7884
8048
7785
8014
8481
8613
8423
8480
8039
8361
8014
7971
8068
8669
8857
7942
8634
7769
8103
8607
8707
8025
7783
7755
7834
8150
7788
8723
7873
8546
7786
8232
7677
8264
7718
8483
8135
8806
7717
7914
8420
7926
7960
8194
7744
7802
8366
7777
8423
8883
7757
8723
8500
8729
8769
8296
8065
8394
8070
8557
8662
8118
8474
8081
8743
8780
7982
8382
8728
8344
8805
7781
7726
8345
8141
8869
7971
8042
8245
7781
8025
8229
8463
7850
8247
7843
7886
8867
8619
8795
7851
8151
7941
8607
8496
8535
7882
8413
7787
7936
7939
8114
8340
7761
8135
8540
8375
8700
7841
8192
8159
8562
8382
8055
7983
8092
8596
7949
8471
7894
8130
8807
8542
8111
7855
8282
8568
7998
8064
8844
8221
8500
7898
8720
8585
8134
8262
7854
8244
7899
8550
7830
8681
7879
8172
8696
8368
7925
8760
8243
8352
7929
8823
7862
7961
8715
8083
8486
7896
7974
8485
8201
8865
8735
8800
8417
8278
8516
8038
8699
7846
8646
8379
8797
8172
8246
8303
8322
8874
8189
8487
7932
8730
8501
8705
8392
8497
8184
7988
8714
7898
7986
8093
8833
8079
8341
8324
7883
8180
8466
8819
8050
8316
7973
7925
8759
8165
8179
8803
8205
8670
8249
8624
8856
8664
8791
8777
7971
8116
8217
8779
8296
8538
8006
8143
7927
7972
8853
8636
7943
8200
8186
8574
8302
8778
8837
8034
8009
8237
8393
8176
8245
8095
8106
8254
8550
8088
7965
8411
8518
8598
8585
8301
8482
8741
8073
8133
8061
8298
8687
8115
8666
8648
8047
8488
8143
8322
8150
8588
8208
8620
7972
8250
8645
8260
8160
8019
8578
8758
8711
8098
8212
8237
8680
8268
8376
8039
8188
8259
8320
8208
8249
8753
8065
8862
8459
8103
8805
8032
8087
8441
8530
8042
8075
8769
8016
8237
8303
8013
8221
8438
8731
8369
8845
8315
8663
8064
8479
8262
8081
8359
8442
8772
8415
8235
8461
8251
8359
8623
8791
8673
8748
8862
8428
8902
8587
8646
8044
8464
8866
8104
8217
8883
8724
8147
8198
8287
8646
8441
8211
8428
8468
8063
8102
8104
8461
8733
8187
8297
8794
8078
8563
8565
8528
8299
8373
8455
8742
8439
8881
8360
8635
8158
8506
8427
8808
8832
8233
8828
8167
8399
8654
8389
8533
8763
8393
8680
8553
8787
8761
8449
8848
8542
8683
8704
8205
8670
8149
8160
8832
8179
8769
8489
8874
8796
8838
8665
8152
8556
8549
8285
8342
8327
8381
8671
8188
8387
8202
8755
8657
8811
8437
8251
8381
8775
8398
8456
8735
8502
8226
8558
8594
8790
8526
8469
8257
8258
8214
8603
8857
8793
8854
8658
8669
8329
8861
8815
8269
8865
8327
8329
8605
8447
8890
8492
8693
8275
8262
8343
8231
8751
8824
8236
8269
8804
8445
8679
8336
8543
8847
8814
8677
8752
8709
8374
8893
8774
8313
8664
8443
8649
8677
8874
8458
8383
8696
8387
8526
8312
8858
8255
8738
8852
8602
8676
8826
8729
8344
8630
8703
8894
8889
8422
8640
8734
8452
8638
8636
8856
8415
8650
8611
8379
8469
8395
8585
8854
8629
8665
8493
8454
8626
8466
8655
8758
8712
8579
8504
8495
8414
8491
8686
8738
8447
8816
8369
8865
8391
8407
8457
8549
8601
8432
8698
8474
8695
8838
8693
8549
8555
8497
8587
8637
8867
8500
8577
8539
8678
8748
8599
8520
8564
8485
8867
8384
8474
8560
8743
8465
8719
8644
8691
8775
8418
8408
8600
8547
8684
8536
8781
8524
8766
8786
8879
8600
8705
8393
8755
8904
8746
8829
8510
8570
8685
8637
8452
8586
8760
8426
8570
8882
8835
8766
8527
8768
8504
8511
8467
8764
8797
8586
8457
8525
8704
8633
8496
8604
8479
8577
8604
8642
8682
8731
8839
8873
8860
8902
8801
8757
8528
8772
8846
8724
8674
8728
8883
8530
8726
8656
8544
8656
8598
8855
8551
8661
8864
8517
8803
8799
8532
8608
8579
8699
8612
8641
8726
8563
8855
8596
8551
8818
8571
8666
8589
8591
8884
8820
8821
8709
8711
8599
8779
8538
8721
8615
8659
8806
8576
8591
8686
8844
8563
8695
8751
8810
8812
8719
8567
8602
8621
8583
8752
8582
8629
8803
8825
8624
8858
8781
8736
8610
8686
8652
8751
8678
8811
8875
8688
8679
8843
8694
8642
8647
8905
8872
8802
8860
8683
8727
8834
8762
8780
8785
8747
8774
8808
8677
8784
8701
8695
8657
8819
8852
8733
8777
8680
8798
8818
8783
8784
8863
8762
8788
8761
8849
8893
8721
8836
8760
8863
8877
8809
8827
8850
8741
8783
8869
8882
8822
8767
8777
8858
8778
8756
8886
8780
8799
8845
8812
8835
8802
8767
8833
8801
8845
8891
8809
8782
8829
8851
8756
8813
8771
8882
8817
8841
8798
8831
8890
8885
8893
8840
8870
8876
8880
8872
8838
8888
8810
8895
8873
8804
8868
8892
8892
8891
8811
8889
8877
8863
8823
8831
8887
8839
8890
8852
8851
8859
8848
8871
8881
8878
8862
8887
8879
8894
8897
8899
8901
)


// ************************************************************************* //
