/*--------------------------------*- C++ -*----------------------------------*\
| =========                 |                                                 |
| \\      /  F ield         | OpenFOAM: The Open Source CFD Toolbox           |
|  \\    /   O peration     | Version:  2412                                  |
|   \\  /    A nd           | Website:  www.openfoam.com                      |
|    \\/     M anipulation  |                                                 |
\*---------------------------------------------------------------------------*/
FoamFile
{
    version     2.0;
    format      ascii;
    arch        "LSB;label=32;scalar=64";
    note        "nPoints:7552  nCells:7326  nFaces:25753  nInternalFaces:10877";
    class       labelList;
    location    "constant/polyMesh";
    object      neighbour;
}
// * * * * * * * * * * * * * * * * * * * * * * * * * * * * * * * * * * * * * //


10877
(
7
257
3669
10
162
349
4
150
6915
21
176
1586
186
7004
17
145
6938
16
146
6940
89
298
33
182
5982
30
253
1758
6966
6974
56
86
1541
32
140
6992
39
138
7016
40
139
7015
48
185
268
266
7000
267
6999
45
137
7097
49
105
6360
37
155
1842
6935
6977
50
133
7113
87
141
4362
88
142
2562
51
128
7117
95
122
6408
97
121
2347
54
254
433
99
111
1971
291
6991
55
123
7121
297
6990
6920
6979
61
112
7125
63
256
3209
62
104
2793
131
6885
91
106
7133
6924
6984
6925
6983
93
102
7138
94
103
7139
96
98
7142
52
5290
6914
6887
6981
100
261
1060
53
5680
6898
6928
7002
5408
7079
6907
6975
6916
6970
7011
7018
118
262
6886
6987
6926
6969
7147
156
249
6615
157
250
5419
60
160
7082
7114
7140
6951
6963
6943
6989
6944
6988
164
251
3663
165
189
1922
68
208
7213
69
220
4321
219
1754
201
7218
71
210
7259
222
1311
73
215
4713
7169
7264
75
223
4324
225
7250
80
233
1469
78
235
1253
205
7241
81
236
3658
194
7230
202
7240
84
231
3213
85
198
1576
228
7262
241
7261
122
6929
6960
6971
6961
6972
90
4059
246
7270
6956
7013
160
166
7276
6952
7094
6953
7095
6948
7108
6949
7107
6947
7109
174
2529
6945
7112
272
6993
136
272
905
173
2559
172
6597
259
6954
6922
7119
171
2654
151
269
152
270
143
168
175
161
187
7205
6941
7120
170
2653
169
6918
6919
170
6912
6921
171
6908
6927
172
6906
6934
173
6905
6933
120
7003
174
6904
6942
290
7009
6932
7123
6930
169
1180
180
3913
7145
177
184
7202
154
178
7203
129
3613
6886
169
875
4099
6913
144
175
6936
132
2957
2915
7134
170
2618
143
6936
7080
181
186
7201
263
6928
171
4322
173
570
172
2816
174
2530
6958
7128
6959
7129
166
1511
6920
1273
7306
6740
7309
264
266
7197
167
267
7198
183
7014
7207
338
6946
2432
6924
4230
6925
258
6881
7171
4098
6966
7096
7131
164
6996
165
6998
159
291
7192
297
7191
299
1231
7325
7111
7131
271
6902
6903
6995
6997
7148
6887
7185
6978
7148
6950
7119
7130
2913
7323
5256
7324
183
188
7275
6910
7092
6907
7181
7124
7129
7143
6916
7170
7127
7128
1820
6926
7168
304
6978
6951
7164
196
224
7021
193
243
7041
195
227
7033
247
7067
273
7028
7057
7179
248
7045
245
285
7059
204
7065
207
295
7024
208
212
7022
277
7042
203
7048
216
7056
7066
7176
278
7040
218
7047
7174
212
7068
7064
229
279
7046
274
7036
239
286
7073
7071
217
237
7023
221
7029
7173
219
7025
228
7020
7032
7177
244
7077
7062
224
7039
232
7072
287
7026
230
7063
7078
280
7052
241
7054
7178
275
7070
7061
283
7053
234
7076
282
7031
276
7051
284
7043
236
7058
240
7049
7034
281
7074
239
7027
7194
7055
7069
7175
7075
244
7037
7172
288
7038
7035
246
7060
7030
248
7044
7050
6971
7161
6972
7162
6965
7163
265
7012
7158
7122
7136
7123
7137
3014
6910
7011
7120
7141
7107
7151
7108
7152
289
6891
293
7109
7150
7112
7144
6935
7200
268
2901
7010
7165
7106
7132
2951
5894
292
6944
7189
6943
7190
6891
7118
6994
7284
7290
7285
7288
7286
7287
7283
7289
7297
7315
7292
7316
7294
7317
7293
7321
7296
7318
7295
7320
7298
7319
7291
7314
7284
7290
7285
7288
7283
7289
7286
7287
296
6964
6899
7008
1843
301
6878
6899
7155
6882
7013
7302
7171
7311
299
7140
4663
7305
7307
303
301
302
828
2271
4490
6879
304
7143
7148
306
318
4452
307
5285
309
2796
322
324
3264
310
3155
311
6020
312
4624
313
5568
314
5464
315
3011
316
3131
333
3127
330
386
5552
324
6761
327
377
3243
323
385
6410
333
365
470
340
4817
387
6598
4650
327
353
3125
352
407
3431
6325
357
406
515
369
390
4150
352
6789
372
392
2850
334
401
3283
594
452
6645
445
1137
6252
337
457
1807
388
6291
340
4094
346
347
5375
6761
398
420
3952
354
363
4352
354
465
4209
345
348
4222
495
1013
350
5410
351
5279
394
2809
368
4098
356
1613
373
1102
2547
365
3127
6564
395
510
927
1679
6449
400
2315
362
670
1437
370
394
1160
446
6349
6833
363
382
4716
367
4043
3821
366
455
671
5909
378
1993
374
2451
442
2316
392
4948
372
4948
375
378
3904
5707
396
2542
391
4065
397
1446
471
817
1164
386
2547
4932
420
489
737
414
698
1961
404
453
2962
398
737
679
709
725
391
393
4799
489
4096
4694
452
2219
440
648
396
412
678
447
2987
2674
5045
416
4226
4551
652
6130
5803
411
2650
2359
412
431
969
440
6082
495
5041
408
635
5278
424
760
7214
499
2141
411
992
2210
454
4000
445
4644
530
628
463
1176
3910
469
5338
6725
5814
2747
569
586
4038
858
6066
887
4015
5691
479
5182
645
3213
7020
593
803
944
548
594
2074
2885
443
756
4386
470
659
5226
430
439
5218
690
5665
479
857
4800
484
613
1900
430
507
6297
559
685
2844
836
1770
6432
4525
437
1310
482
596
1086
493
3613
455
528
4127
4101
5716
6719
480
516
4634
453
5280
556
1265
6948
625
4168
5785
512
638
1392
483
6134
613
4353
646
720
2052
6789
6378
6871
456
5045
454
514
535
460
1163
5782
532
583
837
499
741
1470
6690
2514
4267
4129
469
2714
558
1575
530
562
2307
544
612
2781
467
2726
651
684
1858
521
833
1917
510
5580
526
789
5414
670
3003
539
696
1964
492
4540
582
1496
4067
4786
548
966
6436
474
819
4632
496
543
4323
754
2668
796
1475
3834
1152
4751
5645
579
785
2591
853
1336
4056
6443
799
4086
659
680
1795
527
5267
515
5318
6363
6472
901
5994
6382
5188
6404
6798
494
612
1601
5255
6588
6831
6581
509
524
4707
567
1111
4660
507
1172
562
628
552
5216
6433
630
632
528
1016
2323
521
566
2847
6284
677
1808
5935
595
682
873
692
729
2884
527
691
4091
805
2976
5688
1028
5853
5984
859
4589
5869
1761
550
796
5624
2552
5930
5983
615
761
5249
785
5046
835
1166
5712
651
1566
535
6609
6764
740
911
4351
663
1412
5207
1143
5659
6501
630
5231
7098
5674
693
775
1025
637
1017
5014
822
4522
3006
3552
5015
858
6099
5173
5834
1358
5100
6224
4348
533
666
5224
552
1530
1797
3123
576
643
4060
2817
815
832
2739
788
951
5792
721
1689
7144
722
1817
1525
6638
6785
1140
5543
5544
710
717
2161
565
4160
565
604
965
1189
1811
683
691
5347
631
4448
6378
3292
572
971
3110
4646
5627
1239
6396
6753
5703
1008
1080
2349
605
800
1389
958
962
1349
760
6054
621
1545
4960
966
5718
638
6419
821
1536
4155
572
657
3107
939
743
894
5750
3310
5681
6318
4165
601
5359
4087
6217
945
1149
1877
816
6379
696
2559
609
1140
3550
4637
578
598
4107
607
5303
6423
599
3624
5970
697
2647
578
660
4459
3013
1392
4146
667
807
4334
668
1009
2098
583
4749
2548
765
793
948
618
2824
5361
652
2737
689
690
4561
757
758
3187
624
805
6256
734
1133
2466
747
830
5092
601
732
2991
654
6259
3011
709
6021
725
2942
990
1024
3570
619
5778
705
2232
688
757
1320
4491
1487
5082
6373
704
841
4615
862
1538
3293
6715
914
2411
4913
4564
6312
856
1019
3901
5555
6173
793
865
3627
656
1263
5398
6174
4885
5871
6739
6820
3458
6248
706
5178
6226
640
738
5679
619
2730
4901
1005
5691
6424
1151
5714
674
1095
5847
637
920
2425
2876
4732
747
3007
844
912
1878
789
4069
6400
7137
5886
6041
6480
4555
2142
2904
4324
7293
713
5758
6579
687
4696
6522
833
1027
1029
1693
5135
1834
6801
762
1161
5820
1225
4795
804
806
1425
787
1237
3268
958
1081
1122
1171
1391
824
1411
4428
5729
742
5863
5870
1091
4337
1142
1228
1271
1251
1253
7292
4304
4317
722
1962
1992
982
2636
662
2262
3485
1254
1261
688
3691
1245
1482
2218
3660
717
1313
707
1595
5399
663
4867
2534
752
1405
5189
770
2534
4068
854
1743
1995
2205
993
2247
932
1311
7283
6227
1337
5834
5736
5941
6245
810
1050
4365
756
5855
890
1286
2517
759
787
3284
2555
6348
703
1154
1095
1697
1332
4486
806
1127
1431
741
6393
712
2788
844
2311
808
4445
744
3612
6275
1679
2881
1615
3893
5365
3909
5835
1484
5237
876
4958
739
924
2011
933
1307
2983
5425
955
2023
2499
4212
719
1816
2021
3211
5829
5878
3049
5569
5637
769
1464
3543
2542
2823
914
3875
865
5177
2749
6044
1161
6154
813
1151
5720
6276
758
1320
1094
1105
1112
1240
4657
6409
6582
1004
1059
2702
751
3556
6187
791
1175
6807
4108
1106
5951
6315
5645
5925
4346
6629
1060
1919
3892
733
1022
4520
1102
1520
5803
6568
1331
1462
6931
977
1125
5297
946
1366
3405
4592
4778
776
938
3833
1465
2029
2154
798
1621
1583
3004
1669
3654
1896
5823
5879
1350
4703
5009
1574
2394
2480
1100
4355
1238
6460
6548
6047
6222
2839
4942
3175
5696
779
1079
1986
1573
4312
6983
5744
3910
4225
7211
1025
1165
1280
5211
6094
6358
2603
3541
800
5288
1468
1535
5986
1317
3211
2947
4595
6636
5779
3822
1313
775
1280
1587
1216
4986
1263
5013
4061
4519
5669
849
1109
2016
2102
2167
831
5342
5781
780
4917
6239
1067
3304
5101
4053
4357
831
6351
1010
1753
4474
910
1006
4886
2549
2558
2728
955
3182
3276
3309
1233
4071
2938
2939
7186
1157
1692
5617
997
3285
2342
5750
1003
1828
5294
1230
2645
5924
1352
1483
1517
4786
4873
5045
2299
1002
1306
1413
4568
3624
5622
5895
878
4341
6007
1821
5626
864
5756
6745
5572
1048
1065
5733
1139
4743
6314
6493
4962
5857
6182
1170
5359
1019
2864
5545
875
1840
2385
846
4908
5243
2724
5553
3573
3614
6706
5554
3542
3811
5701
7212
1153
4717
5074
995
4960
957
3574
3610
816
1532
4201
1270
2743
5054
5302
5460
4299
4790
1540
907
6622
1757
1918
5485
1106
5476
916
2723
2941
1160
5707
1009
2027
1143
1337
6796
953
5503
899
1168
4675
1085
1552
4397
1539
5324
6231
960
5417
984
1043
3990
1038
1121
5794
1988
4700
4348
1258
1292
1522
1292
6712
4086
6609
1150
4218
980
1021
2875
1195
1333
2054
996
4133
4158
892
1198
4913
5191
5884
867
5073
5271
1566
1460
3820
6019
2560
4750
848
946
2532
957
3461
2179
5344
943
5322
6619
1283
5673
6122
5190
5817
6286
5863
6534
1545
5819
1500
6118
6687
1325
1685
5195
6506
6169
5351
6577
1438
2193
4715
973
990
3615
1749
6478
874
2865
4756
6163
6674
6330
908
3062
7107
1616
1872
1198
1581
2646
900
2724
6259
941
3308
6018
1375
2691
3739
1513
1662
5233
1980
5989
1816
1959
1180
3121
4462
1202
1325
4941
2369
2409
1162
2061
3414
4958
5577
6247
1049
3077
6857
6308
6623
6767
936
1155
1909
1215
1411
5395
1208
1771
4687
1037
1058
2610
6655
6692
1553
2742
5345
1430
2071
6861
1610
2516
1839
6039
6202
1098
1826
1219
1284
1782
2180
6218
937
1471
3827
2852
5032
6215
949
3246
4423
1097
1117
2030
1948
2407
2225
2905
1407
6771
1031
1497
3732
1038
2919
3447
1264
1521
2149
1060
1070
1732
5236
6963
1720
1811
3669
1458
2307
6113
5160
5296
1142
5949
1004
4269
1200
4380
5629
6213
1158
1254
2711
5208
6842
967
5071
5927
1194
2655
3084
5740
6235
6313
2424
4216
974
2028
3583
1028
4356
6990
2532
3405
3614
1194
5048
1305
4773
5399
1051
2911
5060
2737
4851
1136
1321
3140
1013
2703
2843
1074
2266
6817
1093
3761
4392
3804
5102
6525
6538
1090
1926
6957
4750
5206
5887
949
2464
953
1618
1173
3725
1458
2230
2019
5733
5827
3052
5808
2811
4488
6031
4057
4977
6100
6461
1387
6289
5127
1162
1370
2450
1048
3973
6243
1124
2474
6351
3163
5839
1064
2779
6809
1215
1765
1851
4860
6250
4444
5915
6268
2522
5864
1236
5813
6470
1161
6004
3622
5892
6680
1397
3581
1339
2535
4480
1011
4888
5583
982
6631
6448
3594
4879
1034
1276
1474
1154
2916
2188
4741
5213
3697
5302
1073
1132
4527
1173
2583
1450
4511
1913
2267
5229
1987
2186
2614
2231
5759
984
986
4519
1053
5465
6257
1301
2341
989
1476
4925
6461
1107
2295
4841
2693
2171
2801
3643
1501
1994
1669
3010
5349
1671
3393
3563
1928
4914
6075
1296
1551
2700
1111
5436
1279
2027
5935
6509
6688
1096
2356
2049
2920
1815
2337
2393
3203
3604
2607
5098
5845
3648
4710
4711
1134
2546
4122
4431
5495
2995
4288
2311
2606
7065
4314
6347
1076
5276
5373
2480
6188
4528
1168
5202
1765
4712
2636
4732
5396
4280
4317
4569
4708
1090
1092
6172
5057
6563
1189
6461
1177
5505
6293
4656
1302
2269
6969
2274
2814
6843
6858
1055
4790
6590
1431
5587
2360
1911
1943
4936
4062
5674
6592
1745
6165
1682
3718
5942
2170
6272
1084
3741
5593
3608
5443
5556
3824
4173
1380
2149
5210
6032
6447
6492
1676
2305
5373
1259
3650
5371
1277
1533
4205
1219
3612
6512
1592
2635
4453
2477
4014
1071
1790
3459
1243
2126
3754
1118
1512
3593
1147
3037
4017
3627
2080
1545
4105
1875
3133
1326
2060
2922
2980
4911
1093
4863
7222
1156
6102
1187
1433
1990
1419
2130
3621
2976
5630
2841
5149
1207
1619
3255
1226
2544
4502
2478
3456
4063
2208
2805
1402
1664
1357
1871
4752
1890
2061
4755
5477
6730
1278
1568
3898
2901
2935
2798
4100
1524
4713
1369
3684
2176
2331
2222
2605
3802
1121
4450
1297
1828
3521
1416
1803
2250
1406
1863
4823
6039
1348
3399
3318
5351
6251
1405
2857
4602
5332
5675
1278
5715
2515
3194
1192
1806
3665
1572
1701
5309
1255
1503
5776
6015
2301
6082
1182
5730
3212
1227
1588
2942
1844
4076
1222
2168
1581
3752
1146
1206
2013
1144
5252
1427
5500
6605
6212
1112
1355
3214
2032
4021
5582
2620
4571
6189
3960
3962
1378
1651
4986
1693
4523
1775
5885
6003
2650
5175
1414
3571
4662
1314
5506
5937
1223
2028
3835
1940
3714
3715
1200
1774
4995
4996
1387
1966
4480
2140
5275
6620
3007
2427
3268
1670
3147
4676
2262
2534
3406
3635
1729
2629
3421
1528
2196
2902
6348
6667
2315
2945
5785
1304
1681
5393
3723
3832
3836
3853
4802
4126
6365
4536
5038
1274
1785
2203
1298
2374
3772
6725
1718
4652
7215
1831
4557
6608
1186
1287
2831
5479
6617
1340
3220
1498
3497
3740
5093
5094
3874
5632
1384
1596
3497
4945
5470
4749
5039
5713
1487
6774
4768
5078
3080
2317
6080
6537
6565
2328
5957
1451
2373
2785
3462
3510
4222
3577
1531
4138
1610
6653
1222
1442
4171
5782
1705
1866
3217
1319
1455
5604
5619
6366
6521
4570
6050
4525
5367
1432
1417
5381
5571
4533
4696
4148
5690
2820
2986
1510
1898
5635
1466
1554
3824
1302
1294
3432
4253
2058
4577
1701
2308
4283
1260
1792
5883
1253
3001
7069
1187
3831
3707
3009
5992
6245
2790
1550
3895
4946
1383
1428
1463
1250
5222
1259
2150
4313
4920
1774
5629
5891
6201
6208
1454
4224
5609
6213
1249
2161
3238
4421
1343
3250
3872
2736
4539
1598
2066
4388
1606
2902
3523
2714
2936
5338
6072
6375
1272
5103
3057
5766
3367
3934
5118
1363
1634
3377
1368
1640
3412
2472
2473
3494
1267
1713
3748
3263
3508
5839
3509
1622
1747
1269
3603
5548
1399
4040
5613
5735
1365
1507
2518
3566
3568
3571
2395
2015
3595
1242
2952
3061
2660
6260
1227
4571
3708
5295
5807
1393
3826
5982
2397
6370
1315
1975
2582
2583
3725
2199
3239
3721
3729
3832
1848
3744
5595
5903
6484
2594
4735
1775
5287
1301
6638
2785
2798
1577
1758
2077
7208
1606
2412
1388
3619
5513
1351
6961
6125
6352
6489
1248
3020
4074
3031
3839
1320
3691
3153
5851
1571
5230
5064
5706
5812
5013
5026
5777
1257
3409
5759
1441
1801
2135
4019
5929
1785
5901
2373
5594
1547
2770
2845
5463
3818
5616
6851
6930
1694
5619
6353
1350
4141
1386
4861
4864
2065
6238
1567
5721
1333
2410
1403
5494
1779
3839
4187
4336
1712
2919
6215
5528
5761
4683
6900
4398
1751
4690
2557
3068
6317
7108
1969
3073
7112
5996
6129
1599
3889
2212
2220
3786
4630
6653
1473
2967
1289
3914
2954
7106
1315
1974
6926
2299
3744
3869
6696
1317
2351
4597
2686
5687
6104
6126
6763
1472
2300
1690
4549
1962
2897
1884
4084
5266
1922
2223
3659
1430
5710
3215
4906
6033
2635
4070
2367
3247
3470
4357
5035
6285
3141
3178
5966
1608
4149
5973
1585
1860
2791
3306
6363
6479
4590
4709
4908
1542
4075
6848
3674
1706
1849
2004
3457
5147
3751
4619
2014
2059
2377
1852
4682
4994
1596
2373
4775
2864
1886
4391
1603
2377
2927
1603
3803
4738
1482
1795
4870
2755
6454
7198
4094
4817
1401
5226
6151
1353
2396
3295
1766
6302
6435
3208
6226
6797
4827
6922
7166
2620
5175
1476
4625
2239
3929
5113
2858
3253
3845
2050
5144
1650
5757
6572
4805
4806
5095
2368
2923
4806
1381
4570
4983
1349
3931
4275
6364
4586
6959
5799
7263
4435
5103
3887
5104
5172
1755
4638
4325
4416
5598
2401
4221
4885
6472
3836
5795
6092
1648
2240
4967
2087
2241
4887
2242
4243
4246
2090
5121
1759
3939
3940
1633
2243
3944
5128
2095
3946
5918
2449
5130
2678
4730
1562
4307
2166
3955
5214
1652
2461
3964
2860
4253
4644
2634
4646
6500
2468
3244
2469
2472
5142
5289
5838
5932
1747
3873
2109
2113
2535
4475
4509
2415
4432
2488
3488
3504
1507
2264
3888
4951
1764
2641
4314
1848
5161
4991
2128
5024
4344
5157
1717
5006
5157
2898
4024
1481
4025
6097
1623
2217
2272
2271
3282
5417
1855
2936
3050
4022
6059
4212
4867
5207
2512
4163
1772
2513
4041
2224
4694
1652
3973
1665
2478
1493
2842
4050
5319
4246
5661
1894
6559
2112
3609
4063
1864
3043
5441
2031
2174
3451
4524
1772
4068
1515
4053
1668
4866
2127
4662
4888
1627
2252
2518
4976
2278
3341
3619
4499
5008
1506
1664
1886
1559
1968
2128
1968
2280
5024
2292
2452
3119
2166
2202
4116
2196
5138
2685
3731
4731
5462
6730
1920
4394
1989
2332
4481
2814
5440
2153
2619
1810
5307
1628
2622
6972
1527
1681
2826
2008
2967
4607
2046
2289
1939
5320
1939
3417
4113
1644
1710
2248
2165
2231
1643
1873
2294
2585
4770
3726
4071
6076
2200
2322
4183
1591
4130
2327
4193
5057
4791
5148
5598
2015
2193
3219
1865
4110
2989
3157
1625
2707
4149
2023
3046
5066
2741
5066
2213
5203
1794
2212
2221
1686
2214
5637
6394
1794
4560
4710
6000
6375
2933
3290
5270
2312
6760
2518
5621
3296
5672
2215
4174
4172
5578
1575
3195
6448
1920
5621
1614
2795
5223
5754
3162
3212
1537
5675
1592
2729
4741
5458
2332
4793
1901
1901
3677
4598
2069
2165
2460
1516
1746
1748
1915
2639
4578
1688
6419
5753
5012
5854
6454
6519
2180
3200
4493
2631
3903
6368
6681
1756
1898
4582
1705
4233
7254
1542
1674
6869
1742
1868
5106
2435
2436
6689
3380
3381
1707
2287
4603
2455
2833
5282
2682
4467
1982
6380
3242
3438
1640
1776
3450
2589
4575
2172
2533
1554
2697
3683
2697
5789
1825
4345
4617
2175
2477
5948
1653
2060
5520
3503
3514
5152
1658
1659
1660
1722
2533
4821
5982
1949
4319
1925
3908
3450
3579
4047
5548
5734
4003
5660
1749
1985
1675
2561
2867
2140
4443
5011
4413
6372
3649
4468
2797
3900
1866
3063
7101
3838
7017
6610
6805
2357
2769
5227
2573
4369
2197
5587
1611
2357
5089
4507
4508
2840
4540
2376
4090
2597
4150
2067
2607
4782
3782
6057
2784
5041
2748
4701
5934
6174
5844
6453
1582
4918
6408
1678
2754
1728
2731
2836
5056
5196
1654
2771
2634
2690
4080
2978
4575
5599
3891
5664
4701
5187
1654
5906
2531
5040
5644
2184
4073
6951
1725
2563
7252
1677
3065
1809
1979
2881
3337
3921
2240
3348
3980
3370
3371
5522
1865
1936
2107
3436
3445
1874
2012
3654
1951
2260
3588
3460
1914
2845
2429
2503
1804
2995
4564
2939
3045
5865
3001
3165
1838
3008
2816
4742
3821
4096
2617
4594
4639
3018
7122
1590
3030
6833
1846
2968
4905
2413
2698
4515
3141
2894
5547
1663
6508
3005
4485
7119
2747
3200
3005
7200
1798
7152
1846
3214
2037
4664
7216
2914
2270
4381
2008
2367
3248
5465
4395
4620
5097
2367
6388
3128
2494
4513
5344
4811
5601
2063
2738
2853
4139
6119
4143
5689
1730
4392
4863
6387
3144
3166
5602
3166
3179
3764
5671
1880
3179
3776
2869
4633
3189
3776
3807
1720
5713
5830
2392
5377
6310
4725
6814
6816
7291
3823
4637
1896
5454
1967
4012
4434
2064
2124
3260
4435
1830
1853
2421
2990
6309
1767
3529
6029
6320
2314
2899
4757
3662
6025
3606
3607
3905
3308
3489
6998
3065
7027
7285
3322
3323
5106
1933
4666
4830
3364
4670
5115
3933
4974
2092
3376
3383
3385
5124
2444
3383
3384
2094
3387
3388
2445
3937
5525
3389
3564
5525
3032
2832
3113
3114
1881
3116
4904
2360
2972
2361
5078
2296
2835
4718
3969
4252
5653
3429
3971
5141
3434
3540
3435
3980
4979
1942
6428
1944
4937
3467
3469
5536
1914
2120
2131
3517
3494
3519
4034
1914
4397
4721
2333
4349
2334
7009
1721
7003
4033
4037
5549
2178
5660
2813
6800
5751
3559
3560
3559
5165
5494
4045
4046
5016
3501
3566
6497
5610
5842
3461
3610
2537
2562
1820
6915
1978
3233
5459
2326
5331
3838
7232
1738
6819
2659
3390
5319
5522
2007
4117
4931
2198
3720
3722
2586
4185
6077
2057
2736
2744
3789
2740
5696
6293
3291
5204
1957
4556
2997
4415
3802
4093
4161
3800
5986
6385
3815
6080
3666
4072
2880
3632
3321
6035
3359
4971
4972
2203
3731
4645
2692
2734
4537
5711
2280
3515
4890
2540
2752
7233
7034
7063
3093
4898
1708
3844
1709
3943
4585
5213
3034
4768
1847
3120
4464
3987
4190
2734
6013
4141
4618
4734
1880
1885
3180
4398
4484
4815
3531
6480
4281
4293
4252
5192
5666
2790
2992
3005
1994
4298
1784
2394
5825
3205
3272
5481
2657
1787
4232
1736
7026
3670
6630
2553
4731
3160
5467
1879
2022
3185
2653
2948
3605
4789
5637
4663
6992
4360
7042
2285
4330
4532
4827
5943
5828
6117
5746
6682
1906
2655
4963
3232
6705
4105
5682
1937
4248
4249
3715
5298
3643
3871
1946
2178
3880
4165
2708
3768
4149
2815
2877
2795
4655
6527
4058
6679
1997
3909
1966
6289
3867
5192
3304
4943
3668
3393
5526
1876
2774
5023
4137
4266
2258
4194
4269
2410
2979
5479
1850
3488
2127
3151
6531
3047
5249
3792
4527
6078
2216
4027
5673
6716
6846
5557
5603
6403
2943
6524
6737
1923
6159
2125
3578
3442
3499
4359
3071
4362
3019
4074
1930
2319
6835
2822
3864
5633
2803
2804
4633
5300
6731
2345
4761
5704
2035
2951
2752
5239
2318
3027
6711
1909
3641
3732
1910
5283
4200
4733
5312
4290
5997
2711
2989
6880
3783
3193
2137
3296
3811
4121
6621
7071
7171
4713
7062
2347
4593
3411
3684
3866
4582
5033
5159
6034
2983
6008
2070
2555
2902
1964
3558
5020
5785
6299
6683
2755
6519
2047
4180
5995
3146
4464
4523
3160
4391
5468
1841
5245
6158
2950
3810
6744
2559
4497
2034
5617
6091
1842
3015
3017
5649
2000
4895
4896
1867
2000
6319
2677
3214
4905
2695
5305
3134
3138
1956
2374
5309
5962
1830
2807
4550
2986
4745
4758
1954
3604
3657
4822
5248
5800
2516
2790
3196
3767
4912
2426
5423
5745
3185
3820
6206
5725
7202
4758
6314
3532
6970
5601
5745
2956
2036
3668
2357
5406
2291
4609
5055
4754
4419
5352
5150
2751
3886
3522
4277
2598
5541
4947
5265
3271
5859
3528
4022
5544
3534
3553
1960
3657
4482
3628
4746
5010
4440
4446
4296
4303
7154
2514
4493
2071
5208
6859
2649
6026
6781
5564
5607
3054
3610
3584
2663
3671
2756
3325
1931
2757
3325
2003
2666
3840
5456
5848
2656
6184
2168
4377
2466
3991
2051
2696
4678
4679
5273
5274
2256
2258
1957
2980
2025
3216
5577
2032
5246
5470
4651
6401
6771
2899
5223
2716
4792
5733
2384
2389
5252
2787
3545
3606
4167
4495
5553
3536
3577
2072
4824
6853
1923
2030
4816
2133
4691
6115
5884
6401
1963
2148
3623
6427
2655
4635
5148
5666
3216
5243
6170
4386
6261
5077
4328
6937
2185
4328
1973
4892
7303
2541
4893
6916
2760
4797
2673
3109
4903
3240
3717
5056
6079
2734
4340
5093
6072
2864
2896
4617
2593
4546
2602
3769
2987
4020
6097
4089
5187
2867
4178
2935
2988
3800
3208
4686
5099
5419
6151
3896
4910
5763
3810
3881
4320
5253
3058
3840
4385
2396
4436
2564
2880
2958
2435
6698
2434
5743
6534
2759
3917
2762
3919
4667
2245
2246
2766
2766
3685
4684
4929
2006
2674
3692
2290
3421
5786
2637
3426
3636
2773
4426
3994
3995
3995
5093
3252
3957
5914
2411
3875
2774
2775
4007
4855
5202
1984
4272
1984
2260
2892
3482
4496
3158
3893
6084
2603
3513
6045
4203
4910
3889
5366
5735
2897
3008
2988
2420
3047
4444
3009
4554
3288
5764
2511
6099
4619
2164
4760
3042
4164
6515
7100
5175
4883
5277
3625
6993
1971
3075
3073
5389
7138
2913
7121
5390
5391
7097
5894
6938
2658
6854
3079
4696
2965
6276
2292
5254
5382
3865
4125
2203
2689
2691
4541
2928
5664
3369
3766
5311
5917
4085
5034
3526
5608
3040
3780
4724
4823
6188
4219
4497
4691
6797
4061
5161
5595
3011
3664
5568
4561
7025
2282
3026
6812
3082
4595
4829
6261
3086
3088
4927
2352
3090
4597
2354
3091
2354
3092
3626
3690
4605
2966
4799
2828
4714
3693
4906
5025
5055
2206
4186
6078
3220
4927
2052
4580
5061
6000
2371
4390
5334
3146
5284
5465
5466
6388
2490
3150
4350
4391
5939
3198
4944
4947
3172
4756
4911
6241
3779
2553
4722
4726
3189
3207
2389
3192
5480
2145
5315
4879
5070
3301
4174
4783
3215
2073
6695
6854
3908
6101
3061
7010
4663
7043
5079
7038
7041
7050
7039
7045
2185
7030
7284
2400
3227
3331
3085
4927
5048
3346
3931
4968
3347
3350
5084
2575
3698
3710
3713
4377
4378
6550
4978
5686
3440
5143
3873
4937
4427
3457
4677
4679
3038
5215
2979
3878
3998
3039
4679
4959
2412
3523
2304
4621
2414
4431
3257
4943
2398
3251
3887
2803
3506
3162
3262
3267
6042
4289
5745
3176
5268
3177
5841
7239
3912
6281
3901
4629
4495
2525
3902
6790
6853
3664
5236
3058
3295
3307
3311
4032
5490
2431
3913
2185
7028
2283
2625
2855
3078
6740
2235
3920
5511
2128
3924
4237
3925
3926
5514
3339
3341
5513
2437
3927
4534
2238
3343
3344
2088
3360
3059
5114
3934
5119
6456
3374
5428
5120
5428
6417
4833
5791
3384
3387
3937
3400
5431
2244
3409
5128
5129
5531
3422
3948
5130
3117
5487
2885
3034
4463
2454
3122
4697
2457
2461
5531
2103
3424
3964
3973
3427
3429
3442
2252
3435
3436
3437
5490
5534
2251
3451
2252
2471
3445
3449
5031
2469
2473
5143
2471
3452
3644
3872
5143
4988
5656
4989
4991
5656
2481
2482
5535
3468
3470
3471
2484
3481
3490
2815
2893
3851
3492
3493
4858
3494
5151
3498
3499
5434
2492
3498
5539
2492
2519
3501
3263
3509
3043
3402
4393
4818
4866
2419
3516
5102
4998
5292
3519
5010
2498
3520
5555
2931
6108
4007
5023
5158
2871
2934
2339
4114
5712
2508
3543
2512
2513
5551
3549
4040
5559
5892
4302
5754
4520
6871
3295
3562
4689
2521
3567
3569
4450
4707
3403
3616
5169
3587
3589
4310
2524
2908
5343
4295
4312
3531
5500
6437
3607
4057
6479
3615
4662
4996
6061
3441
3493
3629
3096
4456
4899
3939
5125
5585
2671
3098
4900
3100
3233
4458
2161
3104
4902
2673
3105
5849
2575
3849
3951
3417
4717
4769
3782
5575
5942
4421
3867
3970
3974
3438
3641
4080
4469
2684
2693
3137
3890
5217
3444
3647
2802
5662
3137
3152
2779
3164
3264
2382
3051
6385
2342
2427
3301
4024
2652
6266
6410
5408
6389
6557
6997
3680
5585
2188
3681
5125
2447
3681
3844
5213
2614
5193
5194
3236
3237
5911
3148
3848
5760
4372
2680
2834
4611
2579
2580
2628
5197
3718
3719
2583
6075
3725
4119
2362
3730
2580
2859
5532
5588
5590
2324
5200
5957
5592
5628
3737
5882
2304
2306
4579
2266
6845
3264
5493
6756
4152
5831
2604
3781
4394
5203
3786
6353
4400
5296
3785
3791
2600
3280
2500
6573
3050
3533
3283
5205
2222
5611
5611
6355
5968
2940
7164
3534
5552
4822
5209
2425
4411
7019
2615
5496
5615
2616
3818
4172
2943
4097
6377
3613
5581
3912
3729
5622
3229
3918
4668
3335
3336
3337
4236
5341
3339
3340
3927
3342
4966
5017
3346
3929
2240
5516
3362
5116
3368
4973
4975
4976
3395
5281
3413
5760
3415
5261
2815
3704
3035
4463
2679
3965
4185
3348
3435
3444
4980
2695
2975
6006
3445
3452
4982
2632
4156
5633
2890
3460
2258
2840
2863
3477
3479
4009
4319
2592
4010
4543
6475
3926
4327
6051
4245
5036
2305
2903
6216
4514
2642
2715
4397
4398
5402
3656
4744
2650
6098
2901
2745
3663
3900
4043
4065
2423
3053
2345
4410
6322
2648
3977
6220
3059
3617
5427
3345
3540
3625
3921
5873
5573
2623
4753
2624
6299
3029
3076
7029
7289
2569
5411
6773
2765
4076
3943
4077
5644
2451
3696
3698
3849
2292
2968
3958
3959
5228
3955
4116
3959
4023
3961
4844
3968
3970
5192
2631
3961
5636
4574
2638
5332
4136
4647
3254
4000
4647
2841
3136
3645
4004
4433
2843
4477
4147
2984
4814
2644
2868
4700
2994
3522
5006
2717
5493
6838
2789
6892
7158
6021
6393
5318
5044
7111
3816
6243
6787
6840
2679
2768
4078
3965
4078
4121
4771
6483
4120
5588
3734
3735
3734
4130
5591
3446
3733
3874
5059
3735
6091
2490
3135
4915
4897
6327
6741
3890
6776
2598
2990
4815
2990
2991
2992
4438
4485
2420
4913
6593
3766
3781
2991
4044
7206
4030
4171
3781
3810
5313
2906
6753
5867
3597
4631
4748
3205
4350
4915
4315
4322
4592
5237
3915
2433
4894
7013
6398
6580
3085
3226
4764
3086
3087
3087
3089
3089
3091
4765
4385
3093
3094
6233
2765
5259
2768
5260
5682
3850
3951
3121
4115
5618
3979
5027
4379
5686
5717
5025
5805
6033
2975
5305
6209
3743
4772
5489
4774
5401
4430
6244
2701
3141
6562
3142
3257
3143
3167
4774
3156
2777
2778
6119
4347
4652
5495
4148
4545
4547
2927
3165
4738
3765
4779
4914
3167
3174
4780
3897
4039
2595
2596
3521
2929
4781
2595
5710
3191
4780
5404
3174
3191
5405
3192
3210
5405
4355
2517
2789
4217
2556
3902
6426
3048
6701
5422
6037
6322
2557
3301
2428
3912
5297
3300
4417
3225
3329
4830
3225
3226
2465
4604
3125
3243
6583
4773
4849
6049
4470
4471
6428
2977
3250
3251
3456
4805
4807
3448
3475
3260
4806
4807
4196
4197
3038
3529
4809
5729
6142
3257
3469
2592
6050
2977
3313
3887
3161
3262
4812
3262
3263
5415
3183
3267
3529
2820
3281
4148
4213
5724
2725
4216
3053
4411
4688
4414
4820
4568
3058
4925
5715
5844
2819
3375
4325
3666
5238
7016
7133
3326
6277
2758
2759
3328
3342
3928
3352
3931
4969
3366
3370
5116
2764
4831
5518
3378
3381
5650
3379
3936
4798
4834
4835
5524
3386
4835
3679
4837
2705
3371
3390
3941
5458
3388
3401
4839
3401
3947
2766
3950
4371
2627
5251
2970
2972
5749
2455
3958
2456
4182
5240
3404
3419
3423
4842
5530
2460
3853
3966
3637
4848
3423
3427
3499
3422
3428
3474
3242
3641
3241
4659
4255
3439
4847
5141
2588
4657
4847
3055
3412
3450
3489
3492
3609
4849
6335
3485
4850
4984
2773
3994
4985
4135
3255
2702
4270
4282
6654
3467
4848
4853
5536
3469
4853
4854
3482
3511
3385
3483
4889
2893
3953
4030
2705
3488
5538
3487
3557
3489
3755
6018
3756
3485
3525
6147
3500
4859
4860
4866
2803
2925
3152
3155
4624
3052
3512
3513
3169
4393
4705
5005
6246
3525
4868
3770
5438
3526
4865
4871
4088
4298
5635
4740
6453
2620
4553
5346
2782
4284
4294
3992
4687
5037
3513
3541
6406
3542
4864
3514
3544
5567
3520
3546
3575
4442
4868
3549
6517
4302
4396
5173
4688
4412
3565
4875
3567
4875
4876
3579
4878
3572
4049
3582
3583
3585
3589
3590
2554
6372
3580
3598
5421
4050
4880
4882
3616
4881
4882
2530
5040
4356
4356
5984
4049
5286
5346
2915
2954
2955
3221
7129
2657
4329
4232
7046
7052
7117
3316
2960
2961
6251
4503
4611
3717
3852
5196
2685
3240
3433
4467
4507
5030
5056
3459
4265
4340
3163
3508
3762
2852
6179
5786
5234
5702
6017
4725
6777
4568
3057
5354
3288
4709
3241
4954
2622
7053
3023
6466
2856
2960
3081
2964
3319
4363
2964
2965
6717
2965
3320
4364
4364
4796
4796
4829
6636
3679
3680
5311
4249
5816
6037
4929
5393
2826
3689
3692
6227
3702
3704
3851
2968
2969
5382
2969
3120
4181
3711
5330
3716
3719
3720
5683
3722
3724
2971
3636
5304
3728
5059
4933
5592
3869
4933
4934
2788
3992
4938
5631
3459
4472
5372
3646
3744
4856
3762
3891
3269
3284
4814
4404
4549
4551
4948
4712
4399
4721
5402
2870
2934
2996
4549
4743
2950
3285
3617
3800
6229
3786
3801
4408
7102
4164
3805
4916
5012
4059
4166
7060
2903
5833
3584
4306
4307
3589
3592
4311
3811
3812
4335
4170
3817
5497
5497
5641
2944
5020
2653
2949
3833
4888
6989
7115
3026
3633
3027
6723
3076
2731
6805
3115
5928
2886
5708
2685
3717
3239
3856
3857
4718
5029
5655
3732
3865
5947
3862
4714
6614
4005
4983
3746
3882
3259
3466
4201
4347
5244
3504
6301
3891
6502
3041
3269
4203
4085
4402
3874
6544
3178
6321
3046
5864
5604
5655
4651
5472
3252
3293
6666
4055
4096
4322
5450
5361
6413
4594
3022
2883
5410
4501
4642
3080
3081
6580
3082
4895
5047
4895
5877
3083
3322
5257
3084
3226
5048
3089
4598
4599
5454
6184
4597
6189
3391
3394
5956
3946
4729
6046
3097
4601
2825
4109
4902
5243
4371
3416
3700
4766
4609
5025
5460
4638
4906
3420
6346
3855
3975
5196
3857
3858
3967
4079
5183
3859
3860
3970
3972
5653
2860
5576
3976
4123
5029
3865
4124
5384
3244
4122
3974
3984
4187
4187
5283
3988
3126
3131
6292
4338
3132
5851
5578
4428
4576
3466
3643
4003
3882
4147
3140
3752
3771
4579
6433
3144
4622
4909
3487
2993
3150
5245
4202
4278
3889
4278
2896
4345
6432
2989
3002
6280
4490
4580
5695
6841
4346
4447
6651
2783
4029
5039
4923
5473
3771
4440
3173
3194
4405
2994
3538
5813
3181
3190
5856
3291
5701
7110
5755
6592
7191
2905
4095
4095
2746
6230
4171
5367
2948
2949
5797
3240
5038
3831
4499
3218
6413
6552
2823
3080
6398
3118
4333
4462
4427
4428
5323
3998
4002
2895
4278
4142
4289
2986
3652
2932
3779
4166
4294
4297
5714
3290
4789
6513
7163
2814
4495
3813
5362
5368
3208
4953
2794
3554
7203
3907
5076
3916
4530
7155
3021
6634
4794
3323
3324
3324
3326
3326
3327
3327
3329
5109
4963
5109
5115
3336
4964
3363
3365
3484
4670
5861
3943
3117
3703
3705
3956
4123
5383
5090
5685
4125
5693
3448
4675
4719
4936
4680
4681
4682
2890
3254
4266
4198
5689
4143
4206
6412
3530
4994
5099
4143
4160
4403
4655
2987
3794
3283
4184
5347
3530
3545
4686
3906
5158
5439
7018
5420
7288
3307
3907
4689
5253
6901
4098
6134
7290
3012
4591
4226
6443
5372
5484
5506
5911
2840
4001
4194
5634
5648
4014
4087
4513
6512
3154
3164
4147
4348
5187
2808
3652
4950
5806
4280
4291
3269
4723
4949
3799
6612
2813
3004
3555
6633
6597
4304
6134
2851
3149
5764
3472
5075
6446
3963
5605
5646
3830
5647
4828
3095
3097
3234
4458
2966
3690
4111
5053
2966
4370
3693
4370
4373
3114
3116
3118
4374
4376
4461
5469
4841
4844
3714
3852
3963
4251
2837
3638
4719
5030
3446
3496
5262
2862
5719
4270
3483
5124
4279
5731
6359
5720
5005
5156
5566
4089
4092
4301
7294
7298
2903
3555
6376
4873
6109
3203
3657
5276
4727
6120
2951
6940
6647
6683
6451
6545
3391
3396
3957
4730
3639
4673
4771
4190
4257
4424
4265
4472
2890
4137
4141
5009
4584
6056
6671
5499
5967
6716
3768
6574
4026
4209
3900
4026
3284
3309
4723
5230
5418
7099
2904
3294
5248
4521
4562
5209
5800
4308
4439
5638
5940
6504
4759
6967
7096
6601
2882
2883
6440
4331
3224
6440
5132
3712
4698
4645
4722
4731
3125
3126
4425
2921
4337
6291
3464
3647
4995
3480
3482
4439
4133
4201
3760
4811
4086
4219
3527
5312
4685
3535
3537
4563
5163
3661
4562
4874
2944
3195
6893
3592
3594
5582
5856
6030
4318
7067
7286
3665
5851
3015
6974
4893
3670
6743
7300
3081
5280
2972
3124
4377
3716
4673
5896
3245
3989
3996
4260
4935
3142
3160
3143
5263
3150
3757
3759
2926
4479
3506
5850
4390
3895
5012
3167
3168
3173
4510
6273
4154
5692
4384
5314
3789
4784
3279
3282
2999
4445
4561
5731
3558
5222
4567
3292
5236
4448
6837
5326
5579
6968
4759
5723
4223
4354
7245
6105
6669
3664
4498
3753
3666
3914
4072
2957
2957
3028
6208
3632
5758
6183
5301
3317
6149
5301
6149
3318
3319
6577
5989
3700
4754
3121
4333
3712
3713
3431
3433
4506
4378
4380
6640
4380
6627
5144
5386
6118
4382
5466
4283
4776
5309
3045
3153
6137
4288
3521
5294
3172
3524
4199
4737
4349
3655
5697
3531
5952
3656
4557
4589
4743
4208
4557
4744
3533
3794
3287
4818
6650
5812
6877
6960
4026
4043
4494
6678
6758
3808
6539
6646
5695
6759
4452
7181
4590
4923
3913
5290
7131
3837
7113
3837
6955
7279
6304
3022
6695
6728
3632
6420
5857
6658
3029
6201
6374
3079
4533
3401
3402
3404
3405
5134
3952
4115
4182
3247
3248
4470
3997
4002
3878
3305
4474
4542
5306
4735
5537
3892
5852
5155
4017
5003
5907
5222
3528
3552
4402
6167
5296
6347
4870
3551
4513
6529
4521
3563
3564
3500
3565
3516
5977
6062
5037
5448
3600
4999
5341
7142
7049
5397
7040
3223
7064
7068
7024
7277
6939
6986
7116
3071
6996
6971
4961
7002
3075
6988
7120
5954
6603
7280
4794
4596
3671
5993
4797
5049
5049
3675
3675
5077
4765
5062
5050
4599
5050
4599
3676
5051
4457
4600
3841
5772
4901
4604
5944
4107
4900
4901
3101
4106
4107
4459
4108
4458
4459
3104
4109
5858
4930
3106
3238
3691
4903
3108
4903
3110
4460
3216
4460
3111
3112
4112
3113
3697
5928
4112
3697
5054
6247
3704
4461
4609
5054
4332
3954
4182
4078
5682
5899
6127
3127
3740
5594
3870
4772
5398
3743
4773
5773
4987
5061
5094
3747
4615
4615
5060
4616
5400
4268
6146
4808
3750
3751
3750
3892
4619
4342
5264
4779
4623
3767
4620
4623
4343
4850
6147
3149
5881
5000
3890
6386
4514
5061
4514
4581
4581
4342
4776
4775
6467
4145
5386
4390
5064
5264
3761
4777
3761
4546
4650
5064
3773
4779
5403
3266
3754
4774
4780
5072
3767
4395
6093
5859
4396
4781
3652
6444
4153
6511
5692
6691
4651
3774
3774
3777
3775
3778
4552
6418
3804
5824
3793
4554
6245
4556
4028
4302
5247
3795
5337
4405
4885
6273
5073
3797
5784
4787
4781
3659
4587
5326
4630
3807
5951
3809
4628
4632
3809
4395
3590
3623
4451
3297
3297
3813
4413
3300
4407
5421
5881
3655
4588
6028
6028
3821
4054
4055
4792
5271
4567
6012
4416
4791
6439
4358
4661
3828
7032
7296
4792
5778
4451
5320
5077
6979
3669
7278
7036
4331
6260
4797
4008
4764
3841
3918
5370
4434
5258
3929
4968
5083
4240
4241
4972
5817
6560
4178
4178
4928
4109
4179
4928
4179
4643
3847
3949
4930
3726
5944
4423
4804
4536
4191
4258
5091
5838
4849
6541
3745
3746
4575
4805
5095
3253
6043
4267
4807
3746
5599
6494
3993
4200
4383
4552
5600
5263
4861
5153
6238
3894
5247
6371
5287
5840
5153
5922
4204
4517
4952
3524
4550
5469
5945
4151
4152
5436
4153
4154
5831
3527
4200
5807
3779
5600
3527
4816
5295
5225
5636
6096
4018
4159
4159
6122
4751
5925
5001
5607
3899
4204
4654
3799
4487
5206
4033
4035
5162
6087
7055
3660
5288
4494
4520
5496
5867
3299
5084
5159
5442
5936
5172
3899
4954
5499
4220
4221
4659
5499
3905
4058
4693
6555
3886
6034
6626
5300
6532
3620
5573
4420
4810
4825
5105
5176
4229
4573
7095
7048
7061
4501
5279
3318
4363
6126
5411
6311
4796
5847
6570
5107
6586
6491
5743
5108
5893
3917
4669
5108
5109
4830
4891
4752
5370
5772
3842
3918
4667
4236
5110
5380
3919
3920
3338
4237
3921
5874
3925
3928
5378
5378
6144
5111
5113
4966
5170
4967
5112
4275
4968
4969
3930
3351
4238
4969
4238
5442
3353
4239
3399
4239
4240
4971
3355
4239
4247
4971
5443
4728
4970
5435
3358
4972
5114
3360
4242
4242
5221
3361
3362
4243
4973
4669
5115
4671
5889
4670
5117
4973
4974
3843
4832
4245
5520
4245
4246
3933
5521
3933
4602
4975
3934
5120
6074
4832
5788
3843
5788
5428
6237
3935
5429
3935
4798
4833
6234
4798
5123
5086
3936
4834
5123
4834
5431
5431
3937
5180
5651
4836
3940
4837
5933
4975
3941
5126
5340
5340
3395
3946
3396
5189
3944
5126
5127
3399
4060
4247
4839
4889
4836
3947
4839
5128
4729
5918
3408
4250
4729
5214
5381
3410
3411
3845
4730
5131
3847
3950
3949
3950
3685
4248
3699
4607
4326
5748
5749
5787
3964
5133
3957
4300
3852
4842
4843
5133
5137
3966
4802
5654
3713
5307
5140
3971
4845
3982
3983
4845
5141
4253
4506
5903
4804
3980
3981
4254
4980
4981
5488
3982
5142
3983
4847
3982
5837
5837
4468
4848
5343
4256
4433
3868
5092
5364
4675
5147
4982
4339
3636
3993
4733
3983
5144
5176
4676
5146
5790
3872
4474
5790
6558
4267
5652
4140
5372
4981
4993
5413
3465
4256
3476
4993
5634
5751
4475
4853
4854
4509
5798
5096
5122
4006
4845
5176
4006
4051
3885
4476
3477
4272
4541
3480
4273
4541
4273
5310
3481
4274
4882
4069
5414
5791
6022
6237
4857
4276
4517
4274
4276
4286
5151
5142
4013
5151
5542
5938
6003
5980
4843
5136
4859
4478
4860
5152
4359
5434
3556
4277
4344
5006
4811
4861
5150
5663
4862
4862
4084
4685
4285
4559
5212
5540
4865
5002
5310
5154
4746
5542
4013
4287
5005
4033
4287
5667
3901
4290
4867
6660
4583
5158
4814
5711
4586
4486
3536
4285
4952
4306
4559
4886
5667
3602
4518
4548
4031
6271
5161
6298
4871
5447
6445
3547
5960
5004
5387
4443
5275
5668
4041
4584
6543
5670
6219
6268
5338
5358
4304
4446
6186
5164
5164
5448
5425
4035
4063
5162
4036
4884
5165
4045
5103
3940
5155
4047
4875
4047
4876
5167
4048
5166
4877
5167
4877
4048
4878
4049
5168
4878
5441
3576
5961
5555
6608
4563
3579
5441
4050
5086
5017
5170
4052
4306
3584
3586
5315
3587
5171
4309
4310
5171
4309
4310
4311
4319
5866
4311
6061
4760
4451
4565
4300
5897
6746
5702
6239
4880
5172
4880
4881
5104
5018
6014
3602
4566
5316
4286
4053
6298
5763
6271
6486
4692
4693
5564
6205
4034
4064
4881
5169
6632
6267
4877
4889
5164
3619
3620
4031
5024
4500
6145
6491
6698
4326
6468
4890
3835
5334
5827
5179
6171
5156
5449
5002
5413
5573
6980
7081
5321
6611
4181
4464
4616
4250
4770
6106
6441
3975
4699
3640
3733
3978
5331
3978
3985
4132
3755
5201
4195
6133
4016
5150
5822
4011
5959
5129
5761
4282
4295
3880
3897
5890
4205
4291
4551
5695
4350
4404
4916
5854
3660
4448
5163
5235
5973
6615
5852
4228
4573
7304
3672
3673
4897
5257
6286
5049
5878
4598
4456
4898
3840
4925
4457
4899
5456
5180
5181
5193
4169
4603
5194
4077
4104
4769
4110
3687
4248
4368
4110
5052
4368
4369
4605
3690
4369
4111
4714
4111
4371
4606
4373
4800
5182
4606
4715
4715
4672
4800
4374
4375
4672
4766
3703
4766
4374
3706
4376
4608
5487
4180
4376
4332
4754
3710
4608
4610
3711
3712
4503
4504
5241
5197
4117
5198
4117
5198
6038
5198
6038
4118
4119
3858
4612
4771
4907
4120
5057
4931
3736
6252
4122
5353
4128
4131
3772
4846
6497
6770
3787
5576
5920
4100
5283
5461
4934
4938
4338
4539
5215
5781
4938
5332
3873
3875
4537
4734
3879
4138
6258
5333
3752
3881
4578
4852
6352
3757
4343
5284
4387
5063
5067
4479
5811
4202
4388
4946
4862
4946
5395
4623
4912
4436
5263
5036
5366
4552
4653
4951
5324
6384
4786
3775
5336
3775
4912
3778
5473
3795
3831
5008
5826
4157
5694
3785
4387
4401
4783
3788
5471
3789
4400
3791
4401
4406
5070
5369
5882
4097
4703
6300
3797
4628
4953
6164
3822
4406
5071
5502
4706
4161
6421
6240
5418
6200
7051
4524
5860
4166
5040
6949
6162
4308
4690
5476
5496
6009
5803
4951
5980
6231
3816
5699
6422
5776
6009
5210
4770
5297
5924
6241
3823
5478
5492
4726
5298
6116
5971
7124
5451
5503
4638
6287
4560
4711
5917
4704
5620
5507
6153
4712
6657
4511
5533
6907
4235
5258
4964
5974
5483
5194
5281
3949
4643
4943
3848
5486
4801
4418
4801
4375
4769
4183
4251
5027
5028
5965
4119
6381
5183
4466
4466
6076
3861
4422
5088
6343
4422
5627
4335
5028
5777
5029
5383
3867
3984
4258
4260
5363
5091
5932
4469
5033
4909
4939
5657
4381
5921
6307
4539
4018
5186
5033
5660
6113
5386
5998
6469
4351
4383
5308
4510
4855
4385
4775
5438
5665
4084
4140
5860
5292
5810
4088
4438
4484
5101
6790
4658
5270
4691
5814
3906
4959
5021
5313
7022
5724
4323
4324
7076
7012
4102
5680
5108
4236
5510
3923
5510
5512
3926
5511
5512
5513
5512
5514
5515
5159
5516
5432
5518
5519
4833
6350
4836
5155
5651
5181
5526
5432
5527
6066
3945
5129
5528
3948
4051
4716
4418
4114
4375
4463
5801
4250
5026
5028
4841
4505
4251
4844
5282
5027
6288
4612
5809
5717
4079
4465
4465
4466
4079
5184
5140
5184
5185
4422
4553
4613
5242
5384
5947
4803
4846
6181
4032
5534
4469
5630
5688
4132
4188
5900
4189
5032
4082
5185
4255
4259
4082
4134
4259
4427
4536
5385
5146
6305
4261
4262
4263
4851
4809
4136
5218
6297
6082
4138
5219
5003
4578
4341
6192
4432
5306
4064
4994
5178
5829
4993
5002
4432
4542
4835
5625
4668
5963
4858
4519
4545
6754
4146
6053
6544
4019
6712
4150
4683
5336
5602
5864
4437
6288
4816
4683
4821
4209
4352
4493
6218
4218
5934
5394
4032
5162
4036
4037
5018
4918
5003
4211
5233
6518
5560
4300
5914
6599
4491
5042
5494
4883
5165
5168
5169
4496
5171
4352
6362
6442
4686
5870
4692
4693
7151
6250
6464
5042
5388
5105
4226
5022
6929
7204
5211
6279
5560
5872
4500
5360
5623
5509
7125
5649
5227
5259
5876
4132
4614
6179
4508
4136
4337
5818
6069
5669
5639
4292
4627
6379
4558
4757
4210
6150
5475
6270
7299
4167
5736
5022
5581
4657
6847
6874
4529
7123
4531
5081
7130
4366
5789
4367
4900
5459
4902
4904
4767
4801
5195
5737
4120
5802
6094
6141
5089
5090
5242
5090
4379
4978
5588
5589
4129
5589
4932
4932
5591
6081
4262
4135
5821
4198
4540
4198
5948
4649
4388
5034
4473
4545
5690
5365
6457
5204
4512
5357
4739
4739
5841
4437
4505
4157
5604
5203
5547
5836
4785
4555
5612
5612
5613
5699
5475
5612
4301
5799
5208
4308
5972
4170
5647
5620
4173
5616
5822
5409
5584
6198
4711
5311
5625
4363
6284
6548
5484
4608
5412
4612
4505
5139
5628
5654
6365
4674
6253
4257
4674
4191
6516
4260
5718
6436
5632
6306
4429
4648
5220
4648
6160
4577
5902
4618
5997
5775
4482
4548
7301
4207
4555
5231
6265
4745
5269
4441
6745
5558
5639
6390
4408
4636
5268
6416
7104
4409
5269
7205
5014
4630
6923
5703
6600
4518
4566
5868
5041
4569
4957
6056
6702
4957
5580
5422
5570
5816
5256
7139
7015
7080
7276
7231
7031
6994
7001
4794
6999
5510
4970
4970
4728
5517
4244
4244
5661
5556
5261
4465
4979
4980
4978
4981
4720
6659
5862
5862
6166
5244
4264
5632
4271
6501
4538
6228
4429
5149
5149
5371
4473
5658
4995
4997
4997
5170
4548
5538
4389
6962
4389
4347
6136
5905
4813
4515
5345
4517
5762
5004
4516
4820
6156
7209
4441
4701
4872
6498
7255
4742
4440
6415
5374
5752
6503
4820
6102
5268
4446
7006
4874
5793
7197
4563
4565
5348
5730
6015
5667
6255
7157
5224
5374
5819
6379
4354
5946
5348
7187
4636
6677
5799
5780
5320
5179
5975
7253
4639
4665
5397
4642
4502
5748
4335
5965
4537
5901
4941
4940
5597
6095
4577
6285
4616
5335
6578
4580
4484
6159
4405
5855
4708
4920
5798
5451
7023
5567
4665
7220
4362
4961
6035
4366
5259
4367
5260
4929
5085
4606
5053
4607
4421
5654
5591
4852
5840
5949
5600
5634
4896
4940
7014
5468
4487
5036
5603
4869
6366
5546
5606
6161
5912
6547
5710
5068
5072
5404
4547
4744
7168
4724
5926
7093
4688
7210
5234
6425
6536
5869
5962
5075
5072
5401
4840
4502
4535
5087
5650
5461
5995
6631
4755
5462
4471
5145
5433
4648
6129
4854
6052
4640
4436
6002
4740
5698
5368
4489
5550
4489
6138
7221
5188
6546
4562
5793
7092
4690
7201
4499
4500
5339
5547
6110
4532
6995
5457
4601
4904
5586
6247
5184
5531
6335
4984
4649
5659
5535
5354
5766
4621
6903
5434
5539
5999
5656
4865
5541
4949
4815
5402
6309
6360
4870
4488
5832
6429
6004
5674
5042
7008
7150
6180
4559
6952
4591
6975
4828
4535
4535
5135
6185
5185
5216
5985
6114
5052
5662
6414
5912
4813
5035
4654
7281
5640
5896
5352
7236
5972
5505
6569
6579
6346
5329
5640
6987
4593
6977
6965
6304
4965
5815
5728
6210
5355
4998
5810
4735
4856
5922
4702
5691
6264
5741
5009
4826
4685
5347
4704
6707
5315
5444
4762
6130
5312
5741
4884
5018
5529
4934
5631
4736
5739
6520
5285
5890
5543
5976
5543
5492
5644
5971
5419
5753
5350
6313
6567
5337
6020
5931
7109
7054
5452
4896
5779
5051
5455
5848
5522
5379
5848
5052
5329
5330
5741
5384
5655
4803
5930
4941
4756
4909
6172
4945
5246
4808
4914
5403
5043
5366
6596
4708
5722
4947
4656
6779
4917
6462
6439
6465
4656
6775
4920
5480
7297
6326
7066
4924
5021
5256
6973
4763
5485
6483
5704
6697
6228
4942
5285
5722
5607
6205
5498
7059
4784
5646
5498
6098
6199
5503
7295
5079
5574
5743
5110
5110
5872
5598
5861
5195
4803
6473
4985
4988
4989
4989
4990
4990
4992
4939
4992
4944
5007
5816
5439
5016
6392
6325
5732
6103
6368
5228
5392
5304
5769
5031
5346
6792
5792
6495
6471
5694
5832
6274
4819
6584
5276
5504
6355
6564
4767
5646
5031
6191
6614
5721
4956
5887
4745
5375
5991
5700
5845
5212
6191
4983
5774
5912
6168
5001
5466
5230
4782
6389
5492
5913
5387
6216
6376
6395
5250
6648
6504
6170
6644
6148
5964
6190
6292
5267
4823
5044
5074
5450
6956
6944
6982
5279
5410
5878
5879
4840
4840
5463
5035
5468
5939
5679
6260
5357
5596
5471
5186
5916
4825
5482
5251
5481
6070
6613
6792
5480
5608
5624
4828
6654
5085
6078
6533
5464
4852
5096
5523
5416
6329
5294
5493
5671
6643
6699
6950
5163
5250
5702
5614
5317
6945
5081
6221
5118
5483
5120
5181
5126
5458
5528
5140
5136
4873
5145
5658
6224
5767
4887
5521
5156
5539
6324
6336
6055
5752
6606
6463
6766
7033
6724
5166
5866
6065
6065
6470
5448
5742
5178
5574
5389
5390
5877
5076
5051
5055
5576
5605
5849
5537
6010
5783
7056
5445
6110
4956
5704
5883
5253
6943
6985
4957
7021
7044
5778
5076
5457
5106
5257
5817
5485
6135
5177
5593
5092
5818
6572
5094
5097
5596
6371
5097
5657
5206
5437
6444
5101
5265
5498
6010
6194
6553
6452
6626
5023
5406
7128
6530
6710
5889
5709
5563
5975
5515
5113
5520
5956
5453
6047
5534
5596
6475
5145
6305
5217
5464
5147
5273
5273
5274
5822
5293
5355
5511
6051
5486
5726
6474
5542
5360
5393
5355
5549
5796
5895
6004
6100
5249
6558
5277
6196
5356
5444
5561
5723
5277
6762
5677
5364
6253
5775
5038
5638
6011
6275
5318
5631
6687
5328
5452
6073
5334
5091
5461
6023
5924
5333
5823
6189
5597
6086
5768
5771
5806
5976
5606
6085
5069
5299
5606
6089
5071
6427
5927
5407
5953
5747
5680
6976
5746
5084
5516
5182
5087
6027
5627
6493
5738
5401
5482
5357
6120
5265
5202
6679
5420
5105
5453
6222
5112
5515
5378
5517
5521
5518
6040
5519
5519
5527
5122
5523
5788
5124
5526
5652
5530
5136
5530
5801
6581
5134
6267
5352
5138
5575
6267
5205
5228
6248
5889
5541
5154
5663
6041
5546
6341
5978
5440
5554
5557
5205
5392
6598
5572
5562
5625
6279
5219
5755
5955
5915
6405
6213
6321
5585
5575
5460
5805
5880
5589
5590
5597
6083
6058
6391
5396
6354
6504
6045
6057
6006
5821
6477
5744
5433
6024
6146
5443
5923
6393
6163
6089
6090
5909
5379
5638
6495
7035
5914
6333
6666
6101
6397
6167
6734
6981
5290
5509
7037
7047
5737
6096
5330
5640
5738
6383
5811
5602
5266
6430
6850
5254
5403
5474
6611
6852
5457
5677
6036
5353
5678
5467
5754
6568
5926
6103
6413
5898
6143
6168
5657
6678
5388
6932
5301
5955
6096
5999
5653
5666
6274
6043
5376
6518
5491
5765
6071
6131
5508
5762
6151
5786
5618
6090
6641
6326
5411
6751
5385
6565
5307
5385
5424
5508
6229
5609
5648
5561
5676
6206
6941
5545
5969
6190
5993
6570
5739
5862
6618
5692
6115
6692
5855
5643
5981
6067
5877
6382
5487
5630
5852
5545
5933
5856
5473
5908
6367
5652
5529
5376
5489
5535
5999
6142
6015
6616
6770
5787
6204
6356
5532
5364
5709
6223
5552
6810
6150
5570
5455
5684
6232
5592
5595
5731
5394
6431
5897
6576
5974
6133
6215
6674
6212
5559
6001
6190
5919
5529
5963
6046
5412
5919
5562
6947
7094
7302
5846
6887
5801
5698
5860
6259
7235
6023
5820
5412
5474
5614
5407
5713
5482
6513
5715
5906
5490
6040
5416
6468
5970
6154
7072
6062
6027
6225
5740
6158
5769
6282
6984
5812
6123
7243
5517
6045
5523
5650
6088
6234
6350
6169
6128
5442
5540
6217
5768
6332
6320
5835
5978
5868
5642
5958
5885
5938
6283
5449
5566
5843
5931
7103
5994
6570
6073
6233
5772
5944
6583
5773
5706
6070
6287
5605
5966
6554
5783
5551
6093
6302
6386
5784
5880
6460
5783
5780
5858
5911
5980
6048
5932
6155
6210
5734
6354
6722
5579
6071
6242
5618
5953
5726
5764
6709
5726
5622
6092
5742
7146
5975
5959
6350
5651
6455
5708
5802
6358
5751
5767
5933
5808
6575
5920
6361
6014
5610
5668
6402
6230
5978
6488
5835
5643
6269
5794
5794
5727
5563
5960
5923
6390
6391
6455
6675
5843
5797
6187
6271
6145
5621
6057
5942
6295
6665
5641
6331
6130
6337
6033
6153
6657
6272
6380
5748
5945
5683
5826
6262
6023
5998
5850
6114
6591
6628
6055
6152
6422
6027
5672
5985
5761
6229
6220
5917
6153
6177
6476
6304
5965
6006
5694
5890
6249
5981
5776
5765
6242
5921
6788
5919
5876
6625
5983
6754
5923
6217
6053
6478
6054
6063
6199
6254
6561
6667
5798
6362
6232
5762
5875
5789
5770
6195
5825
6420
6075
5809
6141
5738
5830
5836
5920
6005
5900
5821
5983
5906
6380
6011
6158
6313
5972
6421
6265
7251
6419
6174
5768
5991
6434
6324
6002
5770
5874
5725
6506
5819
6374
6106
6291
5728
5958
5830
5752
5946
7167
6677
7170
5873
5874
5765
5853
5902
6085
6086
6387
6275
6737
6090
5898
6536
5875
5818
6774
7057
7287
5899
5958
7162
7192
6150
6521
6010
6257
6601
5918
6036
6225
6114
5810
5770
5950
6452
5820
5901
5997
6025
6009
6221
5861
6049
6258
6030
6214
5842
6340
6092
7165
5940
6495
6139
6400
6020
6706
6038
6081
6091
6269
6030
6264
5949
5936
6077
5850
6437
6108
6064
6144
6315
6042
6263
5931
6357
6535
6602
6708
6044
6108
6283
6186
6627
6617
5908
5843
6338
6468
6460
6511
6063
6198
6515
5894
6221
6135
6629
7058
6328
5937
5925
6277
6012
6485
6061
6397
6148
6670
6445
6587
6800
5893
5875
6500
6073
6326
6132
6778
5950
6750
6274
6727
6732
6713
5954
6201
6686
6643
6820
6139
6342
6429
5930
6346
6166
6204
6256
5929
6005
6052
6203
6216
5913
6384
6110
6211
6106
6325
6576
6778
6811
6542
6560
6111
6128
6081
6050
6255
5953
6070
6160
6502
6303
6034
6135
6052
6329
6358
6639
6708
6290
6571
6214
7070
6079
6414
6156
6093
5962
6505
6647
6043
6046
6357
5987
6064
6064
6068
6065
6176
6525
6161
6826
6016
6022
6310
6852
6330
6300
6664
6223
6056
6053
6058
6121
6824
6838
6503
6142
6354
6357
6088
6355
6168
6547
6694
6548
6124
6266
6442
6452
6032
6639
6319
6105
6516
6244
6507
6736
6137
6176
6182
6109
6195
6341
6124
6399
6312
6538
6823
6193
6095
6364
6171
6152
6340
6303
6779
6489
6278
6485
6568
6240
6111
6129
6069
6105
6771
6214
6459
6615
6203
6395
6742
6276
6132
6132
6451
6169
6715
6361
6164
6392
6112
6272
6351
6171
6157
6147
7242
6196
6575
6438
6463
6660
7073
6589
6390
6307
6499
6294
6316
6167
6377
6194
6334
6339
6343
6262
6107
6107
6344
6450
6157
6469
6296
6450
6458
6551
6152
6296
6381
6210
6300
6307
6429
6230
6269
6425
6458
6423
6707
6220
6181
6122
6198
6231
6494
6662
6165
6434
6492
6639
6457
6265
6414
6759
6841
6324
7074
6244
6486
6613
6717
6528
6550
6146
6145
6225
6160
6143
6383
6485
6405
6593
6714
6724
6753
6821
6431
6498
6294
6223
6284
6474
6364
6471
6264
6851
6282
6310
6315
6427
6621
6439
6254
6383
6665
6902
6246
6438
6560
6585
6607
6328
6343
6663
6211
6370
6544
6253
6186
6430
6288
6701
6582
6641
6233
6484
6533
6301
6322
6473
6399
6520
6278
7141
6572
6282
6294
6219
6332
6632
6499
6263
6482
6356
6545
6283
6235
6418
6278
6270
6334
6402
6739
6537
6640
6367
6426
6371
6512
6586
6273
6295
6564
6297
6262
6340
6528
6455
6456
6487
6490
6336
6397
6407
6553
6462
6338
6675
6305
6296
6368
6488
6545
6483
6385
7007
6473
6541
6712
6729
7258
6514
6607
6407
6586
6381
6459
6467
6370
6441
6562
6741
6289
6308
6693
6477
6827
6534
6336
6688
6347
6732
6806
6501
6563
6819
6366
6423
6717
6749
6567
6575
6608
6408
6658
6595
6467
6401
6345
6543
6671
6382
6559
6535
6535
6623
6684
6561
6435
6676
6417
6475
6394
6757
6566
6456
6526
6470
6400
6689
6352
6551
6591
6660
6818
6374
6847
6421
6567
6457
6801
6389
6482
6507
6729
6497
6441
6510
6649
6720
6426
6728
6553
6633
6471
6873
6415
6477
6482
6474
6403
6445
6540
6624
6785
6839
6654
6514
6526
6487
6866
6991
6672
6486
6529
6490
6596
6823
6690
6625
6794
6848
6738
6756
6523
6511
7075
6490
6488
6641
6566
6691
6692
6649
6541
6704
6703
6635
6645
6561
6727
6659
6556
6543
6519
6507
6696
6632
6644
6709
6682
6653
6522
6794
6458
6580
6557
7185
7161
6684
6675
6499
6503
6532
6664
6569
6752
6808
6555
6496
6697
6502
6619
6722
6599
6746
6765
6556
6517
6529
6705
6663
6540
6591
6661
6694
6628
6670
6707
6696
6587
6858
6787
6550
6640
6573
6652
7077
6622
6526
6566
6673
6606
6807
6542
6953
6623
6693
6562
6547
6816
6720
6664
6734
6676
6776
6710
6637
6720
6649
6554
6600
7005
6736
6597
6592
6629
6669
6751
6773
6613
6610
6768
6700
6679
6605
6618
6589
6726
6617
6578
6601
6594
6618
6596
6731
6791
6763
6590
6827
6598
6731
6637
6650
6748
6680
6705
6864
6609
6846
6678
6635
6750
6602
6604
6619
6729
6676
7153
6735
6839
6693
6813
6637
6674
6758
6862
6812
6624
6699
6631
6738
6836
6680
6758
6703
6659
6721
6807
6713
6704
6685
6768
6786
6721
6718
6870
6784
6773
6861
6711
6723
6747
6686
6681
6673
6742
6744
6783
6684
6767
6733
6798
6841
6673
6690
6662
6796
6770
6778
6793
6663
6710
6671
6702
6797
6713
6830
6733
6681
6728
6752
6781
6763
6726
6741
7078
6755
6818
6697
6702
6748
6801
6714
7265
6832
6718
6714
6825
6749
6781
6734
6745
6706
6813
6752
6804
6830
6784
6856
6840
6822
6780
6829
6802
6810
6750
6830
6780
6780
6772
6782
6769
6813
6793
6835
6815
6755
6786
6876
6788
6791
6764
6775
6783
6751
6796
6795
6834
6762
6769
6836
6824
6866
7004
6860
6831
6776
6817
6832
7105
6875
6865
6808
6783
6818
6795
6828
6799
6803
6828
6785
6863
6792
6867
6806
6795
6810
6803
6844
6809
6814
6824
6814
6849
6822
6815
7000
6868
6806
6828
6863
6855
6811
6845
6829
6857
6832
6844
6870
6825
6839
6857
6825
6827
6846
6852
6831
6876
6836
6838
6864
6867
6873
6872
6865
6867
6847
6871
6845
6849
6869
6856
6875
6855
6856
6868
6860
6874
6862
6865
7135
6862
6872
7136
6869
6875
6874
6876
6880
6958
6879
7127
6880
6939
7311
7157
7271
6889
7094
7303
6890
7095
7304
6967
7310
6986
6909
6915
7153
7273
7154
7272
6901
6923
7132
6923
7126
6938
7266
6939
7267
6940
7268
6937
7269
6899
7155
6917
6950
6957
6957
6962
6992
7016
7015
7097
6946
7156
7093
6931
7091
7299
7113
7116
7204
7146
7158
6978
7301
7117
7121
6980
7125
7130
6982
6985
7133
7001
7135
7135
7136
7137
7138
7139
6976
7081
7305
7141
7142
7144
7312
7150
7152
7151
7153
7154
7115
7140
7156
7282
7157
7127
7124
7161
7162
7207
7164
7118
7143
7166
6973
7167
7159
7167
7168
7170
7180
7180
7181
7183
7183
7184
7184
7185
7186
7187
7186
7187
7188
7188
7189
7190
7191
7192
7193
7193
7195
7195
7196
7196
7198
7197
7199
7199
7200
7201
7202
7273
7203
7272
7205
7271
7206
7206
7208
7019
7146
7209
7169
7313
7210
7210
7236
7211
7214
7222
7217
7221
7246
7232
7223
7235
7253
7257
7254
7215
7247
7251
7234
7233
7226
7219
7237
7226
7224
7229
7245
7256
7248
7231
7228
7238
7256
7258
7249
7248
7252
7242
7236
7216
7263
7255
7255
7260
7225
7244
7227
7265
7220
7245
7217
7243
7215
7214
7258
7242
7222
7239
7263
7251
7211
7163
7166
7274
7274
7276
7090
7267
7089
7279
7086
7280
7268
7088
7269
7278
7266
7277
7122
7282
7281
7281
7111
7172
7293
7173
7292
7174
7294
7175
7296
7176
7297
7177
7295
7178
7298
7179
7291
7300
7194
7322
7115
7182
7207
7149
7159
7160
7149
7310
7165
7208
7182
7204
7160
7310
7300
7322
7321
7316
7317
7318
7315
7320
7319
7314
7313
7275
7264
7322
7225
7227
7314
7219
7224
7315
7264
7230
7240
7230
7317
7313
7321
7259
7316
7241
7241
7261
7247
7318
7250
7259
7250
7319
7270
7320
7262
7262
7265
7306
7308
7309
7307
7305
7325
7324
7323
7301
7308
7307
7306
7309
7312
7312
7325
7323
7324
7311
)


// ************************************************************************* //
