/*--------------------------------*- C++ -*----------------------------------*\
| =========                 |                                                 |
| \\      /  F ield         | OpenFOAM: The Open Source CFD Toolbox           |
|  \\    /   O peration     | Version:  2412                                  |
|   \\  /    A nd           | Website:  www.openfoam.com                      |
|    \\/     M anipulation  |                                                 |
\*---------------------------------------------------------------------------*/
FoamFile
{
    version     2.0;
    format      ascii;
    arch        "LSB;label=32;scalar=64";
    note        "nPoints:2732  nCells:2580  nFaces:9106  nInternalFaces:3794";
    class       labelList;
    location    "constant/polyMesh";
    object      neighbour;
}
// * * * * * * * * * * * * * * * * * * * * * * * * * * * * * * * * * * * * * //


3794
(
24
680
1269
145
155
1276
80
114
135
156
265
779
118
139
1222
298
363
1397
93
135
187
96
510
2020
192
2278
2416
713
1151
2195
109
260
1234
160
328
1580
153
910
2300
420
446
1977
641
775
2123
89
709
809
427
445
856
263
577
2571
128
359
2256
803
2225
2575
175
359
1870
212
1969
2577
153
431
2247
197
209
332
1180
1787
191
791
2268
62
207
2470
35
210
2171
736
2209
2574
52
784
2311
97
240
953
106
652
785
288
1118
1564
54
133
717
181
222
420
568
2340
362
467
1596
331
755
2472
290
319
1092
214
360
1064
311
1106
1292
49
1304
2279
113
371
1009
604
2230
2576
130
730
2473
147
1720
1950
208
291
302
313
492
2160
224
490
497
690
1607
62
248
1399
76
346
1242
190
1415
276
419
455
83
405
129
910
1715
257
283
1748
209
1229
2326
77
1866
2082
646
780
2485
94
1548
1574
104
590
630
524
167
230
317
100
600
726
206
628
1199
222
304
556
186
767
1933
777
1640
2570
114
263
481
138
436
457
91
402
1562
88
545
1577
239
1155
1531
316
1095
1649
92
442
1323
120
480
386
520
173
578
1705
312
536
2337
217
800
238
366
300
333
2554
169
319
279
352
1000
164
541
1254
138
368
2516
688
835
2572
561
729
179
518
343
563
643
496
1572
460
1443
171
2322
904
1359
456
2038
2086
1233
1532
561
694
659
1535
1759
146
174
1478
668
797
147
150
1696
159
1331
2330
247
501
653
636
1565
598
793
2088
456
1892
183
309
622
134
390
1473
1226
2042
307
472
777
177
1363
1117
2071
2579
889
1133
1371
218
219
580
266
317
693
219
223
1242
845
1270
291
430
1419
223
234
336
340
676
994
2364
2561
404
417
504
465
574
2332
432
575
2352
141
890
1831
459
757
2101
393
1494
696
1657
596
598
439
735
1261
458
613
679
531
1816
1259
1883
1860
221
478
618
524
535
689
1668
206
403
234
293
573
1328
1422
301
351
1785
558
1474
2435
749
755
2167
177
1608
737
1717
734
172
436
2199
310
592
637
786
1665
220
463
1383
424
661
1861
1520
354
474
750
1296
1733
852
2074
185
380
1966
408
510
579
536
2166
242
2411
256
968
1084
262
826
993
167
417
684
417
476
277
348
1891
392
732
2256
220
292
637
1234
338
712
763
913
2434
801
2550
1339
1589
547
917
237
1794
743
1439
347
1123
1146
978
250
733
788
440
501
634
636
831
537
1514
344
686
933
297
1136
381
1906
2498
879
1155
252
773
357
2553
318
390
870
511
2058
2318
645
1247
860
1551
461
1884
419
452
718
243
332
1396
268
722
1471
607
806
2415
534
349
457
708
416
731
1882
780
808
2309
407
804
885
285
631
757
373
478
1148
342
642
857
535
811
2325
1848
1143
2052
233
624
853
1467
410
590
648
556
1220
482
591
827
437
514
427
673
1593
557
563
674
801
2015
675
805
1374
504
502
508
1977
885
390
718
465
812
2213
306
1807
1833
323
339
1241
284
783
793
685
1215
2568
454
1645
280
485
646
281
743
1735
528
1604
804
512
556
574
246
742
1897
739
1682
1442
1483
626
1757
545
1451
588
693
2515
330
1837
1002
1357
423
509
1123
451
594
656
706
779
873
1808
811
2565
948
2457
2469
2536
2546
612
1795
2249
389
1336
261
324
2154
286
1340
2362
660
2215
2390
443
675
1723
1827
507
758
897
260
292
595
425
393
1838
379
633
1860
271
715
1113
358
2087
331
1645
579
1812
1961
1216
1493
321
746
1419
360
460
610
540
590
364
859
1937
517
571
1921
736
945
2084
382
406
1144
424
622
400
2484
310
567
679
1196
1275
886
2523
485
780
568
988
2190
1496
1973
596
1484
450
2207
314
2489
397
1308
1981
956
2386
321
430
560
338
977
1313
488
345
1357
506
617
327
386
1677
450
602
2440
419
1859
721
1754
789
1311
2390
672
2409
949
1847
995
1409
400
516
980
836
1980
547
623
650
625
1624
919
2142
463
793
1644
747
1167
488
1188
2399
655
965
554
2140
1388
2003
606
702
2017
1183
1207
1674
1136
1859
1184
681
1119
1701
538
837
1779
2573
491
1901
559
2500
808
2073
2381
413
542
656
1541
1978
1809
1975
426
658
683
555
1683
373
1678
1884
2384
664
703
1211
379
832
937
441
946
339
571
760
349
1633
410
695
387
575
1777
549
727
831
889
670
950
495
742
1238
2115
1244
1263
464
682
728
1781
2496
1231
2238
668
824
422
1433
1890
1636
2003
449
1201
1202
361
389
890
1338
2554
1169
1319
392
1104
767
1328
2230
2564
1592
1979
1479
2475
377
399
2560
1105
1586
434
606
1764
1069
2561
492
842
1588
411
592
679
1536
527
707
807
553
446
2412
2520
704
1480
2559
503
1132
1705
1065
2186
479
1373
1808
935
451
1577
584
1175
570
1679
537
1880
1941
582
763
1931
609
1249
1373
703
1248
2179
559
713
1299
1662
837
1151
1631
429
1878
745
1902
2038
465
522
683
1139
1394
2379
698
1877
498
853
2171
1820
2100
544
447
730
1915
714
2209
861
1519
723
1478
515
1184
754
1436
724
1237
462
1446
840
935
1070
715
1690
1712
449
652
716
591
1489
694
716
785
687
707
1834
473
1433
466
1161
1566
468
576
925
1834
1684
2092
1244
1269
2425
621
819
1770
2210
1984
539
1773
2162
1348
2514
624
1223
2228
1302
1781
584
849
1255
1475
1534
494
858
1222
1914
444
460
532
1384
2518
1292
2076
1321
1595
677
1789
744
2442
580
1285
740
1323
616
1429
2244
1379
1611
501
521
709
1710
1979
729
1452
1466
585
1653
1816
1383
2053
1452
1990
1800
1327
1712
1825
1997
2376
1558
2413
762
952
783
516
601
831
889
2193
2232
1773
1880
881
2052
2419
752
931
1863
495
599
706
1451
2497
551
725
640
903
543
544
773
723
1309
514
1102
1861
519
1343
1599
573
1245
1083
1214
805
914
546
829
2055
947
2310
2400
1957
881
1103
1143
533
1912
1949
632
635
1209
2526
1428
1466
505
1831
2070
814
816
868
828
2104
1002
1766
2220
1883
2539
1680
2544
825
852
864
710
849
1170
1402
1610
790
917
513
890
987
1057
1730
1263
1895
655
753
680
1676
2044
1208
1948
2332
2578
783
1224
740
531
1543
972
1152
1458
844
921
553
1402
923
1826
873
1758
1488
1980
577
1083
1522
768
751
1481
1776
603
1214
1235
928
1456
1376
1618
690
2257
2302
624
1376
1542
1701
1575
2517
1974
2313
550
1002
603
1828
1963
566
1825
2412
2504
1114
1565
788
871
914
1067
2018
2484
817
919
2110
2528
620
932
1195
651
599
850
1172
1239
693
1330
1468
1229
1560
1615
1384
1967
1605
1486
1542
1544
663
1573
2503
1133
622
747
894
1203
1256
1884
1486
1556
1540
1562
1687
740
1686
2432
669
1921
669
768
1143
2190
1985
1980
1790
937
1936
1266
2062
2192
1360
1128
770
1777
2100
1898
2262
604
698
2430
1769
1718
2549
616
1736
2050
1237
1396
2194
806
1796
838
1194
2261
2089
1354
671
1209
2338
1067
1134
1572
1606
1552
1466
1703
1793
2436
825
1159
1157
1397
1480
1371
2564
615
1339
1914
1240
788
1254
719
841
843
1343
1618
1160
1404
1605
1898
2333
691
1983
1540
1556
741
1170
1893
1955
1974
1593
1152
1917
753
1455
766
813
1611
1525
1764
1560
1606
1950
2192
644
879
1489
654
829
1310
1534
1791
638
802
904
1596
1609
1266
1739
1562
1572
882
1130
1601
1609
1642
2491
1566
1108
738
795
705
1822
2275
911
1545
2065
2537
1547
2324
1601
1615
816
1554
2304
2509
823
891
1993
2368
1596
1617
699
912
1547
734
790
1349
1165
1321
1599
1635
1771
2264
879
857
1490
2475
1488
1526
782
1946
1383
1644
894
1102
822
1731
2010
2101
2542
711
1541
1149
1296
1714
1480
2183
2251
781
798
999
1217
876
869
1197
1208
2557
1338
1516
1421
2026
819
2014
1798
1617
1753
695
1246
1293
1526
1555
1470
1722
1972
977
1278
685
1254
1674
2161
1312
1845
1436
1681
1095
1523
1235
1549
1784
1654
2305
700
786
1664
1803
1350
1520
744
1718
2563
803
727
865
843
1177
787
896
998
1619
1903
981
1331
1852
799
1841
852
754
1637
1668
1389
2260
2277
764
968
1637
1760
1849
1158
2353
1803
1711
1653
1760
1859
1519
1661
754
807
1679
1289
1725
1944
2063
1717
1709
1893
1342
824
1575
1805
1181
2047
822
2201
1999
2393
1206
1355
1750
770
2344
1158
1497
1559
846
1406
1281
1559
1368
2548
1985
2394
1741
1379
1892
1178
2191
1111
1321
1824
2098
2396
2481
1388
1894
1584
2301
1708
1822
2057
1346
796
892
1138
759
884
946
891
2317
1152
1901
1122
1206
1621
1360
1479
2333
1285
1502
814
875
1310
1293
1915
1801
1492
874
1207
1692
1820
873
1444
2079
1399
2193
2470
1228
794
1427
1659
2041
2183
1238
1245
1810
2239
815
1428
2539
1675
821
830
1256
2469
1655
2351
953
1750
820
898
1850
2178
911
1867
938
1003
1126
1421
2488
874
1183
854
1126
1106
2006
877
1216
878
931
1307
2325
1932
818
2109
1981
2194
1749
1674
992
1735
855
1154
936
979
1145
1380
2161
2334
1770
2355
1427
1625
1569
1727
1574
2164
2042
839
967
833
863
850
1703
2127
851
1949
2364
1798
2467
838
895
862
900
1060
1785
1804
908
962
906
916
1405
1202
1392
1488
1938
2196
1716
907
970
937
1297
861
1799
2032
1595
1945
930
939
940
1260
1744
2132
2213
940
1300
1630
2037
1105
1079
2439
989
1535
921
1145
867
1262
1349
1171
1270
1398
1445
1832
2039
930
875
934
877
1243
1909
1899
1120
1386
1445
1071
1125
1412
1481
1182
1221
1473
1506
1355
1434
1160
1403
2001
1290
1633
1829
1471
880
916
1173
1391
1765
1949
884
1286
1786
1789
1836
1941
2555
950
1182
1314
1358
1446
1583
2207
915
1351
1210
1538
1826
1627
902
924
1121
1364
1146
1286
929
1055
907
951
961
1078
995
1408
2345
1194
1713
2245
940
1255
1375
1809
1303
1294
1060
1062
1059
1061
1801
2339
1001
1483
1843
1231
2501
1998
944
1131
1332
1631
1849
1352
1501
1642
2522
955
1352
1784
1966
1971
2205
1171
1681
1804
969
1573
2361
1197
1312
1512
1361
1461
1077
1405
1072
1460
1147
1322
1952
1130
955
1432
960
991
1953
944
1075
957
1076
1468
2292
2306
1049
1932
2550
1994
2166
2451
1203
2361
1702
2237
1417
1056
1058
1358
1465
1800
1005
1073
1888
1539
1960
1042
1765
996
1180
1347
979
997
1227
998
1185
999
1316
1000
1268
986
1066
1124
1066
1071
1291
1610
2019
1156
1239
1121
1298
2095
1516
2409
1055
1056
1086
1087
1100
1230
1100
1118
2004
1137
1159
1157
1553
1089
1090
1091
982
985
1080
1524
1569
1345
1826
1074
1663
986
1063
1305
1052
1054
1857
1561
1608
1086
1662
1904
1856
1995
1003
2314
1282
1325
1959
1051
1053
1050
1052
1785
1847
1847
1885
1604
1074
1470
1075
1131
1077
1078
1079
1713
2551
1469
1174
1537
1846
1039
1288
1099
1192
1114
1162
1115
1507
1161
1090
1116
1115
1116
1113
1114
1089
1142
1113
1956
1168
1506
1226
1783
1112
1141
1111
1167
1110
1112
1163
1505
1109
1111
1108
1225
1086
1110
1107
1109
1108
1354
1104
1107
1104
1404
1178
1413
1098
1403
1096
1098
1087
1363
1094
1096
1313
1409
1093
1094
1092
1093
1073
1408
1091
1092
1091
1212
1444
1085
1457
1154
1389
1085
1074
1099
1080
1153
1070
1076
1075
1080
1068
1070
1068
1461
1138
1456
1135
1077
1458
1422
1078
1407
1377
1079
1087
1320
1107
1337
1174
1179
1110
1755
1297
1885
2293
1112
1213
1279
1533
1130
1779
1806
2487
1097
1416
1495
2146
1991
2283
1955
1259
1283
2022
1325
1959
1184
1543
2465
1491
1284
1635
1129
1911
1157
1106
1159
1271
1337
1762
1811
1627
1259
2022
1613
2132
1267
1816
2549
1509
1937
1865
1210
2536
1598
1257
1431
1141
1429
1135
1781
2076
2344
1242
1568
1972
2001
1218
1937
2421
1581
1181
2090
1186
1168
1326
1616
1186
1670
2066
1464
1982
2476
1150
1150
1426
1829
1931
1153
2124
1417
1450
1763
2077
2338
2347
1881
1200
1200
1607
1342
2092
2189
1443
1190
1190
1503
1198
1508
1700
1924
2497
1202
1453
1195
1213
1277
1204
1204
1172
1752
1362
2061
1527
1841
2144
1563
1737
1702
1838
2148
1661
1665
1232
1219
1287
1650
1634
1420
2109
1364
1469
1303
1896
2185
2453
1219
1597
1881
2177
2196
1272
1628
1252
1277
1791
1527
1475
1582
2011
1454
1253
1222
1252
1499
1685
2409
1889
2171
2382
1943
2028
1969
2577
2205
1502
1658
1324
2046
1365
1858
1680
2210
1316
1582
2006
1301
1485
2059
1977
2346
1438
1584
1723
1810
1478
1794
1234
1341
1341
1301
1432
1727
1964
2411
1267
1524
2246
1393
1446
1602
2151
1491
1543
1701
1910
2228
2266
1329
1334
1904
2295
1268
1928
2405
1704
1472
1671
1699
2136
1588
2180
1604
2345
1318
1335
1460
1334
1367
1619
2104
1272
1280
1563
2278
1291
2072
1344
1369
1417
1418
1487
1326
1819
1291
1916
2172
1625
2269
2417
1378
1520
1723
1997
1539
1275
2126
2134
1292
1326
1400
1440
1548
1277
1414
1716
2296
1714
2287
1327
2046
1318
2096
1598
2124
1515
1646
2050
2329
2184
2269
1317
1802
1913
1508
1537
1853
1372
2079
1732
2145
1406
1567
1770
1298
1449
1317
1318
1416
1761
1936
1925
1878
2024
1367
1418
1926
1805
2029
2110
1531
2036
1431
2138
1412
1635
1776
1380
1622
1622
2353
1434
2007
1412
2157
2204
2168
1529
1335
1369
1618
1982
2343
1449
1708
2097
1632
1733
1333
1600
1356
1589
1736
2199
1407
1425
1534
1799
2105
2423
2143
2566
1845
1907
1424
1430
1958
1964
1627
1868
1457
1501
2071
1433
2169
1382
1400
1629
1658
1645
1900
1663
1923
1870
2505
2421
1579
1698
1485
1535
1577
1394
2065
2525
1614
1695
1741
2073
2194
1918
1630
1903
1398
1834
1936
2129
1733
2103
1414
1706
1518
1561
1636
1719
2130
2260
1517
1592
1725
1756
2325
1373
1533
1749
1836
1580
1620
2426
1797
1891
1579
1748
2449
1877
1580
1590
1837
1511
1525
2187
1571
1904
2175
1410
1559
1659
2182
2329
2579
1697
1694
1872
2366
1660
1832
1499
1839
1419
1529
2437
1735
1741
1940
1951
1852
2303
1557
1450
1536
1783
2515
1726
1726
2030
1528
1871
1738
1738
1515
1641
1590
1594
1833
1459
1740
2275
1851
2077
1430
1437
1430
1623
2418
1871
1447
2097
1500
1626
1500
1848
1429
1736
2188
2391
2054
2198
1961
1493
1925
1983
1792
1696
1720
1454
2025
1957
2035
1511
1903
1442
1899
2000
1821
1497
1909
1993
2033
2317
1493
1570
1700
2200
1988
2572
1550
1655
2077
1887
1862
1917
1712
2191
1517
1887
1463
1896
1952
2322
2359
1490
2324
1856
2099
2136
1996
1911
1987
1956
1507
1587
2011
1791
1477
1953
2129
1490
1554
1650
1713
1923
1899
1742
1794
1946
2206
1528
1947
1920
1972
1549
1995
2035
2078
1623
1776
1643
2290
2152
2027
2065
2407
1639
1661
2091
2281
1565
1566
1613
2241
2332
1786
2056
2048
2048
2124
1641
1705
1532
1672
1728
2017
1513
1729
1521
1550
1938
2102
1788
2008
1525
2366
2367
1848
1590
1620
1739
1767
2109
2164
2023
2229
1734
1707
1778
2201
1869
1919
2345
1581
2221
1629
1715
1855
2209
2085
2404
1634
1667
1894
2122
1795
2125
2374
2111
1992
1874
1594
1660
2043
1649
2028
1597
2004
2427
2387
2529
2574
2430
2564
2384
2454
2575
2401
1656
2181
2221
1646
1751
1913
2115
2360
1600
1992
1875
2573
2376
1962
2429
1616
2059
1643
1704
1827
1666
2014
2466
1638
1707
1623
1840
2307
2441
1731
1843
2466
2518
2139
1862
1954
2193
2372
2173
2488
2328
2319
1853
1628
2365
1612
2576
1672
1707
1643
1675
1897
2195
2220
1966
2289
2230
2217
1902
1639
1873
2213
1690
2225
2389
2232
1630
1656
1693
1715
2015
2286
1659
1665
1719
1676
2339
2226
1761
2138
2212
1864
2120
2218
2010
2270
1907
2142
2302
2062
2222
1850
1692
1796
2153
2357
1745
1989
1991
2047
2378
2051
2131
2455
1813
1842
1978
2219
2502
2542
2203
1729
1693
1728
1835
1876
1875
2401
1667
1743
1684
1930
1768
2403
1960
2080
2306
2294
2373
2056
2494
1970
1729
1737
2168
2034
1911
1844
1866
1951
2326
1857
2227
2443
1692
1742
2286
1879
1724
1976
2073
2381
1811
2450
1757
1817
1920
1724
1775
1906
1740
1734
1830
2016
1919
2362
2489
2020
2044
1719
1758
1728
1968
2306
2388
1800
2154
2200
2119
1822
2096
2096
2323
2548
1724
1746
1743
1746
2363
2104
2392
1934
1947
1918
2111
2324
2000
2442
1817
2202
1831
1901
2524
1745
1842
1751
1775
2068
2028
2163
2159
2334
2040
2358
2002
2130
2156
1879
2137
1788
1823
2141
1994
2267
1842
1927
2156
2208
1757
1869
1821
1840
2314
2460
2459
1832
2258
2075
2472
2017
1912
1981
2353
1818
2036
2121
2312
2277
2558
1802
2528
1986
2269
2329
2562
2309
2381
2532
2009
2352
1882
1970
2226
1851
2509
2566
2276
2304
2388
2402
2142
2494
2064
2378
2049
2494
2066
2379
1931
2434
2223
2391
2493
2415
2018
2484
2283
2240
1933
1863
1956
2238
2242
2093
2452
2328
2427
2079
2037
1827
2190
2007
2303
1844
2380
1922
2424
2435
2159
2431
2433
2211
1869
2173
1820
2389
1910
2265
2291
2365
2191
2021
2321
2262
1947
1950
2005
2263
2300
2323
2005
2256
1873
2164
2469
2261
2444
2321
2170
2070
2160
2248
2088
2075
1927
2181
2031
2098
2273
2023
2080
2239
1921
2257
2279
1868
2432
2236
2121
2298
2249
2374
2021
2122
2214
2133
2235
2012
2287
1962
2255
2570
1958
2069
2492
2565
2234
2094
2555
2195
1890
2184
2237
2057
2264
2310
1945
2413
2159
2428
1930
1988
1910
2233
1994
2474
2055
2119
2177
2053
2481
2285
2107
2165
2260
2358
1976
1929
2058
2398
2074
1955
2354
2516
2473
1984
2398
2270
1943
2089
2252
2271
2245
2086
2531
2249
2060
2416
2380
1987
2424
2254
2274
1968
2189
2018
1940
2197
2092
2094
2266
2229
2107
2130
2208
2394
2316
1971
2082
2217
2020
1983
2305
2454
2060
2244
2254
2265
2055
2134
2348
2569
2410
2231
1986
2292
2044
1992
2204
2280
2527
2083
2157
2243
2250
2252
1970
2346
2357
2094
2327
2507
2135
2141
2009
2040
2068
2169
2274
2119
2022
2271
2438
2145
2547
2425
2445
2095
2385
2570
2375
2441
2331
2137
2156
2148
2293
2001
2395
2548
2367
2181
2286
2185
2392
2133
2414
2170
2201
2478
2363
2491
2350
2419
2468
2402
2189
2049
2192
2021
2082
2464
2248
2396
2301
2328
2274
2471
2183
2559
2379
2525
2110
2236
2335
2554
2180
2294
2131
2250
2087
2290
2216
2146
2141
2155
2214
2477
2085
2251
2368
2402
2064
2126
2118
2373
2422
2199
2420
2062
2182
2224
2542
2253
2215
2114
2356
2203
2356
2186
2278
2087
2147
2128
2271
2268
2180
2123
2288
2499
2173
2419
2482
2081
2241
2356
2398
2097
2143
2399
2234
2371
2259
2139
2144
2320
2390
2506
2567
2095
2108
2483
2106
2208
2298
2241
2578
2276
2543
2319
2336
2531
2179
2224
2204
2534
2374
2375
2311
2351
2211
2467
2298
2112
2336
2444
2155
2508
2214
2272
2282
2318
2447
2117
2135
2326
2411
2228
2349
2284
2310
2245
2401
2165
2533
2495
2307
2375
2492
2223
2523
2342
2455
2134
2342
2299
2571
2265
2311
2395
2447
2406
2292
2386
2341
2560
2211
2279
2290
2327
2237
2160
2221
2386
2227
2285
2355
2255
2257
2303
2392
2217
2515
2246
2285
2315
2175
2295
2377
2568
2223
2490
2312
2370
2463
2337
2248
2341
2170
2486
2468
2482
2178
2483
2529
2196
2240
2284
2351
2377
2534
2406
2488
2417
2519
2389
2397
2499
2490
2504
2219
2235
2413
2416
2485
2462
2543
2284
2480
2506
2574
2440
2355
2295
2408
2320
2243
2448
2393
2514
2505
2575
2577
2578
2317
2576
2545
2508
2540
2452
2573
2372
2541
2579
2458
2394
2528
2501
2521
2422
2495
2537
2371
2346
2500
2263
2349
2397
2440
2342
2348
2350
2520
2302
2450
2477
2369
2388
2275
2408
2281
2337
2327
2372
2535
2551
2524
2433
2533
2384
2511
2479
2463
2315
2316
2354
2431
2513
2547
2289
2368
2385
2366
2335
2476
2403
2422
2424
2478
2383
2458
2481
2433
2541
2339
2427
2487
2455
2457
2343
2359
2567
2445
2530
2364
2446
2441
2448
2410
2557
2511
2383
2423
2553
2395
2451
2559
2414
2571
2500
2428
2553
2439
2526
2382
2461
2472
2426
2352
2459
2557
2470
2354
2569
2512
2370
2550
2462
2464
2503
2522
2526
2486
2489
2464
2479
2498
2383
2400
2414
2408
2551
2423
2431
2397
2436
2483
2490
2403
2458
2496
2437
2506
2538
2482
2492
2560
2437
2451
2448
2510
2546
2539
2504
2510
2449
2465
2475
2532
2538
2544
2495
2499
2565
2532
2443
2478
2473
2449
2456
2508
2563
2501
2524
2485
2507
2561
2459
2461
2527
2517
2552
2511
2465
2572
2493
2505
2514
2513
2479
2530
2519
2547
2474
2510
2520
2535
2486
2513
2512
2536
2556
2522
2502
2517
2521
2558
2503
2516
2556
2546
2552
2552
2531
2562
2537
2543
2540
2558
2541
2540
2569
2567
2568
2556
2566
2563
2562
)


// ************************************************************************* //
