/*--------------------------------*- C++ -*----------------------------------*\
| =========                 |                                                 |
| \\      /  F ield         | OpenFOAM: The Open Source CFD Toolbox           |
|  \\    /   O peration     | Version:  2412                                  |
|   \\  /    A nd           | Website:  www.openfoam.com                      |
|    \\/     M anipulation  |                                                 |
\*---------------------------------------------------------------------------*/
FoamFile
{
    version     2.0;
    format      ascii;
    arch        "LSB;label=32;scalar=64";
    class       vectorField;
    location    "constant/polyMesh";
    object      points;
}
// * * * * * * * * * * * * * * * * * * * * * * * * * * * * * * * * * * * * * //


2732
(
(0 0 0)
(-1 -1 0)
(2 -1 0)
(-1 1 0)
(2 1 0)
(-1 -1 0.001)
(2 -1 0.001)
(-1 1 0.001)
(2 1 0.001)
(0 0 0.001)
(0.001009732183 0.001630215748 0)
(0.002738169542 0.002589320869 0)
(0.004610455344 0.003236866978 0)
(0.006533722553 0.003715015796 0)
(0.00848144623 0.004082124581 0)
(0.01044278962 0.004368218713 0)
(0.01241235727 0.004591099828 0)
(0.01438709816 0.004762435673 0)
(0.01636513511 0.004890414148 0)
(0.018345241 0.004981092143 0)
(0.02032657772 0.005039137773 0)
(0.02230855455 0.005068267368 0)
(0.02429074578 0.005071517711 0)
(0.0262728401 0.00505142362 0)
(0.02825460806 0.005010138229 0)
(0.03023588021 0.004949517008 0)
(0.03221653205 0.004871178038 0)
(0.03419647322 0.004776545704 0)
(0.03617563956 0.004666883004 0)
(0.03815398725 0.00454331827 0)
(0.04013148829 0.004406864994 0)
(0.04210812704 0.004258437124 0)
(0.04408389734 0.004098860222 0)
(0.04605880024 0.003928881398 0)
(0.04803284237 0.003749178771 0)
(0.05000603438 0.003560367979 0)
(0.05197838971 0.003363006863 0)
(0.0539499235 0.00315759962 0)
(0.05592065184 0.002944602003 0)
(0.05789059106 0.002724424546 0)
(0.05985975706 0.002497434872 0)
(0.06182816471 0.002263959623 0)
(0.06379582752 0.002024287459 0)
(0.0657627572 0.001778670867 0)
(0.06772896335 0.001527327556 0)
(0.06969445306 0.001270441529 0)
(0.07165923069 0.001008164541 0)
(0.07362329764 0.0007406174113 0)
(0.07558665211 0.0004678909043 0)
(0.07754928888 0.0001900465561 0)
(0.07951119909 -9.288254506e-05 0)
(0.08147237009 -0.000380891027 0)
(0.08343278519 -0.0006740005465 0)
(0.08539242349 -0.0009722591574 0)
(0.08735125971 -0.001275740739 0)
(0.08930926394 -0.001584544433 0)
(0.09126640142 -0.001898794378 0)
(0.09322263247 -0.002218638275 0)
(0.09517791261 -0.002544244525 0)
(0.097132196 -0.002875780762 0)
(0.09908526575 -0.003214374357 0)
(0.09709638063 -0.003906548091 0)
(0.09512375394 -0.00410118113 0)
(0.09315052621 -0.00428962753 0)
(0.09117674945 -0.004472234494 0)
(0.08920245846 -0.004649195648 0)
(0.08722768284 -0.004820664377 0)
(0.08525244849 -0.004986765751 0)
(0.08327677834 -0.005147600931 0)
(0.08130069248 -0.005303245369 0)
(0.07932420838 -0.005453748462 0)
(0.07734734119 -0.005599132981 0)
(0.0753701039 -0.005739394454 0)
(0.07339250767 -0.005874500493 0)
(0.07141456198 -0.006004390079 0)
(0.06943627496 -0.006128972798 0)
(0.06745765366 -0.006248128033 0)
(0.0654787043 -0.006361704093 0)
(0.06349943265 -0.006469516936 0)
(0.06151984432 -0.006571348716 0)
(0.05953994523 -0.006666946749 0)
(0.05755974206 -0.00675602214 0)
(0.05557924274 -0.006838248008 0)
(0.05359845706 -0.006913256522 0)
(0.05161739737 -0.006980637013 0)
(0.04963607941 -0.007039933721 0)
(0.04765452324 -0.007090642629 0)
(0.04567275439 -0.007132206321 0)
(0.04369080514 -0.007164009921 0)
(0.04170871621 -0.00718537651 0)
(0.03972653866 -0.007195560731 0)
(0.03774433621 -0.00719373947 0)
(0.03576218823 -0.007179002108 0)
(0.03378019333 -0.007150339587 0)
(0.03179847393 -0.007106629393 0)
(0.02981718216 -0.007046616096 0)
(0.02783650749 -0.006968885102 0)
(0.02585668699 -0.006871830981 0)
(0.0238780191 -0.006753614629 0)
(0.02190088294 -0.006612104201 0)
(0.01992576583 -0.006444792814 0)
(0.01795330427 -0.006248680841 0)
(0.01598434676 -0.006020102298 0)
(0.01402005495 -0.005754459023 0)
(0.01206207541 -0.005445794663 0)
(0.0101128518 -0.00508607249 0)
(0.008176241393 -0.004663866487 0)
(0.006258867859 -0.004161795616 0)
(0.004373634966 -0.003550665403 0)
(0.002551070729 -0.002774115212 0)
(0.0008937040668 -0.001696836365 0)
(-0.8 -1 0)
(-0.6 -1 0)
(-0.4 -1 0)
(-0.2 -1 0)
(0 -1 0)
(0.2 -1 0)
(0.4 -1 0)
(0.6 -1 0)
(0.8 -1 0)
(1 -1 0)
(1.2 -1 0)
(1.4 -1 0)
(1.6 -1 0)
(1.8 -1 0)
(-1 0.8 0)
(-1 0.6 0)
(-1 0.4 0)
(-1 0.2 0)
(-1 0 0)
(-1 -0.2 0)
(-1 -0.4 0)
(-1 -0.6 0)
(-1 -0.8 0)
(2 -0.8 0)
(2 -0.6 0)
(2 -0.4 0)
(2 -0.2 0)
(2 0 0)
(2 0.2 0)
(2 0.4 0)
(2 0.6 0)
(2 0.8 0)
(1.8 1 0)
(1.6 1 0)
(1.4 1 0)
(1.2 1 0)
(1 1 0)
(0.8 1 0)
(0.6 1 0)
(0.4 1 0)
(0.2 1 0)
(0 1 0)
(-0.2 1 0)
(-0.4 1 0)
(-0.6 1 0)
(-0.8 1 0)
(-0.8 -1 0.001)
(-0.6 -1 0.001)
(-0.4 -1 0.001)
(-0.2 -1 0.001)
(0 -1 0.001)
(0.2 -1 0.001)
(0.4 -1 0.001)
(0.6 -1 0.001)
(0.8 -1 0.001)
(1 -1 0.001)
(1.2 -1 0.001)
(1.4 -1 0.001)
(1.6 -1 0.001)
(1.8 -1 0.001)
(-1 0.8 0.001)
(-1 0.6 0.001)
(-1 0.4 0.001)
(-1 0.2 0.001)
(-1 0 0.001)
(-1 -0.2 0.001)
(-1 -0.4 0.001)
(-1 -0.6 0.001)
(-1 -0.8 0.001)
(2 -0.8 0.001)
(2 -0.6 0.001)
(2 -0.4 0.001)
(2 -0.2 0.001)
(2 0 0.001)
(2 0.2 0.001)
(2 0.4 0.001)
(2 0.6 0.001)
(2 0.8 0.001)
(1.8 1 0.001)
(1.6 1 0.001)
(1.4 1 0.001)
(1.2 1 0.001)
(1 1 0.001)
(0.8 1 0.001)
(0.6 1 0.001)
(0.4 1 0.001)
(0.2 1 0.001)
(0 1 0.001)
(-0.2 1 0.001)
(-0.4 1 0.001)
(-0.6 1 0.001)
(-0.8 1 0.001)
(0.001009732183 0.001630215748 0.001)
(0.002738169542 0.002589320869 0.001)
(0.004610455344 0.003236866978 0.001)
(0.006533722553 0.003715015796 0.001)
(0.00848144623 0.004082124581 0.001)
(0.01044278962 0.004368218713 0.001)
(0.01241235727 0.004591099828 0.001)
(0.01438709816 0.004762435673 0.001)
(0.01636513511 0.004890414148 0.001)
(0.018345241 0.004981092143 0.001)
(0.02032657772 0.005039137773 0.001)
(0.02230855455 0.005068267368 0.001)
(0.02429074578 0.005071517711 0.001)
(0.0262728401 0.00505142362 0.001)
(0.02825460806 0.005010138229 0.001)
(0.03023588021 0.004949517008 0.001)
(0.03221653205 0.004871178038 0.001)
(0.03419647322 0.004776545704 0.001)
(0.03617563956 0.004666883004 0.001)
(0.03815398725 0.00454331827 0.001)
(0.04013148829 0.004406864994 0.001)
(0.04210812704 0.004258437124 0.001)
(0.04408389734 0.004098860222 0.001)
(0.04605880024 0.003928881398 0.001)
(0.04803284237 0.003749178771 0.001)
(0.05000603438 0.003560367979 0.001)
(0.05197838971 0.003363006863 0.001)
(0.0539499235 0.00315759962 0.001)
(0.05592065184 0.002944602003 0.001)
(0.05789059106 0.002724424546 0.001)
(0.05985975706 0.002497434872 0.001)
(0.06182816471 0.002263959623 0.001)
(0.06379582752 0.002024287459 0.001)
(0.0657627572 0.001778670867 0.001)
(0.06772896335 0.001527327556 0.001)
(0.06969445306 0.001270441529 0.001)
(0.07165923069 0.001008164541 0.001)
(0.07362329764 0.0007406174113 0.001)
(0.07558665211 0.0004678909043 0.001)
(0.07754928888 0.0001900465561 0.001)
(0.07951119909 -9.288254506e-05 0.001)
(0.08147237009 -0.000380891027 0.001)
(0.08343278519 -0.0006740005465 0.001)
(0.08539242349 -0.0009722591574 0.001)
(0.08735125971 -0.001275740739 0.001)
(0.08930926394 -0.001584544433 0.001)
(0.09126640142 -0.001898794378 0.001)
(0.09322263247 -0.002218638275 0.001)
(0.09517791261 -0.002544244525 0.001)
(0.097132196 -0.002875780762 0.001)
(0.09908526575 -0.003214374357 0.001)
(0.09709638063 -0.003906548091 0.001)
(0.09512375394 -0.00410118113 0.001)
(0.09315052621 -0.00428962753 0.001)
(0.09117674945 -0.004472234494 0.001)
(0.08920245846 -0.004649195648 0.001)
(0.08722768284 -0.004820664377 0.001)
(0.08525244849 -0.004986765751 0.001)
(0.08327677834 -0.005147600931 0.001)
(0.08130069248 -0.005303245369 0.001)
(0.07932420838 -0.005453748462 0.001)
(0.07734734119 -0.005599132981 0.001)
(0.0753701039 -0.005739394454 0.001)
(0.07339250767 -0.005874500493 0.001)
(0.07141456198 -0.006004390079 0.001)
(0.06943627496 -0.006128972798 0.001)
(0.06745765366 -0.006248128033 0.001)
(0.0654787043 -0.006361704093 0.001)
(0.06349943265 -0.006469516936 0.001)
(0.06151984432 -0.006571348716 0.001)
(0.05953994523 -0.006666946749 0.001)
(0.05755974206 -0.00675602214 0.001)
(0.05557924274 -0.006838248008 0.001)
(0.05359845706 -0.006913256522 0.001)
(0.05161739737 -0.006980637013 0.001)
(0.04963607941 -0.007039933721 0.001)
(0.04765452324 -0.007090642629 0.001)
(0.04567275439 -0.007132206321 0.001)
(0.04369080514 -0.007164009921 0.001)
(0.04170871621 -0.00718537651 0.001)
(0.03972653866 -0.007195560731 0.001)
(0.03774433621 -0.00719373947 0.001)
(0.03576218823 -0.007179002108 0.001)
(0.03378019333 -0.007150339587 0.001)
(0.03179847393 -0.007106629393 0.001)
(0.02981718216 -0.007046616096 0.001)
(0.02783650749 -0.006968885102 0.001)
(0.02585668699 -0.006871830981 0.001)
(0.0238780191 -0.006753614629 0.001)
(0.02190088294 -0.006612104201 0.001)
(0.01992576583 -0.006444792814 0.001)
(0.01795330427 -0.006248680841 0.001)
(0.01598434676 -0.006020102298 0.001)
(0.01402005495 -0.005754459023 0.001)
(0.01206207541 -0.005445794663 0.001)
(0.0101128518 -0.00508607249 0.001)
(0.008176241393 -0.004663866487 0.001)
(0.006258867859 -0.004161795616 0.001)
(0.004373634966 -0.003550665403 0.001)
(0.002551070729 -0.002774115212 0.001)
(0.0008937040668 -0.001696836365 0.001)
(0.888712473 0.8338251453 0)
(0.9065876951 -0.8475190357 0)
(1.846725929 0.09794345994 0)
(-0.839308256 0.3059556536 0)
(-0.8248760839 -0.2667706597 0)
(-0.3101724116 0.8325649321 0)
(-0.2981939182 -0.8513754565 0)
(0.3184914526 0.8498099746 0)
(0.07090398041 0.002840850363 0)
(0.2853290373 -0.8284735846 0)
(1.293607934 0.8405555333 0)
(1.282612466 -0.8326478207 0)
(1.83905427 -0.2766441406 0)
(1.842138971 0.4940906917 0)
(1.702379254 -0.8288870096 0)
(-0.6947934594 0.850160083 0)
(-0.6900273027 -0.835442318 0)
(1.699171352 0.8308184051 0)
(-0.4955924201 0.842631924 0)
(-0.4191374156 0.6697193226 0)
(-0.2336363962 0.6746514374 0)
(-0.313057164 0.5466788 0)
(-0.1842967005 0.5372248185 0)
(-0.2505017887 0.4380117837 0)
(-0.1335727997 0.4331060623 0)
(0.04528005572 0.005604063704 0)
(-0.1920928716 0.3528225377 0)
(-0.1038851117 0.3429980652 0)
(-0.1445268633 0.2813851456 0)
(0.0233019319 0.006789738012 0)
(-0.07636957445 0.275705607 0)
(-0.1105863928 0.2269799295 0)
(-0.1729705307 0.2261191557 0)
(-0.1388038996 0.1724516711 0)
(-0.1976294493 0.1713932578 0)
(-0.1715598089 0.1212709198 0)
(-0.2280586938 0.1211812465 0)
(-0.198009253 0.07084756875 0)
(-0.05151639445 0.2173668992 0)
(-0.01678951964 0.2654930996 0)
(0.006060653627 0.2094037711 0)
(0.09055998111 -4.673863879e-05 0)
(0.03731454508 0.2561688217 0)
(0.05876657869 0.2092906847 0)
(0.08828589579 0.2485670302 0)
(0.1056317666 0.2037476898 0)
(0.1368668568 0.2407072389 0)
(0.1544000337 0.1950470858 0)
(0.1879033888 0.2351446773 0)
(0.2086573703 0.1826489506 0)
(0.2440809449 0.2278578535 0)
(0.2684742282 0.1683293127 0)
(0.3102263903 0.2170864563 0)
(0.3351601126 0.1503111885 0)
(0.3868222844 0.2101423433 0)
(0.4151970864 0.1309223669 0)
(0.474439841 0.2028603724 0)
(0.5091709759 0.1131124009 0)
(0.444388712 0.04725016904 0)
(0.5408440098 0.01799415411 0)
(0.6166462065 0.09719366431 0)
(0.6550294484 -0.009407523597 0)
(0.7393206485 0.07938429521 0)
(-0.2578719581 0.06850389361 0)
(-0.226095556 0.01834387031 0)
(-0.305999385 0.1179560318 0)
(0.7811529701 -0.04269734111 0)
(0.8725301164 0.05553890903 0)
(0.07079577284 0.2995516056 0)
(0.2219921927 0.2838881339 0)
(0.4586689314 -0.05966353167 0)
(-0.2922435838 0.01061444388 0)
(-0.2473210342 -0.04990457382 0)
(-0.02568018999 0.1765468104 0)
(0.07623277388 0.1634442671 0)
(0.2856337334 0.1005328176 0)
(0.915312371 -0.07968625035 0)
(1.014497702 0.0273279895 0)
(-0.3316118462 -0.0538459122 0)
(-0.2897310498 -0.1227800848 0)
(-0.205366042 -0.1171879309 0)
(0.06035463653 -0.008274819765 0)
(0.03892586307 -0.009037979873 0)
(0.02061859279 -0.008284960282 0)
(-0.2442899886 -0.1906296216 0)
(-0.1683257466 -0.1829786548 0)
(-0.199178342 -0.2577047034 0)
(-0.1133601324 -0.2407494397 0)
(-0.2733285333 -0.2620441419 0)
(1.058678906 -0.1183793218 0)
(0.16688563 0.1423397621 0)
(0.4209085152 0.2928778302 0)
(-0.1427203312 -0.3283841848 0)
(-0.06476597254 -0.3167851342 0)
(-0.03019023928 -0.2470326411 0)
(0.08443764268 -0.006733867229 0)
(0.01129650496 -0.3104956225 0)
(0.04071150876 -0.2443794595 0)
(0.0850781152 -0.2984276067 0)
(0.1153200196 -0.2262684065 0)
(0.1605180147 -0.3058547244 0)
(-0.01346581429 -0.3979603078 0)
(-0.1396754668 0.07342089854 0)
(0.001241064743 -0.1878647835 0)
(0.96820223 0.1684965069 0)
(1.11797561 0.1404168934 0)
(0.7929606363 -0.1834160011 0)
(-0.377237554 -0.1293462427 0)
(-0.4256473602 -0.04149616367 0)
(-0.1342017589 -0.1236433304 0)
(0.6935261161 0.1972613291 0)
(-0.06726271682 0.5199422053 0)
(-0.3692981719 0.4344032567 0)
(1.06677655 0.287917596 0)
(1.225136253 0.2598034849 0)
(1.276417705 0.1047148726 0)
(0.1991629703 -0.2259388356 0)
(0.2582510861 -0.2988247747 0)
(0.2082648124 -0.3941481802 0)
(0.3240226635 -0.3833402661 0)
(0.1507184068 -0.1568153092 0)
(-0.4773309855 -0.132557827 0)
(-0.5311023043 -0.03979384248 0)
(0.2173084558 -0.1480926517 0)
(0.1921496276 -0.09834288836 0)
(0.1252486998 -0.1033698074 0)
(0.2402057581 -0.08573878155 0)
(0.2184184109 -0.03264703185 0)
(0.1633894389 -0.04915062948 0)
(-0.2368980044 0.2208329246 0)
(1.383658066 0.2263069596 0)
(1.435453062 0.06319503267 0)
(1.333697885 0.3898969488 0)
(0.2694833793 -0.4865913327 0)
(0.3924286234 -0.4823111042 0)
(0.4466432813 -0.3649461803 0)
(0.5252043892 -0.469982934 0)
(-0.4737762561 0.05669774733 0)
(-0.5864773403 0.06189234737 0)
(-0.5198772978 0.1663052492 0)
(0.2696861915 -0.03288744456 0)
(0.3015652742 -0.1348579058 0)
(-0.6613985612 -0.0249213703 0)
(0.1501449041 -0.493985412 0)
(0.9151983646 0.3139914652 0)
(1.012750243 0.4358697587 0)
(0.8568008749 0.461712352 0)
(0.4651747408 -0.5909054404 0)
(0.6062336444 -0.5832323676 0)
(0.666177534 -0.451179947 0)
(1.32591461 -0.05872542903 0)
(1.494592273 -0.1004603787 0)
(1.382417961 -0.2284734265 0)
(0.7540954159 -0.5709016199 0)
(1.516221254 0.3479301979 0)
(1.448270644 0.5269977739 0)
(-0.05919156812 -0.1854032113 0)
(-0.02640924843 -0.1411187 0)
(0.01920290096 -0.1350569277 0)
(-0.01143483328 -0.1025387731 0)
(0.008778912948 -0.006552089001 0)
(0.04116572343 -0.1028564797 0)
(0.01326231774 -0.06847819045 0)
(-0.05207208449 -0.09846237577 0)
(0.05985751611 -0.1334742183 0)
(0.8134795444 -0.434539265 0)
(0.9100256549 -0.5556820973 0)
(0.9777412592 -0.3845173098 0)
(1.074570324 -0.5362820095 0)
(-0.7204699946 0.09585371783 0)
(0.2111924263 -0.5942495905 0)
(0.08357244978 -0.5987536833 0)
(-0.02731631331 -0.07287596916 0)
(-0.05050637128 -0.06499186389 0)
(-0.04354711805 -0.04379306787 0)
(-0.07059071972 -0.04480815591 0)
(-0.05607816006 -0.02267305893 0)
(-0.01526975296 -0.04853110212 0)
(-0.08693817991 -0.01988922679 0)
(-0.06805101705 0.002232837306 0)
(-0.04845861414 0.005050049311 0)
(-0.05475432954 0.0228029283 0)
(0.009225164441 0.005925047174 0)
(0.001055761697 0.003584256027 0)
(-0.03563073985 0.02691036586 0)
(-0.04557767951 0.04314286878 0)
(-0.02766209169 0.04294528873 0)
(-0.03446233267 0.06538602384 0)
(-0.0122957556 0.0596241886 0)
(-0.003138125917 0.04555514403 0)
(0.007646468779 0.05587929912 0)
(0.03329254901 0.006542260174 0)
(0.02932077849 0.006704665498 0)
(0.01804350217 0.04114061674 0)
(0.02580753201 0.05614285985 0)
(0.0590419716 0.004197264309 0)
(0.05283423538 0.004875805426 0)
(0.01971281342 0.07286469227 0)
(0.03787340955 0.06944181364 0)
(0.04907335814 0.005232273725 0)
(0.04261464424 0.05113979218 0)
(0.05532661751 0.06514103253 0)
(0.06150096001 0.04764389567 0)
(0.07228502434 0.06102754924 0)
(0.07803250759 0.04621553464 0)
(0.08075926452 0.001454192266 0)
(0.08857428438 0.05763474639 0)
(0.09308338722 0.04225985063 0)
(0.1027118979 0.05164522061 0)
(0.1093804954 0.03726936803 0)
(0.1198191523 0.05540930708 0)
(0.08450162234 0.0008883285482 0)
(0.07680859076 0.002028662024 0)
(0.1009481923 0.06898023995 0)
(0.1263551212 0.0293142089 0)
(0.1424285204 0.04665613259 0)
(0.03230462596 0.08930750891 0)
(0.05116254806 0.03738561269 0)
(0.1474973492 0.02563955646 0)
(0.1364363845 0.01537041192 0)
(0.08243723793 0.0308030879 0)
(0.009912033987 0.09346451372 0)
(0.06960181873 0.08322527106 0)
(0.1408916941 0.07320012817 0)
(0.1665596935 0.03951643498 0)
(-0.02722502276 0.00677347003 0)
(0.02660669449 0.1146067051 0)
(0.006608445515 0.02872332735 0)
(0.1496740902 0.006572956413 0)
(-0.05960916635 0.06489845099 0)
(-0.04568012168 0.09014948485 0)
(0.140683865 -0.007953289391 0)
(0.124238043 -0.001441621206 0)
(-0.08335023592 0.03007851722 0)
(-0.0758808694 0.09000793044 0)
(-0.03624547728 -0.01580158533 0)
(-0.001331985485 0.1165574952 0)
(0.01772413333 0.1434378448 0)
(0.1174550263 0.01856498877 0)
(-0.06052737099 0.1190864651 0)
(0.2285657567 0.01596760836 0)
(0.06250165285 0.03431203405 0)
(0.05492910713 0.02514781138 0)
(0.0450301579 0.02673161213 0)
(0.06436293916 0.02505875693 0)
(0.04851995602 0.02101617666 0)
(0.03940203227 0.006084638598 0)
(0.0382669698 0.02182227643 0)
(0.03627640496 0.02843722088 0)
(0.03288259715 0.02331291154 0)
(0.04308962668 0.01496020164 0)
(-0.01361948061 0.0273551998 0)
(0.05666899552 0.01872996938 0)
(0.05098835607 0.0138206064 0)
(0.02847905553 0.02763253886 0)
(0.02398241259 0.02280554739 0)
(0.01526782291 0.006540351725 0)
(0.02846424257 0.01582587675 0)
(-0.1059590484 -0.04753989827 0)
(-0.1301160335 -0.008756116321 0)
(-0.1508975951 -0.05128065865 0)
(0.5395272729 0.28088788 0)
(0.4969708305 0.3830702975 0)
(0.3779588875 0.3968376955 0)
(0.4449577032 0.4989036795 0)
(0.3239636393 0.4994939093 0)
(0.574214839 0.4899424335 0)
(0.5143218508 0.6156430171 0)
(0.658803951 0.6039266698 0)
(-0.09321405816 0.1196231111 0)
(-0.423952019 -0.2246701387 0)
(-0.5350287198 -0.2293928225 0)
(-0.4718180176 -0.3352433861 0)
(-0.5955378563 -0.3373578929 0)
(-0.5262557569 -0.4466453586 0)
(-0.3949193575 -0.4426578352 0)
(-0.4444673732 -0.5569878222 0)
(-0.3110860857 -0.5485683529 0)
(-0.6642022892 -0.454705575 0)
(0.1558399438 -0.01143691922 0)
(1.272579891 0.544362529 0)
(0.03164857275 0.0346195072 0)
(1.147410469 -0.3713210363 0)
(1.274178094 -0.5116797888 0)
(0.6739420891 -0.7096892764 0)
(0.0516657008 0.1065371847 0)
(0.1736308357 0.002041687139 0)
(1.544412295 -0.2733394388 0)
(0.942821853 0.5792646064 0)
(0.02065932192 0.02804557402 0)
(0.01590530479 0.02311875707 0)
(0.01928791301 0.01557477945 0)
(-0.0741478864 0.1498561442 0)
(0.5921873315 0.7390057303 0)
(0.07262480533 -0.09708886062 0)
(0.03585165109 0.01520161528 0)
(-0.07964016056 -0.1352325577 0)
(-0.3042653885 0.3377882296 0)
(-0.420494627 0.3364509209 0)
(-0.489968254 0.4347068244 0)
(-0.3641534358 0.256202446 0)
(-0.5485636618 0.2987368815 0)
(-0.620853854 0.4327286779 0)
(-0.5547674644 0.5571547644 0)
(-0.6983152487 0.5471986096 0)
(-0.1187154038 0.8012671325 0)
(0.0535903178 0.8347284985 0)
(0.2622960272 0.3976993069 0)
(0.2112040889 0.4992681941 0)
(0.1455081607 0.4076093761 0)
(0.1036126652 0.502093718 0)
(0.1580778324 0.6009960587 0)
(0.04913932458 0.4177409486 0)
(0.1203744854 0.1611131471 0)
(0.09659698248 0.1310543077 0)
(-0.2725597385 -0.4365822115 0)
(-0.1728165594 -0.5429562825 0)
(0.1497005156 -0.711349303 0)
(0.008965031468 -0.7133734272 0)
(0.1410094074 -0.02366485521 0)
(0.1266176576 -0.01755466756 0)
(0.09623520555 -0.005731586048 0)
(0.09232288004 -0.006095886248 0)
(0.1267433911 -0.03069911602 0)
(0.1153784749 -0.03151043738 0)
(0.11210158 -0.01731867007 0)
(0.1194929661 -0.04384382665 0)
(0.07278045531 -0.00774072113 0)
(0.1034217497 -0.03571872517 0)
(0.06850500858 -0.007493346136 0)
(0.06458038041 -0.008094157296 0)
(0.07622663384 -0.00753451896 0)
(0.08043918458 -0.007044569796 0)
(0.1068073497 -0.05366783793 0)
(0.09171578724 -0.04741129711 0)
(0.08892963259 -0.03274267096 0)
(0.07914249211 -0.04187131701 0)
(0.0486210578 -0.008867527436 0)
(0.0447517656 -0.009060108277 0)
(0.05279171489 -0.008577192101 0)
(0.07731949552 -0.02793016165 0)
(0.0703639473 -0.03369575441 0)
(0.06756816838 -0.02440056708 0)
(0.06041364089 -0.02883530006 0)
(0.05907248508 -0.04061944895 0)
(0.04882219376 -0.03267242873 0)
(0.0583883233 -0.02162719135 0)
(0.08643849595 -0.02198667775 0)
(0.07482274527 -0.01888074504 0)
(0.04827307152 -0.04794576257 0)
(0.03778718159 -0.04044878904 0)
(0.02856054636 -0.008809762176 0)
(0.02509826338 -0.008337259656 0)
(0.03271607918 -0.008846574673 0)
(0.06107705976 -0.05467582465 0)
(0.03900275684 -0.02998447123 0)
(0.02850234521 -0.03171831787 0)
(0.02946919512 -0.02399284557 0)
(0.06500078547 -0.01763391446 0)
(0.1010728561 -0.02504122997 0)
(0.0479117242 -0.06438068921 0)
(0.1256750597 -0.06301114035 0)
(0.02583263146 -0.04541052728 0)
(0.01708596447 -0.03708666799 0)
(0.04868753063 -0.02332879137 0)
(-0.8759741093 -0.1154655142 0)
(0.2955906643 0.02602234849 0)
(0.3277410758 -0.03341579054 0)
(-0.6625856746 -0.2299875996 0)
(1.67622342 -0.1418882607 0)
(0.09079705141 -0.06864179264 0)
(0.1795304684 -0.02561605462 0)
(-0.1659015589 0.0292059794 0)
(-0.232506474 -0.6459625225 0)
(1.426289417 -0.4040243731 0)
(1.604210737 -0.4519872357 0)
(1.478906564 -0.583784168 0)
(0.7518100634 0.3262217927 0)
(0.09539536344 0.02688568613 0)
(0.08723058991 0.02000025938 0)
(0.0982764896 0.01726474958 0)
(0.09642072391 -0.001108006564 0)
(0.0913422679 0.01196697659 0)
(0.07679385052 0.02392355959 0)
(0.07956587089 0.01395014917 0)
(0.105068002 0.02371318518 0)
(0.07120772941 0.02924176256 0)
(0.06908618758 0.01555856323 0)
(0.06479556786 0.003583190986 0)
(-0.4910286092 -0.815401571 0)
(-0.6243536132 -0.6845129764 0)
(-0.8167082275 -0.6884614834 0)
(1.093196729 0.8449017076 0)
(-0.006076222004 0.7096007185 0)
(0.5134883676 -0.832821666 0)
(0.01878103521 -0.02810177413 0)
(0.01446357642 -0.00769668728 0)
(0.01139490084 -0.02826209155 0)
(0.0008284079303 -0.003741875144 0)
(0.02238384287 -0.01877319848 0)
(0.005229099183 -0.03792720123 0)
(-0.002526325838 -0.03047553822 0)
(0.003017792278 -0.02097820109 0)
(-0.006174090586 -0.02210965432 0)
(-0.002785857106 -0.0151805788 0)
(0.01263857742 -0.02112680528 0)
(0.002464536689 -0.004732242056 0)
(0.0006704929869 -0.00564889669 0)
(-0.0009794965996 -0.004506141543 0)
(0.002392258559 -0.006712906814 0)
(0.0005345526941 -0.007635033395 0)
(0.002240651102 -0.008813582991 0)
(0.004139310314 -0.007861724849 0)
(0.003979863578 -0.01007765709 0)
(0.006015173987 -0.009068808968 0)
(0.005828677758 -0.01142172656 0)
(0.008025332575 -0.01046792108 0)
(0.007803626175 -0.01303503675 0)
(0.01015423289 -0.01181512573 0)
(-0.001153062562 -0.001582026406 0)
(-0.001909917201 5.901662513e-05 0)
(0.003401750772 -0.01246517761 0)
(0.01011608219 -0.009213368646 0)
(0.0122358736 -0.01054873559 0)
(0.01238083631 -0.01328245421 0)
(0.01464078818 -0.01137601649 0)
(0.01473378852 -0.01427774542 0)
(0.0169260429 -0.01268569245 0)
(0.0168605573 -0.01031449242 0)
(0.01887200188 -0.0113178191 0)
(0.0191676112 -0.01371251273 0)
(0.02125925212 -0.01182030958 0)
(0.006117081507 -0.007261168065 0)
(0.0002443761623 -0.01000394742 0)
(-0.001648516166 -0.008333519874 0)
(0.01231550906 -0.008422982185 0)
(0.01873342606 -0.009317537881 0)
(0.021591955 -0.01453072225 0)
(0.02354850631 -0.01285774269 0)
(0.02308672343 -0.01050736438 0)
(0.02522785471 -0.01139429861 0)
(0.02585016426 -0.01356166886 0)
(0.02735194283 -0.01193028009 0)
(0.0281360117 -0.01401840737 0)
(0.02970673782 -0.0121895251 0)
(0.03063852422 -0.01522562461 0)
(0.03251979034 -0.01270601881 0)
(0.0332385175 -0.01556456333 0)
(0.03536857201 -0.01362446495 0)
(0.03571349881 -0.01685753299 0)
(0.03802229957 -0.01485619751 0)
(0.03916582469 -0.01776734725 0)
(0.04099420484 -0.01479760907 0)
(0.04093178162 -0.01208889422 0)
(0.04327456344 -0.01288114637 0)
(0.04427557404 -0.0154508355 0)
(0.04607423681 -0.01287736263 0)
(0.04730331834 -0.01579572542 0)
(0.04910268308 -0.01299951892 0)
(0.05033940887 -0.01609311583 0)
(0.05182339477 -0.01347487226 0)
(0.05655814215 -0.008419250444 0)
(0.05359776443 -0.0161440451 0)
(0.05537325563 -0.01419133072 0)
(0.03642841169 -0.02025266445 0)
(0.04260423367 -0.01081781688 0)
(0.05083022247 -0.01117687379 0)
(0.03789391372 -0.01185090975 0)
(0.05315525157 -0.01143619306 0)
(0.02874262916 -0.01707387137 0)
(0.03451236797 -0.01126252218 0)
(0.04520126783 -0.01945551687 0)
(0.04056698238 -0.02191103228 0)
(0.04778022535 -0.01115358322 0)
(0.0265279426 -0.009870218984 0)
(0.01913156287 -0.01671374852 0)
(0.01824845199 -0.0214883919 0)
(-0.01144920534 -0.03243996647 0)
(-0.0150163527 -0.02015326888 0)
(-0.02401161451 -0.03326159554 0)
(0.004662747136 -0.005704388975 0)
(0.04451199139 -0.01104949076 0)
(0.2242989566 0.1269597153 0)
(0.1872141525 0.09950764585 0)
(0.2360262241 0.07143813562 0)
(0.3598466543 0.07825623638 0)
(0.1456141263 0.1055792087 0)
(1.094530208 -0.8417310875 0)
(-0.1029589219 -0.8381587502 0)
(0.03140659262 -0.01054782753 0)
(0.05692129424 -0.1835310766 0)
(0.03750363593 0.1732250001 0)
(0.007159888944 0.005633989982 0)
(0.007872515111 0.00751509081 0)
(0.00996859486 0.00778084364 0)
(0.008729655335 0.009351897083 0)
(0.01081375435 0.009692048122 0)
(0.009320623071 0.01148344046 0)
(0.01194519091 0.01193484312 0)
(0.01012998607 0.01438146057 0)
(0.006966233461 0.01333905323 0)
(0.006661473464 0.00919173381 0)
(0.01328051688 0.0146991546 0)
(0.01494828792 0.01185603894 0)
(0.01928564044 0.006726000415 0)
(0.01204653236 0.008026164848 0)
(0.007921332582 0.01741572242 0)
(0.003735610996 0.0161920805 0)
(0.003190313881 0.01187673648 0)
(-0.000149849914 0.01402757808 0)
(-0.001754761399 0.01042563545 0)
(-0.004317300506 0.01309153461 0)
(-0.005072167715 0.009587575067 0)
(-0.008501248507 0.01175574652 0)
(-0.008598708564 0.0074992487 0)
(-1.705315325e-05 0.01960805894 0)
(-0.006469727007 0.005055137049 0)
(-0.009077001271 0.003490003298 0)
(-0.006978826179 0.001012258777 0)
(-0.009855529099 -0.0003447560628 0)
(-0.003009509198 -0.001585623085 0)
(-0.0138656462 0.001954541563 0)
(-0.0137513127 -0.002533959773 0)
(-0.008783080626 -0.004530954942 0)
(-0.01354585324 -0.007621818964 0)
(-0.01891400392 -0.004992503056 0)
(-0.002474784672 0.006035186406 0)
(0.001815967455 0.008571695396 0)
(-0.01320607054 0.01028442074 0)
(-0.009135960339 -0.009451018058 0)
(-0.003739065336 0.002877170264 0)
(-0.0006713532831 0.002767565488 0)
(-0.007845222726 0.01672004692 0)
(0.005205684063 0.005249733674 0)
(0.002895236964 0.00479043848 0)
(0.0009482005442 0.005240929252 0)
(0.003810513164 0.006443292003 0)
(-0.003703619108 4.784098579e-06 0)
(-0.004953918969 -0.001559507865 0)
(-0.004078837028 -0.003211690924 0)
(-0.005894022575 -0.007410087687 0)
(-0.005295339283 -0.0109610058 0)
(-0.008602283331 -0.01507511345 0)
(-0.01851865118 -0.01184321373 0)
(0.005462883339 0.007309409623 0)
(0.7233442846 -0.3205062159 0)
(0.009990868361 -0.01422956011 0)
(0.006980952363 -0.01638229383 0)
(0.04088280903 -0.01007956165 0)
(0.05693074342 -0.01669775192 0)
(0.05875700621 -0.01402960979 0)
(0.05754799559 -0.01156821015 0)
(0.05996343304 -0.01182152788 0)
(0.061858459 -0.01392506343 0)
(0.06226399195 -0.01164669977 0)
(0.05895382225 -0.009918122845 0)
(0.06104684367 -0.01740382495 0)
(0.06462520076 -0.01448509414 0)
(0.06536250683 -0.01111643617 0)
(-0.0357622071 0.3251834206 0)
(-0.04003458643 0.408779583 0)
(0.01381678583 -0.04999931091 0)
(0.324397284 0.3256645984 0)
(0.02416586231 -0.0156508493 0)
(0.01080518837 -0.007083231623 0)
(1.496141048 0.8349064116 0)
(1.594949737 0.6649537163 0)
(0.01690269467 -0.008058542888 0)
(0.01325211682 0.006385202094 0)
(0.01412210261 0.008176646141 0)
(0.01615699278 0.008310916884 0)
(-0.00342456037 -0.006546252657 0)
(1.658230994 -0.6485085665 0)
(1.493688602 -0.7928975753 0)
(0.004556286291 0.009463904251 0)
(0.7502127764 0.7281280581 0)
(1.837657272 0.29841939 0)
(1.679811333 0.1917262233 0)
(-0.006026062809 -0.003131384279 0)
(0.02128306992 0.006779479551 0)
(0.02227372424 0.008522971847 0)
(0.02432124113 0.008507974757 0)
(0.02330438009 0.0102817525 0)
(0.02122803631 0.01029147418 0)
(0.02533641082 0.01026172634 0)
(0.02419197191 0.01232441321 0)
(0.02635815013 0.008512193625 0)
(0.02738724774 0.01032794092 0)
(0.02288237574 -0.008491154847 0)
(0.04610095282 0.1374532676 0)
(0.01726345856 0.006649639441 0)
(0.01816979795 0.008439779174 0)
(0.0168969401 0.01014385532 0)
(-0.04150194017 -0.5872652153 0)
(1.803520836 -0.4857660423 0)
(0.03130855227 0.006631029432 0)
(0.03238128674 0.008317853307 0)
(0.03437794203 0.008214920575 0)
(0.03346939824 0.01000640434 0)
(0.03552369815 0.009918518361 0)
(0.03142569215 0.01013639541 0)
(0.03226300767 0.01170768225 0)
(0.03016619675 0.01238064262 0)
(0.03643628393 0.008095174184 0)
(0.03770160439 0.009835155996 0)
(0.0322024963 0.01424005632 0)
(0.03675345758 0.01204611835 0)
(0.03908562119 0.01181383384 0)
(0.04008994322 0.009488126206 0)
(0.04159199716 0.01179164325 0)
(0.0425478963 0.009369788804 0)
(0.04409285155 0.01149503105 0)
(0.04503836323 0.008901886754 0)
(0.04659978506 0.01110293631 0)
(0.0475865679 0.008922378814 0)
(0.0408234717 0.007651918221 0)
(0.04307052717 0.007300953304 0)
(0.04916656793 0.01103966719 0)
(0.05001814891 0.008418686493 0)
(0.05164060145 0.01069825086 0)
(0.05259755086 0.008379040098 0)
(0.05403830433 0.01030479685 0)
(0.05505780998 0.00821505806 0)
(0.05647881739 0.01010142163 0)
(0.05748129911 0.007869348134 0)
(0.05862571944 0.009461896333 0)
(0.05992738449 0.007322650741 0)
(0.06117187037 0.009528784727 0)
(0.06239693725 0.007324364985 0)
(0.06400750329 0.009619711774 0)
(0.06267188929 0.01236030749 0)
(0.06483008562 0.007126570574 0)
(0.06623668832 0.009012558737 0)
(0.06729677791 0.00693162946 0)
(0.06857370326 0.009200052537 0)
(0.06977296802 0.006561636149 0)
(0.07094341893 0.008306628718 0)
(0.07224368881 0.006013835556 0)
(0.07363981477 0.008349665176 0)
(0.07478183302 0.006056892764 0)
(0.07605297832 0.007759467672 0)
(0.0773093024 0.005471118736 0)
(0.07876153769 0.007895445191 0)
(0.08018650353 0.005160621718 0)
(0.08170620176 0.008097457369 0)
(0.08296431012 0.005318838506 0)
(0.08448975473 0.008013158958 0)
(0.08558638653 0.004739533081 0)
(0.06828492257 0.00500842109 0)
(0.0561632603 0.00633846212 0)
(0.07355821566 0.004143776783 0)
(0.08730307249 0.007178813149 0)
(0.08820477097 0.004563300245 0)
(0.08620641867 0.01017442703 0)
(0.07610038733 0.01137671925 0)
(0.05810370989 0.01223235088 0)
(0.08699909184 0.00253409282 0)
(0.08897553878 0.00247030573 0)
(0.09065957084 0.004042919105 0)
(0.05965347654 0.01601112059 0)
(0.06370094333 0.005412916061 0)
(0.06164781726 0.005498813239 0)
(0.07861697249 0.003650305157 0)
(0.05151672284 0.006632796306 0)
(0.08997124858 0.006394387641 0)
(0.09257060583 0.005777524538 0)
(0.0930123488 0.003031333459 0)
(0.09502757277 0.004912919496 0)
(0.09545695159 0.002550752778 0)
(0.09736860304 0.004105572367 0)
(0.09390303651 0.001014627542 0)
(0.09777179496 0.001707853606 0)
(0.0997073715 0.003193150702 0)
(0.09469762805 0.007806648281 0)
(0.0755229252 0.003953843724 0)
(0.08382297992 0.002941272166 0)
(0.08769438619 0.0008237299767 0)
(0.08188942854 0.00325239459 0)
(0.09079749282 0.001903382992 0)
(0.03066657599 -0.008792968512 0)
(-0.007294354269 -0.00125079914 0)
(0.03461619254 -0.009138434759 0)
(-0.818008099 -0.4728590449 0)
(0.03675230644 -0.008847393052 0)
(0.02530727047 0.006773865467 0)
(0.01122459256 0.006179429383 0)
(0.04718966814 0.005466218617 0)
(0.04678005164 -0.008962975453 0)
(0.05068873985 -0.009025784641 0)
(0.03529133826 0.006428541002 0)
(0.05473308269 -0.008515861485 0)
(0.09838551001 -0.001438194541 0)
(0.1003201836 -0.001716886668 0)
(0.09948896204 0.0004835408942 0)
(0.06245422174 -0.008254920199 0)
(0.06365137995 -0.01006307351 0)
(0.0668947271 0.003377351364 0)
(0.09034219159 -0.006275032693 0)
(0.09149763629 -0.007911503649 0)
(0.08948402999 -0.008086477518 0)
(0.09064722288 -0.009719109695 0)
(0.09267163125 -0.009547815577 0)
(0.08844967834 -0.009975896979 0)
(0.08993011766 -0.01186615547 0)
(0.08718593936 -0.01217018877 0)
(0.0890187028 -0.01455770892 0)
(0.09234602459 -0.01371832393 0)
(0.08581152694 -0.01482695295 0)
(0.08460482721 -0.01225370105 0)
(0.08252712694 -0.01446043346 0)
(0.08077803892 -0.01236462804 0)
(0.08734226697 -0.008251468471 0)
(0.07918393216 -0.01445515606 0)
(0.07702704986 -0.01225059593 0)
(0.08246547931 -0.009578253702 0)
(0.0911274146 -0.01731596592 0)
(0.09530589577 -0.0167481302 0)
(0.09587657298 -0.01313351849 0)
(0.09945692986 -0.01524690855 0)
(0.1005822029 -0.01206057025 0)
(0.1031364673 -0.01301303887 0)
(0.1041677228 -0.01069664786 0)
(0.1012400796 -0.008299527444 0)
(0.09778348132 -0.009240380211 0)
(0.07893719883 -0.009778918631 0)
(0.08082421752 -0.01816506432 0)
(0.0938933673 -0.02134872672 0)
(0.1063398799 -0.01216735594 0)
(0.1082504009 -0.009386424722 0)
(0.1058160491 -0.01731710795 0)
(0.1049876585 -0.00697268249 0)
(0.1078255927 -0.006002905458 0)
(0.105760245 -0.003755319095 0)
(0.1014556058 -0.0001924828683 0)
(0.1081105196 -0.002747656738 0)
(0.1116384796 -0.00778847149 0)
(0.1009088218 -0.003509443775 0)
(0.1062767679 -0.001192011357 0)
(0.1091075989 -0.0001074667619 0)
(0.1067623662 0.001754538299 0)
(0.1101844276 0.003252883168 0)
(0.1062572775 0.005685823257 0)
(0.1115048059 -0.003223669147 0)
(0.1000568206 -0.00490688394 0)
(0.1018406413 -0.005143691782 0)
(0.1038727915 -0.002267112476 0)
(0.1113432314 0.007711352314 0)
(0.1073756045 0.01117973347 0)
(0.1023820922 0.008660386189 0)
(0.1154443972 -0.006175782952 0)
(0.1043343562 0.0001247110728 0)
(0.1040111754 0.002894292507 0)
(0.1147191583 0.004333433428 0)
(0.07596309391 -0.01507325839 0)
(0.07407495961 -0.01219027846 0)
(0.0728541837 -0.0152257951 0)
(0.07111417186 -0.01262854019 0)
(0.0698106779 -0.01508002894 0)
(0.06859519262 -0.01260630792 0)
(0.07579493009 -0.009964200152 0)
(0.0735012861 -0.009756127174 0)
(0.06977874807 -0.01027916343 0)
(0.06731002934 -0.01035568668 0)
(0.0745516244 -0.008375704124 0)
(0.1036026133 -0.004367333204 0)
(0.07174848421 -0.009283045348 0)
(0.09945322398 0.006198445763 0)
(0.0667891282 -0.008208111729 0)
(0.08833008986 -0.006445553648 0)
(0.01910883422 0.01027788169 0)
(0.01780921194 0.01240143739 0)
(0.08245435413 -0.006821615114 0)
(0.08264640843 0.001246882666 0)
(0.07837946895 -0.007152776802 0)
(0.09429526189 -0.005913379259 0)
(0.09534918908 -0.007479057734 0)
(0.09346134442 -0.007707974562 0)
(0.07655020731 -0.05520877273 0)
(-0.02525485573 -0.008285015986 0)
(-0.09202251306 0.06142169366 0)
(-0.1187179417 0.03211326259 0)
(0.02839874803 0.00849953245 0)
(0.05578080893 -0.01022242552 0)
(1.211397576 -0.1894289578 0)
(0.0303805434 0.008418870584 0)
(0.5792783402 -0.3421376161 0)
(0.4881703525 -0.2496389017 0)
(0.6253823473 -0.2057247385 0)
(0.3679948892 -0.2802736261 0)
(0.4067153796 -0.1649522495 0)
(-0.001185412339 -0.00643544406 0)
(0.08638190934 -0.006590483179 0)
(0.02020997857 0.008514436526 0)
(-0.3515894782 -0.6934400603 0)
(0.03862041288 0.007905079263 0)
(0.05176982663 -0.01982376905 0)
(0.02730892744 0.006734983548 0)
(0.0711490691 0.01143681915 0)
(0.01383276915 -0.009452599426 0)
(-0.005918161108 0.02335298647 0)
(-0.01601960488 0.0195165624 0)
(0.07880579698 0.001710443619 0)
(0.03455929421 -0.4931909609 0)
(0.09262237171 -0.0004716579086 0)
(0.03734661569 0.006287272387 0)
(-0.01609182916 0.08872597691 0)
(0.07031394297 -0.008037872096 0)
(0.05710957669 0.004489829353 0)
(0.4342565661 0.7437331337 0)
(1.169584839 0.4098376051 0)
(0.09017261042 -0.8485591775 0)
(0.08618226683 -0.0101840384 0)
(-0.02584611538 -0.01930947039 0)
(0.09529732179 -0.1264490494 0)
(0.09449979101 -0.0007892397896 0)
(-0.0006017566442 0.004579641666 0)
(-0.00232621184 0.003713592731 0)
(0.04634981913 0.007287344138 0)
(1.591789847 0.03054117903 0)
(0.01609668273 0.01449839437 0)
(0.02970798043 -0.01015560074 0)
(0.8304035085 0.1860720171 0)
(0.09462531938 -0.009281186987 0)
(0.0939121878 -0.01125657984 0)
(0.06594077178 0.00527526407 0)
(0.07035332777 0.00454649084 0)
(1.174585456 -0.6790508976 0)
(0.9535043565 -0.2200325414 0)
(0.04271727087 -0.00879904077 0)
(1.814687463 0.688706896 0)
(0.007895925993 -0.00835829741 0)
(0.07460930202 0.002297421741 0)
(0.06897672904 0.003095147124 0)
(0.02944820274 0.01022374741 0)
(0.02038591739 0.01253526383 0)
(-0.4006219559 0.1573486186 0)
(-0.8196665572 0.6929042518 0)
(1.167480351 -0.01567899219 0)
(1.837731087 -0.7010006742 0)
(0.7102357155 0.4753854202 0)
(-0.3741467778 0.0569487992 0)
(0.0582640873 0.005959943593 0)
(0.09091369019 -0.3848661164 0)
(1.005029711 -0.6907101442 0)
(0.06127358091 -0.009996527329 0)
(0.02027593917 -0.01006957556 0)
(1.097306573 0.5655095378 0)
(-0.8493420828 0.4934285564 0)
(0.097130104 -0.007506350991 0)
(0.09914554197 -0.007834951452 0)
(-0.6895975047 0.3045684842 0)
(0.05416451112 -0.02447401992 0)
(-0.1497729905 -0.4312290637 0)
(0.01315609153 0.009936253161 0)
(0.6183387301 0.3721313501 0)
(0.1020637099 0.004881960898 0)
(0.09851640048 0.01028505925 0)
(0.08547067179 -0.008320743633 0)
(1.696728607 0.4036867179 0)
(0.3341108124 -0.5953092702 0)
(0.4018928299 -0.708217575 0)
(-0.0003288547169 0.00650908119 0)
(-0.0129854089 0.1453021072 0)
(1.187929143 0.7016070588 0)
(0.07753200114 -0.008937474332 0)
(1.851233272 -0.08854730247 0)
(0.04832337721 0.00700005629 0)
(0.0549478356 0.004755562662 0)
(0.1105999067 -0.0119147636 0)
(0.37793627 0.6179142354 0)
(0.8010763919 0.5946659244 0)
(-0.8530594705 0.1454915372 0)
(0.05381189203 0.006588298876 0)
(0.1010491675 0.001647925958 0)
(0.1028465384 0.001350799675 0)
(0.0009911027279 -0.05304237506 0)
(-0.1122099095 -0.1678199745 0)
(-0.09386346571 -0.1004226723 0)
(0.1017064741 -0.1709228928 0)
(-0.06601073446 -0.4757627027 0)
(-0.002154685639 -0.003086350681 0)
(0.0833866795 -0.00831190413 0)
(0.09888152178 -0.0198786731 0)
(1.382246399 0.6855638371 0)
(-0.0301633422 0.1176192872 0)
(0.1169796979 0.01025171348 0)
(0.1034607489 0.01488239253 0)
(-0.6360329867 0.1891861497 0)
(0.1004449267 -0.006590757541 0)
(0.06559715113 -0.009567885424 0)
(0.06285202906 0.003718938901 0)
(0.09594837282 0.0005748436807 0)
(0.1101852402 0.01821828818 0)
(-0.6018184216 0.7026611688 0)
(0.09834515676 -0.005663351924 0)
(-0.5984421556 -0.1307322163 0)
(0.07276982905 0.01551110675 0)
(0.06665832056 0.0120522491 0)
(0.1679118413 0.2850032528 0)
(0.1965383387 0.3428988858 0)
(0.005077300828 0.1696424936 0)
(0.5782014599 -0.08692401992 0)
(0.1020093939 -0.002007782677 0)
(0.8249467609 -0.707953481 0)
(-0.005139022019 -0.07247556501 0)
(-0.2174666571 0.2829557116 0)
(0.109451109 -0.02475353933 0)
(-0.342177607 -0.3183343965 0)
(-0.2299562571 -0.3390464503 0)
(0.02756885576 0.01306837495 0)
(0.5784306787 0.1947659873 0)
(0.06482982721 0.01771271982 0)
(0.004915027005 0.02160060996 0)
(0.01079413527 0.0220884283 0)
(0.0001563662175 0.02509244525 0)
(-0.1063599049 0.09256060315 0)
(0.02259150482 0.3115896233 0)
(0.04145666458 0.005870452102 0)
(0.02792556701 0.5911452964 0)
(1.338764722 -0.6732815964 0)
(-0.3241749404 -0.1959991041 0)
(0.116513188 -0.01240913365 0)
(0.121540657 -0.007478394761 0)
(0.02538452121 0.01427876604 0)
(0.00576894226 0.01102947222 0)
(0.05843640121 -0.008270533888 0)
(-0.08746975536 0.1844616659 0)
(-0.101241842 0.007308603013 0)
(-0.002166352237 -0.01137573272 0)
(0.000523139934 -0.01277547063 0)
(0.002287497324 -0.01575636793 0)
(0.05085524025 0.005056281042 0)
(-0.4572112978 0.2443281589 0)
(0.06084846188 0.003953086307 0)
(0.1984522002 -0.002950862531 0)
(0.1891046607 0.02305747651 0)
(0.1891752364 0.05649365081 0)
(0.6764879457 0.8666741614 0)
(0.04614262992 -0.01051202912 0)
(0.01580837094 -0.01774988891 0)
(0.5140108498 0.8702129724 0)
(0.00112949912 0.07622818821 0)
(0.2841665722 -0.2199393839 0)
(0.7051612571 -0.8670872043 0)
(0.2590538881 0.5862109867 0)
(0.2504321273 0.7063243144 0)
(0.06654138917 -0.07101865748 0)
(0.1169060515 -0.001013544856 0)
(-0.128815915 0.1200371157 0)
(0.01505608299 0.00968474209 0)
(0.0364080427 -0.01171185434 0)
(0.04793531782 0.01324798362 0)
(-0.002542918325 0.001670433523 0)
(-0.429245694 0.5285325936 0)
(0.07267640117 0.002471583473 0)
(0.8577120355 -0.3086913876 0)
(0.09190143684 -0.0112215969 0)
(-0.1863068429 -0.01897146703 0)
(-0.1161272742 -0.6911293635 0)
(0.08009587203 0.003051950541 0)
(0.04927779392 -0.01036716154 0)
(0.1278774282 0.128451323 0)
(0.1104864301 0.1055952946 0)
(0.08139282929 0.1061195873 0)
(1.288338703 -0.3409855165 0)
(0.01201832653 -0.0168188837 0)
(0.03593485907 -0.01023395899 0)
(0.08468541599 0.07232786234 0)
(0.02230946947 0.0119890029 0)
(1.075835551 -0.2542726981 0)
(-0.2850468158 0.2598813803 0)
(0.01314432819 0.030305577 0)
(0.04333641726 0.005625841777 0)
(0.04935443451 0.08273056217 0)
(0.1285819705 0.3298688573 0)
(0.1184884674 0.280739597 0)
(0.5321463343 -0.6849732651 0)
(0.03434395151 0.01218673249 0)
(-0.02379833325 -0.0008811146365 0)
(-0.03418926156 -0.00325075266 0)
(-0.0465180878 -0.009016535057 0)
(0.0709927265 -0.01934153719 0)
(0.06890973372 -0.04564391251 0)
(-0.01850769925 0.005215973152 0)
(-0.01918619665 0.01223384814 0)
(-0.01776739906 -0.0002474125502 0)
(-0.1044903029 0.1492859416 0)
(0.09412625539 0.08855862404 0)
(0.09999037111 -0.09247950127 0)
(0.1503254964 -0.07967250292 0)
(0.1408401438 -0.04693369696 0)
(-0.00224277623 0.008035170418 0)
(1.009451137 0.7095665951 0)
(0.2764451243 -0.6875198647 0)
(0.0549086098 0.01472780771 0)
(0.04079223957 -0.008459503907 0)
(0.6865453724 -0.1056339248 0)
(0.1145359141 0.02687948906 0)
(0.1189081956 0.08246086324 0)
(-0.02255977883 0.02866291696 0)
(0.01496739982 -0.02514919806 0)
(0.01283900751 -0.006881858212 0)
(-0.03746052025 -0.02957324757 0)
(-0.00374588565 0.03236734335 0)
(0.06709340455 -0.0150627207 0)
(0.0422041583 -0.01777761559 0)
(-0.19083221 -0.06565193683 0)
(0.05211912181 -0.01014206346 0)
(0.07085101413 0.02058251132 0)
(0.02677598936 -0.00817159138 0)
(0.0363384981 -0.05473980317 0)
(0.006896487512 -0.005713396058 0)
(-0.04316228082 0.1467626627 0)
(0.0516015984 -0.083050973 0)
(0.04108868284 0.0361479846 0)
(0.103442397 -0.006203979631 0)
(-0.02616659824 0.01743216037 0)
(0.01572087209 0.4931594913 0)
(0.1033484631 -0.008307673948 0)
(0.04554975293 0.01341813882 0)
(-0.3061135133 0.1983218543 0)
(-0.2527524918 0.1697759596 0)
(0.09763793893 7.307451034e-05 0)
(-0.003802795969 -0.008756515305 0)
(0.002083154649 -0.01084891779 0)
(0.3641120069 -0.09532454653 0)
(-0.004228946764 0.0045544303 0)
(0.5114276941 -0.1533806883 0)
(0.02313649763 -0.05880352347 0)
(0.01881963623 -0.007621850381 0)
(0.04033457477 0.01403589441 0)
(0.03239257272 -0.07378011391 0)
(0.06732591499 -0.01890370795 0)
(0.07895636781 -0.02230825525 0)
(0.02462740325 0.03540186377 0)
(0.0292341092 0.04392393612 0)
(0.02399564996 -0.02412770819 0)
(0.02672953714 -0.0192931538 0)
(0.03190531508 -0.01946356547 0)
(0.06059211324 0.02075667865 0)
(0.110541451 0.7113781093 0)
(0.08837636141 0.01340683255 0)
(0.09261547529 0.01681470025 0)
(0.1603416752 -0.02981964224 0)
(0.05536354433 -0.01195645199 0)
(0.08617514959 0.0003977370741 0)
(0.09694217965 0.006437370575 0)
(1.971117559e-05 0.008261199078 0)
(0.0815051397 -0.008273893746 0)
(0.08068210043 -0.01001806636 0)
(0.03763989448 -0.01030973633 0)
(-0.8523466679 0.8543075833 0)
(0.01519900708 0.01823543038 0)
(0.07039784785 0.1289217229 0)
(-0.8535898385 -0.8535898385 0)
(-0.01311780558 -0.01268033407 0)
(0.08930450158 0.0009531538691 0)
(0.0447799911 0.007232506718 0)
(0.05415562179 -0.01008077229 0)
(0.01544686623 -0.009277282625 0)
(0.07706444771 0.00377598241 0)
(0.07991859099 0.01076613673 0)
(-0.7130420006 -0.3523361544 0)
(0.1214486496 0.005120078565 0)
(0.1250955367 0.01352090757 0)
(0.05531230182 0.0119655956 0)
(0.07795007133 -0.01777649581 0)
(0.009399027376 -0.00780174667 0)
(0.01706182224 -0.01524917861 0)
(-0.004605016444 -0.04048323662 0)
(1.853589838 0.8535898385 0)
(-0.7502962323 0.2078775884 0)
(-0.8131427955 0.00172113729 0)
(0.08469357461 -0.01735967304 0)
(1.854011353 -0.8540113531 0)
(0.01142540961 0.01793759299 0)
(-0.01406510717 0.03871253193 0)
(-0.1225587798 -0.08046551603 0)
(-0.005020123152 -0.005103968524 0)
(-0.1053374638 0.6189143977 0)
(1.519262977 0.181369331 0)
(0.01105533606 0.3646563238 0)
(0.05734372202 -0.009806976236 0)
(0.08920958802 0.009483130609 0)
(0.08222895988 -0.02768035886 0)
(0.05520582994 -0.02024501817 0)
(-0.01265102516 0.005688837491 0)
(0.05327890126 0.01234860846 0)
(-0.06706278488 0.04446889179 0)
(-0.003649517482 0.017360041 0)
(0.08396701164 -0.01017751984 0)
(0.05214691633 0.01793730641 0)
(0.03307010685 -0.01039057822 0)
(0.08533611784 0.002286224247 0)
(0.09607408095 -0.0105112155 0)
(0.09815061519 -0.01124422774 0)
(0.6370271249 0.2764924257 0)
(0.1596327987 0.08457399864 0)
(0.07316511942 -0.02453850444 0)
(0.156497585 -0.1121412461 0)
(0.06329061279 -0.02146741764 0)
(0.09475122034 -0.02736760611 0)
(0.1299274669 -0.007746964454 0)
(0.09982157841 -0.009798496614 0)
(0.102049419 -0.01036265917 0)
(0.02672484091 -0.01591959014 0)
(0.04866027046 -0.01889938371 0)
(0.07953820461 -0.00831294983 0)
(0.007432595943 -0.02059090528 0)
(0.8784549263 0.6890900659 0)
(0.1318983406 0.002504043758 0)
(1.593826517 0.5042128053 0)
(0.2844601919 0.2745025371 0)
(0.1020652617 -0.006912852558 0)
(-0.0008503485553 0.001211443823 0)
(0.1030025765 -0.0008026053085 0)
(0.08741794298 -0.01720939571 0)
(0.1906698667 -0.0618613148 0)
(0.03465755536 -0.02511996671 0)
(1.688832812 -0.3250608794 0)
(-0.004675597581 0.006823719232 0)
(-0.0005694422466 -0.003030131415 0)
(0.08106554042 0.01970984652 0)
(0.1185095869 -0.02189174011 0)
(-0.0009819514941 -0.01966286313 0)
(0.2565246876 0.3272336784 0)
(0.02819944938 -0.01043792037 0)
(0.1020640836 0.002919852646 0)
(0.03922839169 -0.01103280372 0)
(0.03905726309 -0.01292252162 0)
(0.06313282223 -0.01586197424 0)
(-0.5750110813 -0.5644636322 0)
(0.07215142372 -0.01090378736 0)
(0.1866110697 0.8204481794 0)
(0.09231139073 0.001076580225 0)
(0.08348784077 0.01264207439 0)
(0.007489385518 0.01087911936 0)
(0.04376617909 -0.02607741665 0)
(0.03904650731 0.01714433908 0)
(0.06397403816 -0.01249323836 0)
(0.0009541544651 0.01035622435 0)
(0.02170224704 -0.009769695227 0)
(0.07127867824 0.3551694558 0)
(0.1652933259 0.0193656223 0)
(0.3006620613 -0.07644489379 0)
(0.07194712276 0.004003307403 0)
(0.11266776 0.01318521524 0)
(0.105819953 -0.008922281737 0)
(0.02452010655 -0.009847848798 0)
(-0.0005014901568 -0.02401743058 0)
(0.05386264215 -0.01344057862 0)
(-0.03773742768 0.01261970353 0)
(-0.73940323 -0.1276927038 0)
(0.09453030367 0.01206396851 0)
(0.03356501077 0.01822512781 0)
(0.07619108205 0.0175089821 0)
(0.06636280033 -0.01292823206 0)
(0.0436577867 -0.009931142049 0)
(-0.7387624349 0.4145128236 0)
(0.3810137172 0.009124626152 0)
(-0.005794850285 0.002959015492 0)
(0.07445727616 -0.006927209407 0)
(0.02370465838 0.01770079516 0)
(0.04716544177 0.01641096256 0)
(0.04355105789 0.01938019791 0)
(-0.07989171613 -0.07276626035 0)
(0.09205360701 0.008915439361 0)
(0.0961649704 -0.008834427269 0)
(-0.002807185855 -0.004814974731 0)
(-0.4867032404 -0.6706341383 0)
(0.350036597 0.2644740479 0)
(0.08884387851 -0.000226027993 0)
(0.05986103161 0.005542106901 0)
(0.02851299616 0.02091713292 0)
(0.07950080756 -0.03343402872 0)
(0.001799690674 0.00685413698 0)
(0.05688226225 -0.01309950078 0)
(-0.0873471686 -0.3900242786 0)
(0.07096684992 0.03809970644 0)
(-0.3117605995 0.06372139309 0)
(0.1051237013 -0.005460443976 0)
(0.003354775997 0.008069510919 0)
(0.002706999087 0.009746770903 0)
(0.006855259448 0.0387167585 0)
(0.0380298019 0.01397128241 0)
(0.02255206498 0.01424140931 0)
(0.00411824449 -0.02690801155 0)
(-0.03139732575 -0.05342001563 0)
(-0.01245028648 0.01438046328 0)
(0.07768168393 -0.01049283705 0)
(0.07904833402 -0.01156003368 0)
(0.1345595992 -0.01422994415 0)
(0.01978976963 0.02091348058 0)
(0.06853785608 -0.00900644451 0)
(0.005612370341 -0.01360429323 0)
(0.1097947314 -0.06917227187 0)
(0.1222068717 -0.08154104477 0)
(1.72915676 0.01795505983 0)
(-0.0563953014 0.1749988365 0)
(-0.00549239768 -0.0001397592736 0)
(-0.004708612819 0.001397317147 0)
(-0.2202752133 -0.7440132306 0)
(0.1597375886 0.06008806904 0)
(1.708466259 0.5511301655 0)
(0.00742210199 -0.006971237634 0)
(0.08250409741 -0.01147543374 0)
(0.1124844085 0.0006483271662 0)
(0.01490827659 -0.09253100831 0)
(0.1024468524 -0.003459072783 0)
(0.02597380149 0.01205224429 0)
(-0.7036500645 -0.5718226651 0)
(0.04984242984 0.006568631267 0)
(0.03735001822 -0.01299318964 0)
(-0.1607712772 -0.08764587456 0)
(0.888712473 0.8338251453 0.001)
(0.9065876951 -0.8475190357 0.001)
(1.846725929 0.09794345994 0.001)
(-0.839308256 0.3059556536 0.001)
(-0.8248760839 -0.2667706597 0.001)
(-0.3101724116 0.8325649321 0.001)
(-0.2981939182 -0.8513754565 0.001)
(0.3184914526 0.8498099746 0.001)
(0.07090398041 0.002840850363 0.001)
(0.2853290373 -0.8284735846 0.001)
(1.293607934 0.8405555333 0.001)
(1.282612466 -0.8326478207 0.001)
(1.83905427 -0.2766441406 0.001)
(1.842138971 0.4940906917 0.001)
(1.702379254 -0.8288870096 0.001)
(-0.6947934594 0.850160083 0.001)
(-0.6900273027 -0.835442318 0.001)
(1.699171352 0.8308184051 0.001)
(-0.4955924201 0.842631924 0.001)
(-0.4191374156 0.6697193226 0.001)
(-0.2336363962 0.6746514374 0.001)
(-0.313057164 0.5466788 0.001)
(-0.1842967005 0.5372248185 0.001)
(-0.2505017887 0.4380117837 0.001)
(-0.1335727997 0.4331060623 0.001)
(0.04528005572 0.005604063704 0.001)
(-0.1920928716 0.3528225377 0.001)
(-0.1038851117 0.3429980652 0.001)
(-0.1445268633 0.2813851456 0.001)
(0.0233019319 0.006789738012 0.001)
(-0.07636957445 0.275705607 0.001)
(-0.1105863928 0.2269799295 0.001)
(-0.1729705307 0.2261191557 0.001)
(-0.1388038996 0.1724516711 0.001)
(-0.1976294493 0.1713932578 0.001)
(-0.1715598089 0.1212709198 0.001)
(-0.2280586938 0.1211812465 0.001)
(-0.198009253 0.07084756875 0.001)
(-0.05151639445 0.2173668992 0.001)
(-0.01678951964 0.2654930996 0.001)
(0.006060653627 0.2094037711 0.001)
(0.09055998111 -4.673863879e-05 0.001)
(0.03731454508 0.2561688217 0.001)
(0.05876657869 0.2092906847 0.001)
(0.08828589579 0.2485670302 0.001)
(0.1056317666 0.2037476898 0.001)
(0.1368668568 0.2407072389 0.001)
(0.1544000337 0.1950470858 0.001)
(0.1879033888 0.2351446773 0.001)
(0.2086573703 0.1826489506 0.001)
(0.2440809449 0.2278578535 0.001)
(0.2684742282 0.1683293127 0.001)
(0.3102263903 0.2170864563 0.001)
(0.3351601126 0.1503111885 0.001)
(0.3868222844 0.2101423433 0.001)
(0.4151970864 0.1309223669 0.001)
(0.474439841 0.2028603724 0.001)
(0.5091709759 0.1131124009 0.001)
(0.444388712 0.04725016904 0.001)
(0.5408440098 0.01799415411 0.001)
(0.6166462065 0.09719366431 0.001)
(0.6550294484 -0.009407523597 0.001)
(0.7393206485 0.07938429521 0.001)
(-0.2578719581 0.06850389361 0.001)
(-0.226095556 0.01834387031 0.001)
(-0.305999385 0.1179560318 0.001)
(0.7811529701 -0.04269734111 0.001)
(0.8725301164 0.05553890903 0.001)
(0.07079577284 0.2995516056 0.001)
(0.2219921927 0.2838881339 0.001)
(0.4586689314 -0.05966353167 0.001)
(-0.2922435838 0.01061444388 0.001)
(-0.2473210342 -0.04990457382 0.001)
(-0.02568018999 0.1765468104 0.001)
(0.07623277388 0.1634442671 0.001)
(0.2856337334 0.1005328176 0.001)
(0.915312371 -0.07968625035 0.001)
(1.014497702 0.0273279895 0.001)
(-0.3316118462 -0.0538459122 0.001)
(-0.2897310498 -0.1227800848 0.001)
(-0.205366042 -0.1171879309 0.001)
(0.06035463653 -0.008274819765 0.001)
(0.03892586307 -0.009037979873 0.001)
(0.02061859279 -0.008284960282 0.001)
(-0.2442899886 -0.1906296216 0.001)
(-0.1683257466 -0.1829786548 0.001)
(-0.199178342 -0.2577047034 0.001)
(-0.1133601324 -0.2407494397 0.001)
(-0.2733285333 -0.2620441419 0.001)
(1.058678906 -0.1183793218 0.001)
(0.16688563 0.1423397621 0.001)
(0.4209085152 0.2928778302 0.001)
(-0.1427203312 -0.3283841848 0.001)
(-0.06476597254 -0.3167851342 0.001)
(-0.03019023928 -0.2470326411 0.001)
(0.08443764268 -0.006733867229 0.001)
(0.01129650496 -0.3104956225 0.001)
(0.04071150876 -0.2443794595 0.001)
(0.0850781152 -0.2984276067 0.001)
(0.1153200196 -0.2262684065 0.001)
(0.1605180147 -0.3058547244 0.001)
(-0.01346581429 -0.3979603078 0.001)
(-0.1396754668 0.07342089854 0.001)
(0.001241064743 -0.1878647835 0.001)
(0.96820223 0.1684965069 0.001)
(1.11797561 0.1404168934 0.001)
(0.7929606363 -0.1834160011 0.001)
(-0.377237554 -0.1293462427 0.001)
(-0.4256473602 -0.04149616367 0.001)
(-0.1342017589 -0.1236433304 0.001)
(0.6935261161 0.1972613291 0.001)
(-0.06726271682 0.5199422053 0.001)
(-0.3692981719 0.4344032567 0.001)
(1.06677655 0.287917596 0.001)
(1.225136253 0.2598034849 0.001)
(1.276417705 0.1047148726 0.001)
(0.1991629703 -0.2259388356 0.001)
(0.2582510861 -0.2988247747 0.001)
(0.2082648124 -0.3941481802 0.001)
(0.3240226635 -0.3833402661 0.001)
(0.1507184068 -0.1568153092 0.001)
(-0.4773309855 -0.132557827 0.001)
(-0.5311023043 -0.03979384248 0.001)
(0.2173084558 -0.1480926517 0.001)
(0.1921496276 -0.09834288836 0.001)
(0.1252486998 -0.1033698074 0.001)
(0.2402057581 -0.08573878155 0.001)
(0.2184184109 -0.03264703185 0.001)
(0.1633894389 -0.04915062948 0.001)
(-0.2368980044 0.2208329246 0.001)
(1.383658066 0.2263069596 0.001)
(1.435453062 0.06319503267 0.001)
(1.333697885 0.3898969488 0.001)
(0.2694833793 -0.4865913327 0.001)
(0.3924286234 -0.4823111042 0.001)
(0.4466432813 -0.3649461803 0.001)
(0.5252043892 -0.469982934 0.001)
(-0.4737762561 0.05669774733 0.001)
(-0.5864773403 0.06189234737 0.001)
(-0.5198772978 0.1663052492 0.001)
(0.2696861915 -0.03288744456 0.001)
(0.3015652742 -0.1348579058 0.001)
(-0.6613985612 -0.0249213703 0.001)
(0.1501449041 -0.493985412 0.001)
(0.9151983646 0.3139914652 0.001)
(1.012750243 0.4358697587 0.001)
(0.8568008749 0.461712352 0.001)
(0.4651747408 -0.5909054404 0.001)
(0.6062336444 -0.5832323676 0.001)
(0.666177534 -0.451179947 0.001)
(1.32591461 -0.05872542903 0.001)
(1.494592273 -0.1004603787 0.001)
(1.382417961 -0.2284734265 0.001)
(0.7540954159 -0.5709016199 0.001)
(1.516221254 0.3479301979 0.001)
(1.448270644 0.5269977739 0.001)
(-0.05919156812 -0.1854032113 0.001)
(-0.02640924843 -0.1411187 0.001)
(0.01920290096 -0.1350569277 0.001)
(-0.01143483328 -0.1025387731 0.001)
(0.008778912948 -0.006552089001 0.001)
(0.04116572343 -0.1028564797 0.001)
(0.01326231774 -0.06847819045 0.001)
(-0.05207208449 -0.09846237577 0.001)
(0.05985751611 -0.1334742183 0.001)
(0.8134795444 -0.434539265 0.001)
(0.9100256549 -0.5556820973 0.001)
(0.9777412592 -0.3845173098 0.001)
(1.074570324 -0.5362820095 0.001)
(-0.7204699946 0.09585371783 0.001)
(0.2111924263 -0.5942495905 0.001)
(0.08357244978 -0.5987536833 0.001)
(-0.02731631331 -0.07287596916 0.001)
(-0.05050637128 -0.06499186389 0.001)
(-0.04354711805 -0.04379306787 0.001)
(-0.07059071972 -0.04480815591 0.001)
(-0.05607816006 -0.02267305893 0.001)
(-0.01526975296 -0.04853110212 0.001)
(-0.08693817991 -0.01988922679 0.001)
(-0.06805101705 0.002232837306 0.001)
(-0.04845861414 0.005050049311 0.001)
(-0.05475432954 0.0228029283 0.001)
(0.009225164441 0.005925047174 0.001)
(0.001055761697 0.003584256027 0.001)
(-0.03563073985 0.02691036586 0.001)
(-0.04557767951 0.04314286878 0.001)
(-0.02766209169 0.04294528873 0.001)
(-0.03446233267 0.06538602384 0.001)
(-0.0122957556 0.0596241886 0.001)
(-0.003138125917 0.04555514403 0.001)
(0.007646468779 0.05587929912 0.001)
(0.03329254901 0.006542260174 0.001)
(0.02932077849 0.006704665498 0.001)
(0.01804350217 0.04114061674 0.001)
(0.02580753201 0.05614285985 0.001)
(0.0590419716 0.004197264309 0.001)
(0.05283423538 0.004875805426 0.001)
(0.01971281342 0.07286469227 0.001)
(0.03787340955 0.06944181364 0.001)
(0.04907335814 0.005232273725 0.001)
(0.04261464424 0.05113979218 0.001)
(0.05532661751 0.06514103253 0.001)
(0.06150096001 0.04764389567 0.001)
(0.07228502434 0.06102754924 0.001)
(0.07803250759 0.04621553464 0.001)
(0.08075926452 0.001454192266 0.001)
(0.08857428438 0.05763474639 0.001)
(0.09308338722 0.04225985063 0.001)
(0.1027118979 0.05164522061 0.001)
(0.1093804954 0.03726936803 0.001)
(0.1198191523 0.05540930708 0.001)
(0.08450162234 0.0008883285482 0.001)
(0.07680859076 0.002028662024 0.001)
(0.1009481923 0.06898023995 0.001)
(0.1263551212 0.0293142089 0.001)
(0.1424285204 0.04665613259 0.001)
(0.03230462596 0.08930750891 0.001)
(0.05116254806 0.03738561269 0.001)
(0.1474973492 0.02563955646 0.001)
(0.1364363845 0.01537041192 0.001)
(0.08243723793 0.0308030879 0.001)
(0.009912033987 0.09346451372 0.001)
(0.06960181873 0.08322527106 0.001)
(0.1408916941 0.07320012817 0.001)
(0.1665596935 0.03951643498 0.001)
(-0.02722502276 0.00677347003 0.001)
(0.02660669449 0.1146067051 0.001)
(0.006608445515 0.02872332735 0.001)
(0.1496740902 0.006572956413 0.001)
(-0.05960916635 0.06489845099 0.001)
(-0.04568012168 0.09014948485 0.001)
(0.140683865 -0.007953289391 0.001)
(0.124238043 -0.001441621206 0.001)
(-0.08335023592 0.03007851722 0.001)
(-0.0758808694 0.09000793044 0.001)
(-0.03624547728 -0.01580158533 0.001)
(-0.001331985485 0.1165574952 0.001)
(0.01772413333 0.1434378448 0.001)
(0.1174550263 0.01856498877 0.001)
(-0.06052737099 0.1190864651 0.001)
(0.2285657567 0.01596760836 0.001)
(0.06250165285 0.03431203405 0.001)
(0.05492910713 0.02514781138 0.001)
(0.0450301579 0.02673161213 0.001)
(0.06436293916 0.02505875693 0.001)
(0.04851995602 0.02101617666 0.001)
(0.03940203227 0.006084638598 0.001)
(0.0382669698 0.02182227643 0.001)
(0.03627640496 0.02843722088 0.001)
(0.03288259715 0.02331291154 0.001)
(0.04308962668 0.01496020164 0.001)
(-0.01361948061 0.0273551998 0.001)
(0.05666899552 0.01872996938 0.001)
(0.05098835607 0.0138206064 0.001)
(0.02847905553 0.02763253886 0.001)
(0.02398241259 0.02280554739 0.001)
(0.01526782291 0.006540351725 0.001)
(0.02846424257 0.01582587675 0.001)
(-0.1059590484 -0.04753989827 0.001)
(-0.1301160335 -0.008756116321 0.001)
(-0.1508975951 -0.05128065865 0.001)
(0.5395272729 0.28088788 0.001)
(0.4969708305 0.3830702975 0.001)
(0.3779588875 0.3968376955 0.001)
(0.4449577032 0.4989036795 0.001)
(0.3239636393 0.4994939093 0.001)
(0.574214839 0.4899424335 0.001)
(0.5143218508 0.6156430171 0.001)
(0.658803951 0.6039266698 0.001)
(-0.09321405816 0.1196231111 0.001)
(-0.423952019 -0.2246701387 0.001)
(-0.5350287198 -0.2293928225 0.001)
(-0.4718180176 -0.3352433861 0.001)
(-0.5955378563 -0.3373578929 0.001)
(-0.5262557569 -0.4466453586 0.001)
(-0.3949193575 -0.4426578352 0.001)
(-0.4444673732 -0.5569878222 0.001)
(-0.3110860857 -0.5485683529 0.001)
(-0.6642022892 -0.454705575 0.001)
(0.1558399438 -0.01143691922 0.001)
(1.272579891 0.544362529 0.001)
(0.03164857275 0.0346195072 0.001)
(1.147410469 -0.3713210363 0.001)
(1.274178094 -0.5116797888 0.001)
(0.6739420891 -0.7096892764 0.001)
(0.0516657008 0.1065371847 0.001)
(0.1736308357 0.002041687139 0.001)
(1.544412295 -0.2733394388 0.001)
(0.942821853 0.5792646064 0.001)
(0.02065932192 0.02804557402 0.001)
(0.01590530479 0.02311875707 0.001)
(0.01928791301 0.01557477945 0.001)
(-0.0741478864 0.1498561442 0.001)
(0.5921873315 0.7390057303 0.001)
(0.07262480533 -0.09708886062 0.001)
(0.03585165109 0.01520161528 0.001)
(-0.07964016056 -0.1352325577 0.001)
(-0.3042653885 0.3377882296 0.001)
(-0.420494627 0.3364509209 0.001)
(-0.489968254 0.4347068244 0.001)
(-0.3641534358 0.256202446 0.001)
(-0.5485636618 0.2987368815 0.001)
(-0.620853854 0.4327286779 0.001)
(-0.5547674644 0.5571547644 0.001)
(-0.6983152487 0.5471986096 0.001)
(-0.1187154038 0.8012671325 0.001)
(0.0535903178 0.8347284985 0.001)
(0.2622960272 0.3976993069 0.001)
(0.2112040889 0.4992681941 0.001)
(0.1455081607 0.4076093761 0.001)
(0.1036126652 0.502093718 0.001)
(0.1580778324 0.6009960587 0.001)
(0.04913932458 0.4177409486 0.001)
(0.1203744854 0.1611131471 0.001)
(0.09659698248 0.1310543077 0.001)
(-0.2725597385 -0.4365822115 0.001)
(-0.1728165594 -0.5429562825 0.001)
(0.1497005156 -0.711349303 0.001)
(0.008965031468 -0.7133734272 0.001)
(0.1410094074 -0.02366485521 0.001)
(0.1266176576 -0.01755466756 0.001)
(0.09623520555 -0.005731586048 0.001)
(0.09232288004 -0.006095886248 0.001)
(0.1267433911 -0.03069911602 0.001)
(0.1153784749 -0.03151043738 0.001)
(0.11210158 -0.01731867007 0.001)
(0.1194929661 -0.04384382665 0.001)
(0.07278045531 -0.00774072113 0.001)
(0.1034217497 -0.03571872517 0.001)
(0.06850500858 -0.007493346136 0.001)
(0.06458038041 -0.008094157296 0.001)
(0.07622663384 -0.00753451896 0.001)
(0.08043918458 -0.007044569796 0.001)
(0.1068073497 -0.05366783793 0.001)
(0.09171578724 -0.04741129711 0.001)
(0.08892963259 -0.03274267096 0.001)
(0.07914249211 -0.04187131701 0.001)
(0.0486210578 -0.008867527436 0.001)
(0.0447517656 -0.009060108277 0.001)
(0.05279171489 -0.008577192101 0.001)
(0.07731949552 -0.02793016165 0.001)
(0.0703639473 -0.03369575441 0.001)
(0.06756816838 -0.02440056708 0.001)
(0.06041364089 -0.02883530006 0.001)
(0.05907248508 -0.04061944895 0.001)
(0.04882219376 -0.03267242873 0.001)
(0.0583883233 -0.02162719135 0.001)
(0.08643849595 -0.02198667775 0.001)
(0.07482274527 -0.01888074504 0.001)
(0.04827307152 -0.04794576257 0.001)
(0.03778718159 -0.04044878904 0.001)
(0.02856054636 -0.008809762176 0.001)
(0.02509826338 -0.008337259656 0.001)
(0.03271607918 -0.008846574673 0.001)
(0.06107705976 -0.05467582465 0.001)
(0.03900275684 -0.02998447123 0.001)
(0.02850234521 -0.03171831787 0.001)
(0.02946919512 -0.02399284557 0.001)
(0.06500078547 -0.01763391446 0.001)
(0.1010728561 -0.02504122997 0.001)
(0.0479117242 -0.06438068921 0.001)
(0.1256750597 -0.06301114035 0.001)
(0.02583263146 -0.04541052728 0.001)
(0.01708596447 -0.03708666799 0.001)
(0.04868753063 -0.02332879137 0.001)
(-0.8759741093 -0.1154655142 0.001)
(0.2955906643 0.02602234849 0.001)
(0.3277410758 -0.03341579054 0.001)
(-0.6625856746 -0.2299875996 0.001)
(1.67622342 -0.1418882607 0.001)
(0.09079705141 -0.06864179264 0.001)
(0.1795304684 -0.02561605462 0.001)
(-0.1659015589 0.0292059794 0.001)
(-0.232506474 -0.6459625225 0.001)
(1.426289417 -0.4040243731 0.001)
(1.604210737 -0.4519872357 0.001)
(1.478906564 -0.583784168 0.001)
(0.7518100634 0.3262217927 0.001)
(0.09539536344 0.02688568613 0.001)
(0.08723058991 0.02000025938 0.001)
(0.0982764896 0.01726474958 0.001)
(0.09642072391 -0.001108006564 0.001)
(0.0913422679 0.01196697659 0.001)
(0.07679385052 0.02392355959 0.001)
(0.07956587089 0.01395014917 0.001)
(0.105068002 0.02371318518 0.001)
(0.07120772941 0.02924176256 0.001)
(0.06908618758 0.01555856323 0.001)
(0.06479556786 0.003583190986 0.001)
(-0.4910286092 -0.815401571 0.001)
(-0.6243536132 -0.6845129764 0.001)
(-0.8167082275 -0.6884614834 0.001)
(1.093196729 0.8449017076 0.001)
(-0.006076222004 0.7096007185 0.001)
(0.5134883676 -0.832821666 0.001)
(0.01878103521 -0.02810177413 0.001)
(0.01446357642 -0.00769668728 0.001)
(0.01139490084 -0.02826209155 0.001)
(0.0008284079303 -0.003741875144 0.001)
(0.02238384287 -0.01877319848 0.001)
(0.005229099183 -0.03792720123 0.001)
(-0.002526325838 -0.03047553822 0.001)
(0.003017792278 -0.02097820109 0.001)
(-0.006174090586 -0.02210965432 0.001)
(-0.002785857106 -0.0151805788 0.001)
(0.01263857742 -0.02112680528 0.001)
(0.002464536689 -0.004732242056 0.001)
(0.0006704929869 -0.00564889669 0.001)
(-0.0009794965996 -0.004506141543 0.001)
(0.002392258559 -0.006712906814 0.001)
(0.0005345526941 -0.007635033395 0.001)
(0.002240651102 -0.008813582991 0.001)
(0.004139310314 -0.007861724849 0.001)
(0.003979863578 -0.01007765709 0.001)
(0.006015173987 -0.009068808968 0.001)
(0.005828677758 -0.01142172656 0.001)
(0.008025332575 -0.01046792108 0.001)
(0.007803626175 -0.01303503675 0.001)
(0.01015423289 -0.01181512573 0.001)
(-0.001153062562 -0.001582026406 0.001)
(-0.001909917201 5.901662513e-05 0.001)
(0.003401750772 -0.01246517761 0.001)
(0.01011608219 -0.009213368646 0.001)
(0.0122358736 -0.01054873559 0.001)
(0.01238083631 -0.01328245421 0.001)
(0.01464078818 -0.01137601649 0.001)
(0.01473378852 -0.01427774542 0.001)
(0.0169260429 -0.01268569245 0.001)
(0.0168605573 -0.01031449242 0.001)
(0.01887200188 -0.0113178191 0.001)
(0.0191676112 -0.01371251273 0.001)
(0.02125925212 -0.01182030958 0.001)
(0.006117081507 -0.007261168065 0.001)
(0.0002443761623 -0.01000394742 0.001)
(-0.001648516166 -0.008333519874 0.001)
(0.01231550906 -0.008422982185 0.001)
(0.01873342606 -0.009317537881 0.001)
(0.021591955 -0.01453072225 0.001)
(0.02354850631 -0.01285774269 0.001)
(0.02308672343 -0.01050736438 0.001)
(0.02522785471 -0.01139429861 0.001)
(0.02585016426 -0.01356166886 0.001)
(0.02735194283 -0.01193028009 0.001)
(0.0281360117 -0.01401840737 0.001)
(0.02970673782 -0.0121895251 0.001)
(0.03063852422 -0.01522562461 0.001)
(0.03251979034 -0.01270601881 0.001)
(0.0332385175 -0.01556456333 0.001)
(0.03536857201 -0.01362446495 0.001)
(0.03571349881 -0.01685753299 0.001)
(0.03802229957 -0.01485619751 0.001)
(0.03916582469 -0.01776734725 0.001)
(0.04099420484 -0.01479760907 0.001)
(0.04093178162 -0.01208889422 0.001)
(0.04327456344 -0.01288114637 0.001)
(0.04427557404 -0.0154508355 0.001)
(0.04607423681 -0.01287736263 0.001)
(0.04730331834 -0.01579572542 0.001)
(0.04910268308 -0.01299951892 0.001)
(0.05033940887 -0.01609311583 0.001)
(0.05182339477 -0.01347487226 0.001)
(0.05655814215 -0.008419250444 0.001)
(0.05359776443 -0.0161440451 0.001)
(0.05537325563 -0.01419133072 0.001)
(0.03642841169 -0.02025266445 0.001)
(0.04260423367 -0.01081781688 0.001)
(0.05083022247 -0.01117687379 0.001)
(0.03789391372 -0.01185090975 0.001)
(0.05315525157 -0.01143619306 0.001)
(0.02874262916 -0.01707387137 0.001)
(0.03451236797 -0.01126252218 0.001)
(0.04520126783 -0.01945551687 0.001)
(0.04056698238 -0.02191103228 0.001)
(0.04778022535 -0.01115358322 0.001)
(0.0265279426 -0.009870218984 0.001)
(0.01913156287 -0.01671374852 0.001)
(0.01824845199 -0.0214883919 0.001)
(-0.01144920534 -0.03243996647 0.001)
(-0.0150163527 -0.02015326888 0.001)
(-0.02401161451 -0.03326159554 0.001)
(0.004662747136 -0.005704388975 0.001)
(0.04451199139 -0.01104949076 0.001)
(0.2242989566 0.1269597153 0.001)
(0.1872141525 0.09950764585 0.001)
(0.2360262241 0.07143813562 0.001)
(0.3598466543 0.07825623638 0.001)
(0.1456141263 0.1055792087 0.001)
(1.094530208 -0.8417310875 0.001)
(-0.1029589219 -0.8381587502 0.001)
(0.03140659262 -0.01054782753 0.001)
(0.05692129424 -0.1835310766 0.001)
(0.03750363593 0.1732250001 0.001)
(0.007159888944 0.005633989982 0.001)
(0.007872515111 0.00751509081 0.001)
(0.00996859486 0.00778084364 0.001)
(0.008729655335 0.009351897083 0.001)
(0.01081375435 0.009692048122 0.001)
(0.009320623071 0.01148344046 0.001)
(0.01194519091 0.01193484312 0.001)
(0.01012998607 0.01438146057 0.001)
(0.006966233461 0.01333905323 0.001)
(0.006661473464 0.00919173381 0.001)
(0.01328051688 0.0146991546 0.001)
(0.01494828792 0.01185603894 0.001)
(0.01928564044 0.006726000415 0.001)
(0.01204653236 0.008026164848 0.001)
(0.007921332582 0.01741572242 0.001)
(0.003735610996 0.0161920805 0.001)
(0.003190313881 0.01187673648 0.001)
(-0.000149849914 0.01402757808 0.001)
(-0.001754761399 0.01042563545 0.001)
(-0.004317300506 0.01309153461 0.001)
(-0.005072167715 0.009587575067 0.001)
(-0.008501248507 0.01175574652 0.001)
(-0.008598708564 0.0074992487 0.001)
(-1.705315325e-05 0.01960805894 0.001)
(-0.006469727007 0.005055137049 0.001)
(-0.009077001271 0.003490003298 0.001)
(-0.006978826179 0.001012258777 0.001)
(-0.009855529099 -0.0003447560628 0.001)
(-0.003009509198 -0.001585623085 0.001)
(-0.0138656462 0.001954541563 0.001)
(-0.0137513127 -0.002533959773 0.001)
(-0.008783080626 -0.004530954942 0.001)
(-0.01354585324 -0.007621818964 0.001)
(-0.01891400392 -0.004992503056 0.001)
(-0.002474784672 0.006035186406 0.001)
(0.001815967455 0.008571695396 0.001)
(-0.01320607054 0.01028442074 0.001)
(-0.009135960339 -0.009451018058 0.001)
(-0.003739065336 0.002877170264 0.001)
(-0.0006713532831 0.002767565488 0.001)
(-0.007845222726 0.01672004692 0.001)
(0.005205684063 0.005249733674 0.001)
(0.002895236964 0.00479043848 0.001)
(0.0009482005442 0.005240929252 0.001)
(0.003810513164 0.006443292003 0.001)
(-0.003703619108 4.784098579e-06 0.001)
(-0.004953918969 -0.001559507865 0.001)
(-0.004078837028 -0.003211690924 0.001)
(-0.005894022575 -0.007410087687 0.001)
(-0.005295339283 -0.0109610058 0.001)
(-0.008602283331 -0.01507511345 0.001)
(-0.01851865118 -0.01184321373 0.001)
(0.005462883339 0.007309409623 0.001)
(0.7233442846 -0.3205062159 0.001)
(0.009990868361 -0.01422956011 0.001)
(0.006980952363 -0.01638229383 0.001)
(0.04088280903 -0.01007956165 0.001)
(0.05693074342 -0.01669775192 0.001)
(0.05875700621 -0.01402960979 0.001)
(0.05754799559 -0.01156821015 0.001)
(0.05996343304 -0.01182152788 0.001)
(0.061858459 -0.01392506343 0.001)
(0.06226399195 -0.01164669977 0.001)
(0.05895382225 -0.009918122845 0.001)
(0.06104684367 -0.01740382495 0.001)
(0.06462520076 -0.01448509414 0.001)
(0.06536250683 -0.01111643617 0.001)
(-0.0357622071 0.3251834206 0.001)
(-0.04003458643 0.408779583 0.001)
(0.01381678583 -0.04999931091 0.001)
(0.324397284 0.3256645984 0.001)
(0.02416586231 -0.0156508493 0.001)
(0.01080518837 -0.007083231623 0.001)
(1.496141048 0.8349064116 0.001)
(1.594949737 0.6649537163 0.001)
(0.01690269467 -0.008058542888 0.001)
(0.01325211682 0.006385202094 0.001)
(0.01412210261 0.008176646141 0.001)
(0.01615699278 0.008310916884 0.001)
(-0.00342456037 -0.006546252657 0.001)
(1.658230994 -0.6485085665 0.001)
(1.493688602 -0.7928975753 0.001)
(0.004556286291 0.009463904251 0.001)
(0.7502127764 0.7281280581 0.001)
(1.837657272 0.29841939 0.001)
(1.679811333 0.1917262233 0.001)
(-0.006026062809 -0.003131384279 0.001)
(0.02128306992 0.006779479551 0.001)
(0.02227372424 0.008522971847 0.001)
(0.02432124113 0.008507974757 0.001)
(0.02330438009 0.0102817525 0.001)
(0.02122803631 0.01029147418 0.001)
(0.02533641082 0.01026172634 0.001)
(0.02419197191 0.01232441321 0.001)
(0.02635815013 0.008512193625 0.001)
(0.02738724774 0.01032794092 0.001)
(0.02288237574 -0.008491154847 0.001)
(0.04610095282 0.1374532676 0.001)
(0.01726345856 0.006649639441 0.001)
(0.01816979795 0.008439779174 0.001)
(0.0168969401 0.01014385532 0.001)
(-0.04150194017 -0.5872652153 0.001)
(1.803520836 -0.4857660423 0.001)
(0.03130855227 0.006631029432 0.001)
(0.03238128674 0.008317853307 0.001)
(0.03437794203 0.008214920575 0.001)
(0.03346939824 0.01000640434 0.001)
(0.03552369815 0.009918518361 0.001)
(0.03142569215 0.01013639541 0.001)
(0.03226300767 0.01170768225 0.001)
(0.03016619675 0.01238064262 0.001)
(0.03643628393 0.008095174184 0.001)
(0.03770160439 0.009835155996 0.001)
(0.0322024963 0.01424005632 0.001)
(0.03675345758 0.01204611835 0.001)
(0.03908562119 0.01181383384 0.001)
(0.04008994322 0.009488126206 0.001)
(0.04159199716 0.01179164325 0.001)
(0.0425478963 0.009369788804 0.001)
(0.04409285155 0.01149503105 0.001)
(0.04503836323 0.008901886754 0.001)
(0.04659978506 0.01110293631 0.001)
(0.0475865679 0.008922378814 0.001)
(0.0408234717 0.007651918221 0.001)
(0.04307052717 0.007300953304 0.001)
(0.04916656793 0.01103966719 0.001)
(0.05001814891 0.008418686493 0.001)
(0.05164060145 0.01069825086 0.001)
(0.05259755086 0.008379040098 0.001)
(0.05403830433 0.01030479685 0.001)
(0.05505780998 0.00821505806 0.001)
(0.05647881739 0.01010142163 0.001)
(0.05748129911 0.007869348134 0.001)
(0.05862571944 0.009461896333 0.001)
(0.05992738449 0.007322650741 0.001)
(0.06117187037 0.009528784727 0.001)
(0.06239693725 0.007324364985 0.001)
(0.06400750329 0.009619711774 0.001)
(0.06267188929 0.01236030749 0.001)
(0.06483008562 0.007126570574 0.001)
(0.06623668832 0.009012558737 0.001)
(0.06729677791 0.00693162946 0.001)
(0.06857370326 0.009200052537 0.001)
(0.06977296802 0.006561636149 0.001)
(0.07094341893 0.008306628718 0.001)
(0.07224368881 0.006013835556 0.001)
(0.07363981477 0.008349665176 0.001)
(0.07478183302 0.006056892764 0.001)
(0.07605297832 0.007759467672 0.001)
(0.0773093024 0.005471118736 0.001)
(0.07876153769 0.007895445191 0.001)
(0.08018650353 0.005160621718 0.001)
(0.08170620176 0.008097457369 0.001)
(0.08296431012 0.005318838506 0.001)
(0.08448975473 0.008013158958 0.001)
(0.08558638653 0.004739533081 0.001)
(0.06828492257 0.00500842109 0.001)
(0.0561632603 0.00633846212 0.001)
(0.07355821566 0.004143776783 0.001)
(0.08730307249 0.007178813149 0.001)
(0.08820477097 0.004563300245 0.001)
(0.08620641867 0.01017442703 0.001)
(0.07610038733 0.01137671925 0.001)
(0.05810370989 0.01223235088 0.001)
(0.08699909184 0.00253409282 0.001)
(0.08897553878 0.00247030573 0.001)
(0.09065957084 0.004042919105 0.001)
(0.05965347654 0.01601112059 0.001)
(0.06370094333 0.005412916061 0.001)
(0.06164781726 0.005498813239 0.001)
(0.07861697249 0.003650305157 0.001)
(0.05151672284 0.006632796306 0.001)
(0.08997124858 0.006394387641 0.001)
(0.09257060583 0.005777524538 0.001)
(0.0930123488 0.003031333459 0.001)
(0.09502757277 0.004912919496 0.001)
(0.09545695159 0.002550752778 0.001)
(0.09736860304 0.004105572367 0.001)
(0.09390303651 0.001014627542 0.001)
(0.09777179496 0.001707853606 0.001)
(0.0997073715 0.003193150702 0.001)
(0.09469762805 0.007806648281 0.001)
(0.0755229252 0.003953843724 0.001)
(0.08382297992 0.002941272166 0.001)
(0.08769438619 0.0008237299767 0.001)
(0.08188942854 0.00325239459 0.001)
(0.09079749282 0.001903382992 0.001)
(0.03066657599 -0.008792968512 0.001)
(-0.007294354269 -0.00125079914 0.001)
(0.03461619254 -0.009138434759 0.001)
(-0.818008099 -0.4728590449 0.001)
(0.03675230644 -0.008847393052 0.001)
(0.02530727047 0.006773865467 0.001)
(0.01122459256 0.006179429383 0.001)
(0.04718966814 0.005466218617 0.001)
(0.04678005164 -0.008962975453 0.001)
(0.05068873985 -0.009025784641 0.001)
(0.03529133826 0.006428541002 0.001)
(0.05473308269 -0.008515861485 0.001)
(0.09838551001 -0.001438194541 0.001)
(0.1003201836 -0.001716886668 0.001)
(0.09948896204 0.0004835408942 0.001)
(0.06245422174 -0.008254920199 0.001)
(0.06365137995 -0.01006307351 0.001)
(0.0668947271 0.003377351364 0.001)
(0.09034219159 -0.006275032693 0.001)
(0.09149763629 -0.007911503649 0.001)
(0.08948402999 -0.008086477518 0.001)
(0.09064722288 -0.009719109695 0.001)
(0.09267163125 -0.009547815577 0.001)
(0.08844967834 -0.009975896979 0.001)
(0.08993011766 -0.01186615547 0.001)
(0.08718593936 -0.01217018877 0.001)
(0.0890187028 -0.01455770892 0.001)
(0.09234602459 -0.01371832393 0.001)
(0.08581152694 -0.01482695295 0.001)
(0.08460482721 -0.01225370105 0.001)
(0.08252712694 -0.01446043346 0.001)
(0.08077803892 -0.01236462804 0.001)
(0.08734226697 -0.008251468471 0.001)
(0.07918393216 -0.01445515606 0.001)
(0.07702704986 -0.01225059593 0.001)
(0.08246547931 -0.009578253702 0.001)
(0.0911274146 -0.01731596592 0.001)
(0.09530589577 -0.0167481302 0.001)
(0.09587657298 -0.01313351849 0.001)
(0.09945692986 -0.01524690855 0.001)
(0.1005822029 -0.01206057025 0.001)
(0.1031364673 -0.01301303887 0.001)
(0.1041677228 -0.01069664786 0.001)
(0.1012400796 -0.008299527444 0.001)
(0.09778348132 -0.009240380211 0.001)
(0.07893719883 -0.009778918631 0.001)
(0.08082421752 -0.01816506432 0.001)
(0.0938933673 -0.02134872672 0.001)
(0.1063398799 -0.01216735594 0.001)
(0.1082504009 -0.009386424722 0.001)
(0.1058160491 -0.01731710795 0.001)
(0.1049876585 -0.00697268249 0.001)
(0.1078255927 -0.006002905458 0.001)
(0.105760245 -0.003755319095 0.001)
(0.1014556058 -0.0001924828683 0.001)
(0.1081105196 -0.002747656738 0.001)
(0.1116384796 -0.00778847149 0.001)
(0.1009088218 -0.003509443775 0.001)
(0.1062767679 -0.001192011357 0.001)
(0.1091075989 -0.0001074667619 0.001)
(0.1067623662 0.001754538299 0.001)
(0.1101844276 0.003252883168 0.001)
(0.1062572775 0.005685823257 0.001)
(0.1115048059 -0.003223669147 0.001)
(0.1000568206 -0.00490688394 0.001)
(0.1018406413 -0.005143691782 0.001)
(0.1038727915 -0.002267112476 0.001)
(0.1113432314 0.007711352314 0.001)
(0.1073756045 0.01117973347 0.001)
(0.1023820922 0.008660386189 0.001)
(0.1154443972 -0.006175782952 0.001)
(0.1043343562 0.0001247110728 0.001)
(0.1040111754 0.002894292507 0.001)
(0.1147191583 0.004333433428 0.001)
(0.07596309391 -0.01507325839 0.001)
(0.07407495961 -0.01219027846 0.001)
(0.0728541837 -0.0152257951 0.001)
(0.07111417186 -0.01262854019 0.001)
(0.0698106779 -0.01508002894 0.001)
(0.06859519262 -0.01260630792 0.001)
(0.07579493009 -0.009964200152 0.001)
(0.0735012861 -0.009756127174 0.001)
(0.06977874807 -0.01027916343 0.001)
(0.06731002934 -0.01035568668 0.001)
(0.0745516244 -0.008375704124 0.001)
(0.1036026133 -0.004367333204 0.001)
(0.07174848421 -0.009283045348 0.001)
(0.09945322398 0.006198445763 0.001)
(0.0667891282 -0.008208111729 0.001)
(0.08833008986 -0.006445553648 0.001)
(0.01910883422 0.01027788169 0.001)
(0.01780921194 0.01240143739 0.001)
(0.08245435413 -0.006821615114 0.001)
(0.08264640843 0.001246882666 0.001)
(0.07837946895 -0.007152776802 0.001)
(0.09429526189 -0.005913379259 0.001)
(0.09534918908 -0.007479057734 0.001)
(0.09346134442 -0.007707974562 0.001)
(0.07655020731 -0.05520877273 0.001)
(-0.02525485573 -0.008285015986 0.001)
(-0.09202251306 0.06142169366 0.001)
(-0.1187179417 0.03211326259 0.001)
(0.02839874803 0.00849953245 0.001)
(0.05578080893 -0.01022242552 0.001)
(1.211397576 -0.1894289578 0.001)
(0.0303805434 0.008418870584 0.001)
(0.5792783402 -0.3421376161 0.001)
(0.4881703525 -0.2496389017 0.001)
(0.6253823473 -0.2057247385 0.001)
(0.3679948892 -0.2802736261 0.001)
(0.4067153796 -0.1649522495 0.001)
(-0.001185412339 -0.00643544406 0.001)
(0.08638190934 -0.006590483179 0.001)
(0.02020997857 0.008514436526 0.001)
(-0.3515894782 -0.6934400603 0.001)
(0.03862041288 0.007905079263 0.001)
(0.05176982663 -0.01982376905 0.001)
(0.02730892744 0.006734983548 0.001)
(0.0711490691 0.01143681915 0.001)
(0.01383276915 -0.009452599426 0.001)
(-0.005918161108 0.02335298647 0.001)
(-0.01601960488 0.0195165624 0.001)
(0.07880579698 0.001710443619 0.001)
(0.03455929421 -0.4931909609 0.001)
(0.09262237171 -0.0004716579086 0.001)
(0.03734661569 0.006287272387 0.001)
(-0.01609182916 0.08872597691 0.001)
(0.07031394297 -0.008037872096 0.001)
(0.05710957669 0.004489829353 0.001)
(0.4342565661 0.7437331337 0.001)
(1.169584839 0.4098376051 0.001)
(0.09017261042 -0.8485591775 0.001)
(0.08618226683 -0.0101840384 0.001)
(-0.02584611538 -0.01930947039 0.001)
(0.09529732179 -0.1264490494 0.001)
(0.09449979101 -0.0007892397896 0.001)
(-0.0006017566442 0.004579641666 0.001)
(-0.00232621184 0.003713592731 0.001)
(0.04634981913 0.007287344138 0.001)
(1.591789847 0.03054117903 0.001)
(0.01609668273 0.01449839437 0.001)
(0.02970798043 -0.01015560074 0.001)
(0.8304035085 0.1860720171 0.001)
(0.09462531938 -0.009281186987 0.001)
(0.0939121878 -0.01125657984 0.001)
(0.06594077178 0.00527526407 0.001)
(0.07035332777 0.00454649084 0.001)
(1.174585456 -0.6790508976 0.001)
(0.9535043565 -0.2200325414 0.001)
(0.04271727087 -0.00879904077 0.001)
(1.814687463 0.688706896 0.001)
(0.007895925993 -0.00835829741 0.001)
(0.07460930202 0.002297421741 0.001)
(0.06897672904 0.003095147124 0.001)
(0.02944820274 0.01022374741 0.001)
(0.02038591739 0.01253526383 0.001)
(-0.4006219559 0.1573486186 0.001)
(-0.8196665572 0.6929042518 0.001)
(1.167480351 -0.01567899219 0.001)
(1.837731087 -0.7010006742 0.001)
(0.7102357155 0.4753854202 0.001)
(-0.3741467778 0.0569487992 0.001)
(0.0582640873 0.005959943593 0.001)
(0.09091369019 -0.3848661164 0.001)
(1.005029711 -0.6907101442 0.001)
(0.06127358091 -0.009996527329 0.001)
(0.02027593917 -0.01006957556 0.001)
(1.097306573 0.5655095378 0.001)
(-0.8493420828 0.4934285564 0.001)
(0.097130104 -0.007506350991 0.001)
(0.09914554197 -0.007834951452 0.001)
(-0.6895975047 0.3045684842 0.001)
(0.05416451112 -0.02447401992 0.001)
(-0.1497729905 -0.4312290637 0.001)
(0.01315609153 0.009936253161 0.001)
(0.6183387301 0.3721313501 0.001)
(0.1020637099 0.004881960898 0.001)
(0.09851640048 0.01028505925 0.001)
(0.08547067179 -0.008320743633 0.001)
(1.696728607 0.4036867179 0.001)
(0.3341108124 -0.5953092702 0.001)
(0.4018928299 -0.708217575 0.001)
(-0.0003288547169 0.00650908119 0.001)
(-0.0129854089 0.1453021072 0.001)
(1.187929143 0.7016070588 0.001)
(0.07753200114 -0.008937474332 0.001)
(1.851233272 -0.08854730247 0.001)
(0.04832337721 0.00700005629 0.001)
(0.0549478356 0.004755562662 0.001)
(0.1105999067 -0.0119147636 0.001)
(0.37793627 0.6179142354 0.001)
(0.8010763919 0.5946659244 0.001)
(-0.8530594705 0.1454915372 0.001)
(0.05381189203 0.006588298876 0.001)
(0.1010491675 0.001647925958 0.001)
(0.1028465384 0.001350799675 0.001)
(0.0009911027279 -0.05304237506 0.001)
(-0.1122099095 -0.1678199745 0.001)
(-0.09386346571 -0.1004226723 0.001)
(0.1017064741 -0.1709228928 0.001)
(-0.06601073446 -0.4757627027 0.001)
(-0.002154685639 -0.003086350681 0.001)
(0.0833866795 -0.00831190413 0.001)
(0.09888152178 -0.0198786731 0.001)
(1.382246399 0.6855638371 0.001)
(-0.0301633422 0.1176192872 0.001)
(0.1169796979 0.01025171348 0.001)
(0.1034607489 0.01488239253 0.001)
(-0.6360329867 0.1891861497 0.001)
(0.1004449267 -0.006590757541 0.001)
(0.06559715113 -0.009567885424 0.001)
(0.06285202906 0.003718938901 0.001)
(0.09594837282 0.0005748436807 0.001)
(0.1101852402 0.01821828818 0.001)
(-0.6018184216 0.7026611688 0.001)
(0.09834515676 -0.005663351924 0.001)
(-0.5984421556 -0.1307322163 0.001)
(0.07276982905 0.01551110675 0.001)
(0.06665832056 0.0120522491 0.001)
(0.1679118413 0.2850032528 0.001)
(0.1965383387 0.3428988858 0.001)
(0.005077300828 0.1696424936 0.001)
(0.5782014599 -0.08692401992 0.001)
(0.1020093939 -0.002007782677 0.001)
(0.8249467609 -0.707953481 0.001)
(-0.005139022019 -0.07247556501 0.001)
(-0.2174666571 0.2829557116 0.001)
(0.109451109 -0.02475353933 0.001)
(-0.342177607 -0.3183343965 0.001)
(-0.2299562571 -0.3390464503 0.001)
(0.02756885576 0.01306837495 0.001)
(0.5784306787 0.1947659873 0.001)
(0.06482982721 0.01771271982 0.001)
(0.004915027005 0.02160060996 0.001)
(0.01079413527 0.0220884283 0.001)
(0.0001563662175 0.02509244525 0.001)
(-0.1063599049 0.09256060315 0.001)
(0.02259150482 0.3115896233 0.001)
(0.04145666458 0.005870452102 0.001)
(0.02792556701 0.5911452964 0.001)
(1.338764722 -0.6732815964 0.001)
(-0.3241749404 -0.1959991041 0.001)
(0.116513188 -0.01240913365 0.001)
(0.121540657 -0.007478394761 0.001)
(0.02538452121 0.01427876604 0.001)
(0.00576894226 0.01102947222 0.001)
(0.05843640121 -0.008270533888 0.001)
(-0.08746975536 0.1844616659 0.001)
(-0.101241842 0.007308603013 0.001)
(-0.002166352237 -0.01137573272 0.001)
(0.000523139934 -0.01277547063 0.001)
(0.002287497324 -0.01575636793 0.001)
(0.05085524025 0.005056281042 0.001)
(-0.4572112978 0.2443281589 0.001)
(0.06084846188 0.003953086307 0.001)
(0.1984522002 -0.002950862531 0.001)
(0.1891046607 0.02305747651 0.001)
(0.1891752364 0.05649365081 0.001)
(0.6764879457 0.8666741614 0.001)
(0.04614262992 -0.01051202912 0.001)
(0.01580837094 -0.01774988891 0.001)
(0.5140108498 0.8702129724 0.001)
(0.00112949912 0.07622818821 0.001)
(0.2841665722 -0.2199393839 0.001)
(0.7051612571 -0.8670872043 0.001)
(0.2590538881 0.5862109867 0.001)
(0.2504321273 0.7063243144 0.001)
(0.06654138917 -0.07101865748 0.001)
(0.1169060515 -0.001013544856 0.001)
(-0.128815915 0.1200371157 0.001)
(0.01505608299 0.00968474209 0.001)
(0.0364080427 -0.01171185434 0.001)
(0.04793531782 0.01324798362 0.001)
(-0.002542918325 0.001670433523 0.001)
(-0.429245694 0.5285325936 0.001)
(0.07267640117 0.002471583473 0.001)
(0.8577120355 -0.3086913876 0.001)
(0.09190143684 -0.0112215969 0.001)
(-0.1863068429 -0.01897146703 0.001)
(-0.1161272742 -0.6911293635 0.001)
(0.08009587203 0.003051950541 0.001)
(0.04927779392 -0.01036716154 0.001)
(0.1278774282 0.128451323 0.001)
(0.1104864301 0.1055952946 0.001)
(0.08139282929 0.1061195873 0.001)
(1.288338703 -0.3409855165 0.001)
(0.01201832653 -0.0168188837 0.001)
(0.03593485907 -0.01023395899 0.001)
(0.08468541599 0.07232786234 0.001)
(0.02230946947 0.0119890029 0.001)
(1.075835551 -0.2542726981 0.001)
(-0.2850468158 0.2598813803 0.001)
(0.01314432819 0.030305577 0.001)
(0.04333641726 0.005625841777 0.001)
(0.04935443451 0.08273056217 0.001)
(0.1285819705 0.3298688573 0.001)
(0.1184884674 0.280739597 0.001)
(0.5321463343 -0.6849732651 0.001)
(0.03434395151 0.01218673249 0.001)
(-0.02379833325 -0.0008811146365 0.001)
(-0.03418926156 -0.00325075266 0.001)
(-0.0465180878 -0.009016535057 0.001)
(0.0709927265 -0.01934153719 0.001)
(0.06890973372 -0.04564391251 0.001)
(-0.01850769925 0.005215973152 0.001)
(-0.01918619665 0.01223384814 0.001)
(-0.01776739906 -0.0002474125502 0.001)
(-0.1044903029 0.1492859416 0.001)
(0.09412625539 0.08855862404 0.001)
(0.09999037111 -0.09247950127 0.001)
(0.1503254964 -0.07967250292 0.001)
(0.1408401438 -0.04693369696 0.001)
(-0.00224277623 0.008035170418 0.001)
(1.009451137 0.7095665951 0.001)
(0.2764451243 -0.6875198647 0.001)
(0.0549086098 0.01472780771 0.001)
(0.04079223957 -0.008459503907 0.001)
(0.6865453724 -0.1056339248 0.001)
(0.1145359141 0.02687948906 0.001)
(0.1189081956 0.08246086324 0.001)
(-0.02255977883 0.02866291696 0.001)
(0.01496739982 -0.02514919806 0.001)
(0.01283900751 -0.006881858212 0.001)
(-0.03746052025 -0.02957324757 0.001)
(-0.00374588565 0.03236734335 0.001)
(0.06709340455 -0.0150627207 0.001)
(0.0422041583 -0.01777761559 0.001)
(-0.19083221 -0.06565193683 0.001)
(0.05211912181 -0.01014206346 0.001)
(0.07085101413 0.02058251132 0.001)
(0.02677598936 -0.00817159138 0.001)
(0.0363384981 -0.05473980317 0.001)
(0.006896487512 -0.005713396058 0.001)
(-0.04316228082 0.1467626627 0.001)
(0.0516015984 -0.083050973 0.001)
(0.04108868284 0.0361479846 0.001)
(0.103442397 -0.006203979631 0.001)
(-0.02616659824 0.01743216037 0.001)
(0.01572087209 0.4931594913 0.001)
(0.1033484631 -0.008307673948 0.001)
(0.04554975293 0.01341813882 0.001)
(-0.3061135133 0.1983218543 0.001)
(-0.2527524918 0.1697759596 0.001)
(0.09763793893 7.307451034e-05 0.001)
(-0.003802795969 -0.008756515305 0.001)
(0.002083154649 -0.01084891779 0.001)
(0.3641120069 -0.09532454653 0.001)
(-0.004228946764 0.0045544303 0.001)
(0.5114276941 -0.1533806883 0.001)
(0.02313649763 -0.05880352347 0.001)
(0.01881963623 -0.007621850381 0.001)
(0.04033457477 0.01403589441 0.001)
(0.03239257272 -0.07378011391 0.001)
(0.06732591499 -0.01890370795 0.001)
(0.07895636781 -0.02230825525 0.001)
(0.02462740325 0.03540186377 0.001)
(0.0292341092 0.04392393612 0.001)
(0.02399564996 -0.02412770819 0.001)
(0.02672953714 -0.0192931538 0.001)
(0.03190531508 -0.01946356547 0.001)
(0.06059211324 0.02075667865 0.001)
(0.110541451 0.7113781093 0.001)
(0.08837636141 0.01340683255 0.001)
(0.09261547529 0.01681470025 0.001)
(0.1603416752 -0.02981964224 0.001)
(0.05536354433 -0.01195645199 0.001)
(0.08617514959 0.0003977370741 0.001)
(0.09694217965 0.006437370575 0.001)
(1.971117559e-05 0.008261199078 0.001)
(0.0815051397 -0.008273893746 0.001)
(0.08068210043 -0.01001806636 0.001)
(0.03763989448 -0.01030973633 0.001)
(-0.8523466679 0.8543075833 0.001)
(0.01519900708 0.01823543038 0.001)
(0.07039784785 0.1289217229 0.001)
(-0.8535898385 -0.8535898385 0.001)
(-0.01311780558 -0.01268033407 0.001)
(0.08930450158 0.0009531538691 0.001)
(0.0447799911 0.007232506718 0.001)
(0.05415562179 -0.01008077229 0.001)
(0.01544686623 -0.009277282625 0.001)
(0.07706444771 0.00377598241 0.001)
(0.07991859099 0.01076613673 0.001)
(-0.7130420006 -0.3523361544 0.001)
(0.1214486496 0.005120078565 0.001)
(0.1250955367 0.01352090757 0.001)
(0.05531230182 0.0119655956 0.001)
(0.07795007133 -0.01777649581 0.001)
(0.009399027376 -0.00780174667 0.001)
(0.01706182224 -0.01524917861 0.001)
(-0.004605016444 -0.04048323662 0.001)
(1.853589838 0.8535898385 0.001)
(-0.7502962323 0.2078775884 0.001)
(-0.8131427955 0.00172113729 0.001)
(0.08469357461 -0.01735967304 0.001)
(1.854011353 -0.8540113531 0.001)
(0.01142540961 0.01793759299 0.001)
(-0.01406510717 0.03871253193 0.001)
(-0.1225587798 -0.08046551603 0.001)
(-0.005020123152 -0.005103968524 0.001)
(-0.1053374638 0.6189143977 0.001)
(1.519262977 0.181369331 0.001)
(0.01105533606 0.3646563238 0.001)
(0.05734372202 -0.009806976236 0.001)
(0.08920958802 0.009483130609 0.001)
(0.08222895988 -0.02768035886 0.001)
(0.05520582994 -0.02024501817 0.001)
(-0.01265102516 0.005688837491 0.001)
(0.05327890126 0.01234860846 0.001)
(-0.06706278488 0.04446889179 0.001)
(-0.003649517482 0.017360041 0.001)
(0.08396701164 -0.01017751984 0.001)
(0.05214691633 0.01793730641 0.001)
(0.03307010685 -0.01039057822 0.001)
(0.08533611784 0.002286224247 0.001)
(0.09607408095 -0.0105112155 0.001)
(0.09815061519 -0.01124422774 0.001)
(0.6370271249 0.2764924257 0.001)
(0.1596327987 0.08457399864 0.001)
(0.07316511942 -0.02453850444 0.001)
(0.156497585 -0.1121412461 0.001)
(0.06329061279 -0.02146741764 0.001)
(0.09475122034 -0.02736760611 0.001)
(0.1299274669 -0.007746964454 0.001)
(0.09982157841 -0.009798496614 0.001)
(0.102049419 -0.01036265917 0.001)
(0.02672484091 -0.01591959014 0.001)
(0.04866027046 -0.01889938371 0.001)
(0.07953820461 -0.00831294983 0.001)
(0.007432595943 -0.02059090528 0.001)
(0.8784549263 0.6890900659 0.001)
(0.1318983406 0.002504043758 0.001)
(1.593826517 0.5042128053 0.001)
(0.2844601919 0.2745025371 0.001)
(0.1020652617 -0.006912852558 0.001)
(-0.0008503485553 0.001211443823 0.001)
(0.1030025765 -0.0008026053085 0.001)
(0.08741794298 -0.01720939571 0.001)
(0.1906698667 -0.0618613148 0.001)
(0.03465755536 -0.02511996671 0.001)
(1.688832812 -0.3250608794 0.001)
(-0.004675597581 0.006823719232 0.001)
(-0.0005694422466 -0.003030131415 0.001)
(0.08106554042 0.01970984652 0.001)
(0.1185095869 -0.02189174011 0.001)
(-0.0009819514941 -0.01966286313 0.001)
(0.2565246876 0.3272336784 0.001)
(0.02819944938 -0.01043792037 0.001)
(0.1020640836 0.002919852646 0.001)
(0.03922839169 -0.01103280372 0.001)
(0.03905726309 -0.01292252162 0.001)
(0.06313282223 -0.01586197424 0.001)
(-0.5750110813 -0.5644636322 0.001)
(0.07215142372 -0.01090378736 0.001)
(0.1866110697 0.8204481794 0.001)
(0.09231139073 0.001076580225 0.001)
(0.08348784077 0.01264207439 0.001)
(0.007489385518 0.01087911936 0.001)
(0.04376617909 -0.02607741665 0.001)
(0.03904650731 0.01714433908 0.001)
(0.06397403816 -0.01249323836 0.001)
(0.0009541544651 0.01035622435 0.001)
(0.02170224704 -0.009769695227 0.001)
(0.07127867824 0.3551694558 0.001)
(0.1652933259 0.0193656223 0.001)
(0.3006620613 -0.07644489379 0.001)
(0.07194712276 0.004003307403 0.001)
(0.11266776 0.01318521524 0.001)
(0.105819953 -0.008922281737 0.001)
(0.02452010655 -0.009847848798 0.001)
(-0.0005014901568 -0.02401743058 0.001)
(0.05386264215 -0.01344057862 0.001)
(-0.03773742768 0.01261970353 0.001)
(-0.73940323 -0.1276927038 0.001)
(0.09453030367 0.01206396851 0.001)
(0.03356501077 0.01822512781 0.001)
(0.07619108205 0.0175089821 0.001)
(0.06636280033 -0.01292823206 0.001)
(0.0436577867 -0.009931142049 0.001)
(-0.7387624349 0.4145128236 0.001)
(0.3810137172 0.009124626152 0.001)
(-0.005794850285 0.002959015492 0.001)
(0.07445727616 -0.006927209407 0.001)
(0.02370465838 0.01770079516 0.001)
(0.04716544177 0.01641096256 0.001)
(0.04355105789 0.01938019791 0.001)
(-0.07989171613 -0.07276626035 0.001)
(0.09205360701 0.008915439361 0.001)
(0.0961649704 -0.008834427269 0.001)
(-0.002807185855 -0.004814974731 0.001)
(-0.4867032404 -0.6706341383 0.001)
(0.350036597 0.2644740479 0.001)
(0.08884387851 -0.000226027993 0.001)
(0.05986103161 0.005542106901 0.001)
(0.02851299616 0.02091713292 0.001)
(0.07950080756 -0.03343402872 0.001)
(0.001799690674 0.00685413698 0.001)
(0.05688226225 -0.01309950078 0.001)
(-0.0873471686 -0.3900242786 0.001)
(0.07096684992 0.03809970644 0.001)
(-0.3117605995 0.06372139309 0.001)
(0.1051237013 -0.005460443976 0.001)
(0.003354775997 0.008069510919 0.001)
(0.002706999087 0.009746770903 0.001)
(0.006855259448 0.0387167585 0.001)
(0.0380298019 0.01397128241 0.001)
(0.02255206498 0.01424140931 0.001)
(0.00411824449 -0.02690801155 0.001)
(-0.03139732575 -0.05342001563 0.001)
(-0.01245028648 0.01438046328 0.001)
(0.07768168393 -0.01049283705 0.001)
(0.07904833402 -0.01156003368 0.001)
(0.1345595992 -0.01422994415 0.001)
(0.01978976963 0.02091348058 0.001)
(0.06853785608 -0.00900644451 0.001)
(0.005612370341 -0.01360429323 0.001)
(0.1097947314 -0.06917227187 0.001)
(0.1222068717 -0.08154104477 0.001)
(1.72915676 0.01795505983 0.001)
(-0.0563953014 0.1749988365 0.001)
(-0.00549239768 -0.0001397592736 0.001)
(-0.004708612819 0.001397317147 0.001)
(-0.2202752133 -0.7440132306 0.001)
(0.1597375886 0.06008806904 0.001)
(1.708466259 0.5511301655 0.001)
(0.00742210199 -0.006971237634 0.001)
(0.08250409741 -0.01147543374 0.001)
(0.1124844085 0.0006483271662 0.001)
(0.01490827659 -0.09253100831 0.001)
(0.1024468524 -0.003459072783 0.001)
(0.02597380149 0.01205224429 0.001)
(-0.7036500645 -0.5718226651 0.001)
(0.04984242984 0.006568631267 0.001)
(0.03735001822 -0.01299318964 0.001)
(-0.1607712772 -0.08764587456 0.001)
)


// ************************************************************************* //
