/*--------------------------------*- C++ -*----------------------------------*\
| =========                 |                                                 |
| \\      /  F ield         | OpenFOAM: The Open Source CFD Toolbox           |
|  \\    /   O peration     | Version:  2412                                  |
|   \\  /    A nd           | Website:  www.openfoam.com                      |
|    \\/     M anipulation  |                                                 |
\*---------------------------------------------------------------------------*/
FoamFile
{
    version     2.0;
    format      ascii;
    arch        "LSB;label=32;scalar=64";
    class       faceList;
    location    "constant/polyMesh";
    object      faces;
}
// * * * * * * * * * * * * * * * * * * * * * * * * * * * * * * * * * * * * * //


6310
(
3(670 374 728)
3(670 800 374)
3(670 728 800)
3(728 374 800)
3(679 643 739)
3(642 739 643)
3(642 643 679)
3(642 679 739)
3(480 755 683)
3(480 751 755)
3(751 683 755)
3(480 683 751)
3(700 743 818)
3(529 700 818)
3(529 818 743)
3(529 743 700)
3(137 754 681)
3(137 681 740)
3(740 681 754)
3(137 740 754)
3(751 515 755)
3(708 751 755)
3(708 515 751)
3(708 755 515)
3(736 692 756)
3(662 692 736)
3(662 736 756)
3(662 756 692)
3(375 800 670)
3(375 670 698)
3(375 698 800)
3(698 670 800)
3(709 497 836)
3(707 497 709)
3(707 709 836)
3(707 836 497)
3(413 679 767)
3(767 679 792)
3(413 767 792)
3(413 792 679)
3(536 715 704)
3(536 797 715)
3(536 704 797)
3(704 715 797)
3(430 691 772)
3(430 772 776)
3(430 776 691)
3(772 691 776)
3(709 497 732)
3(732 497 836)
3(709 732 836)
3(365 825 691)
3(365 691 695)
3(695 691 825)
3(365 695 825)
3(505 497 709)
3(505 709 707)
3(505 707 497)
3(430 691 534)
3(534 691 772)
3(430 534 772)
3(674 727 827)
3(727 703 827)
3(674 703 727)
3(674 827 703)
3(536 704 522)
3(182 522 704)
3(536 182 704)
3(683 179 755)
3(480 755 179)
3(480 179 683)
3(704 522 715)
3(536 715 522)
3(505 497 732)
3(505 732 709)
3(692 419 736)
3(736 419 756)
3(692 756 419)
3(365 772 691)
3(691 772 825)
3(365 825 772)
3(644 634 705)
3(634 101 705)
3(644 705 101)
3(644 101 634)
3(797 715 808)
3(536 808 715)
3(536 797 808)
3(617 739 679)
3(532 679 739)
3(617 679 532)
3(617 532 739)
3(764 749 824)
3(687 824 749)
3(687 764 824)
3(687 749 764)
3(659 770 720)
3(659 609 770)
3(659 720 609)
3(609 720 770)
3(515 480 751)
3(515 755 480)
3(370 727 827)
3(370 674 727)
3(370 827 674)
3(755 683 774)
3(179 755 774)
3(179 774 683)
3(617 767 679)
3(617 739 767)
3(739 679 767)
3(750 680 753)
3(31 750 753)
3(31 680 750)
3(31 753 680)
3(238 749 824)
3(238 764 749)
3(238 824 764)
3(522 794 704)
3(522 715 794)
3(715 704 794)
3(700 743 314)
3(700 314 817)
3(700 817 743)
3(314 743 817)
3(527 743 314)
3(527 700 743)
3(527 314 700)
3(370 703 827)
3(370 727 703)
3(126 836 735)
3(446 735 836)
3(126 446 836)
3(126 735 446)
3(708 670 751)
3(74 751 670)
3(74 670 708)
3(74 708 751)
3(670 728 23)
3(670 23 708)
3(670 708 728)
3(708 23 728)
3(171 822 794)
3(171 702 822)
3(702 794 822)
3(171 794 702)
3(413 572 767)
3(572 679 767)
3(413 679 572)
3(198 780 196)
3(196 780 783)
3(198 783 780)
3(198 196 783)
3(741 560 812)
3(734 812 560)
3(734 560 741)
3(734 741 812)
3(751 670 755)
3(683 755 670)
3(683 670 751)
3(674 757 370)
3(674 727 757)
3(727 370 757)
3(659 770 649)
3(659 649 720)
3(720 649 770)
3(644 638 705)
3(638 634 705)
3(812 741 839)
3(560 812 839)
3(560 839 741)
3(449 742 759)
3(742 684 759)
3(449 759 684)
3(449 684 742)
3(267 736 692)
3(267 692 419)
3(267 419 736)
3(238 749 687)
3(238 687 824)
3(196 197 780)
3(198 780 197)
3(531 691 695)
3(531 365 691)
3(531 695 365)
3(750 721 753)
3(680 753 721)
3(680 721 750)
3(126 678 735)
3(126 836 678)
3(735 678 836)
3(668 700 743)
3(668 818 700)
3(668 743 818)
3(674 757 827)
3(757 370 827)
3(171 822 704)
3(171 704 794)
3(794 704 822)
3(374 375 670)
3(670 375 728)
3(374 728 375)
3(375 800 374)
3(383 700 818)
3(529 383 818)
3(529 700 383)
3(649 657 720)
3(649 720 695)
3(649 695 657)
3(657 695 720)
3(721 804 814)
3(804 722 814)
3(721 722 804)
3(721 814 722)
3(287 794 715)
3(287 715 830)
3(287 830 794)
3(715 794 830)
3(594 706 723)
3(594 723 786)
3(594 786 706)
3(723 706 786)
3(170 704 171)
3(170 171 822)
3(170 822 704)
3(659 14 770)
3(14 609 770)
3(659 609 14)
3(694 772 776)
3(694 776 430)
3(694 430 772)
3(643 532 679)
3(643 739 532)
3(704 182 794)
3(522 794 182)
3(801 185 802)
3(712 185 801)
3(712 802 185)
3(712 801 802)
3(581 686 758)
3(581 758 786)
3(581 786 686)
3(758 686 786)
3(138 754 681)
3(138 681 137)
3(138 137 754)
3(223 729 735)
3(223 735 829)
3(735 729 829)
3(223 829 729)
3(473 729 740)
3(473 681 729)
3(473 740 681)
3(729 681 740)
3(529 818 578)
3(743 578 818)
3(529 578 743)
3(581 742 758)
3(581 686 742)
3(742 686 758)
3(472 473 729)
3(472 729 740)
3(472 740 473)
3(182 797 536)
3(182 704 797)
3(690 790 414)
3(768 414 790)
3(690 768 790)
3(690 414 768)
3(131 735 223)
3(131 729 735)
3(131 223 729)
3(685 185 801)
3(157 801 185)
3(157 685 801)
3(157 185 685)
3(196 780 696)
3(696 780 783)
3(196 696 783)
3(169 704 171)
3(169 170 704)
3(515 257 751)
3(257 480 751)
3(670 755 708)
3(198 693 780)
3(780 693 783)
3(198 783 693)
3(519 708 515)
3(519 751 708)
3(519 515 751)
3(750 463 753)
3(721 753 463)
3(721 463 750)
3(527 743 315)
3(314 315 743)
3(176 730 683)
3(431 683 730)
3(176 683 431)
3(176 431 730)
3(126 127 678)
3(678 127 834)
3(126 678 834)
3(126 834 127)
3(682 141 726)
3(726 141 759)
3(682 726 759)
3(682 759 141)
3(421 696 810)
3(421 195 696)
3(421 810 195)
3(696 195 810)
3(665 804 814)
3(721 804 665)
3(721 665 814)
3(185 802 685)
3(801 685 802)
3(670 74 698)
3(670 698 751)
3(698 74 751)
3(203 745 752)
3(745 717 752)
3(203 752 717)
3(203 717 745)
3(231 692 736)
3(736 692 748)
3(231 748 692)
3(231 736 748)
3(141 769 682)
3(141 726 769)
3(726 682 769)
3(548 680 354)
3(352 354 680)
3(548 352 680)
3(127 678 735)
3(127 735 126)
3(649 14 770)
3(659 14 649)
3(755 311 788)
3(708 755 788)
3(708 788 311)
3(708 311 755)
3(287 794 289)
3(287 289 715)
3(715 289 794)
3(169 794 171)
3(169 704 794)
3(421 696 725)
3(421 725 810)
3(725 696 810)
3(209 210 693)
3(693 210 713)
3(209 693 713)
3(209 713 210)
3(430 691 604)
3(534 604 691)
3(680 354 745)
3(548 680 745)
3(548 745 354)
3(529 743 527)
3(529 527 700)
3(649 655 720)
3(655 657 720)
3(696 780 421)
3(725 421 780)
3(696 725 780)
3(288 287 794)
3(288 794 289)
3(289 715 830)
3(287 289 830)
3(195 696 780)
3(195 780 421)
3(788 755 831)
3(311 788 831)
3(311 831 755)
3(568 741 754)
3(741 716 754)
3(568 716 741)
3(568 754 716)
3(722 814 665)
3(722 665 804)
3(691 604 776)
3(430 776 604)
3(732 735 836)
3(732 446 735)
3(732 836 446)
3(542 721 722)
3(542 804 721)
3(542 722 804)
3(31 463 753)
3(31 750 463)
3(509 735 834)
3(509 834 731)
3(509 731 735)
3(735 731 834)
3(706 334 758)
3(706 758 786)
3(706 786 334)
3(758 334 786)
3(788 708 831)
3(755 831 708)
3(354 762 680)
3(354 745 762)
3(745 680 762)
3(44 560 734)
3(44 812 560)
3(44 734 812)
3(140 782 769)
3(140 242 782)
3(242 769 782)
3(140 769 242)
3(44 741 734)
3(44 560 741)
3(542 721 814)
3(542 814 722)
3(321 617 679)
3(532 321 679)
3(231 692 267)
3(231 267 736)
3(512 724 731)
3(731 724 834)
3(512 731 834)
3(512 834 724)
3(155 712 185)
3(155 185 801)
3(155 801 712)
3(271 741 754)
3(568 271 754)
3(568 741 271)
3(434 748 693)
3(434 693 764)
3(693 748 764)
3(434 764 748)
3(698 826 380)
3(698 730 826)
3(698 380 730)
3(730 380 826)
3(140 782 754)
3(140 754 769)
3(769 754 782)
3(140 242 754)
3(754 242 782)
3(223 735 731)
3(731 735 829)
3(223 731 829)
3(185 712 422)
3(422 712 802)
3(185 422 802)
3(760 711 840)
3(677 840 711)
3(677 711 760)
3(677 760 840)
3(707 103 709)
3(505 103 707)
3(505 709 103)
3(678 735 834)
3(735 127 834)
3(23 375 670)
3(23 670 698)
3(23 698 375)
3(470 684 773)
3(470 738 684)
3(470 773 738)
3(684 738 773)
3(241 242 754)
3(140 241 754)
3(541 746 706)
3(541 706 801)
3(706 746 801)
3(541 801 746)
3(51 690 790)
3(414 690 51)
3(414 51 790)
3(711 790 404)
3(711 840 790)
3(711 404 840)
3(404 790 840)
3(548 745 752)
3(203 548 752)
3(203 745 548)
3(201 210 693)
3(209 201 693)
3(679 640 690)
3(679 705 640)
3(679 690 705)
3(690 640 705)
3(126 733 834)
3(126 678 733)
3(733 678 834)
3(484 742 759)
3(484 759 449)
3(484 449 742)
3(614 680 750)
3(31 680 614)
3(31 614 750)
3(338 706 541)
3(338 746 706)
3(338 541 746)
3(210 764 693)
3(210 713 764)
3(713 693 764)
3(296 750 295)
3(296 699 750)
3(296 295 699)
3(699 295 750)
3(734 517 741)
3(44 741 517)
3(44 517 734)
3(542 299 814)
3(299 721 814)
3(542 721 299)
3(299 722 814)
3(299 301 722)
3(299 814 301)
3(722 301 814)
3(614 762 750)
3(680 750 762)
3(614 680 762)
3(634 101 690)
3(690 101 705)
3(634 690 705)
3(680 752 548)
3(680 745 752)
3(500 137 740)
3(139 500 740)
3(139 740 137)
3(294 296 750)
3(294 750 295)
3(633 739 643)
3(633 642 739)
3(501 509 735)
3(501 735 834)
3(501 834 509)
3(789 151 795)
3(712 151 789)
3(712 795 151)
3(712 789 795)
3(530 532 679)
3(643 530 679)
3(643 532 530)
3(353 354 680)
3(352 353 680)
3(505 281 732)
3(281 497 732)
3(375 728 23)
3(454 775 709)
3(454 709 731)
3(731 709 775)
3(454 731 775)
3(207 737 205)
3(207 682 737)
3(207 205 682)
3(682 205 737)
3(206 207 737)
3(206 737 205)
3(727 181 794)
3(702 181 727)
3(702 794 181)
3(702 727 794)
3(688 805 671)
3(688 671 785)
3(785 671 805)
3(688 785 805)
3(470 684 147)
3(147 684 773)
3(470 147 773)
3(352 680 752)
3(548 352 752)
3(365 378 691)
3(691 378 772)
3(365 772 378)
3(163 745 699)
3(163 165 745)
3(163 699 165)
3(165 699 745)
3(414 790 837)
3(790 768 837)
3(414 837 768)
3(635 643 679)
3(635 679 642)
3(736 714 756)
3(419 756 714)
3(419 714 736)
3(176 779 683)
3(176 730 779)
3(730 683 779)
3(431 683 774)
3(431 774 730)
3(683 730 774)
3(645 52 690)
3(52 634 690)
3(645 634 52)
3(645 690 634)
3(328 759 785)
3(328 785 282)
3(759 282 785)
3(328 282 759)
3(185 712 556)
3(422 556 712)
3(126 118 834)
3(126 733 118)
3(118 733 834)
3(644 637 705)
3(637 638 705)
3(546 717 721)
3(717 543 721)
3(546 543 717)
3(546 721 543)
3(737 688 805)
3(671 688 737)
3(671 737 805)
3(520 729 740)
3(226 740 729)
3(226 520 740)
3(226 729 520)
3(296 699 721)
3(296 721 750)
3(721 699 750)
3(344 731 512)
3(344 512 724)
3(344 724 731)
3(772 664 776)
3(691 664 772)
3(691 776 664)
3(328 742 785)
3(328 759 742)
3(742 759 785)
3(700 740 520)
3(700 520 729)
3(700 729 740)
3(719 790 803)
3(790 711 803)
3(719 711 790)
3(719 803 711)
3(91 723 594)
3(91 706 723)
3(91 594 706)
3(541 706 537)
3(537 706 801)
3(541 537 801)
3(679 321 767)
3(617 767 321)
3(542 299 722)
3(275 698 800)
3(375 275 800)
3(375 698 275)
3(91 786 594)
3(91 723 786)
3(171 170 702)
3(170 172 702)
3(171 702 172)
3(683 774 670)
3(755 670 774)
3(465 784 786)
3(784 723 786)
3(465 723 784)
3(465 786 723)
3(35 723 815)
3(815 723 823)
3(35 823 723)
3(35 815 823)
3(726 769 782)
3(242 726 782)
3(242 769 726)
3(103 775 707)
3(709 707 775)
3(103 709 775)
3(473 681 771)
3(473 771 729)
3(681 729 771)
3(170 702 822)
3(505 732 839)
3(505 839 709)
3(732 709 839)
3(208 737 738)
3(208 738 773)
3(208 773 737)
3(738 737 773)
3(126 836 733)
3(678 733 836)
3(141 759 478)
3(141 478 726)
3(726 478 759)
3(335 758 706)
3(335 334 758)
3(335 706 334)
3(332 581 758)
3(332 758 786)
3(332 786 581)
3(242 782 241)
3(754 241 782)
3(383 700 716)
3(383 716 818)
3(716 700 818)
3(136 221 771)
3(136 771 741)
3(136 741 221)
3(221 741 771)
3(656 691 695)
3(531 656 695)
3(531 691 656)
3(275 698 730)
3(730 698 800)
3(275 730 800)
3(521 727 181)
3(521 794 727)
3(521 181 794)
3(77 753 721)
3(77 721 804)
3(721 753 804)
3(77 804 753)
3(607 101 690)
3(607 690 634)
3(607 634 101)
3(454 451 709)
3(709 451 775)
3(454 775 451)
3(700 314 740)
3(700 740 817)
3(740 314 817)
3(328 785 327)
3(282 327 785)
3(137 473 740)
3(137 681 473)
3(101 637 705)
3(101 644 637)
3(163 745 717)
3(163 717 699)
3(699 717 745)
3(383 818 578)
3(177 176 683)
3(177 683 431)
3(681 136 741)
3(427 681 741)
3(427 741 136)
3(427 136 681)
3(680 353 762)
3(354 762 353)
3(172 702 822)
3(170 172 822)
3(181 727 791)
3(181 791 702)
3(727 702 791)
3(601 739 645)
3(601 645 690)
3(601 690 739)
3(690 645 739)
3(260 820 783)
3(260 783 744)
3(260 744 820)
3(744 783 820)
3(789 150 795)
3(151 795 150)
3(151 150 789)
3(802 685 814)
3(476 802 814)
3(476 685 802)
3(476 814 685)
3(517 741 716)
3(517 716 734)
3(734 716 741)
3(287 727 794)
3(794 727 830)
3(287 830 727)
3(135 221 771)
3(136 135 771)
3(749 225 764)
3(238 225 749)
3(238 764 225)
3(682 743 207)
3(737 207 743)
3(682 737 743)
3(371 698 757)
3(371 827 698)
3(757 698 827)
3(371 757 827)
3(186 712 151)
3(186 789 712)
3(186 151 789)
3(669 741 812)
3(669 734 741)
3(669 812 734)
3(741 839 669)
3(812 669 839)
3(802 722 814)
3(685 722 802)
3(685 814 722)
3(401 790 803)
3(401 803 719)
3(401 719 790)
3(625 752 753)
3(351 625 753)
3(351 753 752)
3(351 752 625)
3(310 708 788)
3(310 788 311)
3(310 311 708)
3(127 118 834)
3(717 814 546)
3(721 546 814)
3(717 721 814)
3(338 706 537)
3(144 759 478)
3(144 141 759)
3(364 822 828)
3(364 701 822)
3(364 828 701)
3(822 701 828)
3(332 742 758)
3(332 581 742)
3(529 743 315)
3(807 461 808)
3(715 807 808)
3(715 808 461)
3(715 461 807)
3(741 681 771)
3(136 771 681)
3(640 639 679)
3(642 640 679)
3(642 679 639)
3(427 741 754)
3(271 427 754)
3(271 741 427)
3(693 783 209)
3(713 209 783)
3(693 713 783)
3(150 795 684)
3(789 684 795)
3(150 684 789)
3(149 470 684)
3(149 684 147)
3(680 753 625)
3(680 752 753)
3(680 625 752)
3(536 715 291)
3(522 291 715)
3(70 707 793)
3(70 793 803)
3(70 803 707)
3(793 707 803)
3(640 739 679)
3(690 679 739)
3(640 690 739)
3(281 732 839)
3(505 281 839)
3(452 709 454)
3(452 451 709)
3(639 679 705)
3(640 639 705)
3(274 757 791)
3(274 791 727)
3(757 727 791)
3(274 727 757)
3(664 776 694)
3(664 694 772)
3(273 803 790)
3(273 790 711)
3(273 711 803)
3(219 748 693)
3(219 693 474)
3(474 693 748)
3(219 474 748)
3(223 735 130)
3(223 130 731)
3(731 130 735)
3(723 91 815)
3(706 723 815)
3(706 815 91)
3(530 321 679)
3(153 151 712)
3(153 795 151)
3(153 712 795)
3(450 431 730)
3(176 450 730)
3(322 572 767)
3(413 322 767)
3(155 712 556)
3(131 735 130)
3(402 404 711)
3(402 790 404)
3(402 711 790)
3(681 754 427)
3(681 741 754)
3(438 710 728)
3(438 800 710)
3(728 710 800)
3(438 728 800)
3(378 691 531)
3(219 736 693)
3(219 748 736)
3(693 736 748)
3(672 794 822)
3(672 702 794)
3(672 822 702)
3(181 727 507)
3(507 727 791)
3(181 507 791)
3(260 713 783)
3(783 713 820)
3(260 820 713)
3(521 727 507)
3(659 651 720)
3(651 649 720)
3(543 699 717)
3(543 721 699)
3(717 699 721)
3(505 104 707)
3(104 103 707)
3(490 543 717)
3(546 490 717)
3(594 392 786)
3(91 786 392)
3(609 651 720)
3(609 659 651)
3(608 649 695)
3(100 608 695)
3(100 695 649)
3(100 649 608)
3(258 791 274)
3(258 274 757)
3(258 757 791)
3(196 780 195)
3(196 195 696)
3(427 741 221)
3(466 784 786)
3(466 465 784)
3(466 786 465)
3(227 760 711)
3(227 711 840)
3(227 840 760)
3(509 130 731)
3(509 731 223)
3(781 712 802)
3(422 712 781)
3(422 781 802)
3(179 755 187)
3(179 187 774)
3(187 755 774)
3(668 700 817)
3(668 817 743)
3(695 608 770)
3(649 695 770)
3(649 770 608)
3(310 708 813)
3(708 788 813)
3(310 813 788)
3(135 221 741)
3(135 741 771)
3(216 801 706)
3(216 706 795)
3(216 795 801)
3(795 706 801)
3(100 770 695)
3(100 608 770)
3(454 709 812)
3(454 812 731)
3(709 731 812)
3(500 473 740)
3(380 698 827)
3(698 826 827)
3(380 827 826)
3(335 795 758)
3(335 758 533)
3(533 758 795)
3(335 533 795)
3(537 706 216)
3(537 216 801)
3(145 449 773)
3(148 145 773)
3(148 773 449)
3(163 164 745)
3(164 165 745)
3(260 252 744)
3(260 783 252)
3(744 252 783)
3(537 795 216)
3(537 706 795)
3(636 601 739)
3(636 645 601)
3(636 739 645)
3(758 706 795)
3(335 795 706)
3(471 473 729)
3(472 471 729)
3(517 560 741)
3(452 709 812)
3(454 452 812)
3(720 695 770)
3(751 220 757)
3(683 757 220)
3(683 751 757)
3(683 220 751)
3(427 138 681)
3(136 681 138)
3(157 801 155)
3(476 802 722)
3(476 722 814)
3(133 732 771)
3(135 732 133)
3(135 133 771)
3(135 771 732)
3(195 197 780)
3(700 346 716)
3(716 346 734)
3(700 734 346)
3(700 716 734)
3(217 742 758)
3(217 758 484)
3(217 484 742)
3(742 484 758)
3(130 509 735)
3(501 130 735)
3(153 186 712)
3(641 639 679)
3(641 705 639)
3(641 679 705)
3(715 663 797)
3(715 808 663)
3(797 663 808)
3(746 706 815)
3(338 815 706)
3(338 746 815)
3(578 688 743)
3(743 688 818)
3(578 818 688)
3(354 745 798)
3(354 798 762)
3(745 762 798)
3(564 697 767)
3(236 767 697)
3(236 697 564)
3(236 564 767)
3(717 752 680)
3(717 680 745)
3(526 311 788)
3(526 788 831)
3(526 831 311)
3(235 764 238)
3(235 238 824)
3(235 824 764)
3(218 219 693)
3(219 199 693)
3(218 693 199)
3(138 754 427)
3(440 704 797)
3(440 797 168)
3(440 168 704)
3(704 168 797)
3(257 220 757)
3(257 751 220)
3(257 757 751)
3(218 736 693)
3(218 219 736)
3(710 821 438)
3(728 438 821)
3(710 728 821)
3(480 755 187)
3(23 74 670)
3(23 708 74)
3(101 626 690)
3(690 626 705)
3(101 705 626)
3(273 803 401)
3(273 401 790)
3(724 678 731)
3(731 678 834)
3(724 834 678)
3(441 799 752)
3(441 763 799)
3(441 752 763)
3(763 752 799)
3(70 775 793)
3(70 707 775)
3(775 707 793)
3(684 758 217)
3(684 742 758)
3(684 217 742)
3(143 769 682)
3(143 141 769)
3(143 682 141)
3(145 759 773)
3(145 449 759)
3(759 449 773)
3(530 679 635)
3(530 635 643)
3(765 822 828)
3(364 822 765)
3(364 765 828)
3(243 221 741)
3(243 741 135)
3(677 840 790)
3(677 790 711)
3(470 789 684)
3(470 738 789)
3(738 684 789)
3(678 732 735)
3(678 836 732)
3(75 703 727)
3(75 727 830)
3(75 830 703)
3(727 703 830)
3(368 708 751)
3(74 708 368)
3(74 368 751)
3(509 834 512)
3(509 512 731)
3(366 688 805)
3(366 737 688)
3(366 805 737)
3(717 164 745)
3(163 164 717)
3(314 740 520)
3(314 520 700)
3(684 671 759)
3(684 773 671)
3(759 671 773)
3(684 759 773)
3(704 798 440)
3(704 797 798)
3(797 440 798)
3(642 640 739)
3(262 700 729)
3(262 829 700)
3(262 729 829)
3(729 700 829)
3(697 792 564)
3(697 767 792)
3(767 564 792)
3(109 707 832)
3(109 832 836)
3(832 707 836)
3(109 836 707)
3(723 675 784)
3(723 786 675)
3(784 675 786)
3(736 662 748)
3(692 748 662)
3(674 826 698)
3(674 730 826)
3(674 698 730)
3(231 233 692)
3(692 233 748)
3(231 748 233)
3(295 699 721)
3(295 721 296)
3(601 52 690)
3(645 52 601)
3(125 697 767)
3(125 837 697)
3(125 767 837)
3(767 697 837)
3(202 685 801)
3(156 685 202)
3(156 801 685)
3(156 202 801)
3(229 737 738)
3(229 738 208)
3(229 208 737)
3(466 686 786)
3(466 784 686)
3(686 784 786)
3(663 704 715)
3(663 797 704)
3(213 810 421)
3(213 421 725)
3(213 725 810)
3(109 108 832)
3(108 707 832)
3(109 707 108)
3(166 797 168)
3(166 440 797)
3(654 695 656)
3(654 656 691)
3(654 691 695)
3(213 810 195)
3(258 791 727)
3(258 727 274)
3(781 823 303)
3(802 303 823)
3(781 303 802)
3(781 802 823)
3(400 31 680)
3(400 680 614)
3(148 147 684)
3(148 773 147)
3(148 684 773)
3(201 764 693)
3(201 210 764)
3(181 171 794)
3(181 702 171)
3(225 498 749)
3(749 498 764)
3(225 764 498)
3(742 671 759)
3(684 671 742)
3(84 679 635)
3(84 530 679)
3(84 635 530)
3(441 717 752)
3(441 799 717)
3(752 717 799)
3(335 333 758)
3(333 334 758)
3(109 832 486)
3(486 832 836)
3(109 486 836)
3(35 723 91)
3(35 91 815)
3(587 775 344)
3(587 344 724)
3(724 344 775)
3(587 724 775)
3(470 773 208)
3(470 208 738)
3(370 703 75)
3(370 75 827)
3(75 703 827)
3(536 808 291)
3(715 291 808)
3(441 717 203)
3(441 203 752)
3(714 662 736)
3(714 756 662)
3(443 714 749)
3(749 714 820)
3(443 820 714)
3(443 749 820)
3(757 674 791)
3(727 791 674)
3(669 839 771)
3(669 771 732)
3(669 732 839)
3(732 771 839)
3(370 757 274)
3(370 274 727)
3(400 753 680)
3(400 31 753)
3(694 687 764)
3(694 824 687)
3(694 764 824)
3(380 629 698)
3(698 629 730)
3(380 730 629)
3(137 771 473)
3(137 681 771)
3(346 716 383)
3(346 383 700)
3(197 693 780)
3(198 693 197)
3(136 681 137)
3(726 782 785)
3(336 785 782)
3(336 782 726)
3(336 726 785)
3(691 664 825)
3(664 772 825)
3(202 685 746)
3(746 685 801)
3(202 746 801)
3(370 727 75)
3(687 662 764)
3(662 749 764)
3(687 749 662)
3(371 698 751)
3(751 698 757)
3(371 751 757)
3(245 710 438)
3(245 800 710)
3(245 438 800)
3(22 806 23)
3(22 728 806)
3(22 23 728)
3(728 23 806)
3(540 797 808)
3(540 536 797)
3(540 808 536)
3(678 731 775)
3(678 775 724)
3(731 724 775)
3(207 682 817)
3(207 817 743)
3(682 743 817)
3(186 816 712)
3(186 789 816)
3(789 712 816)
3(125 697 236)
3(125 236 767)
3(238 498 749)
3(525 217 758)
3(525 758 484)
3(760 711 792)
3(227 760 792)
3(227 792 711)
3(545 685 746)
3(545 202 685)
3(545 746 202)
3(716 681 741)
3(716 754 681)
3(23 74 698)
3(328 742 327)
3(327 742 785)
3(679 407 705)
3(679 760 407)
3(679 705 760)
3(705 407 760)
3(542 301 722)
3(133 735 732)
3(133 446 735)
3(133 732 446)
3(503 251 696)
3(696 251 744)
3(503 696 744)
3(503 744 251)
3(711 792 677)
3(760 677 792)
3(149 470 789)
3(149 789 684)
3(731 678 735)
3(685 763 545)
3(746 545 763)
3(685 746 763)
3(550 476 685)
3(550 685 802)
3(550 802 476)
3(203 717 164)
3(203 164 745)
3(675 706 758)
3(675 758 786)
3(675 786 706)
3(255 791 683)
3(178 683 791)
3(255 683 178)
3(255 178 791)
3(669 741 771)
3(771 741 839)
3(518 740 520)
3(518 314 740)
3(594 334 706)
3(594 786 334)
3(633 739 532)
3(633 532 643)
3(486 108 832)
3(784 723 816)
3(675 816 723)
3(675 784 816)
3(163 699 183)
3(165 183 699)
3(217 148 684)
3(148 449 684)
3(217 684 449)
3(129 729 735)
3(131 729 129)
3(131 129 735)
3(353 752 352)
3(353 680 752)
3(133 735 771)
3(735 732 771)
3(199 693 474)
3(428 694 776)
3(428 430 694)
3(428 776 430)
3(135 732 447)
3(133 447 732)
3(729 771 129)
3(735 129 771)
3(729 735 771)
3(77 463 721)
3(77 753 463)
3(420 271 754)
3(420 754 568)
3(454 587 775)
3(454 775 344)
3(202 158 685)
3(156 685 158)
3(435 764 694)
3(435 694 748)
3(748 694 764)
3(435 748 764)
3(402 455 711)
3(455 404 711)
3(545 158 685)
3(697 119 761)
3(120 697 761)
3(120 119 697)
3(120 761 119)
3(534 378 772)
3(534 691 378)
3(205 682 817)
3(205 817 207)
3(96 790 837)
3(96 414 790)
3(96 837 414)
3(362 701 822)
3(362 822 364)
3(362 364 701)
3(725 778 819)
3(510 819 778)
3(510 725 819)
3(510 778 725)
3(683 255 757)
3(683 757 791)
3(757 255 791)
3(673 802 712)
3(673 801 802)
3(673 712 801)
3(312 708 515)
3(312 519 708)
3(255 220 683)
3(255 757 220)
3(647 656 695)
3(531 647 695)
3(531 656 647)
3(220 179 683)
3(220 683 480)
3(759 726 785)
3(282 785 726)
3(282 726 759)
3(684 433 795)
3(150 433 684)
3(150 795 433)
3(677 768 790)
3(677 690 768)
3(677 790 690)
3(126 836 448)
3(126 448 733)
3(733 448 836)
3(227 404 840)
3(227 711 404)
3(497 104 707)
3(186 816 561)
3(712 561 816)
3(186 561 712)
3(733 832 836)
3(486 733 836)
3(486 832 733)
3(402 790 840)
3(402 840 404)
3(473 134 771)
3(137 771 134)
3(256 220 757)
3(257 256 757)
3(262 520 729)
3(262 700 520)
3(121 236 697)
3(121 697 564)
3(697 119 747)
3(747 119 761)
3(697 747 761)
3(707 724 733)
3(724 678 733)
3(707 678 724)
3(707 733 678)
3(667 724 733)
3(667 707 724)
3(667 733 707)
3(723 673 815)
3(723 823 673)
3(815 673 823)
3(635 639 679)
3(641 635 679)
3(691 664 695)
3(695 664 825)
3(807 76 808)
3(461 808 76)
3(461 76 807)
3(235 764 225)
3(410 679 635)
3(410 84 679)
3(410 635 84)
3(193 696 831)
3(696 194 831)
3(193 831 194)
3(193 194 696)
3(561 789 816)
3(186 789 561)
3(208 773 206)
3(208 206 737)
3(737 206 773)
3(428 694 824)
3(694 776 824)
3(428 824 776)
3(311 515 708)
3(311 755 515)
3(707 733 832)
3(707 836 733)
3(517 741 568)
3(517 568 716)
3(218 780 693)
3(736 693 780)
3(218 736 780)
3(597 679 530)
3(597 321 679)
3(260 744 254)
3(254 744 820)
3(260 254 820)
3(718 778 819)
3(718 725 778)
3(718 819 725)
3(178 683 779)
3(178 779 791)
3(779 683 791)
3(43 734 517)
3(43 716 734)
3(43 517 716)
3(443 714 72)
3(72 714 749)
3(443 72 749)
3(76 808 750)
3(76 750 807)
3(807 750 808)
3(704 215 798)
3(798 215 822)
3(704 798 822)
3(704 822 215)
3(671 785 682)
3(688 682 785)
3(671 682 688)
3(201 693 783)
3(201 783 209)
3(616 691 531)
3(616 378 691)
3(119 792 697)
3(747 697 792)
3(119 747 792)
3(128 446 735)
3(133 128 735)
3(43 734 44)
3(259 274 757)
3(258 259 757)
3(328 759 484)
3(328 484 742)
3(683 177 779)
3(176 779 177)
3(560 45 812)
3(44 812 45)
3(688 785 726)
3(688 782 785)
3(688 726 782)
3(684 433 758)
3(684 758 795)
3(758 433 795)
3(492 803 719)
3(492 401 803)
3(492 719 401)
3(476 302 722)
3(476 802 302)
3(722 302 802)
3(386 778 819)
3(386 819 718)
3(386 718 778)
3(254 252 744)
3(434 474 693)
3(434 748 474)
3(586 739 767)
3(617 739 586)
3(617 586 767)
3(699 808 540)
3(699 540 797)
3(699 797 808)
3(699 797 165)
3(745 165 797)
3(699 745 797)
3(23 698 24)
3(375 24 698)
3(616 691 656)
3(616 656 531)
3(647 654 695)
3(334 786 332)
3(334 332 758)
3(793 492 803)
3(719 492 793)
3(719 793 803)
3(317 737 738)
3(229 317 738)
3(229 737 317)
3(344 731 589)
3(512 589 731)
3(178 220 683)
3(760 404 840)
3(227 404 760)
3(193 696 810)
3(810 696 831)
3(193 810 831)
3(687 662 694)
3(694 662 764)
3(353 762 625)
3(353 625 680)
3(680 625 762)
3(149 684 148)
3(477 251 696)
3(503 477 696)
3(85 532 739)
3(617 85 739)
3(475 713 210)
3(475 209 713)
3(629 698 827)
3(629 827 380)
3(288 727 794)
3(288 287 727)
3(419 692 369)
3(369 692 756)
3(419 369 756)
3(226 472 729)
3(226 740 472)
3(669 829 735)
3(669 735 729)
3(669 729 829)
3(45 839 812)
3(45 709 839)
3(45 812 709)
3(709 812 839)
3(542 77 721)
3(542 804 77)
3(671 726 682)
3(682 726 785)
3(671 785 726)
3(177 683 774)
3(177 774 431)
3(121 125 697)
3(744 444 820)
3(718 444 744)
3(718 820 444)
3(718 744 820)
3(211 693 764)
3(434 693 211)
3(434 211 764)
3(749 713 820)
3(714 713 749)
3(714 820 713)
3(454 731 589)
3(454 344 731)
3(433 217 684)
3(433 758 217)
3(150 217 684)
3(267 233 692)
3(729 471 771)
3(473 771 471)
3(671 726 759)
3(671 759 682)
3(688 682 726)
3(826 730 835)
3(280 835 730)
3(280 730 826)
3(280 826 835)
3(492 70 793)
3(492 803 70)
3(410 641 635)
3(410 679 641)
3(500 740 769)
3(500 769 139)
3(740 139 769)
3(156 157 685)
3(156 801 157)
3(592 695 770)
3(592 770 825)
3(770 695 825)
3(592 825 695)
3(700 325 829)
3(262 325 700)
3(262 829 325)
3(75 727 469)
3(469 727 830)
3(75 469 830)
3(201 211 693)
3(201 764 211)
3(737 805 317)
3(737 738 805)
3(738 317 805)
3(438 249 710)
3(245 710 249)
3(407 705 410)
3(407 410 679)
3(679 410 705)
3(446 836 448)
3(490 699 717)
3(490 543 699)
3(101 538 690)
3(626 690 538)
3(211 694 435)
3(211 764 694)
3(211 435 764)
3(162 717 203)
3(162 441 717)
3(226 518 740)
3(414 99 690)
3(690 99 768)
3(414 768 99)
3(550 814 685)
3(550 476 814)
3(767 739 768)
3(679 767 768)
3(679 768 739)
3(45 839 560)
3(687 692 694)
3(687 662 692)
3(692 662 694)
3(696 194 788)
3(696 788 831)
3(788 194 831)
3(84 597 679)
3(262 224 729)
3(224 520 729)
3(723 468 784)
3(723 816 468)
3(784 468 816)
3(649 658 695)
3(100 695 658)
3(100 658 649)
3(666 780 783)
3(666 696 780)
3(666 783 696)
3(730 835 439)
3(730 779 835)
3(730 439 779)
3(779 439 835)
3(545 763 799)
3(545 799 441)
3(545 441 763)
3(352 351 752)
3(353 752 351)
3(328 759 483)
3(484 483 759)
3(478 769 141)
3(478 726 769)
3(118 116 733)
3(126 733 116)
3(579 383 716)
3(579 716 818)
3(579 818 383)
3(498 764 713)
3(749 713 764)
3(498 713 749)
3(674 827 698)
3(674 826 827)
3(440 704 215)
3(440 215 798)
3(575 782 785)
3(688 782 575)
3(688 575 785)
3(398 497 732)
3(281 398 732)
3(252 713 783)
3(260 713 252)
3(682 481 769)
3(143 769 481)
3(143 481 682)
3(626 840 690)
3(705 690 840)
3(626 705 840)
3(365 611 695)
3(531 695 611)
3(283 789 470)
3(283 470 738)
3(283 738 789)
3(490 717 814)
3(490 814 546)
3(183 699 717)
3(490 699 183)
3(490 183 717)
3(581 69 686)
3(686 69 786)
3(581 786 69)
3(279 730 835)
3(279 439 730)
3(279 835 439)
3(759 143 773)
3(682 773 143)
3(682 759 773)
3(682 143 759)
3(611 695 825)
3(611 825 365)
3(471 129 729)
3(471 771 129)
3(700 734 829)
3(700 325 734)
3(734 325 829)
3(128 126 735)
3(238 347 687)
3(238 749 347)
3(687 347 749)
3(501 735 127)
3(501 127 834)
3(510 819 386)
3(510 386 778)
3(768 837 677)
3(790 677 837)
3(251 783 696)
3(251 744 783)
3(744 696 783)
3(638 639 705)
3(640 638 705)
3(200 196 783)
3(198 200 783)
3(273 402 711)
3(273 790 402)
3(363 701 364)
3(363 364 828)
3(363 828 701)
3(179 180 774)
3(180 187 774)
3(361 762 798)
3(361 798 701)
3(762 701 798)
3(361 701 762)
3(295 543 721)
3(295 699 543)
3(629 275 698)
3(629 730 275)
3(47 793 70)
3(47 775 793)
3(47 70 775)
3(545 685 799)
3(685 763 799)
3(169 794 488)
3(171 488 794)
3(678 709 836)
3(678 707 709)
3(678 836 707)
3(152 153 795)
3(152 795 151)
3(570 705 101)
3(570 637 705)
3(570 101 637)
3(499 470 789)
3(149 499 789)
3(201 434 693)
3(158 799 545)
3(158 685 799)
3(550 814 799)
3(550 799 685)
3(685 799 814)
3(621 703 765)
3(621 765 826)
3(621 826 703)
3(765 703 826)
3(119 564 697)
3(119 792 564)
3(674 730 835)
3(674 835 826)
3(398 836 732)
3(398 497 836)
3(162 717 164)
3(203 547 752)
3(548 752 547)
3(620 744 444)
3(620 820 744)
3(620 444 820)
3(48 70 793)
3(492 48 793)
3(71 756 714)
3(71 714 419)
3(71 419 756)
3(670 698 730)
3(698 683 730)
3(670 730 683)
3(670 683 698)
3(558 765 702)
3(214 702 765)
3(558 702 214)
3(558 214 765)
3(38 786 466)
3(38 686 786)
3(38 466 686)
3(714 72 820)
3(443 820 72)
3(123 724 811)
3(240 724 123)
3(240 123 811)
3(240 811 724)
3(407 705 588)
3(410 588 705)
3(354 745 360)
3(354 360 798)
3(360 745 798)
3(620 744 718)
3(620 718 444)
3(311 312 708)
3(662 693 748)
3(662 764 693)
3(662 748 764)
3(690 790 840)
3(790 51 840)
3(690 840 51)
3(665 721 753)
3(665 753 804)
3(145 143 773)
3(145 759 143)
3(123 724 761)
3(123 761 811)
3(761 724 811)
3(96 790 719)
3(96 719 837)
3(719 790 837)
3(443 749 713)
3(443 713 820)
3(664 687 692)
3(664 694 687)
3(664 692 694)
3(424 725 821)
3(424 810 725)
3(725 810 821)
3(424 821 810)
3(492 49 719)
3(492 793 49)
3(719 49 793)
3(733 724 834)
3(733 724 761)
3(733 761 834)
3(761 724 834)
3(388 827 698)
3(388 698 371)
3(388 371 827)
3(336 785 575)
3(336 575 782)
3(45 92 839)
3(92 709 839)
3(45 709 92)
3(50 414 790)
3(96 50 790)
3(767 586 768)
3(739 768 586)
3(555 822 798)
3(555 798 215)
3(555 215 822)
3(558 822 702)
3(558 765 822)
3(765 702 822)
3(710 800 222)
3(774 222 800)
3(710 222 774)
3(710 774 800)
3(297 721 543)
3(297 546 721)
3(30 762 750)
3(30 750 614)
3(30 614 762)
3(280 279 730)
3(280 835 279)
3(106 707 832)
3(106 832 108)
3(106 108 707)
3(579 346 716)
3(206 204 773)
3(208 773 204)
3(72 714 756)
3(714 749 756)
3(72 756 749)
3(700 668 716)
3(716 668 818)
3(696 744 788)
3(744 503 788)
3(696 788 503)
3(538 690 607)
3(697 122 761)
3(761 122 811)
3(697 811 122)
3(697 761 811)
3(559 303 781)
3(559 781 823)
3(559 823 303)
3(673 722 685)
3(673 689 722)
3(689 685 722)
3(673 685 689)
3(730 450 774)
3(431 774 450)
3(366 688 574)
3(366 574 805)
3(574 688 805)
3(738 671 773)
3(737 671 738)
3(737 773 671)
3(211 694 228)
3(435 228 694)
3(682 688 737)
3(682 737 671)
3(116 761 115)
3(116 117 761)
3(117 115 761)
3(163 717 183)
3(629 698 412)
3(412 698 827)
3(629 412 827)
3(563 723 823)
3(563 823 781)
3(723 781 823)
3(563 781 723)
3(784 603 805)
3(738 784 805)
3(738 805 603)
3(738 603 784)
3(533 333 758)
3(48 47 793)
3(447 243 732)
3(135 732 243)
3(694 436 772)
3(430 772 436)
3(430 436 694)
3(759 671 785)
3(673 706 746)
3(673 746 801)
3(673 801 706)
3(373 688 743)
3(373 743 578)
3(373 578 688)
3(658 695 657)
3(341 746 763)
3(341 689 746)
3(341 763 689)
3(746 689 763)
3(677 840 679)
3(677 679 690)
3(677 690 840)
3(690 679 840)
3(30 807 750)
3(762 750 807)
3(30 762 807)
3(280 730 380)
3(280 380 826)
3(477 696 783)
3(477 783 196)
3(477 196 696)
3(122 120 697)
3(122 761 120)
3(267 692 369)
3(249 710 821)
3(249 821 438)
3(581 686 838)
3(581 838 742)
3(686 742 838)
3(512 240 834)
3(285 512 834)
3(285 834 240)
3(46 451 709)
3(452 46 709)
3(733 118 761)
3(116 733 761)
3(116 761 118)
3(543 699 183)
3(441 799 162)
3(717 162 799)
3(121 119 697)
3(120 121 697)
3(555 822 701)
3(798 701 822)
3(555 701 798)
3(51 99 690)
3(555 822 362)
3(555 362 701)
3(667 761 733)
3(667 724 761)
3(607 690 52)
3(607 52 634)
3(494 737 207)
3(494 743 737)
3(494 207 743)
3(118 761 834)
3(295 297 721)
3(106 803 832)
3(106 707 803)
3(803 707 832)
3(178 177 779)
3(178 683 177)
3(690 99 739)
3(739 99 768)
3(690 739 768)
3(724 240 834)
3(512 240 724)
3(66 716 782)
3(66 782 818)
3(66 818 716)
3(782 716 818)
3(39 574 838)
3(39 838 805)
3(39 805 574)
3(574 805 838)
3(115 761 733)
3(115 733 747)
3(115 747 761)
3(747 733 761)
3(692 234 748)
3(233 234 692)
3(233 748 234)
3(724 123 834)
3(240 834 123)
3(566 371 698)
3(566 698 751)
3(566 751 371)
3(116 733 115)
3(411 725 821)
3(424 725 411)
3(424 411 821)
3(140 138 769)
3(140 754 138)
3(138 754 769)
3(232 748 233)
3(232 231 748)
3(678 732 731)
3(731 732 735)
3(706 815 673)
3(746 673 815)
3(580 716 346)
3(580 734 716)
3(580 346 734)
3(621 828 765)
3(621 703 828)
3(703 765 828)
3(370 727 469)
3(420 427 754)
3(361 762 359)
3(359 762 798)
3(361 359 798)
3(709 731 732)
3(731 669 732)
3(709 669 731)
3(709 732 669)
3(678 732 709)
3(678 709 731)
3(669 735 731)
3(669 732 735)
3(227 408 792)
3(408 760 792)
3(227 760 408)
3(199 693 780)
3(197 693 199)
3(197 199 780)
3(467 784 805)
3(467 686 784)
3(784 686 805)
3(467 805 686)
3(106 803 108)
3(108 803 832)
3(158 157 685)
3(251 783 477)
3(679 760 840)
3(677 760 679)
3(673 802 685)
3(673 722 802)
3(490 799 814)
3(490 717 799)
3(799 717 814)
3(481 817 682)
3(481 769 817)
3(769 682 817)
3(722 673 823)
3(689 722 823)
3(689 823 673)
3(18 756 72)
3(18 714 756)
3(18 72 714)
3(730 670 800)
3(730 244 774)
3(450 244 730)
3(450 774 244)
3(109 707 106)
3(123 834 761)
3(302 722 814)
3(302 814 476)
3(358 762 359)
3(358 361 762)
3(577 327 838)
3(577 785 327)
3(577 838 785)
3(327 785 838)
3(219 748 231)
3(219 231 736)
3(245 222 710)
3(245 800 222)
3(721 491 750)
3(463 491 721)
3(463 750 491)
3(321 767 597)
3(679 597 767)
3(665 680 721)
3(665 717 680)
3(680 717 721)
3(665 721 717)
3(669 681 734)
3(681 729 734)
3(669 729 681)
3(669 734 729)
3(712 673 781)
3(781 673 802)
3(682 726 668)
3(682 668 688)
3(688 668 726)
3(218 780 199)
3(694 228 764)
3(211 764 228)
3(259 370 757)
3(341 746 342)
3(341 342 763)
3(342 746 763)
3(679 768 677)
3(679 690 768)
3(710 774 188)
3(710 188 755)
3(710 755 774)
3(755 188 774)
3(713 693 714)
3(662 714 693)
3(662 713 714)
3(662 693 713)
3(184 799 814)
3(184 490 799)
3(184 814 490)
3(468 784 465)
3(468 465 723)
3(450 730 779)
3(450 779 176)
3(28 830 828)
3(27 828 830)
3(28 27 830)
3(28 828 27)
3(694 436 748)
3(748 436 772)
3(694 748 772)
3(569 754 716)
3(569 568 754)
3(569 716 568)
3(224 729 829)
3(262 224 829)
3(35 723 36)
3(91 36 723)
3(649 14 608)
3(608 14 770)
3(693 666 713)
3(713 666 714)
3(693 714 666)
3(31 30 750)
3(123 761 122)
3(123 122 811)
3(802 722 823)
3(303 823 722)
3(303 722 802)
3(702 765 835)
3(214 702 835)
3(214 835 765)
3(177 179 774)
3(177 683 179)
3(481 142 769)
3(143 769 142)
3(206 494 737)
3(173 702 791)
3(173 779 702)
3(702 779 791)
3(173 791 779)
3(561 789 514)
3(561 514 816)
3(514 789 816)
3(683 674 698)
3(683 730 674)
3(676 708 831)
3(676 788 708)
3(676 831 788)
3(603 805 467)
3(603 467 784)
3(298 750 721)
3(298 491 750)
3(298 721 491)
3(128 771 133)
3(128 735 771)
3(181 791 173)
3(181 173 702)
3(669 829 731)
3(729 700 734)
3(729 734 829)
3(213 423 725)
3(423 421 725)
3(189 710 774)
3(189 188 710)
3(189 774 188)
3(577 329 838)
3(329 327 838)
3(720 809 88)
3(776 88 809)
3(720 88 776)
3(720 776 809)
3(18 756 17)
3(72 17 756)
3(435 436 748)
3(435 694 436)
3(527 520 700)
3(723 78 823)
3(35 78 723)
3(35 823 78)
3(672 794 830)
3(715 794 672)
3(715 672 830)
3(673 706 723)
3(696 676 718)
3(696 718 725)
3(718 676 725)
3(696 725 676)
3(24 74 698)
3(39 40 838)
3(40 574 838)
3(697 485 837)
3(125 837 485)
3(125 485 697)
3(28 830 766)
3(828 766 830)
3(28 766 828)
3(341 815 746)
3(341 689 815)
3(689 746 815)
3(668 700 740)
3(668 740 817)
3(168 704 215)
3(46 775 709)
3(46 451 775)
3(558 172 702)
3(558 822 172)
3(291 794 522)
3(291 715 794)
3(198 693 199)
3(569 716 782)
3(66 569 782)
3(66 716 569)
3(726 277 782)
3(336 782 277)
3(336 277 726)
3(600 91 706)
3(600 706 815)
3(600 815 91)
3(671 684 738)
3(354 762 359)
3(354 358 762)
3(517 331 741)
3(331 560 741)
3(154 795 153)
3(154 712 795)
3(154 153 712)
3(244 774 800)
3(244 800 730)
3(774 730 800)
3(684 784 675)
3(684 686 784)
3(684 675 686)
3(686 675 784)
3(441 355 763)
3(441 752 355)
3(355 752 763)
3(718 696 813)
3(676 813 696)
3(676 718 813)
3(146 773 143)
3(146 682 773)
3(146 143 682)
3(244 222 800)
3(244 774 222)
3(561 712 781)
3(422 712 561)
3(422 561 781)
3(362 822 557)
3(364 557 822)
3(175 178 779)
3(175 791 178)
3(175 779 791)
3(710 670 728)
3(710 800 670)
3(711 112 792)
3(227 792 112)
3(227 112 711)
3(681 734 741)
3(681 741 669)
3(692 234 772)
3(234 748 772)
3(692 772 748)
3(534 772 436)
3(716 681 734)
3(185 550 685)
3(185 802 550)
3(334 786 583)
3(332 583 786)
3(182 794 169)
3(182 169 704)
3(368 708 519)
3(368 519 751)
3(354 798 359)
3(492 273 803)
3(375 67 728)
3(374 728 67)
3(477 783 200)
3(338 815 337)
3(706 337 815)
3(338 337 706)
3(175 177 779)
3(487 181 791)
3(487 791 173)
3(373 688 737)
3(373 737 743)
3(737 688 743)
3(703 702 835)
3(674 702 703)
3(674 703 835)
3(674 835 702)
3(491 721 77)
3(810 190 831)
3(710 190 810)
3(710 831 190)
3(710 810 831)
3(157 550 685)
3(592 100 770)
3(592 695 100)
3(550 814 184)
3(550 184 799)
3(540 489 797)
3(489 536 797)
3(182 794 488)
3(685 673 801)
3(668 681 700)
3(668 716 681)
3(700 681 716)
3(693 796 780)
3(693 780 666)
3(666 780 796)
3(693 666 796)
3(690 538 840)
3(626 840 538)
3(67 728 23)
3(204 773 205)
3(206 205 773)
3(256 255 757)
3(83 51 840)
3(83 790 51)
3(83 840 790)
3(393 69 686)
3(393 686 581)
3(66 782 573)
3(573 782 818)
3(66 573 818)
3(471 131 729)
3(390 714 736)
3(390 419 714)
3(390 736 419)
3(152 154 795)
3(306 303 781)
3(559 306 781)
3(286 288 727)
3(286 727 794)
3(286 794 288)
3(780 736 796)
3(693 796 736)
3(795 154 801)
3(712 795 801)
3(712 801 154)
3(301 300 814)
3(299 814 300)
3(290 830 289)
3(290 715 830)
3(290 289 715)
3(490 163 717)
3(154 801 216)
3(154 216 795)
3(87 695 531)
3(87 647 695)
3(87 531 647)
3(38 69 686)
3(393 38 686)
3(118 117 761)
3(662 736 693)
3(714 693 736)
3(415 414 768)
3(415 768 99)
3(703 702 765)
3(703 765 835)
3(438 728 374)
3(438 374 800)
3(132 128 771)
3(132 771 133)
3(273 455 711)
3(744 696 813)
3(718 696 744)
3(718 744 813)
3(684 789 675)
3(684 784 789)
3(784 675 789)
3(275 800 374)
3(293 808 699)
3(293 699 295)
3(293 295 808)
3(295 699 808)
3(710 708 831)
3(676 708 710)
3(676 710 831)
3(293 540 699)
3(293 808 540)
3(653 720 691)
3(653 809 720)
3(691 720 809)
3(653 691 809)
3(670 730 774)
3(432 537 801)
3(541 432 801)
3(467 686 466)
3(467 466 784)
3(340 746 815)
3(340 815 338)
3(340 338 746)
3(679 410 760)
3(572 760 410)
3(572 410 679)
3(572 679 760)
3(693 783 666)
3(103 707 70)
3(104 70 707)
3(569 754 782)
3(754 716 782)
3(432 216 801)
3(103 775 70)
3(561 816 781)
3(712 781 816)
3(186 789 514)
3(604 776 809)
3(604 809 691)
3(776 691 809)
3(671 785 742)
3(323 748 436)
3(323 772 748)
3(323 436 772)
3(726 668 769)
3(682 769 668)
3(701 704 798)
3(701 822 704)
3(340 341 746)
3(340 746 342)
3(560 92 839)
3(295 540 699)
3(234 692 825)
3(233 234 825)
3(233 825 692)
3(160 799 441)
3(160 545 799)
3(132 735 771)
3(132 128 735)
3(314 817 518)
3(740 518 817)
3(680 753 665)
3(400 753 625)
3(400 625 680)
3(466 468 784)
3(778 725 821)
3(411 778 821)
3(411 725 778)
3(811 485 837)
3(697 485 811)
3(697 811 837)
3(303 305 781)
3(781 305 802)
3(303 802 305)
3(600 594 706)
3(663 680 699)
3(663 750 680)
3(699 680 750)
3(663 699 750)
3(503 744 253)
3(251 253 744)
3(702 703 727)
3(702 727 674)
3(401 49 719)
3(548 745 360)
3(207 314 743)
3(207 817 314)
3(34 823 689)
3(34 689 804)
3(34 804 823)
3(804 689 823)
3(212 824 428)
3(212 428 694)
3(212 694 824)
3(458 825 770)
3(458 787 825)
3(787 770 825)
3(458 770 787)
3(198 783 201)
3(198 201 693)
3(232 748 234)
3(239 123 811)
3(240 239 811)
3(802 673 823)
3(648 809 88)
3(648 720 809)
3(648 88 720)
3(177 180 774)
3(610 603 805)
3(610 805 467)
3(199 693 434)
3(48 793 49)
3(458 592 770)
3(458 825 592)
3(756 369 787)
3(692 756 787)
3(692 787 369)
3(475 713 783)
3(475 783 252)
3(475 252 713)
3(675 789 795)
3(675 712 789)
3(675 795 712)
3(692 687 756)
3(662 756 687)
3(293 808 536)
3(190 831 192)
3(190 192 810)
3(810 192 831)
3(200 783 201)
3(320 767 837)
3(320 837 125)
3(320 125 767)
3(710 708 728)
3(670 708 710)
3(152 795 150)
3(386 95 819)
3(510 819 95)
3(680 745 663)
3(680 699 745)
3(699 663 745)
3(711 697 719)
3(677 697 711)
3(677 711 719)
3(677 719 697)
3(363 701 362)
3(712 706 723)
3(673 712 723)
3(673 706 712)
3(706 723 675)
3(712 675 723)
3(706 675 712)
3(70 105 707)
3(707 105 803)
3(70 803 105)
3(483 282 759)
3(678 709 775)
3(446 447 732)
3(389 819 725)
3(389 725 796)
3(796 725 819)
3(389 796 819)
3(707 724 793)
3(707 793 667)
3(724 667 793)
3(710 708 755)
3(710 755 831)
3(249 222 710)
3(229 738 237)
3(208 237 738)
3(181 488 794)
3(160 799 162)
3(50 51 790)
3(341 815 340)
3(549 609 720)
3(549 720 770)
3(549 770 609)
3(544 746 545)
3(544 763 746)
3(544 545 763)
3(347 687 824)
3(347 824 238)
3(487 791 178)
3(487 175 791)
3(466 37 786)
3(38 786 37)
3(407 410 760)
3(681 700 740)
3(681 740 668)
3(441 547 752)
3(313 708 813)
3(313 813 310)
3(313 310 708)
3(470 773 204)
3(499 283 789)
3(306 305 781)
3(130 129 735)
3(263 223 731)
3(263 829 223)
3(263 731 829)
3(555 822 557)
3(145 146 773)
3(708 728 676)
3(710 676 728)
3(516 76 808)
3(516 808 750)
3(516 750 76)
3(707 775 678)
3(230 736 780)
3(218 736 230)
3(218 230 780)
3(700 681 729)
3(700 734 681)
3(705 679 840)
3(519 257 751)
3(437 736 267)
3(437 419 736)
3(353 762 372)
3(625 372 762)
3(235 824 428)
3(235 212 824)
3(674 730 779)
3(674 779 835)
3(309 310 788)
3(309 788 311)
3(226 471 729)
3(516 461 808)
3(318 317 737)
3(318 737 805)
3(318 805 317)
3(357 238 749)
3(357 749 347)
3(287 290 830)
3(286 521 727)
3(286 727 507)
3(704 672 794)
3(704 822 672)
3(579 580 716)
3(653 655 691)
3(653 720 655)
3(691 655 720)
3(20 386 819)
3(20 718 386)
3(20 819 718)
3(714 820 19)
3(714 19 819)
3(819 19 820)
3(714 819 820)
3(704 701 715)
3(672 715 701)
3(672 704 715)
3(672 701 704)
3(701 715 663)
3(701 663 704)
3(707 724 775)
3(775 724 793)
3(476 553 802)
3(550 802 553)
3(665 752 680)
3(665 717 752)
3(16 687 756)
3(16 787 687)
3(756 687 787)
3(16 756 787)
3(495 785 575)
3(495 336 785)
3(183 699 797)
3(183 797 165)
3(706 801 712)
3(706 712 795)
3(475 713 764)
3(210 475 764)
3(632 588 705)
3(641 632 705)
3(641 588 632)
3(641 705 588)
3(202 544 746)
3(509 731 263)
3(633 739 85)
3(633 85 532)
3(286 287 727)
3(701 396 766)
3(701 828 396)
3(701 766 828)
3(766 396 828)
3(747 112 792)
3(711 747 792)
3(711 112 747)
3(772 692 825)
3(234 772 825)
3(329 328 742)
3(329 742 327)
3(397 703 826)
3(397 826 827)
3(397 827 703)
3(826 703 827)
3(276 782 241)
3(276 242 782)
3(542 491 721)
3(672 702 703)
3(672 727 702)
3(672 703 727)
3(684 738 784)
3(738 686 784)
3(684 686 738)
3(189 222 774)
3(189 710 222)
3(439 450 730)
3(439 779 450)
3(574 576 688)
3(574 688 373)
3(576 373 688)
3(651 102 720)
3(661 720 102)
3(661 651 720)
3(661 102 651)
3(424 423 725)
3(725 423 810)
3(424 810 423)
3(338 339 815)
3(340 815 339)
3(219 748 232)
3(475 209 783)
3(524 755 515)
3(524 311 755)
3(674 757 683)
3(674 698 757)
3(698 683 757)
3(298 750 296)
3(298 296 721)
3(207 315 743)
3(379 621 765)
3(379 826 621)
3(379 765 826)
3(606 16 687)
3(606 687 756)
3(606 756 16)
3(667 711 697)
3(667 719 711)
3(667 697 719)
3(500 472 740)
3(683 698 751)
3(285 509 834)
3(244 246 730)
3(730 246 800)
3(244 800 246)
3(214 172 702)
3(225 713 764)
3(225 475 713)
3(225 764 475)
3(38 69 786)
3(451 587 775)
3(161 799 490)
3(161 717 799)
3(161 490 717)
3(593 811 837)
3(593 719 811)
3(811 719 837)
3(593 837 719)
3(677 697 767)
3(677 792 697)
3(677 767 792)
3(313 806 813)
3(806 708 813)
3(313 708 806)
3(450 246 730)
3(393 686 838)
3(581 393 838)
3(16 98 687)
3(687 98 787)
3(16 787 98)
3(373 688 366)
3(373 366 737)
3(237 317 738)
3(326 529 700)
3(326 700 383)
3(620 820 254)
3(620 254 744)
3(229 206 737)
3(666 696 718)
3(666 725 696)
3(666 718 725)
3(435 323 748)
3(726 327 785)
3(282 327 726)
3(339 815 337)
3(697 837 677)
3(767 677 837)
3(270 243 741)
3(270 741 839)
3(270 839 243)
3(741 243 839)
3(676 788 813)
3(676 813 708)
3(489 183 699)
3(489 699 797)
3(489 797 183)
3(271 741 221)
3(668 740 754)
3(668 754 769)
3(668 769 740)
3(754 740 769)
3(132 771 129)
3(132 471 771)
3(190 810 425)
3(710 425 810)
3(190 425 710)
3(290 715 766)
3(766 715 830)
3(290 766 830)
3(32 463 753)
3(32 753 31)
3(127 130 735)
3(569 420 754)
3(568 331 741)
3(184 161 799)
3(780 230 796)
3(736 796 230)
3(758 675 795)
3(706 795 675)
3(651 655 720)
3(78 823 563)
3(78 563 723)
3(114 733 747)
3(114 115 733)
3(114 747 115)
3(230 219 736)
3(718 820 819)
3(718 819 444)
3(444 819 820)
3(697 711 792)
3(675 686 758)
3(675 758 684)
3(686 684 758)
3(661 535 720)
3(648 720 535)
3(648 661 720)
3(648 535 661)
3(30 76 750)
3(30 807 76)
3(687 692 787)
3(687 787 664)
3(692 664 787)
3(388 566 698)
3(698 566 827)
3(388 827 566)
3(337 594 706)
3(600 337 706)
3(552 440 745)
3(552 745 166)
3(440 166 745)
3(489 540 699)
3(540 183 699)
3(341 763 833)
3(341 833 689)
3(763 689 833)
3(563 823 559)
3(563 559 781)
3(334 706 337)
3(225 713 498)
3(351 605 753)
3(605 625 753)
3(358 628 762)
3(628 361 762)
3(675 684 795)
3(474 435 748)
3(434 748 435)
3(688 682 743)
3(668 743 682)
3(668 688 743)
3(88 615 776)
3(88 809 615)
3(776 615 809)
3(738 784 789)
3(489 182 797)
3(250 796 230)
3(265 230 796)
3(250 265 796)
3(702 765 672)
3(703 672 765)
3(621 826 397)
3(621 397 703)
3(391 214 765)
3(558 391 765)
3(112 792 408)
3(112 124 792)
3(124 408 792)
3(270 221 741)
3(668 754 681)
3(668 716 754)
3(140 139 769)
3(139 138 769)
3(774 670 800)
3(696 788 813)
3(676 788 696)
3(123 285 834)
3(376 821 778)
3(376 778 728)
3(376 728 821)
3(728 778 821)
3(718 21 778)
3(718 806 21)
3(778 21 806)
3(718 778 806)
3(696 477 788)
3(194 477 696)
3(194 788 477)
3(250 796 780)
3(250 780 230)
3(429 776 604)
3(429 430 776)
3(510 389 819)
3(510 725 389)
3(747 117 761)
3(119 117 747)
3(119 761 117)
3(223 224 729)
3(223 829 224)
3(414 418 768)
3(414 837 418)
3(768 418 837)
3(686 786 675)
3(689 598 823)
3(34 598 689)
3(34 823 598)
3(606 98 687)
3(312 708 310)
3(752 799 665)
3(763 665 799)
3(752 665 763)
3(811 345 837)
3(485 837 345)
3(485 345 811)
3(98 777 787)
3(98 787 770)
3(98 770 777)
3(777 770 787)
3(297 814 721)
3(297 546 814)
3(132 735 129)
3(465 37 786)
3(666 820 744)
3(666 783 820)
3(666 744 783)
3(440 555 798)
3(373 737 508)
3(508 737 743)
3(373 508 743)
3(324 378 772)
3(534 324 772)
3(674 779 683)
3(674 683 791)
3(674 791 779)
3(346 325 700)
3(346 700 326)
3(325 326 700)
3(253 788 266)
3(253 744 788)
3(744 266 788)
3(253 266 744)
3(718 73 806)
3(806 73 813)
3(718 806 813)
3(718 813 73)
3(673 723 781)
3(673 781 823)
3(793 667 803)
3(707 803 667)
3(715 663 807)
3(701 715 807)
3(701 807 663)
3(594 786 583)
3(744 788 813)
3(616 650 691)
3(650 86 691)
3(616 691 86)
3(616 86 650)
3(309 788 266)
3(309 253 788)
3(376 385 778)
3(778 385 821)
3(376 821 385)
3(826 90 827)
3(380 90 826)
3(380 827 90)
3(710 670 755)
3(233 456 825)
3(456 234 825)
3(286 521 794)
3(122 121 697)
3(346 325 734)
3(142 740 769)
3(142 500 740)
3(142 769 500)
3(705 760 840)
3(815 598 823)
3(689 598 815)
3(689 815 823)
3(664 695 720)
3(664 720 691)
3(695 691 720)
3(609 102 720)
3(609 651 102)
3(98 777 687)
3(687 777 787)
3(669 771 729)
3(669 735 771)
3(399 34 689)
3(399 804 34)
3(399 689 804)
3(22 806 381)
3(23 381 806)
3(134 135 771)
3(136 134 771)
3(503 788 253)
3(685 665 689)
3(685 722 665)
3(689 665 722)
3(18 71 756)
3(18 714 71)
3(718 666 744)
3(696 744 666)
3(699 721 680)
3(699 680 717)
3(556 712 561)
3(146 682 205)
3(146 205 773)
3(205 682 773)
3(620 445 718)
3(718 445 744)
3(620 744 445)
3(677 767 768)
3(679 767 677)
3(455 227 711)
3(449 483 759)
3(703 27 828)
3(703 830 27)
3(703 828 830)
3(87 695 611)
3(704 167 797)
3(168 797 167)
3(168 167 704)
3(294 298 750)
3(545 355 763)
3(113 112 792)
3(113 747 112)
3(113 792 747)
3(300 722 814)
3(300 302 722)
3(300 814 302)
3(167 182 704)
3(167 797 182)
3(511 142 740)
3(511 740 769)
3(511 769 142)
3(163 162 717)
3(170 558 822)
3(298 463 750)
3(547 352 752)
3(656 650 691)
3(616 650 656)
3(671 838 785)
3(671 805 838)
3(805 785 838)
3(197 218 780)
3(168 170 822)
3(168 822 704)
3(168 704 170)
3(686 805 738)
3(191 190 831)
3(191 831 192)
3(431 774 244)
3(302 553 802)
3(21 386 718)
3(21 778 386)
3(17 71 756)
3(194 191 831)
3(193 831 191)
3(280 730 248)
3(380 248 730)
3(663 762 680)
3(663 750 762)
3(573 569 782)
3(552 798 745)
3(552 440 798)
3(440 745 798)
3(671 684 686)
3(671 686 738)
3(575 818 782)
3(575 688 818)
3(688 782 818)
3(684 686 742)
3(686 671 742)
3(666 820 718)
3(283 208 738)
3(503 477 788)
3(117 115 747)
3(688 41 818)
3(576 41 688)
3(576 818 41)
3(576 688 818)
3(66 716 568)
3(144 145 759)
3(144 759 143)
3(359 701 362)
3(359 361 701)
3(361 362 701)
3(671 738 805)
3(156 801 155)
3(727 286 791)
3(258 791 286)
3(258 286 727)
3(138 241 754)
3(123 761 120)
3(511 500 740)
3(141 140 769)
3(478 769 140)
3(703 835 826)
3(703 826 674)
3(766 701 807)
3(396 807 701)
3(396 766 807)
3(351 833 752)
3(351 753 833)
3(753 752 833)
3(146 481 682)
3(745 663 762)
3(44 81 812)
3(44 734 81)
3(81 734 812)
3(715 701 766)
3(672 715 766)
3(672 766 701)
3(711 697 747)
3(667 747 697)
3(667 711 747)
3(190 188 710)
3(190 710 189)
3(119 115 747)
3(807 663 808)
3(750 663 807)
3(750 808 663)
3(147 145 773)
3(664 824 694)
3(664 776 824)
3(676 725 778)
3(676 778 718)
3(549 102 720)
3(666 783 713)
3(666 713 820)
3(158 799 160)
3(437 736 231)
3(619 396 701)
3(619 701 828)
3(619 828 396)
3(205 481 682)
3(193 477 696)
3(73 806 21)
3(73 21 718)
3(769 511 817)
3(740 817 511)
3(740 769 817)
3(481 817 205)
3(525 433 758)
3(166 165 745)
3(166 745 164)
3(326 527 700)
3(288 794 522)
3(288 291 794)
3(580 43 734)
3(580 734 44)
3(418 768 415)
3(154 155 712)
3(155 153 712)
3(672 828 822)
3(672 822 701)
3(672 701 828)
3(142 769 817)
3(481 142 817)
3(583 786 581)
3(290 461 766)
3(290 715 461)
3(461 715 766)
3(429 776 809)
3(429 809 604)
3(84 572 679)
3(597 679 572)
3(268 780 796)
3(268 725 780)
3(268 796 725)
3(780 725 796)
3(672 727 794)
3(51 538 840)
3(51 690 538)
3(171 173 702)
3(668 726 782)
3(668 782 688)
3(96 837 418)
3(353 358 762)
3(727 830 672)
3(669 771 681)
3(411 423 725)
3(36 465 786)
3(36 723 465)
3(36 786 723)
3(45 709 452)
3(45 46 709)
3(725 676 810)
3(696 810 676)
3(647 657 695)
3(654 695 657)
3(45 812 452)
3(654 691 653)
3(654 655 691)
3(668 769 782)
3(266 788 813)
3(266 813 744)
3(359 701 798)
3(701 362 798)
3(359 798 362)
3(166 797 167)
3(99 739 601)
3(99 601 690)
3(423 810 213)
3(561 307 781)
3(561 816 307)
3(781 307 816)
3(212 228 764)
3(212 694 228)
3(212 764 694)
3(244 245 800)
3(195 193 696)
3(195 810 193)
3(702 174 779)
3(173 174 702)
3(173 779 174)
3(248 800 275)
3(248 730 800)
3(248 275 730)
3(131 224 729)
3(189 244 774)
3(421 197 780)
3(507 286 791)
3(747 114 832)
3(733 747 832)
3(733 832 114)
3(252 209 783)
3(662 714 749)
3(662 749 756)
3(155 801 154)
3(279 450 730)
3(736 390 796)
3(714 796 390)
3(714 736 796)
3(535 720 102)
3(535 102 661)
3(239 122 811)
3(301 300 722)
3(507 258 791)
3(291 293 808)
3(296 297 721)
3(713 749 662)
3(511 817 142)
3(165 797 166)
3(745 166 797)
3(665 752 753)
3(593 345 837)
3(593 811 345)
3(810 788 831)
3(696 788 810)
3(83 538 840)
3(446 504 732)
3(447 732 504)
3(341 342 833)
3(342 763 833)
3(384 728 778)
3(384 778 806)
3(384 806 728)
3(778 728 806)
3(662 694 748)
3(694 692 748)
3(184 476 814)
3(297 814 299)
3(297 299 721)
3(503 194 788)
3(268 780 250)
3(268 250 796)
3(341 815 339)
3(168 215 822)
3(215 170 822)
3(717 799 665)
3(376 778 384)
3(376 384 728)
3(713 662 764)
3(224 226 729)
3(99 768 416)
3(99 416 739)
3(739 416 768)
3(104 105 707)
3(504 732 836)
3(446 504 836)
3(320 767 768)
3(768 767 837)
3(320 768 837)
3(119 562 792)
3(562 747 792)
3(119 747 562)
3(826 765 835)
3(518 740 472)
3(113 124 792)
3(327 277 726)
3(327 785 277)
3(726 277 785)
3(116 448 733)
3(88 652 809)
3(648 652 88)
3(648 809 652)
3(580 43 716)
3(98 15 770)
3(98 787 15)
3(770 15 787)
3(719 50 790)
3(96 50 719)
3(508 318 737)
3(373 737 318)
3(712 816 675)
3(789 675 816)
3(282 277 726)
3(337 815 600)
3(723 712 816)
3(301 302 722)
3(475 260 713)
3(712 723 781)
3(20 95 819)
3(653 648 720)
3(653 809 648)
3(685 159 799)
3(550 799 159)
3(550 159 685)
3(498 475 713)
3(766 715 807)
3(665 763 685)
3(689 685 763)
3(665 689 763)
3(478 759 282)
3(478 282 726)
3(460 76 807)
3(461 460 807)
3(685 746 673)
3(685 689 746)
3(689 673 746)
3(685 814 665)
3(233 825 278)
3(692 278 825)
3(233 278 692)
3(110 711 803)
3(107 110 803)
3(107 711 110)
3(107 803 711)
3(397 623 826)
3(621 826 623)
3(575 818 573)
3(575 573 782)
3(752 350 833)
3(351 833 350)
3(351 350 752)
3(128 127 735)
3(288 521 794)
3(629 375 698)
3(188 831 710)
3(188 755 831)
3(85 739 586)
3(442 72 820)
3(442 820 714)
3(442 714 72)
3(214 702 174)
3(174 702 835)
3(214 174 835)
3(112 747 832)
3(112 832 711)
3(747 711 832)
3(505 92 709)
3(505 839 92)
3(36 37 786)
3(211 210 764)
3(524 482 831)
3(482 526 831)
3(524 831 526)
3(261 224 829)
3(262 261 829)
3(666 819 718)
3(666 820 819)
3(501 118 834)
3(687 622 777)
3(98 622 687)
3(98 777 622)
3(347 687 777)
3(347 777 824)
3(777 687 824)
3(754 782 668)
3(436 228 694)
3(382 687 749)
3(382 756 687)
3(382 749 756)
3(749 687 756)
3(108 107 803)
3(106 803 107)
3(40 576 688)
3(574 40 688)
3(788 309 813)
3(310 813 309)
3(74 566 698)
3(74 751 566)
3(632 97 705)
3(588 705 97)
3(588 97 632)
3(621 367 765)
3(765 367 828)
3(621 828 367)
3(320 837 485)
3(90 397 826)
3(90 827 397)
3(445 718 444)
3(639 632 705)
3(646 585 633)
3(633 585 739)
3(646 739 585)
3(646 633 739)
3(803 110 832)
3(711 832 110)
3(711 803 832)
3(275 247 800)
3(248 800 247)
3(423 780 725)
3(423 421 780)
3(228 694 430)
3(384 385 778)
3(313 582 813)
3(313 806 582)
3(582 806 813)
3(415 768 416)
3(652 506 88)
3(88 506 809)
3(652 809 506)
3(402 401 790)
3(172 702 174)
3(778 725 810)
3(778 810 821)
3(66 818 42)
3(716 42 818)
3(66 42 716)
3(38 838 393)
3(38 686 838)
3(250 725 780)
3(268 725 250)
3(129 128 735)
3(438 821 376)
3(438 376 728)
3(46 103 709)
3(46 775 103)
3(720 567 776)
3(88 776 567)
3(88 567 720)
3(107 832 803)
3(107 110 832)
3(555 362 798)
3(31 462 750)
3(462 30 750)
3(425 192 810)
3(770 549 777)
3(720 777 549)
3(720 770 777)
3(310 582 813)
3(312 368 708)
3(188 831 190)
3(74 381 708)
3(23 708 381)
3(174 779 835)
3(779 702 835)
3(333 332 758)
3(409 760 410)
3(409 572 760)
3(485 122 697)
3(485 811 122)
3(92 709 103)
3(344 240 724)
3(93 838 40)
3(93 40 785)
3(93 785 838)
3(785 40 838)
3(575 41 818)
3(575 688 41)
3(583 786 69)
3(40 688 575)
3(40 575 785)
3(40 785 688)
3(178 179 683)
3(379 367 765)
3(422 307 781)
3(356 341 689)
3(356 689 815)
3(356 815 341)
3(150 148 684)
3(483 478 759)
3(593 719 793)
3(593 793 811)
3(793 719 811)
3(394 756 369)
3(394 787 756)
3(394 369 787)
3(331 560 839)
3(331 839 741)
3(347 749 382)
3(347 382 687)
3(303 823 304)
3(303 304 722)
3(722 304 823)
3(337 335 706)
3(623 826 90)
3(425 821 710)
3(425 810 821)
3(810 710 821)
3(701 663 762)
3(701 798 663)
3(762 663 798)
3(303 722 302)
3(303 302 802)
3(622 777 347)
3(622 347 687)
3(109 497 707)
3(109 836 497)
3(27 828 397)
3(703 397 828)
3(27 397 703)
3(28 459 830)
3(459 27 830)
3(258 757 255)
3(258 255 791)
3(212 211 764)
3(439 779 176)
3(667 803 719)
3(667 719 793)
3(27 828 68)
3(397 68 828)
3(20 718 21)
3(368 381 708)
3(350 763 752)
3(752 763 833)
3(350 833 763)
3(271 331 741)
3(28 828 68)
3(212 764 225)
3(212 235 764)
3(655 648 720)
3(598 35 815)
3(598 823 35)
3(428 228 694)
3(196 193 696)
3(45 81 812)
3(778 676 810)
3(86 691 809)
3(691 650 809)
3(86 809 650)
3(276 782 754)
3(276 754 241)
3(784 284 789)
3(514 284 784)
3(514 789 284)
3(514 784 789)
3(256 258 757)
3(167 169 704)
3(78 823 559)
3(297 814 300)
3(114 116 733)
3(251 252 744)
3(252 253 744)
3(262 326 700)
3(494 508 737)
3(494 743 508)
3(150 149 684)
3(34 804 551)
3(34 551 823)
3(551 804 823)
3(497 707 106)
3(765 391 835)
3(214 835 391)
3(158 685 159)
3(158 159 799)
3(663 762 807)
3(762 701 807)
3(630 819 444)
3(630 444 718)
3(630 718 819)
3(663 798 704)
3(663 797 798)
3(263 512 731)
3(443 618 713)
3(713 618 749)
3(443 749 618)
3(169 168 704)
3(202 746 432)
3(432 746 801)
3(202 432 801)
3(426 793 719)
3(426 49 793)
3(426 719 49)
3(390 71 714)
3(664 824 687)
3(252 783 251)
3(692 694 772)
3(692 772 664)
3(265 736 796)
3(265 230 736)
3(672 765 822)
3(672 828 765)
3(151 499 789)
3(151 789 149)
3(695 770 664)
3(720 664 770)
3(666 725 780)
3(159 157 685)
3(624 341 689)
3(624 689 356)
3(755 482 831)
3(524 482 755)
3(524 755 831)
3(265 736 437)
3(437 736 796)
3(265 437 796)
3(399 598 689)
3(469 274 727)
3(82 793 47)
3(82 47 775)
3(82 775 793)
3(788 676 810)
3(810 676 831)
3(719 677 790)
3(105 106 707)
3(105 803 106)
3(43 716 579)
3(184 814 546)
3(445 744 813)
3(445 813 718)
3(113 747 832)
3(113 832 112)
3(382 687 98)
3(382 622 687)
3(578 508 743)
3(528 695 658)
3(528 100 695)
3(528 658 100)
3(541 746 432)
3(541 202 746)
3(264 817 518)
3(264 314 817)
3(36 78 723)
3(77 753 32)
3(428 776 429)
3(423 250 725)
3(423 780 250)
3(391 765 822)
3(391 822 558)
3(399 65 804)
3(399 804 833)
3(804 65 833)
3(399 833 65)
3(319 320 767)
3(319 767 768)
3(319 768 320)
3(324 365 772)
3(312 708 313)
3(340 541 746)
3(243 281 732)
3(243 839 281)
3(243 732 839)
3(534 691 86)
3(378 86 691)
3(49 719 50)
3(49 790 719)
3(49 50 790)
3(667 761 697)
3(667 747 761)
3(364 822 391)
3(364 391 765)
3(278 456 825)
3(323 234 748)
3(323 772 234)
3(86 604 691)
3(647 528 695)
3(658 647 695)
3(658 528 647)
3(98 770 549)
3(98 549 777)
3(399 33 804)
3(65 804 33)
3(637 705 632)
3(637 97 705)
3(637 632 97)
3(563 723 816)
3(468 563 816)
3(468 723 563)
3(88 720 535)
3(88 535 648)
3(107 711 455)
3(110 455 711)
3(21 806 384)
3(21 384 778)
3(49 719 96)
3(277 782 242)
3(277 242 726)
3(159 184 799)
3(442 443 820)
3(715 292 808)
3(291 292 715)
3(291 808 292)
3(638 632 705)
3(114 832 113)
3(114 113 747)
3(564 562 792)
3(454 812 453)
3(454 453 731)
3(731 453 812)
3(547 752 355)
3(292 808 461)
3(292 461 715)
3(556 712 186)
3(309 813 266)
3(494 318 737)
3(685 799 665)
3(665 799 814)
3(192 195 810)
3(192 810 193)
3(268 389 725)
3(268 796 389)
3(104 106 707)
3(385 821 411)
3(385 411 778)
3(396 613 701)
3(396 807 613)
3(701 613 807)
3(538 690 52)
3(210 225 764)
3(172 702 173)
3(719 697 837)
3(677 719 837)
3(216 533 795)
3(537 795 533)
3(719 697 811)
3(481 511 817)
3(606 756 749)
3(606 72 756)
3(606 749 72)
3(689 624 833)
3(341 833 624)
3(33 804 34)
3(711 455 803)
3(107 803 455)
3(277 782 276)
3(190 710 222)
3(702 791 674)
3(458 692 825)
3(458 787 692)
3(692 787 825)
3(666 714 820)
3(539 100 770)
3(592 539 770)
3(284 789 738)
3(284 738 784)
3(111 113 832)
3(111 832 112)
3(284 789 283)
3(284 283 738)
3(398 732 243)
3(423 268 725)
3(527 262 700)
3(442 19 714)
3(442 820 19)
3(663 808 699)
3(663 699 797)
3(161 162 799)
3(161 717 162)
3(299 491 721)
3(42 573 818)
3(573 41 818)
3(400 32 753)
3(125 122 697)
3(347 348 824)
3(347 777 348)
3(348 777 824)
3(667 803 711)
3(626 570 705)
3(682 773 671)
3(682 737 773)
3(304 804 542)
3(304 542 722)
3(304 722 804)
3(367 828 364)
3(367 364 765)
3(686 79 805)
3(467 79 686)
3(467 805 79)
3(668 817 682)
3(781 723 816)
3(563 781 816)
3(665 814 717)
3(667 811 697)
3(667 761 811)
3(425 249 710)
3(425 821 249)
3(318 229 737)
3(92 46 709)
3(366 805 318)
3(366 318 737)
3(232 748 323)
3(330 758 332)
3(330 332 742)
3(330 742 758)
3(618 713 820)
3(618 820 443)
3(443 627 749)
3(72 749 627)
3(462 750 463)
3(278 458 692)
3(278 825 458)
3(79 805 838)
3(805 686 838)
3(79 838 686)
3(569 276 754)
3(276 420 754)
3(544 342 746)
3(544 763 342)
3(424 810 213)
3(689 833 399)
3(689 804 833)
3(618 749 498)
3(618 498 713)
3(276 782 569)
3(669 734 829)
3(492 803 105)
3(48 82 793)
3(466 79 686)
3(112 832 110)
3(112 110 711)
3(637 97 570)
3(570 97 705)
3(606 382 756)
3(606 687 382)
3(426 793 593)
3(426 593 719)
3(668 817 769)
3(630 819 820)
3(444 630 820)
3(753 33 804)
3(32 753 804)
3(32 33 753)
3(32 804 33)
3(518 817 511)
3(518 511 740)
3(240 811 343)
3(724 343 811)
3(240 343 724)
3(39 93 838)
3(26 827 703)
3(26 397 827)
3(26 703 397)
3(524 755 480)
3(579 716 42)
3(579 42 818)
3(207 264 817)
3(205 817 264)
3(733 667 747)
3(595 837 345)
3(595 485 837)
3(606 382 749)
3(49 790 401)
3(502 566 751)
3(502 751 371)
3(268 265 796)
3(388 75 827)
3(370 388 827)
3(556 153 712)
3(379 826 623)
3(604 809 86)
3(335 338 706)
3(335 706 537)
3(185 802 553)
3(40 41 688)
3(22 384 806)
3(22 728 384)
3(87 647 528)
3(87 528 695)
3(432 154 801)
3(103 775 47)
3(340 746 544)
3(4 585 633)
3(4 646 585)
3(284 784 565)
3(514 565 784)
3(356 598 689)
3(399 356 689)
3(390 736 437)
3(357 498 749)
3(567 776 777)
3(567 777 720)
3(776 720 777)
3(356 598 815)
3(419 394 756)
3(260 820 618)
3(260 618 713)
3(142 141 769)
3(549 770 14)
3(261 223 829)
3(612 549 720)
3(612 720 777)
3(612 777 549)
3(74 502 751)
3(502 368 751)
3(290 460 766)
3(460 461 766)
3(95 389 819)
3(117 120 761)
3(300 814 476)
3(473 771 132)
3(146 204 773)
3(349 351 833)
3(349 833 350)
3(725 666 819)
3(274 286 727)
3(355 752 350)
3(355 350 763)
3(19 714 18)
3(442 18 714)
3(19 395 714)
3(714 395 819)
3(19 819 395)
3(43 42 716)
3(43 716 66)
3(504 398 732)
3(447 732 398)
3(455 803 273)
3(357 749 382)
3(65 804 753)
3(65 753 33)
3(462 76 750)
3(269 347 824)
3(269 824 238)
3(670 710 774)
3(624 689 399)
3(272 254 820)
3(260 272 820)
3(631 73 806)
3(631 806 21)
3(322 321 767)
3(322 767 597)
3(776 824 567)
3(776 777 824)
3(777 567 824)
3(716 782 668)
3(161 160 799)
3(581 329 742)
3(581 838 329)
3(742 329 838)
3(663 798 745)
3(648 651 720)
3(264 817 511)
3(615 776 567)
3(529 508 743)
3(319 125 767)
3(118 479 761)
3(479 117 761)
3(111 114 832)
3(18 395 714)
3(269 348 824)
3(41 80 818)
3(576 818 80)
3(770 664 825)
3(539 608 770)
3(426 48 793)
3(412 375 698)
3(479 761 834)
3(118 479 834)
3(14 649 1)
3(14 1 659)
3(620 820 272)
3(305 422 781)
3(305 802 422)
3(51 52 690)
3(99 690 52)
3(58 86 660)
3(58 650 86)
3(650 660 86)
3(766 459 830)
3(28 459 766)
3(287 469 727)
3(287 830 469)
3(267 278 692)
3(180 189 774)
3(180 774 188)
3(222 710 425)
3(65 833 753)
3(804 753 833)
3(676 821 778)
3(676 810 821)
3(485 811 239)
3(39 79 805)
3(39 838 79)
3(787 664 825)
3(770 664 787)
3(293 294 808)
3(294 295 808)
3(605 753 833)
3(605 833 351)
3(561 565 816)
3(565 514 816)
3(248 246 800)
3(248 730 246)
3(489 797 165)
3(719 667 811)
3(539 458 770)
3(539 787 458)
3(539 770 787)
3(107 832 108)
3(505 839 554)
3(92 554 839)
3(108 110 832)
3(89 762 807)
3(89 30 762)
3(89 807 30)
3(24 698 412)
3(491 296 721)
3(203 745 552)
3(548 552 745)
3(236 322 767)
3(564 767 322)
3(398 836 504)
3(374 247 800)
3(317 805 603)
3(317 603 738)
3(343 239 811)
3(175 176 779)
3(782 668 818)
3(612 102 720)
3(142 769 139)
3(593 837 96)
3(593 96 719)
3(359 360 798)
3(392 37 786)
3(36 392 786)
3(251 783 200)
3(722 689 804)
3(665 804 689)
3(113 792 562)
3(113 562 747)
3(405 760 840)
3(405 840 705)
3(405 705 760)
3(232 474 748)
3(19 820 630)
3(19 630 819)
3(387 385 821)
3(387 821 411)
3(766 672 830)
3(552 360 745)
3(552 798 360)
3(387 821 376)
3(387 438 821)
3(247 246 800)
3(366 805 317)
3(557 822 391)
3(198 434 693)
3(15 770 549)
3(628 807 89)
3(628 89 762)
3(628 762 807)
3(29 766 807)
3(29 396 766)
3(29 807 396)
3(448 504 836)
3(517 66 716)
3(408 409 792)
3(408 760 409)
3(409 760 792)
3(16 787 15)
3(374 376 728)
3(543 540 699)
3(676 806 718)
3(676 778 806)
3(341 349 833)
3(349 342 833)
3(308 563 816)
3(468 308 816)
3(431 180 774)
3(621 397 828)
3(283 237 738)
3(32 77 804)
3(650 654 691)
3(650 691 653)
3(698 25 827)
3(566 25 698)
3(566 827 25)
3(263 829 261)
3(725 666 796)
3(796 666 819)
3(174 175 779)
3(173 779 175)
3(598 91 815)
3(487 507 791)
3(460 766 830)
3(290 460 830)
3(147 773 204)
3(152 216 795)
3(303 722 301)
3(230 736 437)
3(32 65 753)
3(309 503 788)
3(522 794 488)
3(8 410 635)
3(8 635 84)
3(552 164 745)
3(218 250 780)
3(453 452 812)
3(50 83 790)
3(671 838 742)
3(785 742 838)
3(37 69 786)
3(383 818 80)
3(578 80 818)
3(200 783 209)
3(433 533 758)
3(433 795 533)
3(535 567 720)
3(688 818 668)
3(27 75 830)
3(27 703 75)
3(710 810 676)
3(327 785 495)
3(277 495 785)
3(724 343 793)
3(793 343 811)
3(724 793 811)
3(377 826 835)
3(377 835 280)
3(377 280 826)
3(728 676 806)
3(708 806 676)
3(708 728 806)
3(289 292 715)
3(289 715 291)
3(152 795 433)
3(34 823 35)
3(613 701 619)
3(268 510 725)
3(255 487 791)
3(562 124 792)
3(521 488 794)
3(592 695 528)
3(806 523 813)
3(73 523 806)
3(73 813 523)
3(765 835 377)
3(765 377 826)
3(248 279 730)
3(676 728 821)
3(676 821 710)
3(621 68 828)
3(115 113 747)
3(101 12 637)
3(101 644 12)
3(699 750 808)
3(305 302 802)
3(663 797 745)
3(745 797 798)
3(590 593 793)
3(590 793 811)
3(590 811 593)
3(676 806 813)
3(526 309 788)
3(331 554 839)
3(554 560 839)
3(496 835 279)
3(496 280 835)
3(590 724 793)
3(587 590 793)
3(587 724 590)
3(587 793 724)
3(481 817 264)
3(667 733 832)
3(667 832 707)
3(390 796 437)
3(674 702 779)
3(667 747 832)
3(448 836 486)
3(448 486 733)
3(459 830 460)
3(459 460 766)
3(38 79 686)
3(533 758 525)
3(724 811 667)
3(612 720 567)
3(612 567 777)
3(599 549 777)
3(98 599 777)
3(73 20 718)
3(265 390 796)
3(557 215 822)
3(24 566 698)
3(728 676 778)
3(489 167 797)
3(439 835 174)
3(439 174 779)
3(250 421 780)
3(107 803 273)
3(328 330 742)
3(330 484 742)
3(776 316 824)
3(428 316 776)
3(428 824 316)
3(331 839 270)
3(331 270 741)
3(714 395 796)
3(796 395 819)
3(714 796 819)
3(308 781 816)
3(308 563 781)
3(191 188 831)
3(496 835 439)
3(482 188 755)
3(482 831 188)
3(363 367 828)
3(111 832 110)
3(601 416 739)
3(124 409 792)
3(671 838 686)
3(369 692 458)
3(369 458 787)
3(686 805 671)
3(559 823 304)
3(404 405 760)
3(404 840 405)
3(160 159 799)
3(89 613 807)
3(628 807 613)
3(486 832 114)
3(486 114 733)
3(709 812 669)
3(709 669 839)
3(123 834 479)
3(123 479 761)
3(720 691 776)
3(664 720 776)
3(445 744 266)
3(445 266 813)
3(369 278 692)
3(332 329 742)
3(89 614 762)
3(664 777 687)
3(664 824 777)
3(426 719 96)
3(804 722 823)
3(445 73 718)
3(445 813 73)
3(425 424 821)
3(425 810 424)
3(393 39 838)
3(38 838 39)
3(360 440 798)
3(703 830 672)
3(75 703 26)
3(75 26 827)
3(339 815 600)
3(310 813 266)
3(394 787 16)
3(394 16 756)
3(391 835 377)
3(391 377 765)
3(319 236 767)
3(411 725 510)
3(411 510 778)
3(363 619 701)
3(363 828 619)
3(436 324 772)
3(622 777 348)
3(516 294 750)
3(516 808 294)
3(750 294 808)
3(274 727 287)
3(410 641 8)
3(494 315 743)
3(669 731 812)
3(398 109 836)
3(133 771 134)
3(46 775 47)
3(618 749 357)
3(85 633 585)
3(85 585 739)
3(667 832 803)
3(241 420 754)
3(610 317 805)
3(214 439 835)
3(630 73 718)
3(73 444 718)
3(270 554 839)
3(499 789 186)
3(593 837 418)
3(457 695 825)
3(611 695 457)
3(611 457 825)
3(592 457 695)
3(592 825 457)
3(230 231 736)
3(596 829 812)
3(596 734 829)
3(596 812 734)
3(734 812 829)
3(395 390 714)
3(395 796 390)
3(482 187 755)
3(187 188 755)
3(523 806 582)
3(523 313 806)
3(555 359 798)
3(357 749 443)
3(357 627 749)
3(25 412 698)
3(25 827 412)
3(399 624 833)
3(652 56 88)
3(652 506 56)
3(460 807 29)
3(460 29 766)
3(460 766 807)
3(673 815 689)
3(254 253 744)
3(586 768 319)
3(586 319 767)
3(289 715 461)
3(620 744 266)
3(599 612 777)
3(56 88 648)
3(52 0 634)
3(645 0 52)
3(547 752 350)
3(26 90 827)
3(285 501 834)
3(161 163 717)
3(336 573 782)
3(401 50 790)
3(241 754 427)
3(464 823 78)
3(464 35 823)
3(571 565 784)
3(571 784 816)
3(571 816 565)
3(784 565 816)
3(325 261 829)
3(256 259 757)
3(606 17 756)
3(553 422 802)
3(604 809 513)
3(86 513 809)
3(263 731 584)
3(263 584 829)
3(584 731 829)
3(646 416 739)
3(636 739 416)
3(636 416 646)
3(636 646 739)
3(506 809 615)
3(581 838 577)
3(315 508 743)
3(270 839 281)
3(589 453 731)
3(458 94 787)
3(539 787 94)
3(29 28 766)
3(28 396 766)
3(513 660 58)
3(513 86 660)
3(33 77 804)
3(483 144 759)
3(554 281 839)
3(465 723 563)
3(596 829 453)
3(596 453 812)
3(812 453 829)
3(417 416 768)
3(417 768 739)
3(417 739 416)
3(496 377 835)
3(333 330 758)
3(585 646 416)
3(585 416 739)
3(542 551 804)
3(304 804 551)
3(479 285 834)
3(417 415 768)
3(516 292 808)
3(672 766 828)
3(391 835 496)
3(25 24 698)
3(356 815 339)
3(156 432 801)
3(292 293 808)
3(343 793 590)
3(343 590 724)
3(242 282 726)
3(478 242 726)
3(664 777 787)
3(263 589 731)
3(361 363 701)
3(650 809 653)
3(602 833 65)
3(602 399 833)
3(284 784 571)
3(514 789 283)
3(504 836 486)
3(530 7 635)
3(7 84 635)
3(237 603 738)
3(304 301 722)
3(633 640 739)
3(296 299 721)
3(131 729 226)
3(610 805 79)
3(22 21 806)
3(97 407 705)
3(793 667 811)
3(630 20 718)
3(647 62 528)
3(62 658 528)
3(449 759 144)
3(389 395 819)
3(389 796 395)
3(82 590 793)
3(587 82 793)
3(603 284 738)
3(603 784 284)
3(395 71 714)
3(613 363 701)
3(361 613 701)
3(290 459 830)
3(93 575 785)
3(105 803 107)
3(355 342 763)
3(342 350 763)
3(464 823 559)
3(523 813 582)
3(486 832 111)
3(307 565 816)
3(20 819 630)
3(619 828 68)
3(396 68 828)
3(330 329 742)
3(524 755 187)
3(586 768 320)
3(214 835 496)
3(535 612 720)
3(407 409 760)
3(417 586 739)
3(417 768 586)
3(622 599 777)
3(665 689 833)
3(665 833 763)
3(71 394 756)
3(416 636 601)
3(371 757 259)
3(371 370 757)
3(711 832 667)
3(596 734 325)
3(596 325 829)
3(305 307 781)
3(526 194 831)
3(526 788 194)
3(350 752 352)
3(429 615 809)
3(429 776 615)
3(316 824 567)
3(316 567 776)
3(247 800 438)
3(590 426 793)
3(617 319 767)
3(386 384 778)
3(672 828 703)
3(229 494 737)
3(692 664 825)
3(372 358 762)
3(67 376 728)
3(790 403 840)
3(83 403 790)
3(83 840 403)
3(82 451 775)
3(451 47 775)
3(493 371 751)
3(493 757 371)
3(493 751 757)
3(649 64 100)
3(649 608 64)
3(457 87 695)
3(571 468 816)
3(571 784 468)
3(81 580 734)
3(343 811 590)
3(82 587 775)
3(343 587 724)
3(62 87 647)
3(563 306 781)
3(132 134 771)
3(279 246 730)
3(411 268 725)
3(377 826 379)
3(377 379 765)
3(5 532 633)
3(5 633 85)
3(666 714 819)
3(589 584 731)
3(584 453 731)
3(129 735 127)
3(462 750 298)
3(324 234 772)
3(234 365 772)
3(498 260 713)
3(22 67 728)
3(394 94 787)
3(94 369 787)
3(392 786 583)
3(467 468 784)
3(97 637 11)
3(97 11 632)
3(316 776 429)
3(114 733 448)
3(308 781 307)
3(308 307 816)
3(631 523 806)
3(316 824 269)
3(567 269 824)
3(12 637 570)
3(474 323 748)
3(666 714 796)
3(595 837 593)
3(76 807 29)
3(1 608 649)
3(665 804 833)
3(381 313 708)
3(381 806 313)
3(381 708 806)
3(457 528 695)
3(459 75 830)
3(511 472 740)
3(249 424 821)
3(34 823 464)
3(384 67 728)
3(664 776 777)
3(770 664 777)
3(611 825 456)
3(365 456 825)
3(462 516 750)
3(368 708 313)
3(516 298 750)
3(646 3 416)
3(3 636 416)
3(596 81 734)
3(596 812 81)
3(752 833 665)
3(753 665 833)
3(579 818 80)
3(33 804 551)
3(525 758 333)
3(525 330 758)
3(64 100 658)
3(271 741 270)
3(26 703 27)
3(482 194 831)
3(602 605 833)
3(349 833 605)
3(349 602 833)
3(544 355 763)
3(402 790 403)
3(402 403 840)
3(664 777 720)
3(300 546 814)
3(626 705 405)
3(626 405 840)
3(637 11 570)
3(192 213 810)
3(4 85 633)
3(83 402 790)
3(495 577 785)
3(429 506 809)
3(596 829 584)
3(453 584 829)
3(590 811 345)
3(269 824 235)
3(553 305 802)
3(254 744 266)
3(672 828 830)
3(272 820 618)
3(669 812 829)
3(442 820 630)
3(323 324 772)
3(387 821 424)
3(336 782 276)
3(530 7 643)
3(406 705 760)
3(406 760 405)
3(406 405 705)
3(591 418 768)
3(591 768 415)
3(93 495 785)
3(65 605 833)
3(789 784 816)
3(406 404 760)
3(406 760 227)
3(598 600 815)
3(59 650 616)
3(59 86 650)
3(385 510 778)
3(89 807 396)
3(89 29 807)
3(605 400 753)
3(647 61 531)
3(647 87 61)
3(612 348 777)
3(348 567 777)
3(387 249 821)
3(513 429 809)
3(768 591 837)
3(418 837 591)
3(731 812 829)
3(425 810 213)
3(661 102 54)
3(54 102 651)
3(284 237 738)
3(245 247 800)
3(551 823 464)
3(109 504 836)
3(624 349 833)
3(227 110 711)
3(108 111 832)
3(643 5 532)
3(16 94 787)
3(403 538 840)
3(632 588 10)
3(632 10 97)
3(95 395 819)
3(626 840 403)
3(346 596 734)
3(343 724 344)
3(544 746 541)
3(445 813 523)
3(603 571 784)
3(571 467 784)
3(15 94 787)
3(652 57 809)
3(57 660 809)
3(652 809 660)
3(272 444 820)
3(469 290 830)
3(571 308 816)
3(61 531 656)
3(499 789 514)
3(156 801 154)
3(595 837 418)
3(246 245 800)
3(379 280 826)
3(10 641 588)
3(89 762 372)
3(628 372 762)
3(407 406 705)
3(407 760 406)
3(65 605 753)
3(627 749 382)
3(147 146 773)
3(41 818 42)
3(646 3 585)
3(115 747 562)
3(458 825 457)
3(120 479 761)
3(141 139 769)
3(519 751 502)
3(607 0 634)
3(602 624 833)
3(165 797 167)
3(465 78 723)
3(348 599 777)
3(307 306 781)
3(308 781 306)
3(460 28 766)
3(29 30 807)
3(345 811 239)
3(15 770 14)
3(388 827 25)
3(191 482 831)
3(321 319 767)
3(623 826 380)
3(159 161 799)
3(377 367 765)
3(377 364 765)
3(261 584 829)
3(336 569 782)
3(445 813 582)
3(405 570 705)
3(421 218 780)
3(251 209 783)
3(660 809 653)
3(660 650 809)
3(596 580 734)
3(636 633 739)
3(388 26 827)
3(235 824 316)
3(431 774 189)
3(85 417 739)
3(417 585 739)
3(464 304 823)
3(551 823 304)
3(405 97 705)
3(1 659 609)
3(210 764 212)
3(124 413 792)
3(413 409 792)
3(389 265 796)
3(539 14 770)
3(661 535 54)
3(404 403 840)
3(372 614 762)
3(591 320 768)
3(591 837 320)
3(443 272 820)
3(526 788 503)
3(507 255 791)
3(406 760 408)
3(22 631 806)
3(321 767 236)
3(452 81 812)
3(522 521 794)
3(174 779 176)
3(17 756 16)
3(216 433 795)
3(59 656 616)
3(17 756 394)
3(577 393 838)
3(584 325 829)
3(345 343 811)
3(562 792 413)
3(564 413 792)
3(493 751 519)
3(493 257 751)
3(266 582 813)
3(574 79 805)
3(77 551 804)
3(586 768 591)
3(557 822 558)
3(308 565 816)
3(493 502 751)
3(577 93 785)
3(577 838 93)
3(400 65 753)
3(105 273 803)
3(595 320 837)
3(546 476 814)
3(385 778 386)
3(426 82 793)
3(648 55 88)
3(479 834 501)
3(601 636 2)
3(601 2 645)
3(444 442 820)
3(640 739 636)
3(392 69 786)
3(360 555 798)
3(493 757 259)
3(215 558 822)
3(493 757 256)
3(97 406 705)
3(63 528 658)
3(63 658 100)
3(408 760 407)
3(459 469 830)
3(389 796 390)
3(292 294 808)
3(379 380 826)
3(615 776 316)
3(381 806 523)
3(652 653 809)
3(25 827 90)
3(412 90 827)
3(506 57 809)
3(652 57 506)
3(9 641 410)
3(9 588 641)
3(641 588 410)
3(278 825 457)
3(417 768 591)
3(401 790 83)
3(619 828 367)
3(619 621 828)
3(57 513 809)
3(660 513 57)
3(660 809 513)
3(80 42 818)
3(456 825 457)
3(60 656 531)
3(60 616 656)
3(636 416 2)
3(453 81 812)
3(610 805 366)
3(79 366 805)
3(20 819 19)
3(643 6 530)
3(643 532 6)
3(95 819 19)
3(356 600 815)
3(513 506 809)
3(601 645 0)
3(381 631 806)
3(15 770 539)
3(442 272 820)
3(393 93 838)
3(26 827 25)
3(53 102 651)
3(403 405 840)
3(13 634 607)
3(659 609 53)
3(13 101 644)
3(591 837 595)
3(55 661 535)
3(792 677 679)
3(792 760 679)
3(839 135 243)
3(839 741 135)
3(135 732 839)
3(135 839 771)
3(739 634 640)
3(739 636 634)
3(634 690 739)
3(634 640 690)
3(634 739 645)
3(289 291 794)
3(720 691 657)
3(657 691 655)
3(691 657 695)
3(654 657 691)
3(705 641 410)
3(295 808 750)
3(449 684 773)
3(769 740 138)
3(138 740 139)
3(740 138 754)
3(137 138 740)
3(344 731 775)
3(764 434 435)
3(205 773 737)
3(625 353 752)
3(101 13 634)
3(143 141 759)
3(705 640 634)
3(786 36 91)
3(795 537 335)
3(220 480 751)
3(742 449 217)
3(242 478 769)
3(767 597 572)
3(771 136 137)
3(838 785 574)
3(574 785 40)
3(785 574 805)
3(688 574 785)
3(789 149 150)
3(797 745 440)
3(785 336 277)
3(413 564 767)
3(614 400 762)
3(762 400 680)
3(400 762 372)
3(625 762 400)
3(807 701 628)
3(628 701 613)
3(701 628 762)
3(361 628 701)
3(484 330 758)
3(827 370 371)
3(838 742 327)
3(831 311 524)
3(796 714 693)
3(806 708 23)
3(824 764 212)
3(757 493 257)
3(792 413 760)
3(760 413 409)
3(413 760 679)
3(572 760 413)
3(774 188 187)
3(766 807 461)
3(791 173 175)
3(793 775 587)
3(192 193 831)
3(648 55 535)
3(828 396 28)
3(816 784 514)
3(787 15 539)
3(578 373 818)
3(818 373 80)
3(373 818 688)
3(576 818 373)
3(79 38 838)
3(660 809 86)
3(825 365 234)
3(804 823 304)
3(824 567 348)
3(833 350 342)
3(609 53 651)
3(829 731 453)
3(275 730 380)
3(90 827 629)
3(382 749 72)
3(536 522 182)
3(198 197 196)
3(169 171 170)
3(515 480 257)
3(527 315 314)
3(548 354 352)
3(430 604 534)
3(288 289 287)
3(532 617 321)
3(140 242 241)
3(209 210 201)
3(139 137 500)
3(294 295 296)
3(352 354 353)
3(505 497 281)
3(206 205 207)
3(185 556 422)
3(171 172 170)
3(328 327 282)
3(383 578 529)
3(177 431 176)
3(136 221 135)
3(126 118 127)
3(338 537 541)
3(144 478 141)
3(529 315 527)
3(149 147 470)
3(536 291 522)
3(452 454 451)
3(532 321 530)
3(176 431 450)
3(413 572 322)
3(155 556 185)
3(131 130 223)
3(378 531 365)
3(521 507 181)
3(505 103 104)
3(546 543 490)
3(91 392 594)
3(427 221 136)
3(509 223 130)
3(137 473 500)
3(148 449 145)
3(163 165 164)
3(472 473 471)
3(44 560 517)
3(136 138 427)
3(157 155 185)
3(196 197 195)
3(501 509 130)
3(153 151 186)
3(218 199 219)
3(480 187 179)
3(243 135 221)
3(166 168 440)
3(213 195 421)
3(400 614 31)
3(335 334 333)
3(136 137 138)
3(225 498 238)
3(525 484 217)
3(542 299 301)
3(518 520 314)
3(109 108 486)
3(163 183 165)
3(217 449 148)
3(199 474 219)
3(135 447 133)
3(420 568 271)
3(454 344 587)
3(156 158 202)
3(402 404 455)
3(545 202 158)
3(312 515 519)
3(220 480 179)
3(505 104 497)
3(137 134 473)
3(257 220 256)
3(121 564 236)
3(235 225 238)
3(597 530 321)
3(616 531 378)
3(133 446 128)
3(43 44 517)
3(258 274 259)
3(44 45 560)
3(260 252 254)
3(23 24 375)
3(344 589 512)
3(255 220 178)
3(149 148 147)
3(503 251 477)
3(617 532 85)
3(475 210 209)
3(121 236 125)
3(454 589 344)
3(433 217 150)
3(231 233 267)
3(245 249 438)
3(446 448 126)
3(626 538 101)
3(162 203 441)
3(520 518 226)
3(84 530 597)
3(262 520 224)
3(353 351 352)
3(328 483 484)
3(126 116 118)
3(281 497 398)
3(531 611 365)
3(128 446 126)
3(198 196 200)
3(179 187 180)
3(169 488 171)
3(152 151 153)
3(149 470 499)
3(201 211 434)
3(162 164 203)
3(548 547 203)
3(492 70 48)
3(407 588 410)
3(311 515 312)
3(96 414 50)
3(297 543 546)
3(579 383 346)
3(208 204 206)
3(538 607 101)
3(211 228 435)
3(116 115 117)
3(335 333 533)
3(48 70 47)
3(135 243 447)
3(267 369 419)
3(285 240 512)
3(452 451 46)
3(543 183 490)
3(120 119 121)
3(51 414 99)
3(295 543 297)
3(232 233 231)
3(119 564 121)
3(370 469 75)
3(420 271 427)
3(156 157 158)
3(109 106 108)
3(358 359 361)
3(259 274 370)
3(35 36 91)
3(31 614 30)
3(143 142 481)
3(206 207 494)
3(213 421 423)
3(577 327 329)
3(18 17 72)
3(527 314 520)
3(23 74 24)
3(39 574 40)
3(168 215 440)
3(198 199 197)
3(354 359 358)
3(517 560 331)
3(362 557 364)
3(534 436 430)
3(334 583 332)
3(492 401 273)
3(374 67 375)
3(477 200 196)
3(178 177 175)
3(487 173 181)
3(491 77 463)
3(185 550 157)
3(540 536 489)
3(182 488 169)
3(67 23 375)
3(204 205 206)
3(256 220 255)
3(393 581 69)
3(471 129 131)
3(152 153 154)
3(559 303 306)
3(299 300 301)
3(490 183 163)
3(393 69 38)
3(116 117 118)
3(415 99 414)
3(132 133 128)
3(273 402 455)
3(275 374 375)
3(541 537 432)
3(103 70 104)
3(537 216 432)
3(186 514 561)
3(340 342 341)
3(45 92 560)
3(293 540 295)
3(160 441 545)
3(466 465 468)
3(600 91 594)
3(503 253 251)
3(492 49 401)
3(548 360 354)
3(232 234 233)
3(240 123 239)
3(177 179 180)
3(610 467 603)
3(199 434 474)
3(48 49 492)
3(293 536 540)
3(200 201 198)
3(152 150 151)
3(510 95 386)
3(363 362 364)
3(328 282 483)
3(133 447 446)
3(245 222 249)
3(229 237 208)
3(181 171 488)
3(160 162 441)
3(414 51 50)
3(487 178 175)
3(38 37 466)
3(441 203 547)
3(470 204 208)
3(499 470 283)
3(306 303 305)
3(131 129 130)
3(555 557 362)
3(145 143 146)
3(515 257 519)
3(437 267 419)
3(353 372 625)
3(235 428 212)
3(309 311 310)
3(472 471 226)
3(516 76 461)
3(357 347 238)
3(287 289 290)
3(286 507 521)
3(579 346 580)
3(550 553 476)
3(495 575 336)
3(545 544 202)
3(509 263 223)
3(286 288 287)
3(329 327 328)
3(276 241 242)
3(542 77 491)
3(574 373 576)
3(340 339 338)
3(219 232 231)
3(524 515 311)
3(207 314 315)
3(500 473 472)
3(285 512 509)
3(558 172 214)
3(454 587 451)
3(450 244 246)
3(229 317 237)
3(326 383 529)
3(208 206 229)
3(435 436 323)
3(339 337 338)
3(271 221 427)
3(132 129 471)
3(32 31 463)
3(501 130 127)
3(569 568 420)
3(517 331 568)
3(184 490 161)
3(218 219 230)
3(600 594 337)
3(552 166 440)
3(489 183 540)
3(334 337 594)
3(351 625 605)
3(358 361 628)
3(434 435 474)
3(489 536 182)
3(250 230 265)
3(558 214 391)
3(112 408 124)
3(243 221 270)
3(140 138 139)
3(240 285 123)
3(429 604 430)
3(16 98 606)
3(312 310 311)
3(466 37 465)
3(440 215 555)
3(534 378 324)
3(346 326 325)
3(594 583 334)
3(309 266 253)
3(233 234 456)
3(120 121 122)
3(388 566 371)
3(22 381 23)
3(136 135 134)
3(556 561 422)
3(455 404 227)
3(484 483 449)
3(87 611 531)
3(294 296 298)
3(441 355 545)
3(163 164 162)
3(170 172 558)
3(298 491 463)
3(548 352 547)
3(197 199 218)
3(191 192 190)
3(431 244 450)
3(476 553 302)
3(18 71 17)
3(193 191 194)
3(280 248 380)
3(66 569 573)
3(283 470 208)
3(66 568 569)
3(144 143 145)
3(359 362 361)
3(227 408 112)
3(156 155 157)
3(140 241 138)
3(123 120 122)
3(142 500 511)
3(478 140 141)
3(143 481 146)
3(190 189 188)
3(119 117 115)
3(148 145 147)
3(609 102 549)
3(158 160 545)
3(437 231 267)
3(146 481 205)
3(194 477 193)
3(525 217 433)
3(166 164 165)
3(326 529 527)
3(288 522 291)
3(580 44 43)
3(418 415 414)
3(154 153 155)
3(583 581 332)
3(597 572 84)
3(171 181 173)
3(96 418 414)
3(354 358 353)
3(424 423 411)
3(45 452 46)
3(166 167 168)
3(244 222 245)
3(223 224 131)
3(189 222 244)
3(195 197 421)
3(475 209 252)
3(439 450 279)
3(123 122 239)
3(507 286 258)
3(536 293 291)
3(295 297 296)
3(51 538 83)
3(447 504 446)
3(550 476 184)
3(503 477 194)
3(341 339 340)
3(168 170 215)
3(224 520 226)
3(70 105 104)
3(518 472 226)
3(113 112 124)
3(126 448 116)
3(373 318 508)
3(327 277 282)
3(301 300 302)
3(475 252 260)
3(20 386 95)
3(225 475 498)
3(461 76 460)
3(621 623 397)
3(128 126 127)
3(286 521 288)
3(629 275 375)
3(85 586 617)
3(36 465 37)
3(201 210 211)
3(524 526 482)
3(262 224 261)
3(127 118 501)
3(435 228 436)
3(106 107 108)
3(574 576 40)
3(320 485 125)
3(383 326 346)
3(445 444 620)
3(248 247 275)
3(228 430 436)
3(376 385 384)
3(415 416 99)
3(273 401 402)
3(172 174 214)
3(132 128 129)
3(31 30 462)
3(190 192 425)
3(313 582 310)
3(312 519 368)
3(23 381 74)
3(334 332 333)
3(409 410 572)
3(92 103 505)
3(344 512 240)
3(583 69 581)
3(220 179 178)
3(410 84 572)
3(379 621 367)
3(422 561 307)
3(150 217 148)
3(483 282 478)
3(334 335 337)
3(623 90 397)
3(178 179 177)
3(28 27 459)
3(212 228 211)
3(439 176 450)
3(27 68 397)
3(20 21 386)
3(74 381 368)
3(568 331 271)
3(28 68 27)
3(212 225 235)
3(428 430 228)
3(196 195 193)
3(44 81 45)
3(256 255 258)
3(167 182 169)
3(78 559 563)
3(297 300 299)
3(114 115 116)
3(251 253 252)
3(325 326 262)
3(150 148 149)
3(497 106 109)
3(212 428 228)
3(263 509 512)
3(169 170 168)
3(390 419 71)
3(151 149 499)
3(159 158 157)
3(624 356 341)
3(399 34 598)
3(370 274 469)
3(43 579 580)
3(184 546 490)
3(382 98 622)
3(373 508 578)
3(541 432 202)
3(264 518 314)
3(35 78 36)
3(77 32 463)
3(373 574 366)
3(428 429 430)
3(324 378 365)
3(312 313 310)
3(340 338 541)
3(534 86 378)
3(233 456 278)
3(534 604 86)
3(65 33 399)
3(107 455 110)
3(49 96 50)
3(550 184 159)
3(442 72 443)
3(119 562 564)
3(547 355 441)
3(556 186 561)
3(508 318 494)
3(192 193 195)
3(104 105 106)
3(538 52 607)
3(210 475 225)
3(172 173 174)
3(537 533 216)
3(171 173 172)
3(481 142 511)
3(33 34 399)
3(277 276 242)
3(378 86 616)
3(190 222 189)
3(592 100 539)
3(111 112 113)
3(398 243 281)
3(423 250 268)
3(520 262 527)
3(542 491 299)
3(66 573 42)
3(159 157 550)
3(575 41 573)
3(400 31 32)
3(485 122 125)
3(101 570 626)
3(318 317 229)
3(45 46 92)
3(232 323 234)
3(72 627 443)
3(462 463 31)
3(196 193 477)
3(569 420 276)
3(424 213 423)
3(492 105 70)
3(48 47 82)
3(466 467 79)
3(46 103 92)
3(39 40 93)
3(524 480 515)
3(205 264 207)
3(595 345 485)
3(502 371 566)
3(268 250 265)
3(370 75 388)
3(155 153 556)
3(379 623 621)
3(335 537 338)
3(185 553 550)
3(576 41 40)
3(432 216 154)
3(103 47 70)
3(340 544 342)
3(284 565 514)
3(399 598 356)
3(390 437 419)
3(357 238 498)
3(419 369 394)
3(143 141 142)
3(549 14 609)
3(261 224 223)
3(74 368 502)
3(290 461 460)
3(510 389 95)
3(119 120 117)
3(300 476 302)
3(473 132 471)
3(146 205 204)
3(349 350 351)
3(258 286 274)
3(19 18 442)
3(43 66 42)
3(447 398 504)
3(357 382 347)
3(30 76 462)
3(269 238 347)
3(624 399 356)
3(260 254 272)
3(167 169 168)
3(631 21 73)
3(322 597 321)
3(161 162 160)
3(264 511 518)
3(615 567 88)
3(578 508 529)
3(497 104 106)
3(319 320 125)
3(118 117 479)
3(111 113 114)
3(19 395 18)
3(347 348 269)
3(125 122 121)
3(576 80 41)
3(100 608 539)
3(426 49 48)
3(629 375 412)
3(620 272 254)
3(99 52 51)
3(233 278 267)
3(180 188 189)
3(222 425 249)
3(485 239 122)
3(293 295 294)
3(561 514 565)
3(489 165 183)
3(382 606 98)
3(505 554 92)
3(107 110 108)
3(24 412 375)
3(298 296 491)
3(203 552 548)
3(564 322 236)
3(275 247 374)
3(240 239 343)
3(175 177 176)
3(549 102 612)
3(142 139 500)
3(354 360 359)
3(36 37 392)
3(251 200 477)
3(556 153 186)
3(219 474 232)
3(387 411 385)
3(458 592 539)
3(387 376 438)
3(248 246 247)
3(366 317 318)
3(557 391 364)
3(201 434 198)
3(15 549 98)
3(446 504 448)
3(517 568 66)
3(40 41 575)
3(16 15 98)
3(326 527 262)
3(43 42 579)
3(438 376 374)
3(543 295 540)
3(341 342 349)
3(468 563 308)
3(177 180 431)
3(283 208 237)
3(190 425 222)
3(263 261 223)
3(173 175 174)
3(35 91 598)
3(487 181 507)
3(147 204 470)
3(152 154 216)
3(303 301 302)
3(207 264 314)
3(230 437 265)
3(32 33 65)
3(309 253 503)
3(522 488 182)
3(8 84 410)
3(376 387 385)
3(203 164 552)
3(218 230 250)
3(454 452 453)
3(50 51 83)
3(38 69 37)
3(383 80 578)
3(200 209 201)
3(88 567 535)
3(327 495 277)
3(335 338 337)
3(289 291 292)
3(152 433 150)
3(34 35 598)
3(613 619 396)
3(268 389 510)
3(255 178 487)
3(199 198 434)
3(113 124 562)
3(442 18 72)
3(181 488 521)
3(592 528 100)
3(280 279 248)
3(621 397 68)
3(114 113 115)
3(303 302 305)
3(526 311 309)
3(331 560 554)
3(496 279 280)
3(481 264 205)
3(466 79 38)
3(533 525 433)
3(543 540 183)
3(98 549 599)
3(73 21 20)
3(265 437 390)
3(555 215 557)
3(24 74 566)
3(489 182 167)
3(423 421 250)
3(107 273 455)
3(328 484 330)
3(548 552 360)
3(191 190 188)
3(496 439 279)
3(363 364 367)
3(111 110 112)
3(398 447 243)
3(99 416 601)
3(408 409 124)
3(51 52 538)
3(559 304 303)
3(158 159 160)
3(628 613 89)
3(166 552 164)
3(267 278 369)
3(332 581 329)
3(30 614 89)
3(426 96 49)
3(38 39 393)
3(552 440 360)
3(339 600 337)
3(310 266 309)
3(319 125 236)
3(534 324 436)
3(622 348 347)
3(274 287 469)
3(494 207 315)
3(502 566 74)
3(52 99 601)
3(398 497 109)
3(133 134 135)
3(46 47 103)
3(618 357 498)
3(276 420 241)
3(610 603 317)
3(214 174 439)
3(630 444 73)
3(331 554 270)
3(499 186 151)
3(593 418 96)
3(230 219 231)
3(482 188 187)
3(523 582 313)
3(555 362 359)
3(357 443 627)
3(56 506 88)
3(252 253 254)
3(289 461 290)
3(620 266 445)
3(599 549 612)
3(382 622 347)
3(517 66 43)
3(547 350 355)
3(26 397 90)
3(285 509 501)
3(161 490 163)
3(575 573 336)
3(49 50 401)
3(241 427 138)
3(464 78 35)
3(262 261 325)
3(256 258 259)
3(369 278 458)
3(606 72 17)
3(553 185 422)
3(604 513 86)
3(506 615 88)
3(581 577 329)
3(529 508 315)
3(270 281 243)
3(454 453 589)
3(539 94 458)
3(29 396 28)
3(513 58 86)
3(32 77 33)
3(483 478 144)
3(505 281 554)
3(465 563 468)
3(496 280 377)
3(333 332 330)
3(304 551 542)
3(123 285 479)
3(417 416 415)
3(516 461 292)
3(373 366 318)
3(391 496 377)
3(412 24 25)
3(356 339 341)
3(202 432 156)
3(161 163 162)
3(291 293 292)
3(478 282 242)
3(263 512 589)
3(361 362 363)
3(602 65 399)
3(284 571 565)
3(514 283 284)
3(504 486 448)
3(530 84 7)
3(317 603 237)
3(289 292 461)
3(304 542 301)
3(296 297 299)
3(131 226 471)
3(443 357 618)
3(610 79 467)
3(22 384 21)
3(588 407 97)
3(630 73 20)
3(449 144 145)
3(587 590 82)
3(560 92 554)
3(390 71 395)
3(361 363 613)
3(290 460 459)
3(40 575 93)
3(105 107 106)
3(355 350 342)
3(464 559 78)
3(486 111 114)
3(561 565 307)
3(619 68 396)
3(332 329 330)
3(524 187 480)
3(613 363 619)
3(586 320 319)
3(214 496 391)
3(535 567 612)
3(407 410 409)
3(303 304 301)
3(98 599 622)
3(419 394 71)
3(371 259 370)
3(444 445 73)
3(305 422 307)
3(350 352 351)
3(247 438 374)
3(590 593 426)
3(586 319 617)
3(21 384 386)
3(229 206 494)
3(353 358 372)
3(67 374 376)
3(426 593 96)
3(82 47 451)
3(274 286 287)
3(100 64 608)
3(457 611 87)
3(81 44 580)
3(25 24 566)
3(82 451 587)
3(343 590 587)
3(62 528 87)
3(563 559 306)
3(473 134 132)
3(277 242 282)
3(279 450 246)
3(46 451 47)
3(131 224 226)
3(423 268 411)
3(5 85 532)
3(589 453 584)
3(129 127 130)
3(462 298 463)
3(324 365 234)
3(475 260 498)
3(22 23 67)
3(394 369 94)
3(392 583 594)
3(467 466 468)
3(316 429 428)
3(114 448 486)
3(631 73 523)
3(316 269 567)
3(12 570 101)
3(435 323 474)
3(595 593 345)
3(76 29 460)
3(1 14 608)
3(328 330 329)
3(457 87 528)
3(27 75 459)
3(500 472 511)
3(425 424 249)
3(34 464 35)
3(22 67 384)
3(411 268 510)
3(611 456 365)
3(76 516 462)
3(368 313 312)
3(516 294 298)
3(579 80 383)
3(33 551 34)
3(114 116 448)
3(525 333 330)
3(271 270 221)
3(26 27 397)
3(526 194 482)
3(349 605 602)
3(544 545 355)
3(481 511 264)
3(241 420 427)
3(333 525 533)
3(297 546 300)
3(570 11 97)
3(296 299 491)
3(192 195 213)
3(585 85 4)
3(494 315 508)
3(83 403 402)
3(495 327 577)
3(429 615 506)
3(596 584 453)
3(590 345 593)
3(269 235 238)
3(230 231 437)
3(553 422 305)
3(254 266 620)
3(272 618 260)
3(442 630 19)
3(323 436 324)
3(387 424 411)
3(336 276 277)
3(229 494 318)
3(128 127 129)
3(511 472 518)
3(591 415 418)
3(93 575 495)
3(602 605 65)
3(406 227 404)
3(598 91 600)
3(618 498 260)
3(59 616 86)
3(411 510 385)
3(89 396 29)
3(605 625 400)
3(531 61 87)
3(612 567 348)
3(102 535 612)
3(387 438 249)
3(482 187 524)
3(513 604 429)
3(425 213 424)
3(133 132 134)
3(71 18 395)
3(284 283 237)
3(245 438 247)
3(551 464 34)
3(109 486 504)
3(341 349 624)
3(227 112 110)
3(108 110 111)
3(394 94 16)
3(83 538 403)
3(108 111 486)
3(97 10 588)
3(389 395 95)
3(626 403 538)
3(346 325 596)
3(343 344 240)
3(589 584 263)
3(343 587 344)
3(544 541 202)
3(445 523 73)
3(449 483 144)
3(603 467 571)
3(16 94 15)
3(620 444 272)
3(254 253 266)
3(287 290 469)
3(571 468 308)
3(227 110 455)
3(499 514 186)
3(156 154 155)
3(595 418 593)
3(244 245 246)
3(377 280 379)
3(89 372 628)
3(404 405 406)
3(627 382 357)
3(457 528 592)
3(147 145 146)
3(279 246 248)
3(41 42 573)
3(585 3 416)
3(115 562 119)
3(458 457 592)
3(120 123 479)
3(141 140 139)
3(350 547 352)
3(519 502 368)
3(607 52 0)
3(399 624 602)
3(165 167 166)
3(465 36 78)
3(75 27 26)
3(331 270 271)
3(622 599 348)
3(89 613 396)
3(474 323 232)
3(308 306 307)
3(29 28 460)
3(76 30 29)
3(553 305 302)
3(345 239 485)
3(15 14 549)
3(388 25 566)
3(191 188 482)
3(349 351 605)
3(305 307 306)
3(617 319 321)
3(398 109 504)
3(623 380 90)
3(184 161 159)
3(379 367 377)
3(381 313 368)
3(367 364 377)
3(263 584 261)
3(514 499 283)
3(573 569 336)
3(284 237 603)
3(340 541 544)
3(445 582 523)
3(626 570 405)
3(421 197 218)
3(376 384 67)
3(252 209 251)
3(81 580 596)
3(75 26 388)
3(235 316 428)
3(431 189 244)
3(85 585 417)
3(369 458 94)
3(551 304 464)
3(405 570 97)
3(14 1 609)
3(210 212 211)
3(124 409 413)
3(268 265 389)
3(539 608 14)
3(102 54 535)
3(402 403 404)
3(308 563 306)
3(89 614 372)
3(85 417 586)
3(28 459 460)
3(618 272 443)
3(526 503 194)
3(603 571 284)
3(258 255 507)
3(29 30 89)
3(406 408 227)
3(22 21 631)
3(323 324 234)
3(210 225 212)
3(321 236 322)
3(391 377 364)
3(544 355 342)
3(45 81 452)
3(288 521 522)
3(174 176 439)
3(17 16 606)
3(120 479 117)
3(216 533 433)
3(346 596 580)
3(17 394 16)
3(581 393 577)
3(141 139 142)
3(596 325 584)
3(345 590 343)
3(147 146 204)
3(562 413 564)
3(493 519 257)
3(310 582 266)
3(574 39 79)
3(77 542 551)
3(554 281 270)
3(586 591 320)
3(557 558 391)
3(308 307 565)
3(493 371 502)
3(214 439 496)
3(482 194 191)
3(489 167 165)
3(32 65 400)
3(105 492 273)
3(595 485 320)
3(431 180 189)
3(246 245 247)
3(546 184 476)
3(385 386 384)
3(113 562 115)
3(175 176 174)
3(426 48 82)
3(156 432 154)
3(161 160 159)
3(421 218 250)
3(55 56 88)
3(465 78 563)
3(516 298 462)
3(251 209 200)
3(571 308 565)
3(479 501 118)
3(444 630 442)
3(192 213 425)
3(392 37 69)
3(440 555 360)
3(493 259 371)
3(215 170 558)
3(493 256 259)
3(464 304 559)
3(321 319 236)
3(309 503 526)
3(249 424 387)
3(495 577 93)
3(97 407 406)
3(63 100 528)
3(408 407 409)
3(336 569 276)
3(216 433 152)
3(507 255 487)
3(75 469 459)
3(493 502 519)
3(389 390 395)
3(584 325 261)
3(292 293 294)
3(522 521 488)
3(17 71 394)
3(379 280 380)
3(615 316 567)
3(85 5 4)
3(105 273 107)
3(381 523 313)
3(349 602 624)
3(25 90 412)
3(385 510 386)
3(562 124 413)
3(360 555 359)
3(615 429 316)
3(9 410 588)
3(278 457 458)
3(417 591 586)
3(292 294 516)
3(401 83 402)
3(619 367 621)
3(9 8 410)
3(579 42 80)
3(50 83 401)
3(456 457 278)
3(372 358 628)
3(363 367 619)
3(60 531 616)
3(300 546 476)
3(3 2 416)
3(453 452 81)
3(610 366 79)
3(379 380 623)
3(20 19 630)
3(62 63 528)
3(345 343 239)
3(530 6 532)
3(582 445 266)
3(95 19 20)
3(356 598 600)
3(479 285 501)
3(80 42 41)
3(596 453 81)
3(429 506 513)
3(601 0 52)
3(366 610 317)
3(381 22 631)
3(11 570 12)
3(612 348 599)
3(469 290 459)
3(19 95 395)
3(58 59 86)
3(215 558 557)
3(416 2 601)
3(15 539 14)
3(442 443 272)
3(444 442 272)
3(406 405 97)
3(39 93 393)
3(26 25 388)
3(415 591 417)
3(235 269 316)
3(61 531 60)
3(467 468 571)
3(33 77 551)
3(54 102 53)
3(392 69 583)
3(65 605 400)
3(530 7 6)
3(61 62 87)
3(574 79 366)
3(64 1 608)
3(619 621 68)
3(417 585 416)
3(626 405 403)
3(426 82 590)
3(10 97 11)
3(611 457 456)
3(84 8 7)
3(6 5 532)
3(265 390 389)
3(63 64 100)
3(13 607 0)
3(506 57 513)
3(403 405 404)
3(1 53 609)
3(393 93 577)
3(356 600 339)
3(408 406 407)
3(506 56 57)
3(90 25 26)
3(13 12 101)
3(3 585 4)
3(57 58 513)
3(591 595 320)
3(418 595 591)
3(0 601 2)
3(616 59 60)
3(54 55 535)
3(10 9 588)
3(381 631 523)
3(289 288 291)
3(137 139 138)
3(435 434 211)
3(625 351 353)
3(101 607 13)
3(143 144 141)
3(91 36 392)
3(537 335 533)
3(220 257 480)
3(449 217 484)
3(242 140 478)
3(572 597 322)
3(137 136 134)
3(150 149 151)
3(336 277 495)
3(413 322 564)
3(614 400 372)
3(625 372 400)
3(361 613 628)
3(484 525 330)
3(371 370 388)
3(524 311 526)
3(493 257 256)
3(572 413 409)
3(187 188 180)
3(175 173 487)
3(192 191 193)
3(535 55 88)
3(28 396 68)
3(539 15 94)
3(578 80 373)
3(576 373 80)
3(79 39 38)
3(234 365 456)
3(348 567 269)
3(342 350 349)
3(53 102 609)
3(275 380 248)
3(275 629 380)
3(90 629 412)
3(90 380 629)
3(382 72 606)
3(72 382 627)
3(644 634 638)
3(633 643 642)
3(635 642 643)
3(644 638 637)
3(642 639 640)
3(641 639 635)
3(639 642 635)
3(640 639 638)
3(641 632 639)
3(638 639 632)
3(637 638 632)
3(4 633 646)
3(12 644 637)
3(8 641 635)
3(645 634 0)
3(642 640 633)
3(11 637 632)
3(646 636 3)
3(635 643 7)
3(633 5 643)
3(632 641 10)
3(646 633 636)
3(2 636 645)
3(640 636 633)
3(4 5 633)
3(641 8 9)
3(636 2 3)
3(11 12 637)
3(6 7 643)
3(10 11 632)
3(7 8 635)
3(6 643 5)
3(13 0 634)
3(13 644 12)
3(3 4 646)
3(0 2 645)
3(641 9 10)
3(640 634 636)
3(634 645 636)
3(13 634 644)
3(634 640 638)
3(649 657 655)
3(659 649 651)
3(647 656 654)
3(658 657 649)
3(651 649 655)
3(654 657 647)
3(654 653 655)
3(653 648 655)
3(648 661 651)
3(1 649 659)
3(58 660 650)
3(650 653 654)
3(658 647 657)
3(650 654 656)
3(56 648 652)
3(647 658 62)
3(651 655 648)
3(64 658 649)
3(661 54 651)
3(652 660 57)
3(647 61 656)
3(660 653 650)
3(59 650 656)
3(648 56 55)
3(648 653 652)
3(658 63 62)
3(650 59 58)
3(652 653 660)
3(61 60 656)
3(54 53 651)
3(647 62 61)
3(649 1 64)
3(658 64 63)
3(659 53 1)
3(57 56 652)
3(660 58 57)
3(60 59 656)
3(54 661 55)
3(654 655 657)
3(55 661 648)
3(651 53 659)
)


// ************************************************************************* //
