/*--------------------------------*- C++ -*----------------------------------*\
| =========                 |                                                 |
| \\      /  F ield         | OpenFOAM: The Open Source CFD Toolbox           |
|  \\    /   O peration     | Version:  2412                                  |
|   \\  /    A nd           | Website:  www.openfoam.com                      |
|    \\/     M anipulation  |                                                 |
\*---------------------------------------------------------------------------*/
FoamFile
{
    version     2.0;
    format      ascii;
    arch        "LSB;label=32;scalar=64";
    class       vectorField;
    location    "constant/polyMesh";
    object      points;
}
// * * * * * * * * * * * * * * * * * * * * * * * * * * * * * * * * * * * * * //


841
(
(0.5 6.123233996e-18 0.025)
(0 6.123233996e-18 0.025)
(0.5 -0.0116180793 0.02213640064)
(0.5 -0.02057459665 0.01420161867)
(0.5 -0.02481772185 0.003013417006)
(0.5 -0.02337540607 -0.008865122176)
(0.5 -0.01657806646 -0.0187127687)
(0.5 -0.005982891607 -0.02427354544)
(0.5 0.005982891607 -0.02427354544)
(0.5 0.01657806646 -0.0187127687)
(0.5 0.02337540607 -0.008865122176)
(0.5 0.02481772185 0.003013417006)
(0.5 0.02057459665 0.01420161867)
(0.5 0.0116180793 0.02213640064)
(0.0125 6.123233996e-18 0.025)
(0.025 6.123233996e-18 0.025)
(0.0375 6.123233996e-18 0.025)
(0.05 6.123233996e-18 0.025)
(0.0625 6.123233996e-18 0.025)
(0.075 6.123233996e-18 0.025)
(0.0875 6.123233996e-18 0.025)
(0.1 6.123233996e-18 0.025)
(0.1125 6.123233996e-18 0.025)
(0.125 6.123233996e-18 0.025)
(0.1375 6.123233996e-18 0.025)
(0.15 6.123233996e-18 0.025)
(0.1625 6.123233996e-18 0.025)
(0.175 6.123233996e-18 0.025)
(0.1875 6.123233996e-18 0.025)
(0.2 6.123233996e-18 0.025)
(0.2125 6.123233996e-18 0.025)
(0.225 6.123233996e-18 0.025)
(0.2375 6.123233996e-18 0.025)
(0.25 6.123233996e-18 0.025)
(0.2625 6.123233996e-18 0.025)
(0.275 6.123233996e-18 0.025)
(0.2875 6.123233996e-18 0.025)
(0.3 6.123233996e-18 0.025)
(0.3125 6.123233996e-18 0.025)
(0.325 6.123233996e-18 0.025)
(0.3375 6.123233996e-18 0.025)
(0.35 6.123233996e-18 0.025)
(0.3625 6.123233996e-18 0.025)
(0.375 6.123233996e-18 0.025)
(0.3875 6.123233996e-18 0.025)
(0.4 6.123233996e-18 0.025)
(0.4125 6.123233996e-18 0.025)
(0.425 6.123233996e-18 0.025)
(0.4375 6.123233996e-18 0.025)
(0.45 6.123233996e-18 0.025)
(0.4625 6.123233996e-18 0.025)
(0.475 6.123233996e-18 0.025)
(0.4875 6.123233996e-18 0.025)
(0 -0.0116180793 0.02213640064)
(0 -0.02057459665 0.01420161867)
(0 -0.02481772185 0.003013417006)
(0 -0.02337540607 -0.008865122176)
(0 -0.01657806646 -0.0187127687)
(0 -0.005982891607 -0.02427354544)
(0 0.005982891607 -0.02427354544)
(0 0.01657806646 -0.0187127687)
(0 0.02337540607 -0.008865122176)
(0 0.02481772185 0.003013417006)
(0 0.02057459665 0.01420161867)
(0 0.0116180793 0.02213640064)
(0.2438584584 0.01054004408 0.02266952736)
(0.36875 0.01056855411 0.02265625)
(0.11875 0.01056855411 0.02265625)
(0.1812532846 0.0103970783 0.02273545167)
(0.30625 0.01056855411 0.02265625)
(0.4307724553 0.01058061376 0.02265062058)
(0.05625 0.01056855411 0.02265625)
(0.05625 -0.01056855411 0.02265625)
(0.09375 -0.01056855411 0.02265625)
(0.13125 -0.01056855411 0.02265625)
(0.16875 -0.01056855411 0.02265625)
(0.2061430503 -0.01059736842 0.02264278654)
(0.24375 -0.01056855411 0.02265625)
(0.28125 -0.01056855411 0.02265625)
(0.31875 -0.01056855411 0.02265625)
(0.35625 -0.01056855411 0.02265625)
(0.39375 -0.01056855411 0.02265625)
(0.43125 -0.01056855411 0.02265625)
(0.46875 0.01056855411 0.02265625)
(0.4895199765 0.0002296918165 -0.02499894481)
(0.4879719169 -0.02480650223 -0.003104423799)
(0.01083268168 0.001521186174 -0.02495367694)
(0.01075307633 0.02488246118 -0.002421389157)
(0.01033717755 -0.02481772185 -0.003013417006)
(0.20625 0.01056855411 0.02265625)
(0.1562539382 0.01061471326 0.02263466064)
(0.2835832408 0.01045593732 0.02270844281)
(0.40625 0.01056855411 0.02265625)
(0.33125 0.01056855411 0.02265625)
(0.03204363972 0.01052918248 0.02267457422)
(0.08125 0.01056855411 0.02265625)
(0.45625 -0.01056855411 0.02265625)
(0.4896628224 0.02481772185 -0.003013417006)
(0.03125 -0.01056855411 0.02265625)
(0.48125 -0.01056855411 0.02265625)
(0.009956129817 0.01659351941 0.01869906718)
(0.4912370297 0.01654663161 0.0187405705)
(0.008953922003 -0.0165731423 0.01871712997)
(0.4189309328 0.0104715351 0.02270125443)
(0.4247834245 0.01885275518 0.01641869733)
(0.4368164785 0.01898037692 0.01627099542)
(0.4307226592 0.02393548871 0.007217505122)
(0.4427694768 0.02399445767 0.007018974374)
(0.4366143174 0.02478443435 -0.003275944742)
(0.4246353486 0.02481111062 -0.003067375057)
(0.4486769783 0.02475569211 -0.0034865037)
(0.4425261076 0.02123114905 -0.01319993599)
(0.4535109324 0.02107411329 -0.01344922857)
(0.4482505767 0.01389553708 -0.02078254193)
(0.4362970662 0.01406843594 -0.02066589244)
(0.4418050689 0.004319980605 -0.02462392673)
(0.4300417281 0.004463671884 -0.02459828517)
(0.4359261885 -0.006149283833 -0.02423192746)
(0.4237627653 -0.005950973666 -0.02428139025)
(0.4480828373 -0.006345118977 -0.02418138675)
(0.4418331578 -0.01566524598 -0.01948332796)
(0.4539599181 -0.01583277746 -0.01934743285)
(0.4477469624 -0.02235094852 -0.01119978126)
(0.4355384941 -0.02226657649 -0.01136659893)
(0.4604346128 0.01371500298 -0.02090212174)
(0.4599334297 -0.02244336123 -0.0110134253)
(0.4178407883 0.004698949618 -0.02455442674)
(0.4115911938 -0.005734137992 -0.02433350903)
(0.4056781372 0.004932124139 -0.02450865462)
(0.3993831311 -0.005516321929 -0.02438381005)
(0.4052911793 -0.0151987239 -0.01984940281)
(0.393057767 -0.01502102771 -0.01998421193)
(0.3934761064 0.005162918346 -0.02446107672)
(0.3997518529 0.01470240589 -0.02021977401)
(0.3875959903 0.01489188382 -0.02008063237)
(0.3938830714 0.02178255106 -0.01226867839)
(0.3817647036 0.02189721425 -0.01206283582)
(0.3754472161 0.01509326373 -0.01992971124)
(0.3696044432 0.02201582447 -0.0118449767)
(0.3632926725 0.01528950596 -0.01977956034)
(0.3574283347 0.02213257844 -0.01162535898)
(0.3511409109 0.01548302123 -0.01962845011)
(0.3570094535 0.005895654086 -0.02429488141)
(0.3448239233 0.006133478397 -0.02423593288)
(0.3389508115 0.01569271651 -0.01946120882)
(0.3326318839 0.006386394592 -0.02417051849)
(0.3385064467 -0.004306143164 -0.02462635034)
(0.3262833274 -0.004050018298 -0.02466976595)
(0.3203676585 0.006657781465 -0.02409717714)
(0.3140567445 -0.003776066869 -0.02471318108)
(0.3081603265 0.006927674877 -0.02402097668)
(0.3018291129 -0.003500286229 -0.02475374712)
(0.2959329409 0.007194466764 -0.0239424236)
(0.2896047505 -0.003219722543 -0.0247918008)
(0.2837062722 0.007461144289 -0.02386066483)
(0.2773691183 -0.00294833096 -0.02482553815)
(0.2714789206 0.007725900308 -0.02377625842)
(0.2651405854 -0.002667559855 -0.02485727508)
(0.2592627861 0.007990768764 -0.02368855451)
(0.2529133088 -0.002394099011 -0.02488510177)
(0.247035345 0.008250163838 -0.02359946602)
(0.2406867363 -0.002116596092 -0.02491023928)
(0.2347716683 0.00851433208 -0.02350544935)
(0.2284587491 -0.001838990569 -0.02493227053)
(0.2225828484 0.008776916744 -0.02340866789)
(0.216234498 -0.001560399462 -0.02495125555)
(0.2103582588 0.00903164614 -0.02331157155)
(0.2040097868 -0.001282055572 -0.02496710503)
(0.1980972112 0.009294041121 -0.02320820544)
(0.1917856402 -0.001003958053 -0.02497983323)
(0.1859099668 0.009552937727 -0.02310284356)
(0.1795629564 -0.0007249368375 -0.02498948712)
(0.1736889366 0.009802699519 -0.02299797996)
(0.1673417997 -0.0004463830713 -0.02499601453)
(0.1614659226 0.01006423797 -0.02288473539)
(0.1551199346 -0.0001674288619 -0.02499943935)
(0.1492455175 0.01031793719 -0.02277147716)
(0.1429001779 0.0001114831071 -0.02499975143)
(0.148773671 -0.0103820118 -0.02274233566)
(0.1365251956 -0.01012896413 -0.02285616078)
(0.1306389578 0.0004095367456 -0.02499664537)
(0.1732156559 -0.01088880899 -0.02250408493)
(0.1976615708 -0.01138950167 -0.02225487029)
(0.2221109768 -0.01188432069 -0.0219946112)
(0.247061211 -0.01234174099 -0.02174123799)
(0.2710188319 -0.01285528847 -0.02144158479)
(0.2954760378 -0.01333058547 -0.02114936148)
(0.1242736657 -0.009858939611 -0.02297392674)
(0.1183982013 0.0007043583594 -0.02499007562)
(0.1247724804 0.01085828838 -0.02251882709)
(0.1125893906 0.01112094299 -0.02239027974)
(0.1061828051 0.001018378099 -0.02497924951)
(0.1003808953 0.01139427842 -0.02225242502)
(0.09397927093 0.00133045492 -0.02496457269)
(0.09985943814 -0.009264088799 -0.02322017784)
(0.08811436968 0.01166465618 -0.02211189264)
(0.08176964658 0.001641615382 -0.02494604375)
(0.07589484761 0.01192890444 -0.02197046288)
(0.06959500569 0.001965799808 -0.02492259278)
(0.06378345042 0.01219142526 -0.02182588257)
(0.07540729443 -0.00863147426 -0.02346268638)
(0.06322981206 -0.008332199584 -0.02357062685)
(0.2656119742 0.0169671242 -0.0183607379)
(0.2289308927 0.01756919762 -0.01778547989)
(0.3321746049 -0.01402110285 -0.02069803553)
(0.3444334225 -0.01423621859 -0.02055067104)
(0.3380829658 -0.02142372775 -0.01288502578)
(0.3503759672 -0.02155769454 -0.01265961318)
(0.3257884343 -0.0212886188 -0.01310704809)
(0.06904908552 -0.01742896349 -0.01792292475)
(0.05685572758 -0.01720173805 -0.01814111927)
(0.05105862961 -0.008034907027 -0.02367361969)
(0.0446986255 -0.01694773394 -0.01837863744)
(0.09443108946 0.01966418902 -0.01543760572)
(0.1678115909 0.01852787 -0.01678445808)
(0.1920579828 0.01809592356 -0.01724927681)
(0.2900275078 0.01655335756 -0.01873462979)
(0.3144459635 0.01613036661 -0.01910003332)
(0.07011376675 0.01999833692 -0.01500221718)
(0.05798860521 0.02017256848 -0.01476710808)
(0.1424141947 -0.01879934979 -0.0164798194)
(0.3880053879 0.02491018272 -0.002117261671)
(0.1189086231 0.01928247278 -0.01591182716)
(0.3989853025 -0.02201322175 -0.01184981301)
(0.3867100391 -0.02190679385 -0.01204542996)
(0.05048285531 -0.02307727347 -0.009614543627)
(0.3807762374 -0.01481822116 -0.02013505206)
(0.4607779704 0.02472491982 -0.003698423989)
(0.0389189233 -0.007735097517 -0.02377326789)
(0.3317153616 -0.02483019854 -0.002908821145)
(0.06433101022 0.024422104 -0.005344233937)
(0.05224411753 0.02448323543 -0.0050567957)
(0.04592369898 0.0203581871 -0.01451014191)
(0.04013457926 0.02454212177 -0.004762799482)
(0.03384721706 0.02054180441 -0.01424900949)
(0.03831924899 -0.02294421207 -0.009927896682)
(0.4661689418 -0.01598401041 -0.0192226796)
(0.3196057102 -0.02479272063 -0.003212631884)
(0.04411258906 -0.02499316846 0.0005844057699)
(0.4414840265 -0.02497921117 -0.001019317954)
(0.4292187964 -0.02497085077 -0.001206901757)
(0.3637154423 0.02494716563 -0.001624477514)
(0.3515885743 0.0249620074 -0.001377746867)
(0.4001278377 0.02488933235 -0.002349709603)
(0.1310265313 0.01909307522 -0.01613860213)
(0.1252432696 0.02408614578 -0.006697580264)
(0.1374466617 0.02400728715 -0.006974966928)
(0.1315685064 0.02473271592 0.003645924163)
(0.1438973923 0.02476775205 0.00339977331)
(0.1130956898 0.02416230799 -0.006417388292)
(0.07639835022 0.02435946699 -0.005622843392)
(0.08125987024 -0.01766624733 -0.01768908435)
(0.07496047616 -0.0233505208 -0.008930463493)
(0.08713646575 -0.02346864764 -0.00861525264)
(0.08071078491 -0.02494108049 0.001715372804)
(0.1546974363 -0.01898207122 -0.01626901879)
(0.1483193093 -0.02399486212 -0.007017591593)
(0.1360005186 -0.02391476116 -0.007285890384)
(0.160759914 -0.02407116287 -0.006751230859)
(0.1543155331 -0.02471201462 0.003783693093)
(0.06919572405 -0.02496119535 0.00139238174)
(0.3926658314 -0.02493918801 -0.001742670815)
(0.3803408682 -0.02492456976 -0.001940572693)
(0.404975369 -0.02495522741 -0.001495535048)
(0.356729834 -0.01443252315 -0.02041328674)
(0.07058958564 0.024497312 0.004988156471)
(0.09303379617 -0.02491130784 0.002103982377)
(0.04642499709 0.0243804799 0.005531021606)
(0.08267501646 0.02455288332 0.004707007628)
(0.03237240633 -0.02499670476 0.0004058951941)
(0.3942638361 0.02362873273 0.008165965325)
(0.3822844871 0.02355215436 0.008384272475)
(0.07337123245 -0.02211312289 0.01166232378)
(0.4490749173 0.01911642871 0.01611093273)
(0.1665972177 -0.0246677296 0.00406240277)
(0.1378719914 0.02114525433 0.01333709935)
(0.3578637381 0.02338167552 0.008848573327)
(0.3457710179 0.02328774954 0.009092894001)
(0.03437977705 0.02431300535 0.005820461411)
(0.1500292534 0.02394317504 -0.007191965579)
(0.1559418265 0.02481227206 0.00305796588)
(0.4063517192 0.02370320096 0.007947217403)
(0.339498089 0.02497532554 -0.001110456664)
(0.3134534774 -0.02113780732 -0.01334889889)
(0.3104267278 -0.02475504069 -0.003491125974)
(0.4232605311 -0.02216125282 -0.01157060385)
(0.1729995692 -0.02413987956 -0.006501247179)
(0.1789725137 -0.02462025951 0.004340831892)
(0.1853440773 -0.02420705431 -0.006246480752)
(0.191323515 -0.02457688109 0.004580056317)
(0.1854557302 -0.02033020223 0.01454932567)
(0.1976691943 -0.02427081751 -0.005993948385)
(0.2037019857 -0.02452668757 0.004841652305)
(0.2100105434 -0.02433215682 -0.005739873213)
(0.2160276363 -0.02447587948 0.005092280783)
(0.222353813 -0.02439054985 -0.005486444949)
(0.2284206145 -0.02442065099 0.005350869555)
(0.2347125149 -0.02444639454 -0.00523199711)
(0.222457573 -0.02000701 0.01499064878)
(0.2407862098 -0.0243636288 0.005604782922)
(0.2471016184 -0.02449804487 -0.004984555897)
(0.2531562042 -0.02430305141 0.005861884687)
(0.2595621264 -0.02455059397 -0.004718933757)
(0.2655268401 -0.02424145317 0.006111624042)
(0.2598347757 -0.01956942556 0.01555755711)
(0.2719299154 -0.02459969861 -0.004455875708)
(0.2778948603 -0.0241747471 0.006370369099)
(0.2836150264 -0.02462632174 -0.004306306691)
(0.2902651166 -0.02410661358 0.006623532417)
(0.09940875089 -0.02357235153 -0.00832731909)
(0.105455265 -0.02488541002 0.002390892755)
(0.1115857568 -0.02367276687 -0.008037419284)
(0.1176458044 -0.0248497343 0.00273691525)
(0.1112727161 -0.0215066293 0.01274617182)
(0.3626719058 -0.02167964657 -0.01244961545)
(0.3563181616 -0.02488430299 -0.00240238725)
(0.02802338614 -0.02286030969 -0.01011959687)
(0.3253287695 -0.02381212135 0.007614648832)
(0.3376960307 -0.02373113099 0.007863423047)
(0.4720785216 -0.02251761377 -0.0108608043)
(0.463691754 -0.0249853938 -0.0008544570595)
(0.4782863283 -0.01614327701 -0.01908912275)
(0.4714805069 -0.006812283769 -0.0240539558)
(0.03960603848 0.01279660383 -0.02147666013)
(0.02755440307 0.01306837935 -0.02131237812)
(0.384370865 -0.02346237531 0.008632319791)
(0.3739497011 -0.02349426413 0.008545147919)
(0.3336044374 0.02318282287 0.009357174996)
(0.3274077258 0.02498561661 -0.0008479165257)
(0.321587539 0.02308958909 0.009584929602)
(0.3153185195 0.02499314154 -0.0005855562577)
(0.388228954 0.01844322981 0.01687741906)
(0.3093688626 0.02298838325 0.009825183746)
(0.3032244882 0.02499791514 -0.0003228601827)
(0.2971531398 0.02288404129 0.01006581612)
(0.2911356367 0.02499992908 -5.954975705e-05)
(0.3520217765 0.01761915088 0.0177359951)
(0.28503613 0.0227955565 0.01026462877)
(0.2790400211 0.02499917378 0.0002032493923)
(0.2726032222 0.02268935785 0.01049728728)
(0.2669379645 0.02499568197 0.0004646319466)
(0.260311477 0.02258299717 0.01072418942)
(0.2548218629 0.02498952095 0.0007237699007)
(0.4350407666 -0.02317158911 0.009384959133)
(0.4228754746 -0.02324177657 0.009209767747)
(0.4475024098 -0.02310167863 0.009555754523)
(0.3779838103 -0.01773146976 0.01762370506)
(0.03755391472 -0.02261266822 0.01066148376)
(0.028034821 -0.02268589259 0.01050477403)
(0.2484588325 0.02239691914 0.01110756558)
(0.242754398 0.02498031721 0.000991842887)
(0.2373122739 0.02233038842 0.01124071852)
(0.2306918331 0.02496848223 0.001254948331)
(0.2249531395 0.02223126786 0.01143550302)
(0.2186053372 0.0249538982 0.001517552233)
(0.2486001582 0.02314133494 -0.009459313776)
(0.2674005549 0.01627560608 0.01897642345)
(0.0499677508 -0.02243799275 0.01102435854)
(0.212784804 0.02208419904 0.01171700272)
(0.2065191377 0.02493623835 0.00178438143)
(0.2123394928 0.02342905471 -0.008722350335)
(0.2008482737 0.02199202013 0.0118891148)
(0.1944463715 0.02491621501 0.002045050073)
(0.1886151094 0.02183355487 0.01217767965)
(0.1823508551 0.02489359328 0.002304129709)
(0.020841037 0.02067315392 -0.01405776323)
(0.3333299909 -0.01833430056 0.01699568837)
(0.1767685603 0.02171511301 0.01238764977)
(0.1236508671 -0.02134239569 0.01301929898)
(0.04065386098 0.01991810427 0.01510857777)
(0.160181583 -0.02077611255 0.01390514823)
(0.1477902683 -0.02093148678 0.01367014488)
(0.2187593121 0.01567051267 0.0194790922)
(0.3436939727 -0.01815787067 0.0171840546)
(0.1257316461 0.02097096736 0.01360950139)
(0.1329914838 0.01282890312 0.02145738206)
(0.1129500678 0.01966281539 0.01543935527)
(0.1702677632 0.02486798131 0.002565834281)
(0.01760665296 0.0132271906 -0.0212141799)
(0.1662907544 0.02156962144 0.01263928127)
(0.1521906286 0.02059489327 0.01417216889)
(0.1135456206 -0.01369105386 0.02091781643)
(0.04354201703 -0.01596001791 0.01924260451)
(0.3675379203 -0.01782803713 0.01752601187)
(0.1065282264 0.01162059228 0.02213508155)
(0.1007669289 0.01983458166 0.01521806066)
(0.09434123024 0.0119597681 0.0219536773)
(0.1070939178 0.02429468018 0.005896483274)
(0.1537471975 -0.01313450416 0.02127169012)
(0.07687471699 0.02039913688 0.01445251586)
(0.06481592994 0.02023408171 0.01468270879)
(0.1760863247 0.02369333367 -0.007976586954)
(0.2939348671 0.01046669917 0.0227034845)
(0.3186205512 0.01048381862 0.02269558431)
(0.04402503734 0.01057132632 0.02265495663)
(0.06883810006 0.0106061972 0.02263865237)
(0.1936354452 0.01040791482 0.02273049293)
(0.1689309328 0.0104715351 0.02270125443)
(0.4122095722 0.02486889205 -0.002556992034)
(0.25625 0.01056855411 0.02265625)
(0.2314309328 0.0104715351 0.02270125443)
(0.4564309328 0.0104715351 0.02270125443)
(0.4625015348 0.0188889915 0.01637699606)
(0.4722023134 0.01899452317 0.01625447906)
(0.4684069183 0.02394007838 0.007202266815)
(0.4783281644 0.02396409768 0.007121939494)
(0.4777715161 0.02477878171 -0.00331842991)
(0.4813945423 0.0212158885 -0.01322444989)
(0.4683805636 0.02084506394 -0.01380156909)
(0.4726941246 0.01170881068 -0.02208854347)
(0.4858965774 0.01230461232 -0.02176227276)
(0.09497158357 0.02436947898 0.005579291557)
(0.1463028781 0.01047504591 0.02269963465)
(0.4666335977 0.003384826855 -0.02476979909)
(0.4687119114 -0.01054813883 0.022665762)
(0.4749621807 -0.01906534796 0.01617134834)
(0.4872977605 -0.01910685433 0.01612228637)
(0.4817913927 -0.02386259721 0.007454961717)
(0.4624998877 -0.01908199489 0.0161517018)
(0.05278119951 0.01963533947 0.01547428331)
(0.3699560356 0.02346236815 0.008632339239)
(0.08226504128 0.01982924303 -0.01522501628)
(0.2783375296 -0.02055634686 -0.01422802178)
(0.08859111437 0.02430419205 -0.005857153656)
(0.1008478651 0.02445367393 -0.005197867968)
(0.1067628716 0.0194803281 -0.01566897627)
(0.4437247508 -0.01055502116 0.02266255785)
(0.3759173144 0.02493031575 -0.001865303334)
(0.03292070528 -0.01670740987 -0.01859737765)
(0.02042273254 -0.01646848817 -0.0188092769)
(0.02873744591 -0.007490017924 -0.02385161696)
(0.1369554056 0.01061608138 -0.022634019)
(0.2778101788 0.01676088751 -0.0185491954)
(0.3022188449 0.01634210556 -0.01891918566)
(0.05740966261 0.00225661123 -0.02489794581)
(0.04525221467 0.002540230401 -0.02487060975)
(0.03441331752 0.002813312845 -0.02484120107)
(0.05853604355 0.0244347701 0.005286020269)
(0.1194162587 0.02468906477 0.003930659093)
(0.1556557859 0.01871956964 -0.01657038661)
(0.204450239 0.01795822301 -0.01739259114)
(0.2411269923 0.01736948838 -0.01798056933)
(0.06871984752 -0.01055239292 0.02266378176)
(0.06112248482 -0.01910729252 0.01612176704)
(0.08206930762 -0.01486411306 0.02010119755)
(0.09107163732 -0.02015473531 0.01479143822)
(0.4119528935 0.01450961844 -0.02035856019)
(0.4060343235 0.02166732531 -0.01247104703)
(0.4239826038 0.0143097705 -0.02049952361)
(0.3266276297 0.01591258099 -0.01928185069)
(0.1434949981 0.01890147556 -0.01636258604)
(0.41875 -0.01056855411 0.02265625)
(0.4062701735 -0.0105577418 0.02266129052)
(0.4019271808 -0.01910058702 0.01612971096)
(0.4124652389 -0.0191269403 0.01609845193)
(0.4549235911 0.02405306666 0.006815422538)
(0.02808760471 0.02459264244 -0.004494656581)
(0.0223409386 0.02424892492 0.006081910919)
(0.03008563533 0.01980595814 0.01525529489)
(0.1811567163 -0.01060362598 0.0226398568)
(0.1935997658 -0.010631056 0.02262698938)
(0.1976611434 -0.01999877654 0.01500163114)
(0.2187314952 -0.01055863621 0.0226608738)
(0.2311575926 -0.01058955791 0.02264644041)
(0.26875 -0.01056855411 0.02265625)
(0.2936640135 -0.01059705618 0.02264293268)
(0.306233146 -0.01058153945 0.02265018814)
(0.3106540077 -0.0191576972 0.01606183794)
(0.2999630369 -0.01913224992 0.01609214135)
(0.1734686715 -0.01995709667 0.01505703465)
(0.3199353319 -0.01378303075 -0.02085732637)
(0.3871301129 -0.005270638219 -0.02443809266)
(0.3750157569 -0.004998881757 -0.02449512566)
(0.3812374331 0.005451970072 -0.02439827909)
(0.05167987629 0.01251536422 -0.02164175729)
(0.0627910248 -0.02321955964 -0.00926563815)
(0.2526632334 -0.02026153377 -0.01464480281)
(0.08761108401 -0.008946705554 -0.02334430251)
(0.3453456593 0.02226035035 -0.01137878739)
(0.4295929251 -0.01547874239 -0.01963182452)
(0.1301606574 -0.01860413867 -0.01669988097)
(0.3507090354 -0.004546307674 -0.02458314639)
(0.1121578904 -0.009568645835 -0.02309634207)
(0.3331206803 0.02238542252 -0.0111307169)
(0.3209597593 0.0224995437 -0.01089818944)
(0.4531136339 -0.02498177527 -0.0009544131472)
(0.430496831 0.02135212213 -0.01300334114)
(0.1609946239 -0.01061468532 -0.02263467374)
(0.1854386507 -0.01111847332 -0.02239150622)
(0.2098863486 -0.01161647643 -0.02213724182)
(0.234556709 -0.01210953788 -0.02187142182)
(0.2346565718 -0.01985935909 0.01518571225)
(0.4426711743 0.01053219385 0.02267317562)
(0.1426609954 -0.0247539762 0.003498665802)
(0.3440077601 -0.02485579008 -0.002681361495)
(0.3388662171 0.01748496012 0.0178683007)
(0.1626766628 0.02395949312 -0.007137414771)
(0.41886352 0.02388071659 0.007396713792)
(0.05579677356 -0.02498397639 0.0008949433458)
(0.3076531976 -0.01352514481 -0.02102547164)
(0.3691078404 0.005705967401 -0.02434013016)
(0.417425586 -0.01533053293 -0.01974777861)
(0.1355856225 -0.01960911141 0.01550750623)
(0.09339860497 -0.01786739072 -0.01748588999)
(0.4180090994 0.02164261472 -0.01251388141)
(0.413092941 0.01879252021 0.01648760698)
(0.009153026546 -0.02040278673 -0.01444736287)
(0.1668266974 -0.01906327165 -0.01617379591)
(0.3493675352 -0.02369776347 0.007963416772)
(0.4111064944 -0.02207465447 -0.01173497465)
(0.0890455764 0.02008405794 0.01488726358)
(0.3627800583 -0.004704767065 -0.02455331275)
(0.4171167681 -0.02495374608 -0.001520051523)
(0.009328491629 -0.0116795266 -0.02210404168)
(0.3023111921 -0.02089584915 -0.01372455786)
(0.1239229573 -0.02377462766 -0.007730917124)
(0.2100001513 -0.02017508047 0.01476367597)
(0.3809020888 0.01034605932 0.02275871386)
(0.3687743028 -0.01448638444 -0.02037509916)
(0.1297719433 -0.02480085106 0.003149251764)
(0.3747122772 -0.02170897918 -0.01239839599)
(0.1791097821 -0.01933638924 -0.015846263)
(0.1912944741 -0.0194482096 -0.01570882375)
(0.1050552672 -0.01443116935 0.02041424383)
(0.1181604607 -0.0184841267 -0.01683261893)
(0.3090486305 0.02261100337 -0.01066501415)
(0.1056630813 -0.01815084908 -0.01719147108)
(0.3683168789 -0.02488840056 -0.002359558759)
(0.01133736611 0.02339422431 0.008815342822)
(0.3619137982 -0.0236335263 0.008152081612)
(0.4899120717 -0.01185987532 -0.0220078022)
(0.01013972483 0.02077764366 -0.01390286029)
(0.4896628224 -0.02057459665 -0.01420161867)
(0.2968401702 0.02274088591 -0.01038518695)
(0.0228892485 0.00346028697 -0.02475937023)
(0.008687082294 -0.02352729013 0.00845379318)
(0.2038087002 -0.01963046515 -0.01548046633)
(0.284816083 0.02286414106 -0.01011093732)
(0.4805894618 0.01021387379 0.02281834311)
(0.01941053821 0.01021387379 0.02281834311)
(0.215826165 -0.01977775258 -0.01529184433)
(0.2726046631 0.02298656496 -0.009829436977)
(0.2467517836 -0.01974710975 0.01533139447)
(0.2281230497 -0.0199204724 -0.01510545528)
(0.2602034878 0.02309726354 -0.009566421316)
(0.2533785884 0.01697010393 -0.01835798389)
(0.2401980738 -0.02005145529 -0.01493114667)
(0.2360035782 0.02332695666 -0.008991834797)
(0.2238137087 0.023423092 -0.008738350013)
(0.01941053821 -0.01021387379 0.02281834311)
(0.2587976075 -0.01233530327 -0.0217448912)
(0.2562003536 -0.01039613338 0.02273588377)
(0.2166972858 0.01749132529 -0.01786206985)
(0.2659594213 -0.02065351852 -0.0140865955)
(0.4004949135 0.01862163471 0.01668036932)
(0.1995322217 0.02363374745 -0.008151440449)
(0.28325578 -0.01274186858 -0.02150917909)
(0.1876234107 0.02371614264 -0.007908513026)
(0.180023447 0.01800369758 -0.0173455145)
(0.2718724959 -0.0195431726 0.01559052292)
(0.3945873698 0.01011869498 0.02286070891)
(0.2898774086 -0.02058289973 -0.01418958205)
(0.4534462243 0.0045512085 -0.02458223955)
(0.2833278356 -0.01951165235 0.01562995274)
(0.4602500596 -0.007368247981 -0.02388951489)
(0.2957196461 -0.02457594993 -0.00458505016)
(0.1427543606 -0.0100334258 0.02289826122)
(0.02084223495 -0.02499298423 0.0005922325597)
(0.3756908201 0.01857563254 0.01673158318)
(0.3640952572 0.01858475327 0.01672145167)
(0.4897817945 0.02339241521 0.008820142324)
(0.3023413844 -0.02398010545 0.007067852774)
(0.479723867 0.004016978553 -0.02467516734)
(0.3577023002 0.009786967073 0.02300467943)
(0.3339987448 -0.009264780576 0.02321990183)
(0.3461672019 0.00994201355 0.02293809858)
(0.34375 -0.009043758048 0.02330687539)
(0.326199416 0.01747871257 0.01787441207)
(0.3557458111 -0.01915916689 0.01606008481)
(0.36875 -0.008831371094 0.02338817831)
(0.38125 -0.008719988286 0.02342993394)
(0.3136550905 0.01740386535 0.01794729703)
(0.1021966118 -0.02205948549 0.01176346462)
(0.2998423013 0.01720247747 0.0181404181)
(0.3986636654 -0.02401594335 0.006945103658)
(0.4911677125 -0.02370819411 0.007932309385)
(0.4791692892 -0.02475398297 -0.003498617891)
(0.425 -0.01758508313 0.01776977353)
(0.4906324768 0.02067572564 -0.01405398055)
(0.411063171 -0.02399417341 0.007019946029)
(0.4375214257 -0.01753437429 0.01781981252)
(0.4687479854 -0.02332083678 0.009007695154)
(0.01862069249 0.02034801422 0.0145244042)
(0.4499775173 -0.01746271928 0.01789003732)
(0.2895341146 0.01718647154 0.01815558305)
(0.4585905065 -0.02371283035 0.007918439034)
(0.3899708423 -0.01852572097 0.01678683004)
(0.4821038977 -0.005982891607 -0.02427354544)
(0.2693696153 0.008291884971 0.02358483928)
(0.02640738876 -0.01711230431 0.01822550524)
(0.2779104762 0.01793410816 0.01741745574)
(0.4895187338 -0.009675173369 0.0230519201)
(0.2478078286 0.01667239256 0.01862877684)
(0.3157793888 -0.02430601217 0.005849595909)
(0.01742230295 -0.006096161748 -0.02424534619)
(0.237528215 0.01658281053 0.01870856475)
(0.04375 -0.00744237241 0.02386652662)
(0.4911435978 0.008533914842 0.0234983467)
(0.008856402207 0.008533914842 0.0234983467)
(0.008856402207 -0.008533914842 0.0234983467)
(0.3208439362 -0.01954945815 0.01558264054)
(0.01977332361 0.0243309351 -0.005745049794)
(0.01819335606 -0.02061499724 0.01414290949)
(0.199853211 0.01619589638 0.01904449895)
(0.21875 0.007095818581 0.02397184512)
(0.01709668688 -0.02335355762 -0.008922519065)
(0.007947888554 0.01187137816 -0.0220015995)
(0.4810828862 -0.02200698773 -0.01186138655)
(0.06225162462 -0.02364287016 0.008124942503)
(0.1874669987 0.01614925017 0.01908406977)
(0.08350906704 -0.02279394446 0.01026820802)
(0.1751976053 0.01606586095 0.01915432359)
(0.03425363705 -0.01771716744 0.01763808317)
(0.1626437191 0.01590691477 0.01928652541)
(0.2577113751 0.01756466598 0.01778995528)
(0.2287016953 0.01745664732 0.01789596224)
(0.4821936435 0.02016495997 0.01477749605)
(0.05241270695 -0.01733660629 0.01801227588)
(0.2084436067 0.017523106 0.01783089331)
(0.1445897298 0.01720516244 0.01813787158)
(0.0810541915 -0.00646627863 0.02414926998)
(0.1048830207 -0.007075746896 0.02397777733)
(0.5 0.01457331497 -0.001563735571)
(0.5 -0.01380944727 -0.001676770474)
(0.5 0.00332908986 0.0135066485)
(0.5 -0.0004683871015 -0.01355160768)
(0.5 -0.009224615212 0.0104124381)
(0.5 0.01687208335 0.006398737197)
(0.5 0.007956732049 0.00521399346)
(0.5 0.003823734071 -0.004316103536)
(0.5 -0.002232122316 0.002827975547)
(0.5 0.01090347633 -0.01089200804)
(0.5 -0.005259444581 -0.005654437897)
(0.5 -0.01091227385 -0.01212237539)
(0.5 0.01196584642 0.0135066485)
(0.5 -0.004378401163 0.01776387181)
(0.5 -0.01710659524 0.006487675826)
(0 0.01350925902 -0.001168493769)
(0 -0.01380944727 -0.001676770474)
(0 0.00332908986 0.0135066485)
(0 -0.0002042848287 -0.01465554659)
(0 -0.009224615212 0.0104124381)
(0 -0.01485049323 -0.01025055536)
(0 -0.006135055644 -0.007270241051)
(0 0.003823734071 -0.004316103536)
(0 -0.002538303807 0.002556722416)
(0 0.009498324198 -0.0121368642)
(0 0.006247166668 0.004539530135)
(0 0.01334931889 0.009371520197)
(0 -0.004378401163 0.01776387181)
(0 -0.008385788115 -0.01597778433)
(0 -0.01710659524 0.006487675826)
(0.05130152143 5.904964679e-06 1.820912542e-05)
(0.2081812372 4.06573864e-05 -6.515247076e-05)
(0.02628093789 4.263105281e-05 1.223566883e-05)
(0.2455654534 0.0001721481767 -3.798112484e-07)
(0.07631917789 -1.636006741e-05 7.1246383e-06)
(0.4396869246 0.0001530715762 1.47188849e-05)
(0.3603701962 8.340200162e-05 -6.302090713e-05)
(0.3968153057 6.186361933e-05 -5.667883915e-05)
(0.1277060497 2.397980559e-05 -0.0001003380322)
(0.3287020473 -7.4450682e-05 3.117050347e-06)
(0.1832021728 5.0834822e-05 -0.0001607252759)
(0.2743194989 -4.437674509e-05 -0.0001352919727)
(0.1578688835 -0.0001435240858 -0.0001660487998)
(0.2991326401 0.0001672041373 -0.0003755008382)
(0.1029703656 -4.97690864e-05 -0.0004733735081)
(0.4656057692 3.218342154e-05 9.384097414e-05)
(0.4182590341 -0.0008619299469 -0.003537633152)
(0.4824498179 -0.0004361242769 -0.006897358518)
(0.226851775 0.004567174473 0.003361250124)
(0.3785961861 0.004706566206 -0.00406279452)
(0.3446075873 -0.001475468861 -0.008158500585)
(0.14265177 -0.003520675559 -0.008078355993)
(0.3140427427 0.002173940632 -0.008621712248)
(0.2598981091 -0.0002879640259 -0.008959152572)
(0.3138052407 -0.0006902089401 0.008098730301)
(0.03877889508 -0.007324307653 0.00649956273)
(0.3459642927 -0.000989996444 0.00864981153)
(0.2600127772 0.005054368892 0.006906144521)
(0.48125 -0.0002902310286 0.009642057527)
(0.01389070498 -0.0003046269469 -0.00866212034)
(0.03880532424 0.009795497779 0.001053889163)
(0.06351223695 0.001277878855 -0.01018189233)
(0.03878806981 -0.003544553779 -0.008691210828)
(0.01479509146 0.009744144496 0.002836875134)
(0.08947706545 -0.0006794291491 -0.009490137078)
(0.4526238991 -0.008128113646 -0.005152485008)
(0.14301043 0.0009627929861 0.008628026228)
(0.2213122554 -0.007279353058 -0.006374899003)
(0.3730727127 -0.009758649117 0.0002458081029)
(0.1956797136 0.009113392958 0.003986745122)
(0.1705228499 0.00186428073 -0.009586748468)
(0.1705233162 0.001277268775 0.009625889771)
(0.1957292151 0.001202006692 -0.009793508972)
(0.4860857315 0.0110131852 0.001579278299)
(0.2866573614 0.009835001445 0.001255957368)
(0.4274707916 0.008806194437 0.004682348605)
(0.1153068512 -0.009171815946 0.003603076386)
(0.4094749452 0.002157333883 0.009461436812)
(0.1154305962 0.006332943308 -0.007667632629)
(0.452690544 0.009608731961 0.000115535156)
(0.2866675707 -0.003371999228 -0.009322433897)
(0.06260982105 -0.01060074912 -0.0002552918616)
(0.06381609405 0.001771136541 0.009409616161)
(0.195680138 -0.009549127532 0.001888478672)
(0.372097362 0.00240735747 0.009863531077)
(0.2343931042 -0.0002165879534 -0.01071909024)
(0.08980767159 -0.002473012051 0.008971886553)
(0.45174859 -0.002867204511 0.009639122539)
(0.01413586926 -0.008216084467 0.0044974883)
(0.2342919755 -0.01046521016 0.001645813493)
(0.2571245531 -0.009631515755 0.003039681226)
(0.2868523046 -0.004240097565 0.008995601263)
(0.4286073833 -0.01016011064 0.003245572958)
(0.08754859211 0.01045510668 0.0009472104391)
(0.3455526977 0.01122727255 -0.0001357570295)
(0.1718950089 -0.01021099644 -0.0003404361382)
(0.1147761252 0.005906663345 0.008039500002)
(0.3869037509 -0.007255122611 -0.008675672534)
(0.1437414658 0.01075902364 -0.002975320912)
(0.4076091321 -0.01037581717 0.001293577502)
(0.4077313375 0.009862519865 -0.003324554072)
(0.430124983 0.00599083016 -0.009789630055)
(0.3853644263 -0.005597247768 0.008781394483)
(0.4055006737 -0.001928352791 -0.01162944324)
(0.0597225167 0.01157373576 -0.0009465287378)
(0.3375794881 -0.01167851547 -0.0004039753923)
(0.3183298313 -0.01022874849 -0.002078134548)
(0.4880906429 -0.01104346879 0.004188235267)
(0.3686872451 -0.002665444776 -0.01153896877)
(0.3882859565 0.01103653189 0.004518656942)
(0.3195625389 0.01119247302 0.001410937648)
(0.3519244634 -0.0115401573 0.0007051552674)
(0.08494538616 -0.01142471749 -0.001131794735)
(0.2182136181 0.006816545339 -0.008112027357)
(0.2666348692 0.01133827119 -0.004090227003)
(0.4471617802 0.003212306485 -0.01158802463)
(0.04631149416 0.007619548828 -0.00998390082)
(0.05111206592 -0.01026406884 0.007520421934)
(0.2185039786 -0.006767358629 0.008251078077)
(0.1367561945 -0.01121637236 0.003072148414)
(0.2379694979 0.01193554882 -0.001023525723)
(0.238343551 0.00395122151 0.01149755453)
(0.3676899044 0.01185225317 0.0006967688723)
(0.1203588373 -0.006513689479 -0.01000247878)
(0.04688683309 0.001191981042 0.01231328949)
(0.150345639 -0.01188659763 5.210127368e-06)
(0.3061521614 0.01176796044 -0.00270719378)
(0.3347056946 0.009086757547 -0.008231130993)
(0.473554069 0.01062256355 -0.005268198411)
(0.4357316009 -0.007280458275 -0.01067367323)
(0.2137736672 0.008786491344 0.00879830134)
(0.2528097879 0.01162780069 -0.002962739413)
(0.05077321578 -0.009133604339 -0.009564832557)
(0.1744936649 0.01138829182 0.0003194330891)
(0.1904272839 -0.00118630677 0.01155009893)
(0.4716009161 -0.008854592109 -0.00866928875)
(0.4742255929 -0.01121411774 0.004751972082)
(0.3571959107 0.007240884365 -0.01095202861)
(0.0201982696 0.001345277764 0.0122293953)
(0.3911252475 0.005368565203 -0.0111326665)
(0.03138806957 0.007506239575 -0.009802368922)
(0.3320760685 -0.003331199293 -0.01258613629)
(0.1308407071 0.004672929069 -0.01228295856)
(0.4223381231 -0.001609280782 0.01176131446)
(0.02175218475 -0.01098706048 -0.006270536338)
(0.02641310311 -0.01041453058 0.007347922873)
(0.09808631029 0.00816318858 0.009032499764)
(0.1553318396 0.004411496891 -0.01245844886)
(0.07621325042 0.01116397749 -0.007172363425)
(0.2802439598 -0.01227100606 0.0002452415304)
(0.3563868318 0.01025936276 0.007476342028)
(0.07518319976 -0.008531448587 -0.01015689146)
(0.3058915192 -0.01109224065 0.003765541473)
(0.3356168876 0.007935612847 0.008649454896)
(0.3001023118 0.004520411762 0.01232316385)
(0.03286898344 0.003422839424 0.01062411667)
(0.09949617386 -0.01022058821 -0.008395895803)
(0.3052118857 -0.007841254216 -0.009179273049)
(0.4626025044 0.004531104569 0.012371894)
(0.160773162 -0.009332387552 -0.009371382802)
(0.4611076746 0.005214634361 -0.01212955864)
(0.4374870804 -0.005334334571 0.01202773633)
(0.1852176992 -0.009563445321 -0.009161259822)
(0.2960984651 0.007921507652 -0.01069972517)
(0.07211257443 0.01132883416 0.00544074148)
(0.2096894793 -0.002013008323 -0.0130442171)
(0.2060129378 0.01273939713 -0.003720009419)
(0.2473758704 0.0001545266212 -0.01315960278)
(0.1302554676 0.01284371141 -0.001933908334)
(0.2769883724 0.005284193766 -0.01197268313)
(0.2678910914 -0.01086531601 -0.005000858069)
(0.4417317596 0.01093443786 0.007173321297)
(0.2504406962 -0.00254284273 0.01201023941)
(0.3245413481 -0.008357590667 0.009494051707)
(0.106585535 -0.003610022577 0.01153063658)
(0.203441742 0.00123505271 0.01225760154)
(0.2092642586 -0.01308714074 0.001195018423)
(0.009376231752 -0.009732000105 -0.01098515725)
(0.09875883615 0.008727976467 -0.009410436937)
(0.4427356792 -0.01237508885 0.002311514439)
(0.3995001609 -0.006586907004 0.01124482274)
(0.09849806214 -0.0112570099 0.004623929182)
(0.2459082568 -0.01135110085 -0.006641946727)
(0.2722971407 0.009602087761 0.008671501341)
(0.29330093 -0.01152216541 0.0002530609294)
(0.3563445703 -0.006162616164 -0.01056545625)
(0.3583469107 -0.001523196627 0.01272570984)
(0.07831349361 0.002425425428 0.01264204812)
(0.07198619737 -0.008803457519 0.009100016254)
(0.1066609401 0.01238816253 0.0002321810585)
(0.1862548581 0.01043430194 -0.007980581092)
(0.2676998309 -0.005472798479 0.01024654615)
(0.03348224681 -0.01316855826 -0.003023424104)
(0.02668105115 0.01310269217 0.0004367745491)
(0.1611991646 0.01050992297 0.007160235937)
(0.1555489054 -5.224999483e-05 0.01292167248)
(0.1814536333 0.007731060782 0.01030803069)
(0.393504418 -0.01238407741 0.00133325281)
(0.1796505731 -0.007564761207 0.009375512884)
(0.1084971597 -0.002714732749 -0.01312788081)
(0.4403715943 0.01170630313 -0.005293718146)
(0.2487618378 0.009760484451 0.008500221454)
(0.4234893398 -0.009788957199 -0.01042218191)
(0.1631903992 0.01118217724 -0.005278796772)
(0.4200388613 0.0117675437 -0.005010011553)
(0.4611203346 -0.01106480558 0.005482910573)
(0.3236798618 0.005992682158 0.01209499901)
(0.4005918391 0.01066899427 0.006968612204)
(0.473359483 0.009627473541 0.007538717432)
)


// ************************************************************************* //
