/*--------------------------------*- C++ -*----------------------------------*\
| =========                 |                                                 |
| \\      /  F ield         | OpenFOAM: The Open Source CFD Toolbox           |
|  \\    /   O peration     | Version:  2412                                  |
|   \\  /    A nd           | Website:  www.openfoam.com                      |
|    \\/     M anipulation  |                                                 |
\*---------------------------------------------------------------------------*/
FoamFile
{
    version     2.0;
    format      ascii;
    arch        "LSB;label=32;scalar=64";
    note        "nPoints:1610  nCells:5491  nFaces:12222  nInternalFaces:9742";
    class       labelList;
    location    "constant/polyMesh";
    object      neighbour;
}
// * * * * * * * * * * * * * * * * * * * * * * * * * * * * * * * * * * * * * //


9742
(
44
58
392
596
37
156
253
298
10
16
24
27
6
40
41
5248
18
33
138
3927
11
15
64
5244
327
389
5247
12
31
2173
5298
17
23
117
146
142
144
605
678
16
895
1100
15
323
479
47
199
467
22
90
148
989
29
71
192
988
295
306
19
21
59
667
1002
45
397
969
21
1212
1856
64
106
144
205
3552
3756
129
427
1963
185
1803
3331
27
1274
3233
58
80
1988
2691
107
124
175
839
291
554
55
101
525
641
34
132
2156
92
207
1503
5246
47
336
729
63
94
237
261
45
767
1949
86
234
307
67
137
220
337
114
123
201
498
505
855
902
43
113
329
540
266
491
1855
5270
98
799
98
242
571
133
252
499
1856
127
2172
5292
80
123
1746
959
2869
48
184
222
1263
1974
2147
69
91
1655
52
53
611
2102
191
405
757
5251
54
115
401
2141
81
228
321
81
282
1068
150
348
496
243
896
972
57
61
2157
5274
68
598
5292
938
2280
146
3484
3663
87
216
551
850
68
72
4265
72
83
643
5274
78
166
259
298
1812
76
481
2038
5253
95
151
501
871
193
616
1153
1921
4209
120
2146
153
173
838
1116
234
341
2367
139
4555
97
102
125
2447
79
289
709
1198
79
93
143
211
212
362
89
110
581
920
84
166
5288
162
1406
4433
4741
5317
5459
88
226
1006
1917
139
686
2096
340
760
5289
118
155
285
5250
141
307
1889
503
569
821
263
766
1215
136
495
4700
129
472
2703
120
172
2674
277
312
5245
130
162
2528
259
862
3447
151
179
909
238
315
373
446
116
803
2291
390
2370
229
236
849
979
109
122
1195
1870
148
1028
3079
125
417
1452
128
789
814
2586
186
209
665
1357
286
423
722
3198
504
1429
5244
264
455
3204
126
145
195
845
122
324
364
136
2069
5315
134
203
225
1659
233
266
1061
5285
115
127
4598
251
946
2195
150
3811
634
2971
3246
185
812
1901
131
147
155
152
189
2273
5261
3549
157
372
400
1486
1184
1726
251
2283
736
1181
2057
377
2262
175
436
2057
1920
4694
349
674
1572
1402
325
1162
1938
147
290
2358
141
1450
176
987
1834
225
391
426
440
463
579
691
429
193
251
1958
593
767
1334
1957
2260
326
555
718
880
2503
232
278
1756
289
325
232
1268
163
1449
2998
976
1188
911
3641
1625
2296
174
200
359
451
1252
1778
500
827
239
697
960
416
922
1893
246
346
387
547
1643
3513
164
558
2050
169
1684
2093
181
182
499
3190
161
180
231
247
192
341
442
1635
180
309
460
1233
2955
195
782
3452
445
625
992
171
267
1053
3130
2990
578
606
627
846
281
370
418
1178
381
475
1557
378
408
695
729
379
411
805
473
2051
2207
292
416
865
183
687
4226
455
845
252
776
1598
204
208
245
198
297
453
1697
350
421
2812
344
3123
358
632
1527
358
1522
2643
200
3106
3211
473
1046
2585
2376
3479
341
626
3704
353
369
561
727
535
586
1034
5369
240
478
900
303
584
589
1034
910
3208
5252
1839
1931
1013
3361
196
585
968
1398
331
383
615
1173
337
386
1122
5420
524
1062
2460
676
1439
1877
534
2407
596
730
3216
286
705
969
1911
1704
1768
2203
257
357
1559
253
798
1414
533
682
1418
2026
828
1172
2497
334
344
270
1168
2888
215
656
907
1235
248
449
248
940
2884
296
301
339
4282
273
376
685
844
567
962
1025
821
1363
3239
304
881
1634
5350
519
538
826
1226
258
512
726
1648
800
1288
2197
458
686
756
866
224
951
3309
276
351
356
2228
834
1046
3434
1156
2230
452
1681
2925
244
260
583
5267
272
1665
3176
236
392
604
240
509
743
1770
247
3331
3779
1414
1192
3256
5270
1418
3650
301
404
3724
831
3976
340
1319
2706
294
763
5273
2538
5260
1466
1729
304
388
533
964
345
361
390
848
1028
1277
583
807
2892
334
388
2714
486
941
1448
931
3022
399
2825
930
2964
3790
5270
326
650
1267
2169
2773
1755
3552
639
2924
398
1425
3106
5290
456
482
664
957
354
493
926
1897
443
2832
5349
382
708
3027
3335
2328
3236
5266
862
1319
2546
556
575
1026
1055
452
2012
4158
502
736
1305
308
471
1171
2148
1185
1725
293
1544
1825
271
527
1306
2160
476
562
619
1039
626
1289
1404
548
2793
3457
321
2238
2611
978
2297
3399
276
299
1166
1824
368
487
1137
5318
954
1494
312
944
4068
1155
1529
1907
318
594
1041
3514
295
306
552
819
283
770
5257
424
484
3631
2124
2842
5256
420
1158
1397
5276
446
2446
5250
1037
1702
330
434
854
2485
597
750
1749
5255
802
3400
4314
5249
554
706
739
1619
2015
5309
411
588
3668
2426
3023
5272
947
1552
298
479
523
514
668
2831
1053
853
1447
1586
342
530
2587
5279
965
1397
311
322
1434
2884
343
630
1719
528
1779
380
550
2493
2579
2029
2315
1293
2286
419
882
2483
334
690
1206
638
754
1869
5297
332
659
1186
1983
319
580
837
1754
553
755
1212
1371
763
1643
3285
393
430
3765
5329
430
1426
3072
5328
822
1314
1511
905
1300
1513
572
707
1131
1440
1820
3656
332
940
3252
347
875
1552
364
1630
2771
1030
3456
650
1047
566
799
1546
542
567
702
1038
401
741
1346
982
1534
2128
436
711
3028
406
422
737
1226
2678
892
1090
5259
5478
917
1965
5299
425
1564
435
438
1161
2129
404
479
2029
1742
2841
1234
536
679
1822
603
4170
357
2570
361
1004
2857
486
1109
2774
470
733
788
832
1644
3756
747
824
2084
385
700
994
477
1356
5402
461
576
2376
2429
622
1716
2979
465
1063
1082
553
850
858
3239
477
1767
3620
1462
1884
1259
1539
687
1904
396
428
517
2706
4455
1433
5254
489
545
587
1097
2701
3360
649
944
1092
3753
432
437
752
2349
670
864
2004
3179
742
1077
2408
816
1553
2041
724
936
1003
399
651
692
2449
475
743
2250
529
541
774
698
1269
1343
3530
395
402
407
521
937
1081
1745
634
1654
2451
1011
1074
4423
505
683
805
761
993
5414
777
912
2987
696
1005
663
968
3185
640
684
924
1144
1279
1365
2150
425
1027
3808
610
3478
5435
443
2053
571
1075
1137
3068
457
1118
1688
604
938
722
928
2554
493
698
1421
1841
402
2353
3602
531
1130
1721
593
705
1102
485
2543
5291
557
1353
509
513
2551
496
741
1207
3597
471
474
829
1316
2047
3137
1239
1499
4238
497
629
888
521
953
1044
749
3552
5385
459
1181
1922
5301
480
637
1780
5268
544
1798
526
716
1210
2564
538
889
932
1256
454
488
1856
3799
494
516
1245
3578
1859
2899
803
1042
1312
770
1003
2470
573
719
2126
1866
4514
5277
909
1216
1407
1384
1470
1738
666
3156
3650
447
783
2848
800
457
1768
2137
922
981
1625
543
1715
3439
1049
5314
1169
4853
439
492
614
1294
1193
1603
2259
462
613
1590
5285
675
817
1815
703
999
3525
1204
3091
906
1874
3969
609
2127
2263
618
2545
3053
759
797
1844
871
1595
1597
3135
665
1165
3206
528
490
565
669
1826
623
2712
4844
541
3102
1007
1068
5348
570
886
1536
5305
481
557
574
1396
3334
5289
652
713
1201
3084
514
1327
1715
624
1105
2618
2304
628
1009
3954
1836
1013
1024
1958
515
1255
2233
690
1203
483
1240
2827
1265
1725
3001
797
1009
5040
685
937
2520
3882
633
1331
3725
1367
1469
2663
5268
676
3686
4080
717
898
2191
2812
549
2833
4249
5485
2318
3499
4851
573
3386
507
745
2296
880
3410
1298
1711
2536
2353
2987
1083
1467
3748
3495
697
1337
3600
2576
890
1487
4185
872
3860
579
1992
2149
635
2081
611
783
1593
2933
4003
1425
4194
1077
1250
3445
624
1100
2734
748
5379
602
1325
721
3782
4369
1294
1507
2847
1383
1519
621
984
2682
582
1978
2042
1159
1862
796
1738
730
1584
2640
996
1522
827
1092
1595
994
1935
5303
1020
1342
1925
1096
1120
1924
1057
5243
683
3715
1535
2108
2190
5297
568
657
1064
640
943
1461
1492
511
4137
708
775
885
1648
513
2803
696
2351
5295
3003
3474
877
1528
2131
621
735
809
543
794
1668
520
771
1290
5339
537
1070
2022
591
1687
2389
833
3088
577
645
723
958
625
701
965
659
668
3028
734
896
2522
1291
1940
2319
548
1460
5418
5349
559
560
2307
536
2151
3397
1393
1463
2694
644
916
3864
5306
1021
2209
751
772
1112
589
2111
2290
811
945
595
740
2414
1070
1350
722
969
1138
5329
1346
3047
5293
2446
1145
1225
3729
2663
4049
588
3738
748
1308
3578
590
655
1606
2058
610
973
1723
1281
5201
1191
3229
5255
1305
2482
5413
563
899
1924
780
819
2401
1174
1247
3814
1047
2207
4748
859
1423
2939
648
902
992
774
1091
1043
1845
3285
622
766
2031
1083
2607
2808
870
1363
3939
836
2261
5160
5263
602
2534
2890
811
1075
2216
857
1189
681
2166
2795
1120
1941
4679
873
1035
2025
1944
3636
921
1385
4791
2536
662
4870
1481
1489
1787
635
1246
3311
744
1919
2097
1662
2196
3163
976
1188
785
1401
2271
601
1743
4968
1049
1337
2917
765
995
630
1753
2871
1173
1418
2341
1343
2090
2621
1366
3161
5380
1310
2098
603
4508
773
843
1817
1115
1290
3145
928
1209
1641
2472
2433
822
1761
3778
2548
3134
5456
2740
3218
1863
5486
1650
2365
5275
808
903
1236
2210
2076
2565
5298
5310
1087
1207
2763
2074
3359
3949
2205
1155
1880
2001
1680
2375
2742
612
631
1728
2512
653
693
1372
1512
1114
2373
2478
1339
3608
1015
1254
620
868
1197
4339
5284
618
2201
663
2065
3156
1134
1790
5330
1026
1323
2870
5264
4731
5434
699
1335
1467
868
897
1183
1111
1208
3813
4551
2050
2388
4848
1473
4823
701
975
1234
3147
1400
1926
3481
664
2397
796
967
2470
2239
2274
1197
1335
2355
1271
1280
3741
642
1816
1912
2564
4352
3505
712
777
781
5282
4380
5269
649
1146
5296
855
2550
1349
4331
989
1960
2064
1063
1388
2121
1379
1860
3165
830
1621
2045
791
1919
664
874
904
1403
1223
2813
3449
5344
692
872
1146
1628
1014
1394
818
1367
3494
772
802
1065
732
2675
5426
1012
1485
1610
2507
689
843
3916
970
1270
1645
681
2703
704
1058
1286
2557
1238
2673
746
881
1634
5336
790
1095
3658
5428
1309
5288
3708
904
1415
4045
1037
2617
4846
812
2052
5312
2783
1244
1332
1793
869
1180
2179
768
1133
1440
2386
866
1024
2718
4144
792
841
1568
4032
747
1437
4690
731
854
942
2044
2835
769
1449
4084
5489
908
1268
5094
2574
5278
924
1115
1545
2810
1237
3717
1021
1605
3679
2889
1492
1585
2138
978
4952
1379
2526
1360
1456
823
1565
3008
3975
911
1571
5394
1635
2214
976
2295
5473
1468
4205
732
3521
738
879
927
3802
1252
2457
3096
834
935
1600
2199
2331
1562
1714
1279
1407
3843
1776
2089
2095
1048
1114
1589
1848
2029
2676
1102
1702
739
755
2533
717
1152
1385
1005
2873
1071
2530
4285
1087
2115
2340
2586
782
1413
1760
4779
5283
1065
1904
2685
2226
5307
5308
975
992
1222
1479
1297
1307
2421
898
1152
1386
2292
5466
882
2837
980
986
2320
2325
2298
3497
5271
2010
791
1399
3917
820
1722
2880
901
1358
2914
5352
1141
1359
5295
1215
1583
4892
1819
3307
4014
5251
1252
1778
4069
778
913
1266
1285
4320
788
1695
2576
1374
3079
5282
1272
1633
2171
2628
888
1846
2299
860
2077
3001
4517
1311
2416
5483
3235
842
2653
2722
900
3099
852
958
3752
1064
1773
2123
1587
3259
5337
3079
3140
2963
3031
1074
3512
4088
1682
3090
3354
1030
1199
1784
906
2282
3199
768
1340
1506
3334
1092
2517
4308
1247
5102
1013
2003
3504
961
1611
3953
764
952
1632
1696
1579
3259
3812
1022
1396
3626
997
3024
3555
892
1029
4435
5259
1075
3636
1315
1775
2094
995
1593
3070
1006
3271
883
1362
1348
4270
3245
5489
2548
3790
1922
2082
5340
918
1606
1952
2426
885
1227
5348
987
2159
3512
1001
1684
913
1558
3878
923
983
3420
5326
947
3112
1001
1374
2464
5359
4347
1089
1098
1502
4033
1871
2877
3135
991
1322
1328
1878
856
985
1067
3680
3472
3596
1572
2524
3947
1610
2341
2778
1261
2582
841
1019
5333
810
1176
1381
5342
1813
1972
804
1262
1527
3190
1178
3640
1430
1057
3477
4802
2007
813
1085
1549
5304
918
4160
4127
1242
1890
3667
3560
887
1023
1139
1451
1036
1088
4322
1236
1283
2236
974
1788
3221
860
1176
1211
977
1546
3152
1016
1994
3353
1464
1514
2524
828
939
1434
2104
1583
3402
3511
1284
2087
2969
1353
2452
3553
1923
2705
936
2624
2310
4518
1596
2484
1998
2435
3420
1464
1518
2221
1101
1225
1483
2182
1384
2326
2999
1608
2038
939
5246
934
2006
3930
2198
5307
1762
2431
2561
1159
3233
3507
1599
2763
3166
935
951
1392
1551
1652
2217
1612
5265
1401
2521
1893
2015
4017
966
2758
5301
925
983
2794
5442
1667
2306
1766
2562
5318
3522
1081
2362
3850
2758
2244
2599
3314
883
1243
1380
2920
972
1052
1121
1745
1762
1849
1941
3693
1040
1051
1135
2293
1375
1996
5412
1093
1512
3193
1740
2571
3418
914
2480
3282
1145
1235
1174
3355
4571
1493
1751
1818
927
1909
919
1218
2303
4489
1453
1476
975
1336
2477
1180
2775
5142
2555
5308
2067
5088
1113
1594
1906
3887
1375
3722
1377
2790
3527
899
2734
3228
1935
2540
948
5303
2801
5305
1403
2149
3754
3499
5243
2052
5312
5432
1255
1771
2247
1082
1914
2079
2248
1142
1986
2279
1386
1640
2206
3393
1685
2737
1362
1881
893
903
2456
2858
1056
2120
1296
1488
4190
1023
1524
2650
1084
1674
1350
2213
2556
1309
1780
5288
933
1014
1523
5459
4611
4852
915
4001
4054
957
1563
1992
2613
1274
1769
5385
1739
1728
1887
1172
3926
3861
1829
1978
2061
2162
3229
3715
915
1390
3805
1355
2521
5253
1847
2037
1025
3933
4772
955
1474
2001
1123
5287
1611
4424
1578
3019
1251
2371
2903
1069
1107
985
1043
2043
1197
2709
1078
1985
3704
1011
1409
1965
1030
1031
1445
3021
1207
1978
3099
1231
1929
3719
1435
1808
1128
5325
5327
1737
1945
1132
1230
4221
1082
1660
1731
2898
1169
2035
2184
2366
5354
5396
2313
2591
5271
1203
3159
4363
933
1226
5316
2169
5317
1298
1382
2253
2818
1510
2931
1762
4794
2219
3822
2178
3250
1636
3701
5435
1266
2087
1532
2220
3980
1628
4632
977
2595
1288
1302
4379
3675
4497
5302
1282
3718
5313
5431
1556
1570
2062
2858
2146
2232
2806
3983
1324
1550
4463
1586
2228
2349
1167
2194
2583
971
1137
2099
2100
2588
3740
2834
1354
1764
2677
1782
2125
3129
1499
3601
4000
1189
1955
2876
964
1234
1418
2341
1206
3658
1689
4306
5300
1084
1104
5295
1387
2413
1976
2358
2516
3933
1229
2650
3873
1960
1275
1530
4410
1164
1272
2975
4156
2216
1344
2343
1849
2009
3899
1501
1888
2177
1435
1882
2761
1284
2348
3825
1230
1526
1446
3910
5355
2809
1501
1932
2895
1894
2634
1076
1224
1931
2330
3475
1124
1321
1508
2430
1177
1709
2959
1222
997
3517
1365
3342
3757
1280
1834
3330
1465
2799
1411
1420
2374
2647
1149
3139
3281
1204
1413
1639
1251
1973
2350
4086
1046
2585
1857
1944
4012
4350
1511
3684
1249
1752
5347
1052
1059
1228
1757
1430
2397
1066
1273
2036
3180
1409
2929
1017
3147
3423
4607
1394
3303
1497
1820
1549
1858
3405
2338
2396
2507
1054
2130
5321
5377
2592
5332
1264
2411
2445
1779
1292
1378
3412
2103
4198
4433
4741
1896
2259
1795
4584
1287
1990
3898
2013
3140
3595
3689
5258
3806
2063
2303
3778
1369
1614
2383
5452
1140
1147
1214
1516
1805
1964
1296
3394
1791
3070
3982
2164
1483
1554
2089
1562
2070
4753
1629
2623
5362
1761
1840
2155
1495
4926
5320
1091
3397
1550
1599
3795
1089
3223
3588
3961
2351
3108
1683
2049
3257
3105
1060
1221
1368
5346
1135
2163
2905
1059
1121
1825
4282
1642
3376
5378
2870
2939
3759
1267
1443
2120
4901
1993
2047
2152
3734
3771
1295
2140
3718
2442
2601
2731
1697
2673
3494
1823
2810
2166
3889
1273
1442
2494
2103
2422
5399
1954
3611
1107
4334
1311
1406
3465
4075
1228
1354
1811
2869
1076
1224
1678
2294
2929
2099
2672
3864
3011
3826
1357
1621
2751
1099
1669
2404
5323
1446
4150
4321
5356
4140
4634
2606
2128
2729
1141
1646
2537
5305
1136
1417
1444
5335
1861
2800
1791
2328
1566
3768
1129
1441
1480
1220
5376
1503
1166
3100
3544
1408
1517
3681
1610
2553
3275
1108
1422
2320
1366
1867
1338
1566
2400
1982
3384
5322
3030
3197
1631
1732
2479
3536
1126
1160
4230
5442
4509
5294
1473
2459
2882
1119
1318
2112
2468
2681
3018
1647
2249
5369
1110
1162
3478
1199
1425
3106
1671
1814
2185
1784
2407
1179
1232
1797
2765
1299
3644
2107
2224
2555
1432
1675
2938
5331
1254
1691
3353
1879
3177
3469
4838
1582
1957
2260
2817
4730
5286
1864
2662
3573
1185
1306
1891
3782
1170
2945
4305
1150
1486
1736
3104
1526
5324
1202
2262
5259
1463
1972
3556
1657
1929
2386
1389
1832
2630
1506
2040
3413
1538
2197
2403
3158
3113
5334
1229
1976
3258
3864
1542
3051
1190
1408
3737
1956
2511
1789
3240
5326
1183
1508
1887
2054
1151
2321
4231
2631
3603
1163
3356
4273
1879
2305
2468
2710
1161
1843
1253
1541
2117
1939
2138
3122
2699
1564
1790
3201
1213
1338
1373
3382
4360
4594
1704
2230
2863
1370
1395
1617
3541
1330
2477
4387
2475
1303
3866
4239
2060
4020
1199
4709
1214
1458
5364
1317
3282
3343
1415
3341
2777
1474
2605
1357
2992
1278
1303
3307
3515
1316
2483
3179
1983
3913
2472
3650
2753
1565
3614
3639
4452
1389
3673
1328
1412
2915
1722
2124
1857
1906
3620
1735
2131
3612
1216
1217
2191
2796
1899
4001
1758
4352
5409
1347
2077
1434
2258
1188
1462
3331
3812
1427
2068
1516
4344
1194
1198
3090
2731
3241
1874
3200
3887
1201
3229
4226
1870
3483
3573
2885
3318
4316
5490
2808
1201
4285
3070
1341
1369
1567
1614
4712
1428
1498
4625
4718
1914
4111
1241
1260
1364
1459
1234
3779
2085
1814
3744
2035
3185
5213
1276
1307
5371
1909
2346
1785
2643
1338
3376
4258
1842
4446
1915
4913
1217
5287
4135
1445
3429
5450
1454
1553
2031
2424
2043
5375
2387
5345
4467
4639
1701
2552
3000
1450
2479
2631
1792
2873
5347
1997
3094
1783
3726
3240
2467
2689
3188
1609
2091
2974
1301
1710
4204
1352
2937
2535
3490
1850
2227
2795
2258
2689
2783
1576
3264
5251
1289
2756
3779
1260
2398
4236
1262
1477
2878
1885
2334
3140
1826
3556
4247
1633
3031
3910
2616
3220
3275
2533
1279
1624
2040
4261
1581
1734
1752
4602
5319
2732
4598
1616
3713
4171
1497
2664
2700
1509
2471
4076
1892
2980
4426
5344
1840
2101
3845
3854
1539
3169
3733
2642
3065
1670
2977
1853
3212
1313
1655
1959
1946
2628
4148
1510
1590
2644
2352
1443
3108
1429
1421
2090
3671
1955
2516
1821
4666
2027
1507
2847
3973
1723
3994
4367
5372
1582
2577
2727
1426
1658
2301
1821
4955
2347
2951
4146
1465
2192
3813
1570
2236
5481
2894
2736
3065
5454
1848
2152
2817
2961
4105
2007
2781
2081
2276
2568
3612
2421
3406
3451
1970
2000
2841
2026
2255
2286
1591
3093
1368
1851
3787
4220
1810
1968
2174
2947
1687
1945
1361
1871
3300
1999
2955
3608
1584
2781
3580
1622
1677
3461
3591
1925
2008
1347
2073
1968
1537
1601
1793
5101
1544
2098
2986
1452
1495
1515
1693
2491
1573
2654
3288
1478
1588
4096
1602
1799
1699
2027
4434
1574
1671
1977
3098
4247
1329
1405
2688
4227
1733
3291
1709
1782
3036
1612
3306
5062
2353
2542
3387
1332
2499
1416
1759
2189
4547
2005
2460
1438
2231
1741
2833
3465
2867
3989
4342
1519
1912
2707
3950
1711
1799
2225
5398
2114
2433
4245
1714
2512
1479
2867
5089
1600
3105
1502
4878
5436
1348
3835
1567
2645
3088
2304
2445
2290
2331
2343
3358
3464
1673
2211
2374
3904
3941
1381
2442
2002
3592
1532
1945
2999
1656
2056
2377
4377
1645
2970
3430
2360
3244
4834
5254
1824
2443
3020
3048
4301
5351
1956
3027
1456
3881
2038
2094
5253
2677
3016
3799
1459
2804
3584
1468
2819
1391
3837
2289
2452
2539
2626
2726
5215
1482
1604
2919
1543
2278
2643
1575
5425
2400
4627
2527
2927
1700
2824
1591
1618
1673
3060
1735
2176
5105
1396
3599
2067
1881
3572
4116
3395
5341
2409
5423
1731
2199
2784
2981
2467
2414
4505
2413
2778
3045
1720
1816
2815
1555
2898
1547
2210
2808
1651
1703
3723
2405
3074
5381
2309
2896
3373
4567
2033
3281
3646
1689
3519
1605
2065
2143
1670
2660
3922
3061
3173
3986
4597
1773
1882
2142
2741
2396
2679
2992
1863
4212
5486
3467
3875
1472
3737
4998
1666
1833
2501
5250
1908
2175
4002
1482
1604
2959
1660
3290
2550
4420
2017
2018
2462
1620
2829
3917
1455
2492
3629
3702
1539
2175
2508
1897
2138
1647
2177
4336
1751
3986
4584
1521
1662
2563
3979
1593
2267
2657
1462
1992
4579
4500
5258
2583
3441
1741
2711
2724
3665
1980
2759
4140
1588
2178
2104
2107
1444
1620
1971
3579
1560
2586
3002
1933
1937
2989
4660
5298
3046
4216
1480
1995
2106
2202
2494
3460
4267
1951
4248
3744
1827
2229
3897
1636
1953
4235
3426
3633
3138
1542
2610
3873
4603
4909
1476
4154
2149
2366
4292
2170
2380
3726
3638
4829
2608
2836
4620
5440
4374
5363
2092
3315
3957
5417
1975
2220
3371
5350
4684
2337
2215
3056
1770
3600
1577
2080
2713
5303
1487
3439
3494
1846
2981
1561
1622
2078
2997
1498
1517
2615
4737
2109
4081
1665
1815
2102
3878
2968
3174
1705
3327
3811
1632
3302
4774
4842
1962
5477
1493
3243
3622
4132
2398
4040
1757
1893
1949
2013
1610
5180
2093
2117
3149
4261
2863
3146
3831
1795
3238
1806
2594
3338
5313
1569
1669
1870
1886
4294
4316
2133
1767
2777
4179
3345
1607
1661
2855
3214
1688
2262
2936
4032
4547
1932
2202
2465
2895
2339
4161
3325
3407
1608
2094
1626
1842
3956
4180
1531
1815
2485
2729
3905
2201
4498
1733
4005
1523
2580
4428
2188
2491
1747
2654
1575
2229
1754
1898
3372
2337
3597
3795
1936
1959
3493
4183
4761
1810
3286
2084
3346
1841
1705
2671
3052
4080
1567
2788
3654
1785
2154
2750
3303
1615
2860
3051
1727
2071
2369
4442
5441
2281
3741
1800
2101
4471
1756
2461
3391
2774
3111
4157
2230
3203
3353
3709
2288
2378
3700
5262
1740
1835
5412
2028
2517
3262
2097
2863
3203
1867
2329
2707
2393
5330
3762
1807
1905
2487
3015
1616
3362
1692
5394
1927
2753
3344
4364
4762
1737
2333
2853
2861
2097
3040
3917
2024
2854
3183
4370
3018
3617
4103
1580
2665
3940
4613
2149
4156
1717
1896
2398
1832
3673
1570
2704
4262
2371
2907
4102
1592
3685
3856
2832
2886
2296
2770
3079
1831
5453
4191
2021
4078
5350
5422
3095
4854
4008
3654
1676
2268
2592
1686
3325
3409
5481
1643
2058
3873
3196
3966
2155
2363
3191
2490
3469
3544
1724
1903
2790
2080
2348
2638
3641
5393
1844
3220
5140
2556
3176
3585
1734
1763
2438
3094
2893
3227
1712
1897
2810
1902
4129
2206
3803
3302
5254
1943
3139
2931
1916
3093
2352
4315
5382
4444
3365
3750
3937
1871
4308
1681
2390
2484
2540
4781
5139
2159
3435
5408
4431
3411
2329
2509
2708
1724
1903
2402
2876
2902
3200
2915
2143
3679
2380
2604
1682
2846
3050
2038
2497
1797
2134
3933
4614
3005
1969
2356
3092
4213
2779
3602
2163
2650
3304
2127
4991
2569
2919
1916
2274
4723
1838
3682
4638
3040
3146
3020
1831
2620
1928
2048
2322
2954
2301
2901
4185
2013
4287
1962
3998
4112
2114
2614
3279
3927
4068
3011
4192
5361
3483
4094
5438
1690
2265
4040
2648
4631
3658
3812
1653
3206
4172
1694
2632
4054
5368
1663
1718
2928
4270
1660
1914
1792
2169
2351
1658
2652
4176
3945
5323
2135
2141
2181
2327
2864
1674
4023
4106
1954
2169
1736
1828
3540
4171
3136
5293
1703
1837
2059
2602
2665
3074
1839
2214
1886
2130
5321
3809
2195
3662
4128
1809
2150
2812
2428
3260
2332
2687
2852
3164
1664
2439
3647
3314
3821
1742
3149
3439
2277
3143
3705
1989
2217
1781
2850
4155
2306
2402
2945
1813
2686
3447
1870
4479
1987
5438
2490
3276
1805
2335
2715
3053
2612
2811
4031
2393
3454
3990
2235
3037
4390
1772
3698
4122
1942
1976
2641
1823
2057
2568
3612
2244
3606
5469
2390
3084
1749
5083
1943
2823
3593
2551
2737
2887
1886
3407
3978
3709
2332
2477
2782
2993
3075
2664
3055
3532
3732
5393
2436
3630
4174
2317
2709
2789
2318
3082
2806
2910
2928
3439
2039
2119
2534
4202
1872
3535
5281
3722
5411
2690
3842
4341
4345
2256
3080
2607
2923
2573
3893
1964
2310
2448
2871
1708
2251
3319
3736
2361
3342
3757
4876
1999
3467
2947
3876
2464
2998
4316
1949
2013
2920
3066
2840
2005
2694
2529
2668
3004
1902
3193
3199
1981
2011
3157
2218
2364
3207
2063
2666
4035
2309
2706
4247
3640
4766
3179
4014
2077
2136
1864
2418
4037
2656
2831
3157
4610
2803
5261
1794
1801
2682
3098
3164
2182
2782
3210
4243
4804
2354
2118
2250
2321
4468
2727
2927
3676
3403
3533
1981
2706
1861
2069
2226
2267
2581
5306
1746
2385
2283
3399
1748
2055
3684
2171
3514
3664
2946
2311
3782
3804
5418
4560
4656
2381
3278
4518
3284
1777
1890
3190
5042
1893
2869
1875
2418
2978
2017
2161
4000
3290
5360
5172
4714
1858
3611
3793
2360
3536
1796
3148
3437
5359
2722
3728
3820
2410
3255
3197
5386
1850
3142
1800
2345
2113
2772
4515
3710
2478
3883
5464
5469
2910
3891
5246
2068
2314
3171
1778
3552
3756
2147
3393
3335
1833
2505
4152
2538
3127
2170
2670
3445
1791
3071
1786
1856
2154
3239
3799
2302
3041
3243
1948
2185
2975
2760
2874
3909
3071
2414
2470
1794
1801
4247
4773
5264
2110
2985
3671
2228
2259
1934
2473
2889
2402
2630
4214
2534
3578
2076
3267
3952
4391
1973
3022
3564
2435
3062
3063
3298
2090
3205
4837
5312
2325
3016
4067
1859
1963
2449
2673
2884
2237
4516
1997
4874
5390
1825
1880
2315
4895
4856
1989
4707
1952
2091
3006
1937
2133
2814
1913
4482
4948
3313
4671
2562
2574
2861
2079
4035
3897
3591
1961
1984
1910
2785
3035
1829
2273
2779
2250
3602
2789
2926
5366
3703
4663
2481
5398
3102
4131
4590
3825
5411
2137
3055
2059
3837
4576
5309
2156
1979
4412
3694
3880
4133
4149
2060
3253
3247
2307
2610
2809
2145
5383
2037
4430
2596
4142
4439
4676
1900
3717
2032
3283
4392
2313
3103
3743
5455
2281
3923
1855
2585
3410
3790
2136
3446
2857
2912
2438
3438
3322
4277
5275
2115
2475
3162
4867
3354
2430
3014
1970
2075
2105
2723
3519
4530
4966
2635
2085
2770
2987
3099
1873
2633
3892
3350
4406
5281
3226
3603
5021
4776
5410
1895
2401
2620
3503
1974
3928
1937
3036
3946
3195
4057
2637
3668
3851
3777
2598
2930
3352
4394
1947
2014
2570
2577
3348
3492
4352
3210
2952
3280
2503
2617
2649
2147
2357
3298
3336
3420
1980
4318
5343
2618
2634
3800
1991
4124
5426
1902
4236
2464
2754
3110
4201
2054
2660
2824
2227
3142
2921
3141
3152
2349
3930
4032
3628
2270
3389
3577
3124
5224
2242
2461
3242
2469
2739
3559
3078
2642
2845
4129
2164
3131
4022
4503
4349
5252
4356
2012
2893
2702
2830
2925
5450
2906
3202
3903
4720
2025
2454
1921
2173
3686
2515
3543
2233
4173
2676
2705
4654
4336
3785
3173
3404
4091
2278
3635
2954
4879
4933
2673
2928
2600
2611
2698
2852
3341
3274
4317
1966
2231
4527
2838
3738
4250
2436
3731
2814
2252
2528
3042
2186
2339
4470
2593
3406
4367
4571
2030
2294
5389
3369
2974
3726
2411
3121
5462
2014
2886
1977
2112
3770
4018
1971
2072
2566
2923
1971
3261
4225
2552
2767
4194
2511
5317
3912
2287
2506
1958
2744
2773
3309
4495
1984
3174
3301
4133
4208
3475
2320
2335
4641
1967
2129
2375
2742
2989
3525
3120
5155
2498
3414
4444
2075
2243
4695
3960
3604
2357
4107
2465
4162
4294
4488
2185
3602
2155
2264
3453
3454
4038
4442
3296
3528
3926
4815
2428
2581
2751
2077
3336
4174
3706
5437
2219
3567
4298
2602
2698
3118
3808
2194
2849
4089
4422
2983
4460
4785
2537
3532
3830
2106
2575
2659
2097
2128
2808
3189
2942
3993
5392
2891
2940
2243
2490
3412
3908
4124
2011
2105
3482
2526
2972
3364
2148
2179
4526
4049
2409
2695
3386
3898
3204
5413
2205
3944
4200
2367
2472
3650
2200
3857
4375
2476
3265
3258
4488
2437
4589
5277
3534
4253
2823
2966
4101
2020
2132
2870
3874
2187
2567
3817
4461
5349
2326
3134
2728
3987
5334
2046
3217
3632
2454
3394
2209
2255
3535
2108
2711
3594
2772
2967
5390
2495
3271
2523
2539
2844
2183
2569
3419
2312
2502
4450
4570
2791
2745
3299
4427
3398
3783
3150
3569
4300
2066
3875
2529
2544
3511
2917
3115
5452
3385
3033
3928
4082
2198
2672
4652
2412
2733
4209
2983
3724
2246
2447
3745
3187
3593
3997
2924
2674
3254
5440
4086
2209
2714
4825
2482
2493
4535
3231
3294
4105
2079
2974
3726
2722
4233
2683
4835
3048
3565
4093
3848
4413
4655
3021
3985
2330
3310
3868
2901
3905
3520
3009
3615
2607
3575
3819
2656
2747
3167
2144
2236
3721
2165
2793
3395
2256
3251
4202
3835
2669
4358
2993
4343
5454
4670
4169
2679
2389
2514
2224
2269
2547
4017
2334
4826
2586
3597
2587
3161
3343
5279
4710
2153
2994
3249
5358
4360
4594
4470
3006
3365
2182
2284
3315
2907
3983
2314
2838
3729
2526
2625
3012
2265
2719
3285
3397
2180
2408
3699
2264
4540
3353
3405
2622
2973
3891
2200
2723
4611
2856
3678
4752
2486
3100
3908
2743
2985
3824
5037
5370
2958
3569
2596
3222
3698
3388
4373
2222
4348
2728
4384
4494
5334
3003
2300
2542
2976
3161
3221
3578
4447
2333
2815
2962
2600
2698
3366
3748
2629
2716
3710
4468
2762
3127
3411
2837
2949
5341
2373
4020
2485
2263
4622
3407
4738
2171
3845
2462
3903
4101
3946
2135
3326
3513
2974
3636
2491
4174
3831
4784
4470
2684
2835
3292
3839
2387
2965
4624
3653
3879
2741
3402
3408
4574
2566
4519
4031
5384
4350
3811
2887
3788
2449
4261
2595
4406
5376
3590
4438
4896
5357
2647
4402
4792
2272
3501
3688
2275
2302
3041
5403
4421
2950
3755
3957
2450
4153
3143
3638
4226
2860
3170
2617
2794
3008
3420
2560
5315
2822
3443
4422
5357
2336
3168
3262
3370
2492
2670
2482
2272
2419
3272
2565
4598
2237
3132
4801
4079
2897
3264
4100
2952
4090
3252
3527
2480
2587
3397
2399
2453
3794
2284
2415
2900
4389
2655
3422
5163
2636
3589
4832
3700
3751
5262
2644
3493
4357
2450
3133
3502
2667
2872
4971
2699
2796
2668
3056
3338
2308
2530
4454
5405
2605
3697
3216
3231
3061
3821
4451
4881
4576
4383
4038
4321
4330
3308
3758
2687
4043
4457
2444
2879
2916
3839
3218
4078
3225
4974
2241
3175
3208
4238
2607
2923
2612
3547
4674
2609
2627
4332
5261
2471
4021
2678
2799
5431
2658
3401
2862
3176
2545
3114
3205
3119
3958
2527
2991
3346
2629
3002
3735
3029
3067
3451
4719
2856
3971
2245
2488
5397
4908
2820
3219
3326
3035
2729
3129
4622
2648
2735
3378
2514
2518
3858
5353
2268
3695
4734
4519
3681
3616
4445
5468
2368
3936
2257
2854
3551
4555
2462
2906
4178
2550
3116
3871
4053
4931
2306
2488
3587
2322
2936
4070
2345
2482
3690
3295
3660
4356
4838
5370
2353
2813
3000
4618
3044
4157
4709
3695
4449
5424
2388
2712
3764
4513
5065
2499
4593
2764
2780
3109
3297
2349
4265
5420
2466
3751
3789
2451
3883
4171
3938
2719
3075
2350
3054
3610
3663
2463
3329
4575
2597
3838
3902
2487
3968
2918
3440
5292
3129
4332
2364
3936
4398
5404
2756
2888
2439
4437
5290
2399
4886
2436
2760
3802
2740
4276
3169
2902
2908
3026
2938
3361
4485
2432
2691
2780
4433
4531
2506
4023
2420
2768
3563
4205
5269
3949
2447
3557
3691
5465
5479
2623
3699
4300
3269
3141
3247
4044
3002
2362
2531
4036
3487
3934
4257
2511
2862
5316
2904
3540
4418
2944
3759
4132
3213
3605
3091
2710
2957
3107
3587
4841
2693
3086
5429
4442
4773
2320
3016
3497
3659
4397
2948
3178
4964
2591
3103
4335
2620
3591
2589
2761
4175
4287
2632
4193
3764
5475
2564
4529
4719
3780
4329
2372
2597
2802
2934
2382
3462
4569
5400
3280
3577
2784
3507
3794
4572
4046
4011
4492
3313
2853
2962
3492
4116
2847
2895
2517
3300
3350
2903
4939
3423
3749
2636
4562
2800
3947
4409
3147
2415
2425
3380
4757
2879
3052
3272
4694
2440
3645
4827
5342
4291
4528
5418
2638
2894
3604
4073
2470
3885
2897
3339
2709
2840
4193
3425
4025
4026
4034
5408
2864
3019
2571
2801
2982
5304
4861
3000
4194
4459
3368
3417
3288
3815
2702
3136
3144
4865
2655
3271
3704
3864
2381
2434
2851
2896
3363
3068
3415
5402
4228
2934
3066
4018
4858
2508
2811
3163
3883
2827
2921
3294
4074
4400
2420
3238
3924
3321
3330
3792
4402
2604
3702
2469
4244
2958
4538
5399
2392
3931
4072
2842
3510
5256
2938
4140
4439
4261
4270
4937
4501
4778
4904
4188
3464
3567
4144
4741
2762
3328
5452
4355
2406
2839
3323
3390
3312
4052
5404
3293
3749
5181
2736
2489
4677
5167
3112
4189
4305
2717
3158
4678
2578
3085
4479
4548
5383
2839
3915
5273
4572
2623
2653
4996
3255
4043
3840
2721
3144
3217
4565
2548
2730
3550
2986
3609
5038
2529
2544
2594
2786
3014
3235
3619
4512
3289
2480
3699
4538
2954
3120
3554
4284
3484
3718
4234
2730
3037
4734
4722
2807
3561
3574
4056
2463
3776
2616
3331
3779
4825
2913
3119
3657
2764
3215
3263
4989
2469
4002
3807
3993
4016
3570
4281
5276
3830
3972
2523
2866
4535
2883
3848
4054
5368
2950
2953
4440
5401
3182
3237
4265
4789
4841
4864
2847
3060
4427
3494
5098
2615
4738
4911
2489
4007
4850
2697
2922
3349
4439
3769
3917
3922
2865
3162
3337
2682
2769
4773
5355
2646
3377
4464
3184
3340
4366
2567
2581
3437
3308
3371
2956
3005
4099
3913
3098
3150
2776
5157
2652
2838
3242
4360
2519
3669
4505
5479
3888
3265
3443
4579
2765
4042
4882
3343
4221
5397
2793
3395
5149
3203
3783
3967
4081
2646
4464
4575
3212
4938
3871
2585
3523
3024
4551
4396
3718
3787
3813
2500
2735
3378
5406
2812
2884
3425
4003
4097
3080
2724
4062
5405
4630
5249
2948
3500
4836
3076
2721
2733
2748
3538
2639
3172
4271
2513
2821
3865
3762
3373
3436
4773
4432
5357
5395
4810
4900
2821
3685
4810
4471
2565
4209
4391
2619
2680
3983
3288
4683
5354
2651
3058
3810
3358
3657
4759
3860
3310
5283
2828
2960
4743
2572
3073
4551
5462
2732
3791
4204
3086
4075
2532
3324
4607
3504
3859
3981
3693
3150
3268
3955
5482
4941
4190
4876
3010
4730
3111
3381
3562
4459
3305
4463
2933
3211
4303
4156
5473
2702
4688
2957
2990
3428
3072
3853
3971
4583
3012
3181
4296
5422
4779
3458
3842
5100
5427
2791
3581
3674
4908
3940
4021
2676
4818
2639
2839
3117
3172
2670
3304
3468
3545
4907
5314
2913
3786
3976
3043
3728
2788
4418
5117
2615
2733
3255
3666
4238
4547
2810
2998
3550
3123
2681
3676
2979
3711
3714
2671
2878
4949
2766
4112
3082
3137
3485
3798
2728
3296
3607
3073
3517
3785
2750
5081
2829
2977
4653
3742
3745
4070
4237
4930
2653
3805
4024
2802
3838
4310
2593
2738
3087
4566
4608
4533
2978
4529
3013
3151
4765
3222
4142
2802
4636
2755
4061
5446
3404
4053
4534
4724
4408
5284
2969
3320
3546
3801
5387
4800
4799
3295
3725
3630
3870
3895
2627
3266
3970
2973
3732
3427
3616
4758
2822
4024
4461
3388
3716
3765
4273
3658
3812
2649
2882
3800
2680
3522
2637
3589
4028
5369
4198
5400
4202
2880
4357
3374
3471
2792
3010
3598
3431
3713
3664
4670
3615
4351
2794
3395
4578
4243
4669
3178
3226
3894
4857
2707
3080
4090
4124
4343
4900
2845
4381
2922
3227
4113
2967
3131
3138
2995
3459
4677
4868
3796
4165
4290
4689
3559
3904
4333
5065
3699
2816
3992
4203
3147
3704
3723
3846
4535
3754
4158
2692
3746
3072
3329
3023
3401
3489
2766
4738
5377
2834
3706
2697
3480
3833
4735
2738
3087
3291
2686
4911
4347
4647
3625
3687
3985
2859
4249
5374
3151
3781
3267
5310
3468
4411
4561
3269
4436
3870
2736
3193
4124
4654
3348
4792
3293
3006
3942
2982
3276
2752
2805
4622
2916
4275
4557
3582
3623
4712
3506
4414
3533
4212
3297
4376
4646
5344
3263
4276
2757
3444
3746
4490
5430
3455
2720
2768
4552
2926
4573
4655
5366
3627
4118
2729
3046
4587
5300
4013
5409
4011
2875
3721
3828
5050
4623
2963
3436
3057
2868
4742
3594
3988
3843
2819
4697
4531
2895
4294
4470
3615
5315
3448
3965
4300
3215
3520
4845
4882
2768
2941
2988
3038
4233
5121
3403
4211
2961
3292
3952
4268
4165
5451
3798
3991
3059
4222
4661
2991
4077
3030
3906
3558
4201
4343
3457
3634
3383
2776
3355
3935
4805
4375
3481
4015
3948
5360
3662
4377
4555
3389
3460
4465
4455
5248
5319
3363
3907
3442
3761
4598
2757
2881
3157
3857
5460
4981
2805
3766
3970
3355
3372
3558
4728
4041
5445
4363
4577
2881
3444
3426
3417
3453
4289
4016
3516
3777
3396
3773
3720
4822
3089
3997
4115
4545
3414
3458
4951
4512
4038
4442
5356
2795
5282
4037
5437
3591
4282
3662
4433
4459
4709
3339
3963
4195
4672
3194
3045
5428
3931
3979
3662
4063
4917
4484
4899
4696
2845
5033
3013
5474
3126
3155
3224
3784
4969
4130
3264
4552
3186
3249
3858
5353
2951
4230
3099
4736
3312
3924
4595
5403
2804
2850
4496
4065
3720
4850
5116
3431
2909
4485
2943
3351
3488
3583
3375
3943
4009
2973
4723
2980
4634
3463
5415
3625
2843
3058
4816
4268
4377
4159
5294
2944
2911
4703
5283
3763
4229
4432
4466
3369
3534
2834
3250
3430
3032
3690
4884
5413
4473
2844
3645
3113
4705
4913
5449
2851
4899
4945
3665
4285
3033
4506
3895
3984
4542
3548
4335
3117
3712
3276
4038
2935
3025
3487
4369
4568
3692
4475
3090
3478
3705
4267
5348
3112
3697
2909
4630
3474
3427
3920
4487
3109
4164
2946
3647
3516
3621
3769
3848
4138
4219
5485
5014
3043
3856
5381
3040
4314
3232
5385
2960
3191
4214
4727
5226
3150
3357
3448
4488
4326
3060
4518
3892
5297
4804
5077
5327
3261
3987
5335
3537
3912
2918
3153
4682
4147
3524
4206
3434
4612
3719
4453
3377
3325
3409
5367
3980
4862
5488
3491
4526
4045
3418
3270
3357
4415
2940
3576
4108
3126
3155
4322
3402
3317
3455
4019
3772
4404
3240
3322
3734
4638
2966
3419
3648
5232
3537
2991
4311
3392
4027
5464
3170
4192
4051
4840
4790
3391
4430
2937
4772
4443
3219
3310
3124
4012
4304
3229
4120
4441
2943
3069
4521
4582
3773
2930
4903
3140
3943
3421
2938
3816
3040
3477
4248
5099
3791
3157
3900
3153
4061
3642
2996
3196
4009
4690
3867
4629
3279
3561
3025
3134
4182
3286
4500
2970
4578
2989
3481
4114
2988
3527
4224
3095
5391
3069
3351
4510
3034
5045
3077
4643
3894
4941
5342
3996
4661
3008
3963
4967
3548
4408
5341
3911
3090
3478
3789
4469
3107
3428
3649
3770
4769
5178
3118
4811
4749
3655
3256
3510
5257
3273
4890
5431
3502
4525
4874
3174
4425
3317
4644
4919
3557
4740
5371
3504
3974
4928
3305
3392
3959
5047
3383
4134
3004
4368
4140
4735
4548
3018
5056
3192
3433
5345
3114
3470
4076
3597
3788
3622
3626
4981
2997
4484
3433
3598
5346
3065
3521
3542
4286
4319
4395
5490
4673
3381
3078
4868
4764
3661
3781
3306
3942
3248
3500
3894
5374
3639
3171
3537
5178
3234
4456
3471
3836
4979
3383
3016
4427
4689
3332
3747
5367
5388
4323
3522
4420
4707
3159
4754
3125
3489
3813
4392
4696
3171
3391
4594
4855
4259
3067
3496
4141
3814
3655
4524
4665
5414
4478
3515
5333
3521
4977
3133
4649
3144
3643
3568
4050
4808
5388
3760
3044
4361
5247
3869
5129
5220
3413
3761
3823
3941
4657
3367
3416
4558
5434
3214
4110
5435
4923
3524
5025
3205
4797
3192
4073
5345
4030
4934
3268
3712
4130
3914
4052
4504
5404
3904
4163
3804
3807
5212
4104
4196
4568
3110
3284
3352
4210
4831
3943
4287
3568
4197
3495
5095
4992
4537
4458
3711
3840
4644
4417
3131
3138
4093
4474
5255
4339
3268
3955
4592
3843
3087
3546
4563
5387
4872
3607
3683
3945
3400
4544
3166
4969
3215
3424
4111
3316
3863
4634
4758
3244
3614
3337
3442
4423
3379
4451
4527
5415
3276
3194
4799
3324
3844
4289
5331
3637
4257
3362
3959
4790
4907
3705
3195
3225
4648
3849
4486
3994
4385
4927
3207
3470
4700
5451
3242
3418
5033
3518
3529
4516
4619
4777
5461
3694
3780
4832
4888
3937
3915
5272
3531
4977
3223
4115
4698
5364
3931
3560
4281
4747
4499
3289
3677
4788
3380
4533
4182
4682
4771
3823
5056
5090
3421
4340
4137
3565
4621
4914
3644
3651
4686
3579
4220
3347
3526
4809
4270
5289
3338
4837
4450
4570
3277
3767
4109
5458
3797
4429
3868
4338
4702
4680
3189
3847
5390
3723
3232
4986
3979
4527
5119
3551
3774
4277
3796
3907
4150
5356
4062
4201
4486
4543
3304
4873
3637
5192
3301
4099
4283
4371
5316
3649
4057
4308
4781
3963
3299
4498
5020
5421
3688
3872
4206
3632
4325
4982
3340
4259
3186
5220
3708
3606
4015
4720
3719
4376
3771
4677
3815
3938
3977
3908
3967
5156
3966
4286
4823
3581
4338
4345
3908
4594
5115
3364
3909
4296
3652
4051
5197
5304
4306
3671
4718
4170
4283
4424
3432
3450
4327
5267
4299
3881
4889
3923
4272
3605
4035
4670
4274
4885
4805
4164
4069
4011
3613
4701
3343
3569
4708
4008
4617
3618
3786
4714
3549
5097
4605
3906
3939
3236
4327
5266
4379
3973
3888
4517
3826
4293
3653
3867
3964
3872
4582
5419
3760
3559
4956
5271
4925
4942
3485
3318
4462
4060
4127
5409
3613
5131
5373
3598
4259
3359
3995
5362
4096
3281
3541
4974
5439
3666
3539
3525
4015
4101
5306
5328
3441
5059
3776
4176
3721
3665
4249
4298
3751
3610
4312
3970
4616
4242
4606
5003
4787
3301
4071
3846
3619
3962
4987
5432
3577
3758
3865
4701
3899
3925
4676
4244
4508
4679
3561
4554
4382
4988
3385
4928
3555
3692
4624
3440
3873
4329
3381
3466
3855
4324
4683
4187
4940
4563
3518
4506
3505
5096
4151
3991
3822
3782
4104
3571
3921
3983
4201
5055
5466
3545
3387
3672
4448
3953
4004
4313
4307
3421
3613
4255
5424
3427
5117
5023
3850
4177
4507
4186
3367
4944
4213
4634
4794
3366
4186
4647
3547
3921
4399
4768
4440
4667
5401
3859
3951
4491
3390
4381
3879
3893
4272
3396
4072
4963
4359
4671
4601
5365
3376
4010
4258
3599
4365
3832
4596
5326
4123
3486
4066
3553
3929
4436
4213
4444
3635
3733
3935
4975
5320
5017
3367
3775
4558
3485
4113
4118
4200
4308
4450
3541
3440
4041
3576
4145
4672
3496
3896
4183
3852
4071
3834
4415
3384
4013
4751
4607
5331
4858
4924
3836
3974
4223
4225
4256
4733
4687
3850
4092
4525
4394
4441
4450
4662
4834
4019
4046
3501
5274
3572
4056
4493
4006
4681
4211
4072
4798
5416
3648
4143
3498
3624
4627
3528
4926
4434
3788
4083
4136
5064
3827
3968
3636
5402
4366
4085
4574
4653
4994
3783
4029
4607
4741
4160
5035
3408
4962
4978
3611
3878
4566
3961
5181
3573
4544
4203
4505
3773
4902
4135
4097
4126
4802
5401
4944
5433
3951
4092
4988
4984
5395
4176
4866
3551
3774
4664
4084
4154
4217
4489
3553
3661
3473
5443
5145
4159
4307
4131
5407
3727
4650
3671
4687
3617
3793
3803
3538
4123
3491
4896
5041
4456
4692
4203
4369
4620
3832
4425
3852
4675
3863
4139
4309
4025
4213
5443
4187
4943
3633
4039
5091
4318
3474
3806
4361
3755
5136
4309
3584
4475
3827
4122
4364
4395
3649
4658
4994
5416
3834
4715
3841
4962
3833
3925
4618
3841
4522
4902
4809
5039
4477
4559
4613
3531
3618
4768
5059
5337
5427
4778
3564
4473
3627
4426
4871
4326
3592
4378
3922
4384
4156
5313
4167
4195
3914
4806
3583
3594
4240
4765
3575
3955
5204
4466
5017
3731
4706
3621
3896
4141
3934
4549
3683
4006
4691
4301
4441
4302
3648
4189
4659
4663
4745
3865
3832
5268
5122
3623
3849
4480
5429
3529
3567
3834
4608
5196
3900
5152
3933
4155
3605
3845
4059
3838
4934
4557
5124
3774
3629
4692
4893
3646
3775
4039
4224
4985
3657
3824
4383
4828
5267
4030
4280
3988
4476
4631
4022
4786
3642
5285
3883
3979
4009
4295
3839
4265
4268
4983
4800
5044
4260
4600
3996
4447
4504
4711
3929
3911
5371
4065
4665
3950
3960
3911
4333
4750
4518
4716
3574
4254
4324
4385
5208
5263
4680
4278
3886
4254
4760
5458
4780
3801
4580
4538
3989
4281
3932
4465
3851
5092
4005
5225
3819
4592
4108
4145
4386
4004
4246
4095
4372
3628
4887
5445
4211
4496
4021
4098
5468
4524
5280
5379
5108
3768
4050
5214
4106
4181
4055
4269
4708
4216
5074
4240
4472
4852
4477
4851
3835
4976
4059
4604
5333
4117
4754
3664
4199
4833
5011
4114
4410
3890
4428
5466
3977
4888
4810
4483
4239
5046
4058
4323
4814
5444
5079
3621
5061
3646
3759
3889
4932
3683
4413
4491
4064
5156
4419
4637
4166
4685
3809
4668
4567
5459
4783
4462
3755
3996
4938
5273
4362
4960
4230
4713
4509
4993
5257
3761
3823
4487
4252
4389
4278
3687
3854
4483
3672
4091
4326
4502
5182
4346
4445
5460
4869
4549
5417
4148
4151
4670
3713
4234
4579
4539
4062
4695
4034
4147
5054
4040
4360
3877
3999
4729
4303
4437
5291
3818
4793
5043
3765
4095
3697
3742
5000
3730
4184
4633
5146
5296
5194
5001
5399
4344
3847
4787
5389
5170
4539
4551
4279
4334
3839
4694
4064
5125
3962
4302
4435
4472
4744
4252
4587
4748
5480
4935
3861
4119
4503
4047
4643
3919
4077
5078
5310
3703
4552
4595
3707
4172
4274
5222
4898
4226
5008
3972
4746
5290
4372
4048
5010
5016
4191
5034
4125
4368
4774
4288
4554
4976
4453
4431
5019
4202
5124
5084
4241
4346
5355
5036
4999
4183
4344
4353
5012
4993
4079
4543
4264
4495
4251
4348
4351
4429
4676
4714
4625
4999
4349
4404
5198
5252
3954
4078
5054
5244
3999
4583
5455
4803
4767
4864
5053
4669
5387
4256
4753
5026
3887
4223
4238
5000
5412
4117
4736
5287
4523
4546
4677
4429
4760
3827
3874
3924
4704
4666
3793
3918
4229
4691
5476
4288
3970
4835
4922
5457
4520
4384
5335
5001
4264
4100
4609
4462
5026
5010
4188
4972
4749
5016
4817
3786
4813
3840
4304
3846
4392
4100
4541
4583
5032
4290
4359
4726
3918
4886
4103
4743
4822
4536
4813
5457
5032
4689
5152
4197
5012
3954
4397
4782
4523
4537
4581
5199
3870
5024
5480
4080
3861
5051
3990
4419
4605
4222
4595
4649
4091
4448
4457
5005
4179
5061
5182
3913
3948
4756
5019
4905
4262
5170
4515
4589
4635
5277
4280
4354
4386
3855
4936
4296
5036
4227
4235
5087
5330
4483
5354
4990
4491
4210
4588
4693
4245
4702
3902
4458
4412
4686
4880
3878
4810
4378
4821
5051
5068
4497
4003
4746
5291
4126
4507
4950
5441
3964
4629
4846
3886
4992
5472
4856
5020
4222
4389
4135
5043
5398
3914
4328
4007
4502
4119
4492
4959
4337
4759
5444
4066
4452
4482
4713
4710
5382
4215
4877
5021
3973
4717
5006
5465
4096
5374
5025
5060
4374
5104
4407
3944
4922
4421
4795
4830
5449
5461
4636
4015
4326
4399
4365
4737
4241
5087
4346
5085
4667
4923
5394
4855
4998
5311
4414
4534
3932
4260
4001
5109
4843
4109
5147
4632
4018
5329
4910
5066
4449
4552
4527
4726
4806
4079
5031
5233
4214
4067
4894
4673
4867
5085
4690
4875
4006
4942
4297
5027
4940
4828
4623
4289
4358
4811
4059
4149
5185
5177
4207
4770
4085
4891
4815
4698
4808
4206
4713
4889
4569
4675
4678
5120
4481
5128
4029
4179
5193
4963
4274
5068
4528
4581
4854
5082
4312
4529
4544
4808
4048
4770
4036
4745
4232
4537
5472
4596
4626
4755
4972
4163
5169
5011
4752
4716
4355
4807
4819
4920
5024
5439
4196
4401
4293
4593
4199
4208
5185
4121
4328
4153
4614
4005
5031
4664
4948
4054
4272
4645
4493
4545
5378
4166
4263
5165
4305
4713
4668
4018
5328
4924
4991
4499
4279
5063
4640
5022
4177
4640
5133
5463
4181
4492
4481
4354
4315
4390
4520
4573
5365
4532
4910
4483
4757
5008
5359
4343
4887
5009
5464
5186
4340
5474
4957
4684
5052
5424
5339
5066
4580
4601
4371
5052
5188
4530
4585
5124
4373
5162
4724
5467
4740
5410
5013
4454
4128
4648
4732
4487
4890
4167
5130
4382
5007
5146
4511
5219
4154
4798
4937
4242
4325
4947
5138
4428
4783
4786
4694
4817
4388
4411
4478
4136
5030
4416
5009
4987
4215
4536
5457
5184
5386
4983
5425
4106
4978
5132
4278
4918
4494
4599
4751
5064
5107
5028
5467
4469
4793
4541
4389
4136
4228
4403
5030
4369
4596
4407
5071
4641
5408
4227
4586
5083
5436
4789
4556
4511
4878
4556
4645
4826
4553
4936
5018
4394
4712
5446
5038
5483
5086
4704
4795
5461
4309
5165
4400
4929
4236
4381
5003
4955
4398
4769
4625
4367
4776
4403
4703
4971
5486
5091
5343
4633
5211
4341
4401
4880
4715
4845
5217
4195
4291
4739
4961
4777
5002
5111
5041
4393
4651
4271
4496
4604
4381
4772
4550
4958
4546
4872
4612
4717
4317
4562
4207
4313
4591
4266
4711
5048
4263
4685
5234
4542
4920
5439
4186
4256
4756
4332
4951
4416
5338
4620
4251
4310
5176
4866
4693
4253
4840
5103
4481
4556
5364
5018
5221
5227
4353
5148
4510
5101
4633
4248
5161
4354
4592
4522
4610
4444
4739
4218
4839
4943
5150
5469
4511
4875
5440
4550
4697
4847
5067
4370
4932
5206
5471
4791
4830
5449
4626
4839
4973
4474
5373
4705
5108
5403
5115
5208
5222
4311
4954
4305
4331
4562
5004
5471
4905
4292
5346
4766
4772
4767
5241
4246
5058
5143
4650
4606
4863
4299
4859
5216
4373
5046
4441
4771
5302
4405
4764
4935
4476
4915
4586
4877
4843
5423
4328
5166
4824
4413
4916
4990
4451
4560
4567
4391
4585
5029
4475
4698
4719
4478
4521
4732
4865
4315
4656
4747
5276
5198
4619
5239
4454
4297
4764
4860
4681
5128
5080
4422
5358
5361
4797
4319
5225
4409
4780
4610
4538
4657
4836
5039
4959
4814
4884
4706
5116
4939
5145
4396
4919
4687
4662
4906
4405
4812
4965
5453
4803
4821
5004
4954
4586
4863
4953
5022
4516
4628
5433
4662
4622
5055
4954
4925
4967
5093
5443
4372
4827
4979
4646
4775
4387
5210
4989
4656
4564
5015
4447
5176
4529
5179
4881
5002
4706
4660
4590
5472
4829
5352
4642
4957
4417
5134
4870
4873
4892
4555
4947
4793
5126
4546
5053
4947
5072
4407
4510
4697
4894
5119
4479
4958
4784
5207
4411
4961
4449
4649
4947
4535
4489
4651
4997
4486
4417
4628
5168
4903
4402
4427
4953
4775
4689
4891
4609
5130
4564
5118
4820
4827
4812
4550
4561
5125
5218
4615
4796
5301
4980
5133
4807
4652
4641
4579
5123
5103
4895
4883
4906
5458
5042
5027
5063
4820
4603
4699
4652
4621
4785
5029
4735
5104
5143
5245
5081
4761
5111
5192
4595
5113
4921
5114
5072
4480
4916
4522
4615
5204
4853
4760
4721
4818
5141
4945
4980
5007
5202
4945
4639
4842
4696
5236
4540
5175
4577
4918
5074
5203
4491
4486
4712
4921
5015
5023
4578
5389
4997
4750
5406
5092
4819
4927
4768
4597
4824
4861
5219
4513
5164
5079
4749
4903
4583
4660
5132
5037
4612
4996
5153
4966
5207
4912
5086
5122
5186
4601
4893
4984
4631
5090
5136
4782
5080
4635
5075
4792
5112
5407
5098
4725
5004
5450
5462
4904
5105
4626
5109
5388
5166
4649
4673
4956
5097
5286
5069
5199
4731
4721
4849
5110
5415
4893
4859
4812
4574
5336
5044
4816
5212
4658
5150
5013
5174
5076
4889
5167
4643
4787
4642
5126
4782
5106
5062
5151
4884
4728
5430
5195
4857
4628
4847
5433
4905
4620
4771
5047
5438
4671
4674
4692
4916
4699
5159
4946
4917
5096
5221
5236
4897
5110
4915
5005
5095
5260
5214
5363
4676
4735
5229
4960
4684
4890
4973
5218
5154
4919
4736
4912
5069
4829
5447
4990
5235
5093
4680
4710
5166
4883
5028
4982
4924
5073
4705
5161
5049
5205
5131
5162
4965
5426
5177
4898
4965
5154
4935
4674
5035
5077
4859
5216
4742
5014
5070
5076
4857
5139
5149
5233
4904
4797
4731
4809
4764
4901
4952
4784
4738
4975
4968
5100
4796
4779
4986
5084
4912
4992
4914
4794
5191
4727
5429
4957
4808
4833
5144
4970
5056
4765
5376
5031
4733
4753
5005
5202
4774
4750
5006
5479
5173
4929
5028
5052
5007
5142
5137
5162
5027
4930
4995
5219
5088
5107
4762
5190
4985
5206
4888
5057
5060
5327
4828
5191
4824
4869
4992
5228
5134
5158
5351
5448
4775
5189
4942
4862
5137
5073
4901
4885
4964
5173
5078
5223
5123
4801
5148
5002
4891
5072
5444
5171
5362
5434
5113
4983
4923
5209
5035
5121
4855
4929
5168
4906
5071
5082
4869
4895
5127
5094
5050
4985
5375
5041
5048
5184
5008
5120
5073
5023
5454
5018
5188
5055
5034
5158
4979
5070
5127
5144
4993
5242
4996
4848
5235
4885
5194
5183
5164
4970
5203
5000
5231
5230
4860
5114
5121
5009
5069
4874
5183
5078
4909
4914
5180
4986
5012
5232
4880
4883
5163
4925
5147
5095
5129
5217
4933
5189
4917
4999
5102
4932
5171
4967
5145
4975
5377
5211
5053
5019
5156
4976
4963
5159
4961
5066
5171
5103
5131
5127
5237
5082
5165
5047
5001
5159
5187
5200
5470
5239
5016
5147
4987
5109
5030
5119
5043
5044
5183
5098
5332
5237
5036
5380
5058
5324
5107
5093
4982
5112
5177
5129
4960
5138
5174
5240
5048
4980
5238
5206
5172
5135
5190
4994
5197
5026
5063
5090
5064
5034
5175
5187
5084
5123
5099
5038
5176
5170
5158
5150
5130
5032
5039
5193
5154
5190
5079
5104
5070
5196
5473
5094
5108
5442
5237
5099
5482
5110
5178
5112
5135
5325
5391
5140
5077
5224
5169
5194
5477
5087
5096
5144
5151
5240
5216
5234
5157
5217
5115
5195
5191
5226
5242
5132
5120
5173
5140
5232
5122
5160
5199
5419
5215
5234
5118
5200
5225
5172
5214
5202
5200
5195
5392
5201
5372
5405
5174
5223
5238
5201
5146
5163
5184
5476
5209
5229
5468
5208
5211
5205
5212
5192
5227
5213
5196
5215
5204
5241
5197
5224
5236
5218
5226
5220
5456
5233
5228
5478
5475
5244
5246
5248
5318
5250
5252
5254
5485
5257
5259
5261
5263
5264
5265
5265
5267
5269
5271
5273
5275
5277
5279
5280
5380
5281
5281
5283
5285
5287
5289
5291
5293
5295
5297
5299
5311
5301
5303
5305
5307
5309
5309
5311
5313
5315
5317
5319
5321
5322
5323
5323
5325
5392
5327
5329
5331
5333
5335
5337
5428
5340
5487
5340
5488
5342
5344
5346
5348
5350
5352
5448
5354
5396
5356
5358
5396
5360
5362
5364
5366
5367
5368
5368
5370
5372
5374
5376
5378
5380
5382
5383
5384
5384
5386
5388
5390
5392
5394
5396
5398
5400
5402
5404
5406
5408
5410
5412
5414
5416
5418
5420
5421
5422
5422
5424
5426
5428
5430
5432
5434
5436
5438
5440
5442
5444
5446
5447
5448
5448
5450
5452
5454
5456
5484
5484
5458
5460
5462
5464
5470
5466
5468
5470
5472
5474
5476
5478
5480
5482
5484
5486
5488
5489
5490
5490
)


// ************************************************************************* //
