/*--------------------------------*- C++ -*----------------------------------*\
| =========                 |                                                 |
| \\      /  F ield         | OpenFOAM: The Open Source CFD Toolbox           |
|  \\    /   O peration     | Version:  2412                                  |
|   \\  /    A nd           | Website:  www.openfoam.com                      |
|    \\/     M anipulation  |                                                 |
\*---------------------------------------------------------------------------*/
FoamFile
{
    version     2.0;
    format      ascii;
    arch        "LSB;label=32;scalar=64";
    note        "nPoints:2632  nCells:2471  nFaces:8728  nInternalFaces:3627";
    class       labelList;
    location    "constant/polyMesh";
    object      neighbour;
}
// * * * * * * * * * * * * * * * * * * * * * * * * * * * * * * * * * * * * * //


3627
(
58
97
703
59
144
1892
109
135
1730
44
160
1051
118
611
759
38
477
1806
140
317
1584
11
54
1901
54
302
381
63
162
898
27
277
2350
459
1024
16
828
874
20
96
1891
83
122
2105
210
358
1711
241
1130
177
212
2224
92
189
1221
181
195
878
433
1180
125
349
1182
103
325
2420
49
268
1749
204
383
1687
84
269
1091
104
246
1211
674
849
218
222
64
711
1572
70
255
2081
43
883
2008
106
243
1961
65
111
1588
184
232
331
55
1732
2183
66
605
718
133
392
2336
156
671
153
172
1544
179
629
1607
48
1765
2185
46
668
2005
248
473
471
1632
82
634
1134
750
1836
74
303
1351
323
1212
733
1357
120
208
1749
63
2246
2308
96
1871
61
546
1108
1343
165
972
60
601
1990
226
366
2064
224
301
241
1391
205
2409
1417
1906
68
142
894
794
150
236
124
1403
266
1795
73
77
2250
111
1905
245
1747
379
1792
89
98
721
262
893
932
373
466
1414
2229
236
1898
1916
78
182
2074
636
2362
1431
1891
213
301
439
141
227
2020
112
785
1048
924
2040
1275
1388
276
1801
308
914
90
93
1480
371
505
165
904
966
361
464
190
749
110
282
1064
295
1438
387
1330
191
411
415
233
286
802
624
125
516
273
422
475
566
279
462
465
351
681
2214
155
244
1583
1469
2065
251
2298
298
926
1945
2001
200
902
1716
379
527
555
842
2342
121
1060
169
146
806
217
356
1090
117
1196
2255
231
316
391
128
132
1057
653
1903
252
2007
143
230
1705
280
2047
132
1067
609
1510
580
642
274
376
1803
176
887
1630
304
319
2410
161
1068
130
336
493
215
229
171
333
495
1058
1324
1609
235
1073
1610
1741
2268
166
761
2313
595
596
618
257
341
150
194
1304
1959
2275
332
443
146
497
1605
1671
720
2258
221
969
2294
1004
215
2231
269
470
503
241
409
442
730
180
1833
2301
209
330
2357
285
1419
221
250
533
239
2092
438
2460
564
1275
1341
182
2134
2155
237
363
548
785
1046
658
619
1547
197
488
619
201
2152
2353
2205
489
631
207
303
2197
224
439
1676
377
1934
309
412
905
840
1133
1118
1865
196
273
313
242
1716
1774
193
279
867
412
1080
1914
2102
281
1494
1537
1545
2316
833
1689
208
1181
1076
211
1491
1555
219
920
733
1464
187
1069
1466
1164
1866
248
669
2370
727
1808
444
597
712
878
254
1669
1883
292
717
283
326
411
432
469
657
573
1103
206
576
1987
244
1945
2011
1991
2240
545
2315
421
1414
344
380
903
404
2162
350
461
2108
2189
736
2100
1506
308
1347
2090
697
896
2083
2432
823
1162
293
489
616
2411
410
988
1214
691
981
674
1396
240
2232
228
365
655
2051
338
1418
287
325
389
1803
363
1738
1902
231
1810
764
2046
429
656
757
386
672
329
298
2231
352
731
1964
1613
1846
468
2094
2120
329
2058
2064
291
970
1387
2324
1917
1941
791
1816
1159
757
2104
1634
1949
343
392
594
1981
292
704
832
1923
2383
437
1579
542
2274
668
738
2317
1587
1750
926
2392
288
834
1287
424
2422
475
507
712
265
730
2175
285
492
1026
296
482
1525
1008
1467
264
364
1409
436
587
326
821
404
1650
359
491
663
280
470
1354
682
791
793
300
318
1049
345
962
2169
1725
633
745
284
355
767
454
755
547
1471
342
1680
1864
1748
1895
325
2433
665
1465
1747
296
299
1518
405
2468
2115
1663
2181
425
609
1000
455
573
864
1913
2021
866
575
584
480
1845
728
1726
910
1312
2115
2232
1345
1769
2167
2239
744
590
1209
421
1882
2044
357
1031
2103
319
454
458
397
1560
1729
662
673
800
381
1453
1745
497
806
892
1023
1809
1785
2144
393
1587
2431
450
523
1101
457
476
1969
2024
1845
859
417
641
1591
347
413
639
401
918
1623
362
872
498
593
1324
335
382
2395
390
740
408
589
2258
760
784
608
810
1537
2356
1493
372
1402
414
579
951
346
1952
1457
2325
477
1765
2263
361
490
733
1151
1591
447
2382
1151
2157
395
1626
487
1959
402
798
1626
1813
2385
391
1810
2373
2459
419
1825
354
555
2031
858
1555
524
1517
2195
408
1791
2251
2261
578
643
441
1024
1690
1780
822
861
2025
452
1609
1452
1737
1599
1829
1228
2368
666
2087
2439
494
615
868
395
798
979
463
1896
2117
2364
760
565
973
1951
554
2208
2461
377
484
577
460
576
1430
2216
740
1117
571
847
672
1605
511
2220
2266
859
919
1572
550
1670
751
1287
396
450
1006
1926
1621
1896
430
1904
2277
2359
446
1769
2061
1695
945
946
561
1739
414
424
470
478
875
488
690
1178
777
1368
522
531
741
1406
2388
2109
2368
1559
1806
1985
776
1327
2270
476
720
2406
2455
1619
541
558
603
475
537
544
1712
540
559
553
659
1746
431
1574
1406
2053
1037
469
577
494
634
2120
1698
1531
2425
598
766
1913
440
953
1204
494
548
934
435
825
508
617
545
1437
1506
1223
2306
487
1584
2169
514
2085
552
648
505
1561
1623
2013
1856
2168
467
1719
566
580
713
1119
563
644
1223
1352
2466
774
2063
611
804
2034
1882
2118
1628
687
771
1209
2297
2336
802
1500
1842
1786
836
1407
590
687
2018
617
1401
919
1097
467
1209
545
1028
478
508
686
1054
1319
2418
577
886
658
1057
642
519
958
2171
1934
866
867
586
813
1126
638
1677
606
672
761
1563
872
1895
653
1191
2276
500
1312
704
717
1589
2001
599
644
660
886
1148
844
883
1908
726
1122
1973
2142
1766
1375
721
719
1963
824
830
2126
2436
543
732
676
1750
2036
596
607
630
628
640
810
2296
2323
509
968
2060
563
599
699
1357
2372
802
2010
2129
1949
604
1513
2177
828
1289
1397
652
846
608
612
640
696
973
621
931
1737
587
739
748
532
790
604
628
1222
532
702
610
616
963
556
660
1029
771
1642
543
583
1133
612
627
954
622
625
569
998
603
1377
616
626
649
610
637
661
571
2143
622
632
663
708
710
1978
625
798
1517
663
1220
1813
1122
1912
627
652
655
592
669
811
583
607
707
645
661
665
905
1474
570
654
1318
594
630
641
2142
2299
2427
1019
637
773
646
942
645
1869
2055
780
805
857
606
950
568
2040
2094
593
1609
582
1044
1712
2213
855
585
1017
639
691
694
694
698
700
705
641
698
700
991
1782
630
705
707
1180
1022
1772
988
1683
828
762
788
1038
1104
1797
807
1002
2106
2155
2081
680
834
890
1615
606
631
881
631
871
2188
632
850
1698
1859
764
670
1140
2001
588
2079
1475
649
870
901
1313
888
602
695
929
720
1453
618
739
1588
1596
1826
853
1324
892
893
894
689
1495
614
1293
723
1593
1907
2117
1895
2047
754
1012
1107
1886
2226
1098
1110
1723
1375
1796
1627
626
719
963
724
970
973
2332
1965
932
1040
863
1450
1772
655
954
1088
1075
1663
1771
685
2306
1090
643
968
1195
2121
2290
692
1012
1267
2332
789
898
1872
2000
1077
831
844
1689
683
2000
851
1576
1132
766
801
692
1088
2125
754
922
1139
1536
1706
1834
683
931
1195
656
779
952
1076
839
913
2292
1444
750
947
714
706
900
1939
764
1832
2343
1502
731
1574
706
1132
2245
2028
1677
910
939
1859
987
1080
1952
765
827
2147
1932
1994
1347
1962
2126
765
783
2099
1898
2171
837
1301
2247
2469
783
1961
954
945
984
993
2210
867
1051
1566
752
953
1530
796
1503
1040
833
1257
947
1836
1879
1440
1255
2009
1640
2332
716
858
1248
1288
2029
1516
760
920
2250
882
908
882
923
1007
1262
963
769
723
1288
823
2013
2148
879
2283
1894
2122
2321
796
933
864
1313
747
901
992
787
1147
1065
773
820
2245
1269
884
885
1029
827
1302
815
876
1158
795
1653
729
991
1983
2058
841
899
1916
2093
1110
1146
756
1086
1136
1233
1435
1737
1493
2395
842
843
2227
2009
2079
1403
1121
1682
2194
763
976
1528
752
818
1204
923
1311
1148
1668
787
809
865
824
1017
932
1409
808
1393
2079
1505
1663
1123
854
994
1298
1509
1097
1948
884
1402
874
1432
1539
2199
2344
1687
807
1016
1271
1728
1425
1317
910
769
1262
2303
1133
832
1736
1897
1900
808
860
930
2213
1121
2076
796
1328
1441
1978
2442
822
1561
942
1918
2021
814
1078
1735
1988
841
854
2045
1979
2210
817
1224
1579
2271
852
1613
1575
815
1085
794
1081
908
965
1701
805
1095
1462
1466
2235
2295
869
2265
1176
1182
1677
1153
1907
2335
1145
1474
835
1477
818
890
2181
2097
2344
1197
1046
1157
1119
855
858
1107
1176
1233
962
1080
1447
1783
2132
885
1157
1222
1991
2071
1141
2235
1116
847
1009
2081
1077
2109
2238
1350
1717
1419
948
965
888
1196
1793
1433
1701
992
1235
1182
1617
2363
2264
2254
846
1108
1103
1308
860
943
1159
1190
1589
935
948
1857
2303
1540
1835
2258
2357
1631
1018
1203
1236
935
949
1873
2086
1132
2248
1213
1245
1139
1245
1086
2066
922
1098
1167
1606
879
1017
1259
873
1200
2465
2254
880
1399
1021
1185
1359
1022
1802
1576
895
2100
2149
1683
1733
1459
1717
1279
1774
1279
1290
1561
904
911
1289
1354
1397
907
978
1162
1311
1875
1554
1029
977
1212
1290
1367
1996
2069
2304
1788
1936
1527
1969
2182
917
1618
1729
1216
1321
1414
997
1183
1588
1329
2197
912
1693
979
1045
1517
1356
1221
1492
1835
2357
1456
1941
2062
914
1735
1582
941
956
2141
964
1010
1889
1071
1926
937
1093
1147
1779
1004
1905
2293
937
1102
1200
949
955
994
1389
1348
1352
2122
2287
1302
1535
1902
1777
1831
1797
2176
1457
1898
1009
940
1043
1175
1464
1506
1392
2244
1109
1265
2284
1105
1768
1711
1733
1611
946
1120
2159
1001
1000
1510
1566
951
2281
1083
1521
1128
1266
1913
1109
1276
959
1015
1285
1860
1124
1773
1744
1005
1367
1660
1377
1288
1999
1775
1079
2300
1025
1149
971
1135
1542
1572
2444
974
990
989
1002
1101
978
995
996
1384
967
1014
1798
1093
1142
983
1032
1326
1421
2399
2147
974
1169
1142
1624
982
982
996
1011
1170
1266
1019
1146
1085
1709
1682
1843
2288
1440
1839
1234
986
1179
1667
2184
1118
1702
1890
999
1010
1384
1428
2129
1041
1127
996
1003
2045
1598
1006
1020
1560
1010
1042
1036
1217
1006
1016
1089
1100
2018
1083
1254
1030
1027
1085
1039
1307
2272
1409
1434
1042
1281
1403
1016
1020
1074
1156
1158
1027
1035
1183
1467
1208
1724
1264
2173
2012
1811
1868
1888
1211
2158
1322
1495
1038
1529
1776
1072
1174
2058
2186
1084
1165
1111
1137
1205
1050
1636
2016
1092
2276
1046
1047
1493
1074
1048
1932
1356
1072
1106
1089
1096
1127
1392
1715
1710
2374
1051
1052
1053
2289
1340
1421
1054
1333
1750
2320
1055
1056
1057
1058
1203
1059
1060
1236
1061
1062
1465
1379
2330
1064
1067
1066
1748
1502
1068
1104
2235
1095
1144
1314
2356
1161
1120
1612
1092
2168
2312
2029
1361
1196
1531
1644
1711
1867
2055
1113
1143
1192
1198
1231
1258
1227
1305
1227
2372
2394
2123
1349
1124
1166
1277
1200
1106
1171
1986
1674
1125
1129
1215
1210
1291
1445
1113
1144
1547
1620
1328
1910
1173
1857
2060
1332
1526
1152
1172
1195
2091
2240
1155
1125
1131
1188
1239
1270
1299
1294
1334
1154
1325
1551
1395
1166
2077
1814
1334
1478
1628
1938
1307
1306
1187
1251
1192
1415
1391
1432
1186
1218
1640
2133
1234
1325
1667
2039
1184
1382
1249
2277
2135
1816
1425
1620
1260
1179
1283
1238
1428
1675
1685
1824
2004
1247
1251
1172
1242
1398
1692
1168
1201
1545
2188
1542
2075
1175
1282
1165
1237
1174
1310
1470
1249
1736
1163
1250
2193
1237
1310
1797
2098
1207
1253
1378
1614
1184
2237
1285
2307
1187
1315
1199
1219
1297
1250
1268
1310
1199
2385
1218
1541
2041
1979
1210
1431
1714
2047
1217
2343
1265
1286
1550
1658
1198
1415
1541
1242
1280
1292
1525
1822
1788
2123
1202
1219
1242
1309
1218
1792
2216
1411
1443
1358
1323
1206
1303
1207
1243
1333
1771
1295
1398
1853
1872
1383
1475
2111
1270
1273
2111
1257
1794
1339
2010
1243
1246
1294
1372
1333
1268
1963
2375
1568
2240
1472
2020
2298
1226
1318
1954
1488
1546
1839
2049
2373
1465
1474
1980
1272
2238
1238
1315
1274
1448
1485
2416
1371
1322
1594
1379
1442
1282
1291
1533
1784
2036
1725
1785
1501
1284
1316
2355
1679
1553
1672
1273
1592
1570
2050
2219
1394
1400
1258
1261
1408
1260
2002
1349
1422
1923
2294
1407
1456
1473
2365
1363
1419
1930
1380
1309
1398
1538
1300
1316
1342
1284
1300
1395
2068
1509
1828
1280
1725
1366
1328
1496
2325
2257
1320
1421
2259
1355
1423
1365
1380
1580
1931
2318
1847
1455
1371
1458
1363
1366
1415
2234
1903
1300
1332
1393
2206
1708
1420
1297
1604
1633
1648
1524
1408
1499
1470
1519
1822
1303
1446
1497
1491
1641
1355
1372
1648
1763
1894
2217
1420
1458
1445
1521
2366
1473
1635
1323
2006
2421
1407
1315
1528
2347
1633
1697
1849
2355
2371
1360
2051
1805
2194
1503
1363
1343
1627
1989
1488
1849
1575
1760
1463
1498
1502
1582
1424
1600
1355
1373
1639
1567
2329
1360
1448
1770
1438
1870
1887
2413
2469
1485
1557
2285
2434
1424
1899
1439
1385
1533
1690
1377
2061
1433
1866
2449
1519
1562
1380
1565
1573
1364
2197
1822
1402
1593
2204
1921
1864
1400
1408
1768
2146
1651
1375
2313
1490
1557
1636
1707
1760
1422
1652
1654
1933
1562
1573
1378
1426
1602
1723
2105
1439
1662
1486
2063
1582
1619
1489
1650
2162
1446
1595
1619
1630
1499
1781
1442
1487
1692
1420
1888
1630
2014
1658
2426
2249
2285
1497
1622
2314
2327
1426
1681
2254
1442
1455
1768
2350
1915
1565
1685
1479
1893
1995
1531
1723
1664
2024
1805
1471
1946
2190
1441
1496
1580
1665
1700
1644
1846
2295
1664
1678
1918
2119
1695
1521
1424
1486
1844
1761
1678
2037
1787
1441
1503
1643
2315
2376
2029
1602
1466
2297
2415
1596
2284
1736
2279
1776
2042
1460
1901
2050
1643
1988
1748
1652
1762
1527
2169
1520
1695
1709
2296
2381
1709
1710
2085
2416
2101
1710
2043
1532
1638
2305
1838
1673
1976
1673
1983
1511
1556
1942
1496
1528
1505
1742
1749
1595
1472
2023
2405
2115
2253
1583
1975
1688
1483
1674
1624
2246
2408
1611
1697
1618
1622
1499
1592
1495
1518
1482
1558
1702
1490
1504
1512
1647
1504
1548
1656
1827
2076
1501
1532
1637
1556
1585
1753
1666
1629
1665
2420
2435
1508
1518
1544
1962
2351
1703
1699
2312
1544
1551
1742
1730
1754
1823
2233
1601
1671
1732
2205
2082
2273
1651
1739
2138
1758
1829
2451
1538
1570
1608
1616
1775
1548
1743
1884
1691
1795
2038
1741
1757
1769
1627
1649
1584
2022
2188
1616
1618
1604
1666
1548
1590
1637
1752
1874
2012
2402
1909
2282
1700
1931
1614
1665
1654
1919
1549
1958
2457
1987
1569
1590
1645
1886
1960
1792
2324
1558
1752
1867
2015
1625
1703
1714
2198
2113
2201
1597
1755
1859
2223
2045
2333
1995
1998
1569
1646
1954
2026
1924
1691
1871
1599
1726
1720
1767
1850
1971
2034
1586
2152
1851
1688
1690
1693
1947
1646
1655
1800
1758
1593
2114
2432
1727
1603
1731
1848
2119
2320
1945
1920
2157
1885
1643
1684
2415
2062
1790
1856
1638
1684
1629
1722
1741
1800
2054
1804
1686
1789
1756
1942
2100
2143
2335
2417
1727
2080
2066
2159
1929
2002
2310
2088
1804
1688
1766
1878
1803
1807
1840
2077
2371
1722
2466
2002
1799
1880
2375
1652
1758
1807
1820
2431
2443
2056
1694
2158
1645
1732
1699
1718
1647
1662
1876
2230
1654
2113
1850
2003
2088
2308
1937
2057
1837
1685
2072
1789
1704
1673
1870
1671
1812
1702
1718
1820
1841
1908
1938
1982
2364
2458
1821
2032
2172
2220
1757
2275
1693
2304
1819
1828
2036
1821
1879
1938
2345
1992
1696
1980
1807
1944
2301
1935
2084
1809
1966
2165
2358
2256
2030
1691
2070
2280
2349
1904
2234
2438
1852
2278
1815
2367
1743
1804
2127
1756
1778
1912
1812
1879
1802
1971
1877
2358
1981
2008
1869
2133
2176
1990
1841
1854
2084
2193
2270
1947
2003
2005
2028
1928
2400
1730
2123
2184
2064
2021
1910
2068
1878
2074
2134
2090
1740
2272
2112
1752
2055
1770
2279
1953
2311
1929
2035
1873
2075
1841
1863
2217
2191
2218
1755
1790
1762
2342
1953
1763
2243
2180
2203
2386
1762
1892
1799
1866
2098
2260
2023
2192
2319
1878
2181
1957
1821
1863
2135
1827
2207
1823
1992
1814
2348
1947
2017
1936
2422
1885
2046
1808
2138
1919
2182
1994
2052
2052
2044
2394
1852
1904
2387
1795
2291
1998
2124
1844
1902
1935
2346
1971
2274
2035
2130
1853
2106
1921
2059
2302
2263
1887
2215
2414
2044
2448
2033
2463
1870
2078
2087
2127
2098
2176
1976
2103
2193
1985
2384
1970
1955
1851
2097
2042
2151
1941
2370
1856
1861
2414
2145
2180
2128
2137
2000
2237
2037
2174
1850
1900
2393
2033
1874
2093
1888
1901
2073
2025
2094
2231
2411
1877
2007
2025
2164
2310
1917
1981
1906
2026
1999
2209
2336
2362
1966
1970
2145
2400
2082
1940
2068
2141
2039
2159
1955
2260
1893
1965
2290
2096
2331
1930
2397
2261
1882
2190
2178
2237
2366
1964
2103
2124
1922
2404
2199
1911
2345
2191
2214
2277
1920
2317
2067
2038
2348
2130
2170
2270
2397
2178
2227
2316
2102
2149
2219
1950
2076
1924
2276
1934
2048
2022
2096
2053
2146
2287
2378
2051
2104
2217
1965
2089
2305
2370
2080
2307
2028
2089
2063
2242
2244
2402
2049
2429
2433
2027
2125
2365
2289
2078
2283
2269
2292
2008
2069
1991
2116
2005
2033
2156
2293
2146
2173
2162
2007
2065
2427
1970
2153
2314
2059
2131
2418
2077
2347
2266
2406
2166
2241
2106
2185
2083
2121
2131
2412
2424
2327
2349
2329
2011
2322
2380
2015
2095
2043
2174
2374
1995
2108
2377
2014
2133
2230
2383
2423
2214
2429
2350
2186
2105
2249
1999
2023
2330
2286
2407
2186
2172
2267
2004
2202
2224
2377
2030
2048
2072
2361
2140
2203
2249
2144
2137
2170
2220
2230
2196
2160
2116
2128
2187
2338
2470
2099
2259
2153
2211
2151
2311
2399
2097
2160
2454
2218
2267
2067
2252
2211
2072
2319
2430
2057
2041
2216
2069
2096
2160
2445
2222
2329
2066
2120
2113
2107
2222
2343
2060
2200
2435
2155
2201
2087
2093
2112
2354
2281
2091
2288
2257
2074
2178
2177
2346
2125
2200
2132
2437
2333
2334
2417
2135
2463
2101
2300
2352
2322
2284
2099
2147
2153
2396
2454
2202
2204
2286
2309
2196
2280
2139
2145
2239
2140
2205
2335
2417
2223
2458
2212
2410
2333
2354
2202
2187
2411
2440
2351
2154
2224
2366
2201
2139
2180
2398
2163
2348
2403
2185
2225
2157
2395
2292
2265
2396
2443
2198
2228
2269
2341
2428
2337
2353
2242
2390
2225
2187
2196
2339
2360
2379
2296
2424
2236
2464
2248
2375
2403
2424
2291
2389
2179
2453
2221
2264
2305
2340
2452
2328
2255
2246
2308
2387
2339
2376
2461
2247
2273
2282
2229
2264
2374
2321
2386
2319
2391
2432
2269
2321
2252
2286
2327
2457
2344
2386
2405
2328
2226
2331
2448
2401
2359
2225
2234
2367
2457
2342
2318
2361
2358
2392
2259
2402
2396
2423
2340
2369
2291
2312
2382
2268
2404
2464
2380
2413
2380
2378
2309
2407
2458
2421
2427
2307
2322
2351
2298
2384
2341
2311
2317
2338
2384
2423
2453
2441
2393
2320
2431
2363
2430
2302
2326
2297
2419
2363
2313
2460
2334
2442
2391
2426
2446
2369
2352
2382
2456
2408
2323
2421
2425
2326
2381
2334
2387
2405
2341
2408
2461
2379
2377
2451
2381
2392
2340
2349
2444
2419
2372
2428
2445
2456
2440
2426
2447
2371
2354
2389
2438
2433
2443
2376
2440
2467
2378
2436
2447
2422
2459
2400
2429
2389
2464
2450
2435
2446
2393
2404
2398
2448
2442
2434
2456
2413
2455
2412
2462
2449
2414
2467
2465
2434
2419
2450
2438
2446
2454
2439
2452
2449
2439
2445
2455
2462
2465
2452
2463
2467
2462
2468
2466
2470
2470
)


// ************************************************************************* //
