/*--------------------------------*- C++ -*----------------------------------*\
| =========                 |                                                 |
| \\      /  F ield         | OpenFOAM: The Open Source CFD Toolbox           |
|  \\    /   O peration     | Version:  2412                                  |
|   \\  /    A nd           | Website:  www.openfoam.com                      |
|    \\/     M anipulation  |                                                 |
\*---------------------------------------------------------------------------*/
FoamFile
{
    version     2.0;
    format      ascii;
    arch        "LSB;label=32;scalar=64";
    note        "nPoints:2454  nCells:2166  nFaces:7724  nInternalFaces:3106";
    class       labelList;
    location    "constant/polyMesh";
    object      neighbour;
}
// * * * * * * * * * * * * * * * * * * * * * * * * * * * * * * * * * * * * * //


3106
(
218
814
1002
219
813
1003
28
381
936
57
371
1199
58
372
1217
35
374
1521
36
373
1522
11
105
1382
12
106
1381
209
977
1434
210
978
1435
38
655
37
654
111
1059
1428
112
1058
1429
49
860
1591
50
859
1592
157
614
742
158
613
743
85
799
1423
86
800
1422
61
363
951
62
362
952
95
364
1699
96
365
1700
29
328
643
30
329
642
92
1162
2086
238
414
117
1297
118
1298
314
713
2126
315
712
2127
309
768
2165
310
769
2164
41
464
42
463
1594
2109
1593
2110
485
517
1504
484
518
1503
115
957
116
958
77
199
1658
78
200
1657
123
776
1190
124
775
1193
125
419
1091
126
420
1092
250
1314
249
1315
243
324
969
244
325
968
131
1056
1693
132
1057
1694
143
1212
1283
144
1210
1282
747
748
446
725
2115
447
724
2114
415
1250
416
1251
271
889
1293
272
890
1294
92
211
300
159
949
1202
160
950
1189
561
569
1640
562
570
1641
167
663
1069
168
664
1068
81
775
1692
82
776
1691
478
734
2118
1226
2081
2162
1227
2082
2163
1096
1675
1097
1674
552
1289
1977
553
1290
1976
652
1614
653
1613
191
1430
192
1431
90
909
91
908
498
744
2113
253
1160
254
1161
234
1865
235
1864
1978
111
529
857
112
530
858
278
1788
279
1789
689
1004
2010
690
1005
2009
181
189
1192
182
190
1191
197
1607
1983
198
1608
1984
139
315
581
140
314
582
861
1363
862
1362
317
1010
1751
318
1011
1752
136
545
1159
135
544
1158
1246
1247
146
366
1060
145
367
1061
891
1761
892
1762
570
1696
569
1695
519
1031
1890
520
1030
1891
301
772
300
302
823
824
167
653
168
652
133
447
625
134
446
624
183
458
1183
184
459
1182
813
1713
814
1712
177
903
178
902
1139
1764
1140
1763
161
2004
2067
162
2003
2068
163
1442
164
1443
214
1056
1197
215
1057
1198
859
860
628
766
627
767
171
498
635
172
478
634
787
1478
788
1479
165
855
2155
166
856
2154
178
295
177
294
230
997
1203
231
998
1205
1006
1779
1007
1778
881
882
612
871
611
872
196
388
195
389
792
2087
793
2088
320
321
699
1178
1224
700
1177
1225
229
929
228
928
670
1437
1769
669
1436
1770
597
730
1483
598
731
1482
379
380
199
893
1525
200
894
1526
879
880
1169
1759
1170
1760
696
964
1229
697
965
1230
345
451
542
346
450
541
674
979
675
980
1589
1967
1590
1966
221
643
728
220
642
729
442
441
644
694
645
695
210
209
294
335
1654
295
334
1655
248
439
958
247
440
957
306
344
1097
305
343
1096
785
1116
2161
786
1117
2160
1512
1513
1804
2080
246
437
245
438
908
909
228
306
229
305
391
1673
390
1672
397
1298
396
1297
599
1872
600
1873
1371
1471
1372
1472
450
858
1998
451
857
1997
393
392
947
948
497
1437
2085
496
1436
2084
1844
1876
1845
1877
298
505
616
299
506
617
558
1360
1080
1501
1081
1502
304
540
754
303
539
755
1467
1521
1468
1522
827
1044
828
1043
628
1466
627
1465
507
1617
508
1618
656
943
1497
657
944
1498
592
1036
591
1035
1256
1599
1257
1600
296
514
1845
297
513
1844
433
615
1311
1334
1476
1335
1477
339
665
1329
338
666
1328
286
507
1025
287
508
1024
645
1449
644
1450
336
1127
1194
337
1128
1216
434
626
1321
824
1884
823
1885
454
629
761
455
630
760
316
744
897
347
661
1208
348
660
1219
387
867
386
868
368
537
2090
369
538
2089
580
728
895
579
729
896
398
677
1294
399
678
1293
678
1315
677
1314
755
835
2109
754
836
2110
699
1014
2028
700
1015
2027
409
876
1866
410
875
1867
854
853
333
831
332
832
963
968
962
969
807
703
741
808
1156
706
820
707
819
837
838
440
765
891
439
764
892
683
1291
684
1292
353
698
734
458
1732
459
1733
548
549
635
1157
1334
1507
1335
1508
1086
1133
1794
1093
1973
1094
1972
358
717
725
359
718
724
617
2005
616
2006
1393
1636
1394
1637
783
1515
784
1514
872
1646
871
1647
609
610
1618
1617
983
984
987
1461
988
1462
714
937
1656
480
532
481
531
1675
1674
1957
1958
999
1000
609
1134
1572
610
1135
1573
509
640
1343
510
641
1344
634
1228
809
2011
810
2012
916
2124
2153
917
2125
2152
624
1238
625
1239
1015
1534
1014
1535
1502
1501
979
1783
980
1784
639
1468
638
1467
651
1185
650
1186
721
942
1777
409
1571
410
1570
431
1494
432
1493
417
441
891
418
442
892
656
1479
657
1478
667
668
1688
1777
1509
1549
1510
1550
534
1636
533
1637
1646
1647
549
548
1600
1599
693
673
721
1471
714
1472
704
934
705
935
830
1885
829
1884
462
1184
1188
415
898
1704
416
899
1705
412
582
715
413
581
716
749
1453
1487
750
1454
1488
729
935
1066
728
934
1067
1759
1760
475
751
1220
713
1087
712
1088
479
1218
1596
1595
1761
1762
1509
1510
578
1687
577
1686
557
1721
556
1722
519
1534
520
1535
607
1677
608
1676
797
2106
2157
796
2105
2156
1762
1761
1347
1412
1348
1411
727
1430
726
1431
720
809
719
810
1487
1488
1173
1174
500
1187
1231
846
1629
1932
847
1630
1933
668
667
707
836
1120
706
835
1121
750
749
832
1261
1627
831
1260
1628
1967
1966
703
1001
1361
913
1181
1959
526
525
523
1240
1500
524
1241
1499
1037
767
1468
766
1467
844
2040
845
2039
471
1179
1909
472
1180
1910
1275
1686
1276
1687
1615
1644
1616
1645
922
945
1356
923
946
1357
1042
660
682
1848
661
681
1849
673
1045
844
995
845
996
1620
1735
1619
1734
1724
1987
1723
1988
710
1041
1566
711
1040
1567
605
1955
2025
606
1956
2026
679
1872
680
1873
659
1449
658
1450
528
609
527
610
1108
1296
1109
1295
693
741
2056
1064
1711
1803
1710
1802
808
2007
807
2008
1720
1719
1654
1655
794
842
795
843
563
1209
1609
564
1211
1610
1876
1877
688
1476
687
1477
1600
1672
1599
1673
2046
2045
1514
1695
1515
1696
682
985
681
986
748
747
870
1302
869
1301
542
1073
541
1072
571
1295
572
1296
923
1308
922
1307
663
960
1033
664
961
1034
1860
1873
1861
1872
954
1743
953
1744
910
972
1941
796
921
797
920
571
2081
572
2082
1962
1963
811
1359
1830
812
1358
1829
945
1307
946
1308
1625
1719
1626
1720
1309
1830
1310
1829
1045
1548
894
1063
1287
893
1062
1286
583
1107
584
1106
1012
1013
823
1734
860
1618
859
1617
824
1735
1813
1814
2139
2138
696
1710
697
1711
882
1675
881
1674
803
1342
804
1341
720
1236
719
1237
1530
1531
1695
1696
879
2012
880
2011
830
1024
1102
829
1025
1103
827
2042
828
2041
758
1542
759
1541
1346
1387
1528
1345
1388
1529
838
884
1337
837
883
1338
898
1105
899
1104
1015
2089
1014
2090
948
2039
947
2040
908
1877
909
1876
1043
1179
1044
1180
1392
1843
1391
1842
1676
1677
1013
1482
1012
1483
1472
1900
976
975
853
1354
1581
854
1355
1580
848
959
1952
633
1288
1527
1012
1779
1013
1778
781
782
1471
1895
864
863
1000
999
984
1896
983
1897
841
989
773
774
918
930
1925
919
931
1924
969
1433
968
1432
940
1111
941
1110
1236
1237
710
711
1042
2007
1045
2056
1064
2008
1037
1775
753
1244
752
1245
1068
1069
755
1147
754
1148
1807
1808
856
1339
855
1340
1242
1243
791
1775
1948
1949
1479
1807
1478
1808
1927
1926
816
991
815
990
759
1495
1547
758
1496
1546
1934
1706
1783
1707
1784
751
841
1839
1623
1624
1379
2031
1380
2030
1648
1649
1415
1626
1416
1625
692
1049
1634
691
1048
1635
1368
1862
1367
1863
1368
1473
1367
1474
1183
1545
1182
1544
1923
1722
1721
1249
1248
901
1349
1825
1826
1778
1942
1779
1943
1153
801
1143
802
1144
1447
1448
1035
1896
1036
1897
1837
1838
1266
1265
1900
1054
1175
1055
1176
912
1377
911
1378
1937
1938
1895
777
981
1294
778
982
1293
919
918
835
1915
836
1916
742
1389
743
1390
805
1084
1627
806
1085
1628
959
856
885
1041
855
886
1040
973
2042
974
2041
773
928
1412
774
929
1411
2119
826
825
910
781
902
1461
782
903
1462
1759
1760
1889
1888
1364
771
1009
770
1008
1594
1915
1593
1916
1115
1114
1284
1557
1285
1558
803
1008
1402
804
1009
1403
1174
1453
1173
1454
957
958
1094
1550
1093
1549
905
1168
904
1167
791
1774
1311
1321
889
890
1352
1613
1353
1614
1559
1923
1563
1934
1328
1329
887
1350
888
1351
1577
1830
1576
1829
987
1619
988
1620
1560
1926
1561
1927
2049
1033
1083
1034
1082
851
1317
852
1316
803
804
1001
1095
1790
1057
1712
1056
1713
866
1814
865
1813
995
1296
996
1295
1978
2055
896
895
1607
1722
1608
1721
1438
1439
1855
1854
924
1396
1712
925
1397
1713
825
1464
826
1463
1150
1268
1784
1149
1267
1783
1744
1743
1879
1878
2097
2096
1135
1134
1671
1962
1670
1963
929
928
926
1907
1991
927
1908
1992
1689
1233
1469
1232
1470
1796
1795
1634
2004
1635
2003
1349
1793
867
979
1192
868
980
1191
1489
1771
1490
1772
902
903
1564
1565
973
1383
974
1384
1155
1171
1154
1172
1538
1702
1537
1701
1715
1714
926
927
1308
1976
1307
1977
1533
2057
1532
2058
955
1277
1445
956
1278
1444
1835
1836
1657
1658
893
1096
894
1097
1034
1426
1033
1427
1081
1910
1080
1909
1614
1613
1016
1017
1065
1604
1609
1610
936
1221
1360
1124
1336
1019
1185
1018
1186
1342
1986
1341
1985
2098
1129
1320
1130
1319
1785
2108
1339
1989
1340
1990
1768
2030
1767
2031
2100
2099
1009
1046
1008
1047
2001
2002
1254
1423
1255
1422
1234
1235
1377
1841
1378
1840
1380
1995
1379
1996
1089
1090
1138
1681
965
1303
1711
964
1304
1710
1020
1177
1021
1178
1688
1680
1679
1653
1652
1327
1326
977
1928
978
1929
1704
1705
1148
1405
1147
1406
1506
1833
1505
1834
2107
1026
1352
1027
1353
1038
1146
1039
1145
1904
1903
1242
1497
1848
1243
1498
1849
1310
2000
1309
1999
1604
1718
1455
1456
2005
2006
1657
1658
1026
1623
1027
1624
1638
1639
1028
1129
1029
1130
1936
1935
1032
1124
1152
1151
1019
1021
1224
1018
1020
1225
1262
1511
1588
2077
2076
1622
1898
1621
1899
1648
1649
2119
1694
1693
2036
2144
2035
2145
1463
2074
1464
2075
1021
1902
1020
1901
1324
2012
1325
2011
1508
1507
1367
2009
1368
2010
1581
1580
1083
1082
1263
1848
1264
1849
1556
1555
1272
1839
2137
2136
1703
1076
1433
1077
1432
1449
1450
1689
1938
1937
1070
1245
1071
1244
1410
1459
1409
1460
1278
1523
1642
1277
1524
1643
1176
1438
1672
1175
1439
1673
1131
1396
1132
1397
1072
1195
1073
1196
1172
1374
1171
1373
1338
1554
1337
1553
1543
1221
1271
1325
1858
1324
1859
1353
1352
1159
1800
1158
1801
1854
1871
1855
1870
1584
1633
1585
1632
1392
2015
1391
2016
1514
1515
1163
1164
1108
1134
1109
1135
1588
1703
1131
1875
1132
1874
1098
1267
1099
1268
1691
1692
1509
1510
1548
1776
1143
1414
1144
1413
1106
1214
1887
1107
1213
1886
1354
1936
1355
1935
1480
1595
1481
1596
1682
1683
1470
1902
1469
1901
1136
1809
2164
1137
1810
2165
1322
1868
1323
1869
1365
1428
1366
1429
1312
1757
1807
1313
1758
1808
1270
1430
1269
1431
1381
1594
1382
1593
1446
1390
1405
1480
1389
1406
1481
1925
2050
1924
2051
1451
1452
1254
1255
1775
2049
1292
1730
1291
1729
1271
1419
1229
2105
1230
2106
1445
1638
1643
1444
1639
1642
1946
1947
1415
1720
1416
1719
1362
1363
1414
1699
1413
1700
1421
1806
1420
1805
1516
1774
1246
1564
1247
1565
1181
1804
1271
1828
1513
1512
1495
1943
1496
1942
1361
1790
1582
1740
1583
1739
1232
1418
1441
1233
1417
1440
1333
1403
1332
1402
1866
2117
1867
2116
1305
1306
1442
1443
1503
1504
1917
1918
1651
1650
1562
1847
1846
1952
2054
1400
1401
1559
1563
1996
1691
1692
1560
2000
1999
1693
1694
1556
1253
1986
1252
1985
1995
1671
2010
2015
1670
1370
2006
1369
2005
1679
1704
1990
1705
1989
1977
1976
2009
2016
1561
1555
1688
1680
1681
1484
1305
1552
1576
1306
1551
1577
1400
1401
1273
1870
1274
1871
1336
1827
1811
1812
1678
1941
1568
1569
1409
2067
1410
2068
1351
1350
1319
1758
1320
1757
1285
1765
1284
1766
1680
1679
1911
1912
1365
1366
1252
1253
1644
1857
1645
1856
1812
1811
1425
1424
1957
1987
1958
1988
1280
1870
1281
1871
1611
1845
1612
1844
1603
1794
1312
1320
1313
1319
1457
2123
1458
2122
1859
1858
1322
1590
1323
1589
1336
1475
1375
2085
1376
2084
1332
1335
1333
1334
1539
1540
1364
1656
1839
2162
2163
1591
2071
1592
2072
1648
1649
1304
1950
1303
1951
1318
1782
1702
1886
1701
1887
1398
1399
1814
1813
1331
2078
1330
2079
1994
2121
1993
2120
1601
1602
1366
1365
2161
2160
1827
1497
1498
1583
1582
1491
1568
1492
1569
1631
1689
1828
1447
1448
1835
1836
1345
1621
1346
1622
1758
1757
1715
1714
1508
1507
1412
1411
2154
2155
2157
2156
1489
1917
1490
1918
1791
1792
1372
1553
1371
1554
1511
1650
1651
1461
1462
1727
1736
1728
1737
1576
1664
1577
1665
1776
2080
1823
1824
1681
1493
1521
1494
1522
1802
1803
1433
1552
1432
1551
1437
1855
1436
1854
1524
1523
2152
2153
1456
1455
1781
1882
1780
1883
1486
1520
1578
1485
1519
1579
2062
2141
2061
2140
1743
1744
2159
2158
1605
1732
1606
1733
1475
1827
1900
1439
1438
1518
1585
1517
1584
2028
2027
1686
1687
1419
1828
1895
1893
1894
1557
1766
2101
1558
1765
2102
1726
1725
1586
1587
1585
1584
1473
2019
1474
2020
1777
2078
2079
1798
1799
1666
1746
1667
1745
1566
1949
1567
1948
2143
2142
1800
2124
1801
2125
1741
2036
1742
2035
1716
1717
1968
1969
1511
1527
1547
1546
1500
1523
1499
1524
1724
1723
1815
1898
1816
1899
1605
1846
1606
1847
1547
1546
1564
1997
1565
1998
2019
2020
1862
1863
1656
1751
1752
1685
1684
1610
1609
1738
1773
1754
1964
1753
1965
1997
1998
1906
1905
1532
1579
1533
1578
2074
2075
1539
1540
1920
1919
1531
1530
1597
1852
1598
1853
1851
1850
1785
2080
1575
1664
1574
1665
1568
1742
1569
1741
1850
1950
1851
1951
1603
1745
1930
1746
1931
1716
1717
1772
1771
1826
1825
1543
1892
2073
1652
1946
1653
1947
1598
1597
1833
2095
1834
2094
1678
1629
2116
1630
2117
2083
1625
1626
1632
1633
1601
1602
1981
1982
2103
2104
2029
2034
2033
1782
2055
2032
2064
2063
1981
2057
1982
2058
1682
1994
1683
1993
1607
1729
1608
1730
1822
1821
1654
1655
1624
1623
1708
1817
1709
1818
1793
1755
1756
1739
1740
1856
1857
1765
1766
1803
1802
1663
1773
1979
1980
1660
1864
1659
1865
1662
2025
1661
2026
2048
2047
1931
1930
1974
1975
1965
1964
2007
2055
1665
1664
2067
2068
1944
1945
2050
2051
1702
1886
1701
1887
1840
1841
1920
1919
1908
1907
1937
1938
1737
1736
2013
2062
2014
2061
1685
1856
1684
1857
1782
1959
1798
2061
1799
2062
1697
1883
1955
1698
1882
1956
2052
2053
2037
2038
1718
1770
1769
1880
1881
1718
1797
2073
1880
2025
1881
2026
1914
1913
2054
1835
1859
1836
1858
1747
1913
1748
1914
2146
2147
1723
1724
1750
2070
1749
2069
1747
2148
1748
2149
1983
1984
1738
1790
2065
1846
1847
2059
2060
1817
1818
1776
2087
2088
2044
2043
1875
1874
1750
1749
1991
1992
1787
1786
1932
2044
1933
2043
2104
2133
2103
2132
1851
1903
1850
1904
1801
1911
1800
1912
2151
2150
1971
1970
1797
2108
1878
2041
1879
2042
1804
1901
1921
1902
1922
1907
1953
1908
1954
1795
2039
1796
2040
2054
2091
1960
1961
2065
1864
1865
2120
2151
2121
2150
1838
2063
1837
2064
2024
2023
1875
1930
1874
1931
1947
1946
1825
1918
2045
1826
1917
2046
1866
2128
1867
2129
1883
1894
1882
1893
1891
1905
1970
1890
1906
1971
2136
2137
1983
1984
2051
2050
1939
2017
1940
2018
2094
2102
2095
2101
1912
2030
1911
2031
1921
1922
2095
2132
2094
2133
1955
1956
1894
1893
2060
2059
1958
1988
1957
1987
1981
1982
1978
2008
1968
1969
2053
2052
1951
1950
2045
2046
1920
1919
1954
1953
2109
2110
2019
2020
2113
2033
2034
2115
2114
2111
2124
2112
2125
2018
2017
2118
2047
2048
2043
2092
2044
2093
2029
2075
2074
1979
2001
1980
2002
1973
1972
2032
1991
1992
2091
2076
2140
2077
2141
2126
2127
2128
2129
2103
2104
2137
2136
2058
2057
2021
2022
2013
2077
2014
2076
2070
2069
2130
2131
2134
2135
2151
2150
2111
2112
2143
2142
2148
2149
2037
2038
2141
2140
2144
2145
2037
2038
2064
2165
2063
2164
2106
2130
2105
2131
2089
2090
2098
2107
2099
2100
2092
2093
2097
2096
2066
2122
2123
2083
2096
2097
2086
2091
2108
2149
2148
2087
2135
2088
2134
2086
2146
2147
2139
2138
2119
2138
2139
2159
2158
2113
2114
2115
2132
2133
2118
2153
2152
2129
2128
2146
2147
2127
2126
2157
2156
2154
2155
2160
2161
2158
2159
)


// ************************************************************************* //
