/*--------------------------------*- C++ -*----------------------------------*\
| =========                 |                                                 |
| \\      /  F ield         | OpenFOAM: The Open Source CFD Toolbox           |
|  \\    /   O peration     | Version:  2412                                  |
|   \\  /    A nd           | Website:  www.openfoam.com                      |
|    \\/     M anipulation  |                                                 |
\*---------------------------------------------------------------------------*/
FoamFile
{
    version     2.0;
    format      ascii;
    arch        "LSB;label=32;scalar=64";
    class       vectorField;
    location    "constant/polyMesh";
    object      points;
}
// * * * * * * * * * * * * * * * * * * * * * * * * * * * * * * * * * * * * * //


2454
(
(0 0 0)
(4 0 0)
(4 0.15 0)
(0 0.15 0)
(0 0 0.001)
(4 0 0.001)
(4 0.15 0.001)
(0 0.15 0.001)
(0.01778663101 0 0)
(0.04277878834 0 0)
(0.07871975355 0 0)
(0.122420681 0 0)
(0.1605089111 0 0)
(0.1875881597 0 0)
(0.2068601466 0 0)
(0.2235586651 0 0)
(0.2466248936 0 0)
(0.2790508694 0 0)
(0.3236453013 0 0)
(0.3643960879 0 0)
(0.3933895884 0 0)
(0.4140239277 0 0)
(0.4303262245 0 0)
(0.4518698184 0 0)
(0.4821411937 0 0)
(0.5242718847 0 0)
(0.567017635 0 0)
(0.5982961453 0 0)
(0.6205505087 0 0)
(0.6369804003 0 0)
(0.6569552413 0 0)
(0.6850220775 0 0)
(0.7246386797 0 0)
(0.7697434878 0 0)
(0.803389242 0 0)
(0.8272101734 0 0)
(0.8442644499 0 0)
(0.8629258479 0 0)
(0.8891471482 0 0)
(0.9261103785 0 0)
(0.9720933933 0 0)
(1.008007071 0 0)
(1.03353144 0 0)
(1.05169684 0 0)
(1.069132427 0 0)
(1.093603961 0 0)
(1.128298891 0 0)
(1.172784824 0 0)
(1.211932246 0 0)
(1.239359749 0 0)
(1.258879587 0 0)
(1.275466853 0 0)
(1.298240021 0 0)
(1.330290827 0 0)
(1.374446325 0 0)
(1.41564684 0 0)
(1.445038316 0 0)
(1.46595589 0 0)
(1.482237126 0 0)
(1.50348867 0 0)
(1.533349411 0 0)
(1.575392132 0 0)
(1.619169127 0 0)
(1.650580013 0 0)
(1.672934695 0 0)
(1.689391003 0 0)
(1.709276415 0 0)
(1.737217591 0 0)
(1.776675493 0 0)
(1.820807579 0 0)
(1.854787828 0 0)
(1.878964155 0 0)
(1.896218545 0 0)
(1.914605524 0 0)
(1.940441237 0 0)
(1.976962572 0 0)
(2.023037428 0 0)
(2.059558763 0 0)
(2.085394476 0 0)
(2.103781455 0 0)
(2.121035845 0 0)
(2.145212172 0 0)
(2.179192421 0 0)
(2.223324507 0 0)
(2.262782409 0 0)
(2.290723585 0 0)
(2.310608997 0 0)
(2.327065305 0 0)
(2.349419987 0 0)
(2.380830873 0 0)
(2.424607868 0 0)
(2.466650589 0 0)
(2.49651133 0 0)
(2.517762874 0 0)
(2.53404411 0 0)
(2.554961684 0 0)
(2.58435316 0 0)
(2.625553675 0 0)
(2.669709173 0 0)
(2.701759979 0 0)
(2.724533147 0 0)
(2.741120413 0 0)
(2.760640251 0 0)
(2.788067754 0 0)
(2.827215176 0 0)
(2.871701109 0 0)
(2.906396039 0 0)
(2.930867573 0 0)
(2.94830316 0 0)
(2.96646856 0 0)
(2.991992929 0 0)
(3.027906607 0 0)
(3.073889622 0 0)
(3.110852852 0 0)
(3.137074152 0 0)
(3.15573555 0 0)
(3.172789827 0 0)
(3.196610758 0 0)
(3.230256512 0 0)
(3.27536132 0 0)
(3.314977922 0 0)
(3.343044759 0 0)
(3.3630196 0 0)
(3.379449491 0 0)
(3.401703855 0 0)
(3.432982365 0 0)
(3.475728115 0 0)
(3.517858806 0 0)
(3.548130182 0 0)
(3.569673775 0 0)
(3.585976072 0 0)
(3.606610412 0 0)
(3.635603912 0 0)
(3.676354699 0 0)
(3.720949131 0 0)
(3.753375106 0 0)
(3.776441335 0 0)
(3.793139853 0 0)
(3.81241184 0 0)
(3.839491089 0 0)
(3.877579319 0 0)
(3.921280246 0 0)
(3.957221212 0 0)
(3.982213369 0 0)
(4 0.01729389527 0)
(4 0.04139962486 0)
(4 0.075 0)
(4 0.1086003751 0)
(4 0.1327061047 0)
(3.982213369 0.15 0)
(3.957221212 0.15 0)
(3.921280246 0.15 0)
(3.877579319 0.15 0)
(3.839491089 0.15 0)
(3.81241184 0.15 0)
(3.793139853 0.15 0)
(3.776441335 0.15 0)
(3.753375106 0.15 0)
(3.720949131 0.15 0)
(3.676354699 0.15 0)
(3.635603912 0.15 0)
(3.606610412 0.15 0)
(3.585976072 0.15 0)
(3.569673775 0.15 0)
(3.548130182 0.15 0)
(3.517858806 0.15 0)
(3.475728115 0.15 0)
(3.432982365 0.15 0)
(3.401703855 0.15 0)
(3.379449491 0.15 0)
(3.3630196 0.15 0)
(3.343044759 0.15 0)
(3.314977922 0.15 0)
(3.27536132 0.15 0)
(3.230256512 0.15 0)
(3.196610758 0.15 0)
(3.172789827 0.15 0)
(3.15573555 0.15 0)
(3.137074152 0.15 0)
(3.110852852 0.15 0)
(3.073889622 0.15 0)
(3.027906607 0.15 0)
(2.991992929 0.15 0)
(2.96646856 0.15 0)
(2.94830316 0.15 0)
(2.930867573 0.15 0)
(2.906396039 0.15 0)
(2.871701109 0.15 0)
(2.827215176 0.15 0)
(2.788067754 0.15 0)
(2.760640251 0.15 0)
(2.741120413 0.15 0)
(2.724533147 0.15 0)
(2.701759979 0.15 0)
(2.669709173 0.15 0)
(2.625553675 0.15 0)
(2.58435316 0.15 0)
(2.554961684 0.15 0)
(2.53404411 0.15 0)
(2.517762874 0.15 0)
(2.49651133 0.15 0)
(2.466650589 0.15 0)
(2.424607868 0.15 0)
(2.380830873 0.15 0)
(2.349419987 0.15 0)
(2.327065305 0.15 0)
(2.310608997 0.15 0)
(2.290723585 0.15 0)
(2.262782409 0.15 0)
(2.223324507 0.15 0)
(2.179192421 0.15 0)
(2.145212172 0.15 0)
(2.121035845 0.15 0)
(2.103781455 0.15 0)
(2.085394476 0.15 0)
(2.059558763 0.15 0)
(2.023037428 0.15 0)
(1.976962572 0.15 0)
(1.940441237 0.15 0)
(1.914605524 0.15 0)
(1.896218545 0.15 0)
(1.878964155 0.15 0)
(1.854787828 0.15 0)
(1.820807579 0.15 0)
(1.776675493 0.15 0)
(1.737217591 0.15 0)
(1.709276415 0.15 0)
(1.689391003 0.15 0)
(1.672934695 0.15 0)
(1.650580013 0.15 0)
(1.619169127 0.15 0)
(1.575392132 0.15 0)
(1.533349411 0.15 0)
(1.50348867 0.15 0)
(1.482237126 0.15 0)
(1.46595589 0.15 0)
(1.445038316 0.15 0)
(1.41564684 0.15 0)
(1.374446325 0.15 0)
(1.330290827 0.15 0)
(1.298240021 0.15 0)
(1.275466853 0.15 0)
(1.258879587 0.15 0)
(1.239359749 0.15 0)
(1.211932246 0.15 0)
(1.172784824 0.15 0)
(1.128298891 0.15 0)
(1.093603961 0.15 0)
(1.069132427 0.15 0)
(1.05169684 0.15 0)
(1.03353144 0.15 0)
(1.008007071 0.15 0)
(0.9720933933 0.15 0)
(0.9261103785 0.15 0)
(0.8891471482 0.15 0)
(0.8629258479 0.15 0)
(0.8442644499 0.15 0)
(0.8272101734 0.15 0)
(0.803389242 0.15 0)
(0.7697434878 0.15 0)
(0.7246386797 0.15 0)
(0.6850220775 0.15 0)
(0.6569552413 0.15 0)
(0.6369804003 0.15 0)
(0.6205505087 0.15 0)
(0.5982961453 0.15 0)
(0.567017635 0.15 0)
(0.5242718847 0.15 0)
(0.4821411937 0.15 0)
(0.4518698184 0.15 0)
(0.4303262245 0.15 0)
(0.4140239277 0.15 0)
(0.3933895884 0.15 0)
(0.3643960879 0.15 0)
(0.3236453013 0.15 0)
(0.2790508694 0.15 0)
(0.2466248936 0.15 0)
(0.2235586651 0.15 0)
(0.2068601466 0.15 0)
(0.1875881597 0.15 0)
(0.1605089111 0.15 0)
(0.122420681 0.15 0)
(0.07871975355 0.15 0)
(0.04277878834 0.15 0)
(0.01778663101 0.15 0)
(0 0.1327061047 0)
(0 0.1086003751 0)
(0 0.075 0)
(0 0.04139962486 0)
(0 0.01729389527 0)
(0.01778663101 0 0.001)
(0.04277878834 0 0.001)
(0.07871975355 0 0.001)
(0.122420681 0 0.001)
(0.1605089111 0 0.001)
(0.1875881597 0 0.001)
(0.2068601466 0 0.001)
(0.2235586651 0 0.001)
(0.2466248936 0 0.001)
(0.2790508694 0 0.001)
(0.3236453013 0 0.001)
(0.3643960879 0 0.001)
(0.3933895884 0 0.001)
(0.4140239277 0 0.001)
(0.4303262245 0 0.001)
(0.4518698184 0 0.001)
(0.4821411937 0 0.001)
(0.5242718847 0 0.001)
(0.567017635 0 0.001)
(0.5982961453 0 0.001)
(0.6205505087 0 0.001)
(0.6369804003 0 0.001)
(0.6569552413 0 0.001)
(0.6850220775 0 0.001)
(0.7246386797 0 0.001)
(0.7697434878 0 0.001)
(0.803389242 0 0.001)
(0.8272101734 0 0.001)
(0.8442644499 0 0.001)
(0.8629258479 0 0.001)
(0.8891471482 0 0.001)
(0.9261103785 0 0.001)
(0.9720933933 0 0.001)
(1.008007071 0 0.001)
(1.03353144 0 0.001)
(1.05169684 0 0.001)
(1.069132427 0 0.001)
(1.093603961 0 0.001)
(1.128298891 0 0.001)
(1.172784824 0 0.001)
(1.211932246 0 0.001)
(1.239359749 0 0.001)
(1.258879587 0 0.001)
(1.275466853 0 0.001)
(1.298240021 0 0.001)
(1.330290827 0 0.001)
(1.374446325 0 0.001)
(1.41564684 0 0.001)
(1.445038316 0 0.001)
(1.46595589 0 0.001)
(1.482237126 0 0.001)
(1.50348867 0 0.001)
(1.533349411 0 0.001)
(1.575392132 0 0.001)
(1.619169127 0 0.001)
(1.650580013 0 0.001)
(1.672934695 0 0.001)
(1.689391003 0 0.001)
(1.709276415 0 0.001)
(1.737217591 0 0.001)
(1.776675493 0 0.001)
(1.820807579 0 0.001)
(1.854787828 0 0.001)
(1.878964155 0 0.001)
(1.896218545 0 0.001)
(1.914605524 0 0.001)
(1.940441237 0 0.001)
(1.976962572 0 0.001)
(2.023037428 0 0.001)
(2.059558763 0 0.001)
(2.085394476 0 0.001)
(2.103781455 0 0.001)
(2.121035845 0 0.001)
(2.145212172 0 0.001)
(2.179192421 0 0.001)
(2.223324507 0 0.001)
(2.262782409 0 0.001)
(2.290723585 0 0.001)
(2.310608997 0 0.001)
(2.327065305 0 0.001)
(2.349419987 0 0.001)
(2.380830873 0 0.001)
(2.424607868 0 0.001)
(2.466650589 0 0.001)
(2.49651133 0 0.001)
(2.517762874 0 0.001)
(2.53404411 0 0.001)
(2.554961684 0 0.001)
(2.58435316 0 0.001)
(2.625553675 0 0.001)
(2.669709173 0 0.001)
(2.701759979 0 0.001)
(2.724533147 0 0.001)
(2.741120413 0 0.001)
(2.760640251 0 0.001)
(2.788067754 0 0.001)
(2.827215176 0 0.001)
(2.871701109 0 0.001)
(2.906396039 0 0.001)
(2.930867573 0 0.001)
(2.94830316 0 0.001)
(2.96646856 0 0.001)
(2.991992929 0 0.001)
(3.027906607 0 0.001)
(3.073889622 0 0.001)
(3.110852852 0 0.001)
(3.137074152 0 0.001)
(3.15573555 0 0.001)
(3.172789827 0 0.001)
(3.196610758 0 0.001)
(3.230256512 0 0.001)
(3.27536132 0 0.001)
(3.314977922 0 0.001)
(3.343044759 0 0.001)
(3.3630196 0 0.001)
(3.379449491 0 0.001)
(3.401703855 0 0.001)
(3.432982365 0 0.001)
(3.475728115 0 0.001)
(3.517858806 0 0.001)
(3.548130182 0 0.001)
(3.569673775 0 0.001)
(3.585976072 0 0.001)
(3.606610412 0 0.001)
(3.635603912 0 0.001)
(3.676354699 0 0.001)
(3.720949131 0 0.001)
(3.753375106 0 0.001)
(3.776441335 0 0.001)
(3.793139853 0 0.001)
(3.81241184 0 0.001)
(3.839491089 0 0.001)
(3.877579319 0 0.001)
(3.921280246 0 0.001)
(3.957221212 0 0.001)
(3.982213369 0 0.001)
(4 0.01729389527 0.001)
(4 0.04139962486 0.001)
(4 0.075 0.001)
(4 0.1086003751 0.001)
(4 0.1327061047 0.001)
(3.982213369 0.15 0.001)
(3.957221212 0.15 0.001)
(3.921280246 0.15 0.001)
(3.877579319 0.15 0.001)
(3.839491089 0.15 0.001)
(3.81241184 0.15 0.001)
(3.793139853 0.15 0.001)
(3.776441335 0.15 0.001)
(3.753375106 0.15 0.001)
(3.720949131 0.15 0.001)
(3.676354699 0.15 0.001)
(3.635603912 0.15 0.001)
(3.606610412 0.15 0.001)
(3.585976072 0.15 0.001)
(3.569673775 0.15 0.001)
(3.548130182 0.15 0.001)
(3.517858806 0.15 0.001)
(3.475728115 0.15 0.001)
(3.432982365 0.15 0.001)
(3.401703855 0.15 0.001)
(3.379449491 0.15 0.001)
(3.3630196 0.15 0.001)
(3.343044759 0.15 0.001)
(3.314977922 0.15 0.001)
(3.27536132 0.15 0.001)
(3.230256512 0.15 0.001)
(3.196610758 0.15 0.001)
(3.172789827 0.15 0.001)
(3.15573555 0.15 0.001)
(3.137074152 0.15 0.001)
(3.110852852 0.15 0.001)
(3.073889622 0.15 0.001)
(3.027906607 0.15 0.001)
(2.991992929 0.15 0.001)
(2.96646856 0.15 0.001)
(2.94830316 0.15 0.001)
(2.930867573 0.15 0.001)
(2.906396039 0.15 0.001)
(2.871701109 0.15 0.001)
(2.827215176 0.15 0.001)
(2.788067754 0.15 0.001)
(2.760640251 0.15 0.001)
(2.741120413 0.15 0.001)
(2.724533147 0.15 0.001)
(2.701759979 0.15 0.001)
(2.669709173 0.15 0.001)
(2.625553675 0.15 0.001)
(2.58435316 0.15 0.001)
(2.554961684 0.15 0.001)
(2.53404411 0.15 0.001)
(2.517762874 0.15 0.001)
(2.49651133 0.15 0.001)
(2.466650589 0.15 0.001)
(2.424607868 0.15 0.001)
(2.380830873 0.15 0.001)
(2.349419987 0.15 0.001)
(2.327065305 0.15 0.001)
(2.310608997 0.15 0.001)
(2.290723585 0.15 0.001)
(2.262782409 0.15 0.001)
(2.223324507 0.15 0.001)
(2.179192421 0.15 0.001)
(2.145212172 0.15 0.001)
(2.121035845 0.15 0.001)
(2.103781455 0.15 0.001)
(2.085394476 0.15 0.001)
(2.059558763 0.15 0.001)
(2.023037428 0.15 0.001)
(1.976962572 0.15 0.001)
(1.940441237 0.15 0.001)
(1.914605524 0.15 0.001)
(1.896218545 0.15 0.001)
(1.878964155 0.15 0.001)
(1.854787828 0.15 0.001)
(1.820807579 0.15 0.001)
(1.776675493 0.15 0.001)
(1.737217591 0.15 0.001)
(1.709276415 0.15 0.001)
(1.689391003 0.15 0.001)
(1.672934695 0.15 0.001)
(1.650580013 0.15 0.001)
(1.619169127 0.15 0.001)
(1.575392132 0.15 0.001)
(1.533349411 0.15 0.001)
(1.50348867 0.15 0.001)
(1.482237126 0.15 0.001)
(1.46595589 0.15 0.001)
(1.445038316 0.15 0.001)
(1.41564684 0.15 0.001)
(1.374446325 0.15 0.001)
(1.330290827 0.15 0.001)
(1.298240021 0.15 0.001)
(1.275466853 0.15 0.001)
(1.258879587 0.15 0.001)
(1.239359749 0.15 0.001)
(1.211932246 0.15 0.001)
(1.172784824 0.15 0.001)
(1.128298891 0.15 0.001)
(1.093603961 0.15 0.001)
(1.069132427 0.15 0.001)
(1.05169684 0.15 0.001)
(1.03353144 0.15 0.001)
(1.008007071 0.15 0.001)
(0.9720933933 0.15 0.001)
(0.9261103785 0.15 0.001)
(0.8891471482 0.15 0.001)
(0.8629258479 0.15 0.001)
(0.8442644499 0.15 0.001)
(0.8272101734 0.15 0.001)
(0.803389242 0.15 0.001)
(0.7697434878 0.15 0.001)
(0.7246386797 0.15 0.001)
(0.6850220775 0.15 0.001)
(0.6569552413 0.15 0.001)
(0.6369804003 0.15 0.001)
(0.6205505087 0.15 0.001)
(0.5982961453 0.15 0.001)
(0.567017635 0.15 0.001)
(0.5242718847 0.15 0.001)
(0.4821411937 0.15 0.001)
(0.4518698184 0.15 0.001)
(0.4303262245 0.15 0.001)
(0.4140239277 0.15 0.001)
(0.3933895884 0.15 0.001)
(0.3643960879 0.15 0.001)
(0.3236453013 0.15 0.001)
(0.2790508694 0.15 0.001)
(0.2466248936 0.15 0.001)
(0.2235586651 0.15 0.001)
(0.2068601466 0.15 0.001)
(0.1875881597 0.15 0.001)
(0.1605089111 0.15 0.001)
(0.122420681 0.15 0.001)
(0.07871975355 0.15 0.001)
(0.04277878834 0.15 0.001)
(0.01778663101 0.15 0.001)
(0 0.1327061047 0.001)
(0 0.1086003751 0.001)
(0 0.075 0.001)
(0 0.04139962486 0.001)
(0 0.01729389527 0.001)
(2.526345783 0.1359866319 0)
(1.473654217 0.0140133681 0)
(0.4227797673 0.01595505559 0)
(3.577220233 0.1340449444 0)
(0.6297338781 0.134968081 0)
(3.370266122 0.015031919 0)
(1.681565228 0.01402550627 0)
(2.317988198 0.01541309951 0)
(2.734570404 0.01476729201 0)
(1.265429596 0.135232708 0)
(3.785422313 0.1344353123 0)
(0.2145776874 0.01556468775 0)
(3.163934826 0.1367596261 0)
(0.836065174 0.01324037388 0)
(1.887858428 0.0132576051 0)
(2.112411689 0.1317580422 0)
(2.939625143 0.01698163395 0)
(1.060374857 0.133018366 0)
(1.473677578 0.13415706 0)
(2.526322422 0.01584294001 0)
(3.577824924 0.01411820324 0)
(0.4221750761 0.1358817968 0)
(0.6291262533 0.01387958567 0)
(3.370873747 0.1361204143 0)
(1.682011802 0.1345869005 0)
(2.318434772 0.1359744937 0)
(1.267442059 0.01298636815 0)
(2.732557941 0.1370136319 0)
(3.785476569 0.01359784851 0)
(0.2145234313 0.1364021515 0)
(0.8360377974 0.1345754714 0)
(3.163962203 0.01542452859 0)
(1.887870066 0.1344810088 0)
(2.112133699 0.01553043454 0)
(1.04261414 0.01541567973 0)
(2.95738586 0.1345843203 0)
(2.36512543 0.02328117374 0)
(1.63487457 0.1267188263 0)
(0.5825444042 0.1265370302 0)
(3.417455596 0.02346296981 0)
(0.4663391724 0.02255616605 0)
(3.533660828 0.1274438339 0)
(1.518642657 0.02368901416 0)
(2.481357343 0.1263109858 0)
(1.427971802 0.1266288841 0)
(2.572028198 0.02337111592 0)
(0.3782701559 0.1264902239 0)
(3.621729844 0.02350977607 0)
(0.6719768214 0.02099094116 0)
(3.328023179 0.1290090588 0)
(0.6709886594 0.1291973436 0)
(3.329011341 0.02080265643 0)
(1.720486645 0.02062690923 0)
(2.279513355 0.1293730908 0)
(1.724627575 0.1273811045 0)
(2.275372425 0.02261889547 0)
(2.682413925 0.02318998525 0)
(1.317586075 0.1268100147 0)
(2.770004152 0.01866269818 0)
(1.229995848 0.1313373018 0)
(2.773265169 0.1295714474 0)
(1.226734831 0.02042855257 0)
(0.2650709466 0.1284751602 0)
(3.734929053 0.02152483977 0)
(0.1734977051 0.1291813736 0)
(3.826502295 0.02081862645 0)
(0.175298496 0.02017378928 0)
(3.824701504 0.1298262107 0)
(3.215990919 0.1287846337 0)
(0.7840090805 0.02121536626 0)
(0.878269271 0.02113393091 0)
(3.121730729 0.1288660691 0)
(3.124672143 0.02197459564 0)
(0.8753278569 0.1280254044 0)
(1.835367715 0.02123730187 0)
(2.164655528 0.1287639904 0)
(1.927523381 0.01914898746 0)
(2.071767364 0.1303581453 0)
(1.927635984 0.1263607342 0)
(2.072932859 0.01943822275 0)
(2.890675865 0.02636691175 0)
(1.109324135 0.1236330883 0)
(1.020806862 0.1283252906 0)
(2.979193138 0.02167470939 0)
(2.920225714 0.1317025463 0)
(1.079774286 0.01829745374 0)
(0.3814480316 0.0223050788 0)
(3.618551968 0.1276949212 0)
(1.429531687 0.02048644773 0)
(2.570468313 0.1295135523 0)
(2.478348591 0.02287919325 0)
(1.521651409 0.1271208068 0)
(3.011900512 0.1232478332 0)
(0.9880994882 0.02675216683 0)
(0.4678911097 0.126945905 0)
(3.53210889 0.02305409498 0)
(3.418144143 0.1257429469 0)
(0.5818558573 0.02425705311 0)
(1.63480868 0.02438766761 0)
(2.36519132 0.1256123324 0)
(2.685988081 0.1281260156 0)
(1.314011919 0.02187398438 0)
(0.2652912248 0.02535852256 0)
(3.734708775 0.1246414774 0)
(3.216063739 0.02609766997 0)
(0.783936261 0.12390233 0)
(1.834261978 0.1232525615 0)
(2.16573238 0.02676536932 0)
(0.02498747633 0.09180018757 0)
(3.975012524 0.05819981243 0)
(2.002832688 0.03650699128 0)
(3.898296173 0.1189332966 0)
(0.1017038266 0.0310667034 0)
(1.152189899 0.03111227703 0)
(2.847810101 0.118887723 0)
(0.9491018859 0.1184433732 0)
(3.050898114 0.03155662677 0)
(2.00065545 0.1176516592 0)
(3.902410213 0.03179685744 0)
(0.0975897866 0.1182031426 0)
(3.980535491 0.1180697572 0)
(0.01946450874 0.0319302428 0)
(3.941485576 0.0284853163 0)
(3.924724326 0.05807779194 0)
(3.889902792 0.06393811257 0)
(3.96971729 0.01852375872 0)
(0.05851442428 0.1215146837 0)
(0.07527567423 0.09192220806 0)
(0.1100972083 0.08606188743 0)
(0.03028270967 0.1314762413 0)
(0.06546022725 0.03492232382 0)
(3.934539773 0.1150776762 0)
(0.1304339092 0.1100975033 0)
(0.1447056849 0.07768827773 0)
(3.869566091 0.03990249667 0)
(3.855294315 0.07231172227 0)
(0.956296289 0.02825457981 0)
(0.9756503459 0.05526681869 0)
(1.006045257 0.04973428803 0)
(0.9935158127 0.07866612948 0)
(1.020574915 0.07471464662 0)
(0.943136425 0.05865649042 0)
(1.032203865 0.05388200961 0)
(1.044631043 0.07342731977 0)
(1.05538883 0.05468629251 0)
(1.067214463 0.0733427339 0)
(1.055001797 0.09572761804 0)
(1.079969284 0.09258435834 0)
(1.091650126 0.07273266559 0)
(3.043703711 0.1217454202 0)
(3.024349654 0.09473318131 0)
(2.993954743 0.100265712 0)
(3.006484187 0.07133387052 0)
(2.979425085 0.07528535338 0)
(3.056863575 0.09134350958 0)
(2.967796135 0.09611799039 0)
(2.955368957 0.07657268023 0)
(2.94461117 0.09531370749 0)
(2.932785537 0.0766572661 0)
(2.944998203 0.05427238196 0)
(2.920030716 0.05741564166 0)
(2.908349874 0.07726733441 0)
(2.97373098 0.1178652954 0)
(1.02626902 0.03213470462 0)
(3.082310916 0.0338461023 0)
(0.9176890845 0.1161538977 0)
(3.249336308 0.03123251696 0)
(3.228824733 0.05636593124 0)
(3.260922043 0.06443767258 0)
(3.198978358 0.04836148623 0)
(3.209419508 0.07702410914 0)
(3.183247326 0.07421903099 0)
(3.172721166 0.04836412834 0)
(3.160541771 0.07113394321 0)
(3.16918603 0.09173053646 0)
(3.147193391 0.09002921464 0)
(3.13817037 0.0687673666 0)
(3.124274946 0.08821220845 0)
(3.280697943 0.04062775118 0)
(3.28921455 0.07227256376 0)
(3.268912589 0.09426592318 0)
(3.115475505 0.06381629531 0)
(3.100191247 0.08291126294 0)
(3.155707565 0.10930242 0)
(3.176453331 0.1118566881 0)
(3.18427695 0.03186879358 0)
(3.296440711 0.1005926044 0)
(3.319779652 0.0801071481 0)
(0.7506636917 0.118767483 0)
(0.7711752672 0.09363406876 0)
(0.7390779571 0.08556232742 0)
(0.8010216416 0.1016385138 0)
(0.7905804924 0.07297589086 0)
(0.8167526736 0.07578096901 0)
(0.8272788345 0.1016358717 0)
(0.8394582294 0.07886605679 0)
(0.8308139697 0.05826946354 0)
(0.8528066093 0.05997078536 0)
(0.8618296297 0.0812326334 0)
(0.8757250536 0.06178779155 0)
(0.7193020569 0.1093722488 0)
(0.7107854497 0.07772743624 0)
(0.7310874109 0.05573407682 0)
(0.8845244954 0.08618370469 0)
(0.8998087529 0.06708873706 0)
(0.8442924347 0.04069757998 0)
(0.8235466694 0.03814331189 0)
(0.8157230502 0.1181312064 0)
(0.703559289 0.04940739564 0)
(0.6802203477 0.0698928519 0)
(2.03344115 0.114187733 0)
(2.016792978 0.08912833066 0)
(2.046586832 0.08740727721 0)
(1.989475859 0.08838009475 0)
(1.96746857 0.03655836564 0)
(2.034056628 0.03179065248 0)
(1.185997715 0.0374519622 0)
(1.168129386 0.06182718711 0)
(1.199167296 0.06702946982 0)
(1.181604898 0.09164074444 0)
(1.147897131 0.08918646118 0)
(1.212550889 0.09446245155 0)
(1.227613675 0.07210062151 0)
(1.238722542 0.09404435655 0)
(1.25181809 0.07558976043 0)
(1.259927742 0.09521980231 0)
(1.272696759 0.07768163856 0)
(1.26532689 0.05787299373 0)
(1.286583599 0.06106263607 0)
(1.295518537 0.08461651082 0)
(1.310904273 0.06342233165 0)
(1.323373405 0.08558353305 0)
(1.341727813 0.0596053933 0)
(1.352555402 0.09361657657 0)
(1.372966105 0.06790230878 0)
(1.38521539 0.09544558449 0)
(1.404837927 0.06906479543 0)
(1.248913809 0.114157494 0)
(1.278595709 0.04045202112 0)
(1.257338737 0.03965528829 0)
(2.814002285 0.1125480378 0)
(2.831870614 0.08817281289 0)
(2.800832704 0.08297053018 0)
(2.818395102 0.05835925556 0)
(2.852102869 0.06081353882 0)
(2.787449111 0.05553754845 0)
(2.772386325 0.07789937849 0)
(2.761277458 0.05595564345 0)
(2.74818191 0.07441023957 0)
(2.740072258 0.05478019769 0)
(2.727303241 0.07231836144 0)
(2.73467311 0.09212700627 0)
(2.713416401 0.08893736393 0)
(2.704481463 0.06538348918 0)
(2.689095727 0.08657766835 0)
(2.676626595 0.06441646695 0)
(2.658272187 0.0903946067 0)
(2.647444598 0.05638342343 0)
(2.627033895 0.08209769122 0)
(2.61478461 0.05455441551 0)
(2.595162073 0.08093520457 0)
(2.751086191 0.035842506 0)
(2.721404291 0.1095479789 0)
(2.742661263 0.1103447117 0)
(0.2982383322 0.0309202537 0)
(0.2770551615 0.05468710273 0)
(0.2481671464 0.04645870011 0)
(0.3091148122 0.06359908824 0)
(0.2575432471 0.07493825063 0)
(0.2322556544 0.07113802598 0)
(0.222888763 0.04652757479 0)
(0.2097645782 0.06795269575 0)
(0.2172598693 0.0896034447 0)
(0.195058914 0.08570627227 0)
(0.1862154901 0.06156984747 0)
(0.2030342603 0.1073562832 0)
(0.2245000735 0.1106420412 0)
(0.3320692164 0.04098807214 0)
(0.3418835272 0.07518645715 0)
(0.3212040116 0.09855411248 0)
(0.2342652443 0.0305772652 0)
(3.701761668 0.1190797463 0)
(3.722944838 0.09531289727 0)
(3.751832854 0.1035412999 0)
(3.690885188 0.08640091176 0)
(3.742456753 0.07506174937 0)
(3.767744346 0.07886197402 0)
(3.777111237 0.1034724252 0)
(3.790235422 0.08204730425 0)
(3.782740131 0.0603965553 0)
(3.804941086 0.06429372773 0)
(3.81378451 0.08843015253 0)
(3.79696574 0.04264371677 0)
(3.775499927 0.03935795883 0)
(3.667930784 0.1090119279 0)
(3.658116473 0.07481354285 0)
(3.678795988 0.05144588752 0)
(3.765734756 0.1194227348 0)
(1.801859486 0.118630752 0)
(1.822286424 0.09324216807 0)
(1.790181386 0.08547362202 0)
(1.852352844 0.1012127384 0)
(1.842072272 0.07250628581 0)
(1.868421994 0.07519829717 0)
(1.87903046 0.1012730749 0)
(1.891212408 0.0785449483 0)
(1.882587506 0.0576598749 0)
(1.904628376 0.05944206678 0)
(1.913752665 0.08087569513 0)
(1.927707598 0.06124721589 0)
(1.769280028 0.1095657747 0)
(1.760123127 0.07804804028 0)
(1.782638672 0.05511821974 0)
(1.937033934 0.08386241338 0)
(1.867317439 0.1178451783 0)
(1.753201307 0.04963284327 0)
(1.733333767 0.06947499413 0)
(1.896171452 0.03999577324 0)
(1.875323588 0.03739848298 0)
(2.198139573 0.0313722365 0)
(2.177712479 0.05676131847 0)
(2.209818614 0.06452637798 0)
(2.14766073 0.0488390953 0)
(2.157960942 0.0775160857 0)
(2.131578006 0.07480170283 0)
(2.121052752 0.0487523085 0)
(2.108840146 0.07148098701 0)
(2.117097274 0.09265258951 0)
(2.094989511 0.0896004901 0)
(2.085802671 0.0691824225 0)
(2.230719816 0.04043472333 0)
(2.239876846 0.07195204274 0)
(2.217361323 0.0948817941 0)
(2.132698376 0.03219517207 0)
(2.246798689 0.1003671683 0)
(2.266666228 0.08052502162 0)
(2.103756268 0.11096856 0)
(2.124294277 0.1138207572 0)
(2.798378268 0.02881447491 0)
(1.201621732 0.1211855251 0)
(1.119166767 0.0384358083 0)
(2.880833233 0.1115641917 0)
(1.012198376 0.102088632 0)
(0.995865572 0.1278231352 0)
(2.987801624 0.04791136798 0)
(3.004134428 0.02217686478 0)
(2.658091786 0.1222892352 0)
(1.341908214 0.02771076479 0)
(2.397257572 0.1231052703 0)
(2.378347422 0.09936288385 0)
(2.408383704 0.0955395536 0)
(2.350167736 0.103148872 0)
(2.389626895 0.07293327672 0)
(2.419470347 0.06919427068 0)
(2.440797913 0.09560718788 0)
(2.449481926 0.06670942478 0)
(2.46461182 0.08759256664 0)
(2.402393177 0.04750443925 0)
(2.476430763 0.06390033255 0)
(2.490621515 0.08230924526 0)
(2.499522455 0.06125277219 0)
(2.512706566 0.0784860797 0)
(2.519803718 0.0593079489 0)
(2.53353146 0.07513493356 0)
(2.505409557 0.09795443087 0)
(2.507894691 0.04300976426 0)
(2.541070926 0.05461278391 0)
(2.446958867 0.0222315768 0)
(2.555859107 0.07442763459 0)
(2.5470008 0.09372854724 0)
(2.451696369 0.1248263909 0)
(1.602742428 0.02689472971 0)
(1.621652578 0.05063711615 0)
(1.591616296 0.0544604464 0)
(1.649832264 0.046851128 0)
(1.610373105 0.07706672328 0)
(1.580529653 0.08080572932 0)
(1.559202087 0.05439281212 0)
(1.550518074 0.08329057522 0)
(1.53538818 0.06240743336 0)
(1.597606823 0.1024955608 0)
(1.523569237 0.08609966745 0)
(1.509378485 0.06769075474 0)
(1.500477545 0.08874722781 0)
(1.487293434 0.0715139203 0)
(1.480196282 0.0906920511 0)
(1.46646854 0.07486506644 0)
(1.494590443 0.05204556913 0)
(1.492105309 0.1069902357 0)
(1.458929074 0.09538721609 0)
(1.553041133 0.1277684232 0)
(1.444140893 0.07557236541 0)
(1.4529992 0.05627145276 0)
(1.548303631 0.02517360907 0)
(3.864158818 0.1159089175 0)
(0.1358411818 0.03409108253 0)
(0.3655575201 0.05013570139 0)
(0.3719211865 0.0808746848 0)
(0.3903805133 0.06386025436 0)
(0.3955756011 0.08820565948 0)
(0.4125731586 0.07365408237 0)
(0.416662038 0.09518794062 0)
(0.4334454599 0.08068330365 0)
(0.4295017713 0.05794044173 0)
(0.451361919 0.06486164292 0)
(0.4548223645 0.08810616397 0)
(0.4748429935 0.07115623468 0)
(0.4795005433 0.1006416743 0)
(0.5004633514 0.07885597852 0)
(0.494521953 0.05175250903 0)
(0.5258107908 0.05986989565 0)
(0.5279877339 0.08558663737 0)
(0.5462449022 0.07063193717 0)
(0.5537320056 0.1241705953 0)
(0.5530023085 0.02365581438 0)
(0.5732984556 0.09910570894 0)
(0.6008367843 0.1062135189 0)
(0.5888559469 0.07883203008 0)
(0.6136092087 0.08213000716 0)
(0.6252154637 0.1039228439 0)
(0.6370327652 0.08404008696 0)
(0.6277431877 0.0617754593 0)
(0.6502931591 0.1076363611 0)
(3.63444248 0.09986429861 0)
(3.628078814 0.0691253152 0)
(3.609619487 0.08613974564 0)
(3.604424399 0.06179434052 0)
(3.587426841 0.07634591763 0)
(3.583337962 0.05481205938 0)
(3.56655454 0.06931669635 0)
(3.570498229 0.09205955827 0)
(3.548638081 0.08513835708 0)
(3.545177636 0.06189383603 0)
(3.525157006 0.07884376532 0)
(3.520499457 0.04935832568 0)
(3.499536649 0.07114402148 0)
(3.505478047 0.09824749097 0)
(3.474189209 0.09013010435 0)
(3.472012266 0.06441336263 0)
(3.453755098 0.07936806283 0)
(3.446267994 0.0258294047 0)
(3.446997692 0.1263441856 0)
(3.426701544 0.05089429106 0)
(3.399163216 0.04378648115 0)
(3.411144053 0.07116796992 0)
(3.386390791 0.06786999284 0)
(3.374784536 0.04607715605 0)
(3.362967235 0.06595991304 0)
(3.372256812 0.0882245407 0)
(3.349706841 0.04236363889 0)
(1.035982016 0.1105183544 0)
(2.964017984 0.03948164564 0)
(1.398999979 0.02456118576 0)
(2.601000021 0.1254388142 0)
(0.3438106509 0.1250182896 0)
(3.656189349 0.02498171044 0)
(1.415065969 0.09863462289 0)
(2.584934031 0.05136537711 0)
(3.599765456 0.03943455634 0)
(0.4002345437 0.1105654437 0)
(3.094183466 0.1266803576 0)
(0.9058165344 0.02331964237 0)
(1.951777815 0.1284207051 0)
(1.639744807 0.07291137613 0)
(1.666867606 0.06857820313 0)
(1.657593392 0.093816826 0)
(1.684184854 0.09050471301 0)
(1.691686665 0.06445466272 0)
(2.360255193 0.07708862387 0)
(2.333132394 0.08142179687 0)
(2.342406608 0.056183174 0)
(2.315815146 0.05949528699 0)
(2.308313335 0.08554533728 0)
(3.8178037 0.04494513289 0)
(0.1821963002 0.1050548671 0)
(3.500789555 0.02639025727 0)
(0.4992104451 0.1236097427 0)
(0.6516092902 0.06490576677 0)
(0.6412308523 0.04268184153 0)
(0.6191360633 0.04027799191 0)
(3.34839071 0.08509423323 0)
(3.358769148 0.1073181585 0)
(3.380863937 0.1097220081 0)
(1.069682336 0.1129462736 0)
(2.930317664 0.03705372636 0)
(0.6048487119 0.05715093602 0)
(0.5838915254 0.05168413613 0)
(3.395151288 0.09284906398 0)
(3.416108475 0.09831586387 0)
(2.705596889 0.02677929354 0)
(1.294403111 0.1232207065 0)
(1.270764548 0.1155250587 0)
(2.729235452 0.03447494135 0)
(2.341445937 0.1249172612 0)
(2.32447712 0.1093027684 0)
(2.297967475 0.109544124 0)
(1.658554063 0.02508273881 0)
(1.67552288 0.04069723165 0)
(1.702032525 0.040455876 0)
(1.102831956 0.09563273275 0)
(1.118728242 0.07087491861 0)
(2.897168044 0.05436726725 0)
(2.881271758 0.07912508139 0)
(0.4464115205 0.04385421312 0)
(0.426463108 0.03587415944 0)
(0.4419364355 0.0230739001 0)
(0.4051531154 0.02926865614 0)
(3.55358848 0.1061457869 0)
(3.573536892 0.1141258406 0)
(3.558063565 0.1269260999 0)
(3.594846885 0.1207313439 0)
(2.139411831 0.09674564158 0)
(3.553924733 0.02439997259 0)
(0.4460752672 0.1256000274 0)
(0.7536907479 0.03159369195 0)
(3.246309252 0.118406308 0)
(2.342084804 0.02436975291 0)
(1.657915196 0.1256302471 0)
(1.80646789 0.02863214727 0)
(2.19353711 0.1213675529 0)
(3.396406836 0.02123830923 0)
(0.6035931638 0.1287616908 0)
(2.549173026 0.1277327781 0)
(1.450826974 0.02226722185 0)
(0.4085650175 0.05047857686 0)
(3.591434982 0.09952142314 0)
(3.97805114 0.0936502018 0)
(0.02194886025 0.0563497982 0)
(1.498097319 0.02147674471 0)
(2.501902681 0.1285232553 0)
(1.397992732 0.1231614116 0)
(2.602007268 0.02683858842 0)
(1.082387902 0.1300897356 0)
(2.917612098 0.0199102644 0)
(1.872591362 0.01730332693 0)
(2.12966304 0.1350572601 0)
(1.453336307 0.1301164049 0)
(1.465737231 0.1165513561 0)
(2.546663693 0.01988359507 0)
(2.534262769 0.03344864391 0)
(0.8202983126 0.016619904 0)
(3.179701687 0.133380096 0)
(2.082572794 0.1101630523 0)
(3.770353851 0.01679929443 0)
(0.2296461488 0.1332007056 0)
(2.713693455 0.1302164816 0)
(1.286306545 0.01978351841 0)
(2.569135646 0.09064086193 0)
(1.430864354 0.05935913807 0)
(0.6123355629 0.01422870353 0)
(3.387664437 0.1357712965 0)
(1.922408565 0.1015182651 0)
(3.33613526 0.1042273798 0)
(0.6638647403 0.04577262022 0)
(0.6486973892 0.02081585366 0)
(3.351302611 0.1291841463 0)
(3.351958542 0.01917986371 0)
(3.325332497 0.0477280686 0)
(0.6480414581 0.1308201363 0)
(0.6746675032 0.1022719314 0)
(0.8707754522 0.1040872632 0)
(3.129224548 0.04591273683 0)
(2.511317801 0.01399077873 0)
(1.488682199 0.1360092213 0)
(3.761218738 0.05531205759 0)
(0.238781262 0.09468794241 0)
(2.298594132 0.01954567674 0)
(2.289716789 0.04097723102 0)
(2.263705992 0.04907124162 0)
(2.312539521 0.03456296105 0)
(1.701405868 0.1304543233 0)
(1.710283211 0.109022769 0)
(1.736293981 0.1009288436 0)
(1.687460479 0.115437039 0)
(3.947829771 0.08134928244 0)
(0.05217022949 0.06865071756 0)
(0.4048308917 0.131432367 0)
(3.595169108 0.01856763298 0)
(2.748812584 0.1301868046 0)
(1.251187416 0.01981319537 0)
(2.781124065 0.1038555727 0)
(1.218875935 0.04614442729 0)
(3.19119524 0.09605392892 0)
(0.8088047596 0.05394607108 0)
(1.952552908 0.06164693543 0)
(0.1957313561 0.1296620156 0)
(3.80282926 0.1320179295 0)
(0.1971707404 0.01798207051 0)
(3.804268644 0.02033798438 0)
(1.860496848 0.05351444797 0)
(1.699333709 0.01524147795 0)
(2.300666291 0.1347585221 0)
(3.791641121 0.1172142607 0)
(0.2083588791 0.03278573925 0)
(0.9627753526 0.08435822242 0)
(3.037224647 0.06564177758 0)
(0.9337223725 0.09007067621 0)
(3.066277627 0.05992932379 0)
(1.249119668 0.134788446 0)
(2.750880332 0.01521155404 0)
(0.1895436312 0.03759593002 0)
(0.1648510238 0.04123359075 0)
(3.810456369 0.11240407 0)
(3.835148976 0.1087664092 0)
(2.952896776 0.1154304658 0)
(2.932250588 0.1136869731 0)
(1.047103224 0.03456953418 0)
(1.067749412 0.03631302687 0)
(0.8523519545 0.02034522433 0)
(3.147648045 0.1296547757 0)
(0.8532195112 0.1324388313 0)
(0.8422888165 0.1171775803 0)
(3.146780489 0.01756116872 0)
(3.157711184 0.03282241974 0)
(1.630027953 0.09981926726 0)
(2.369972047 0.05018073274 0)
(1.243379856 0.0546643085 0)
(2.756620144 0.0953356915 0)
(1.289297861 0.1052901963 0)
(2.710702139 0.0447098037 0)
(1.903778524 0.01987044782 0)
(2.092628652 0.1311881737 0)
(1.906584527 0.1315470312 0)
(1.894340004 0.1170631648 0)
(2.093824201 0.01800266998 0)
(2.105515874 0.03351232128 0)
(2.085209305 0.03620607342 0)
(1.040748298 0.1313677459 0)
(2.959251702 0.01863225409 0)
(1.812316606 0.06294035893 0)
(2.187692405 0.08706062521 0)
(2.940321612 0.1325673842 0)
(1.059678388 0.01743261575 0)
(3.581561994 0.03317584007 0)
(3.563567833 0.04392696633 0)
(0.4184380057 0.1168241599 0)
(0.4364321668 0.1060730337 0)
(0.7610115138 0.06355133544 0)
(3.238988486 0.08644866456 0)
(1.090370035 0.03775754676 0)
(2.909629965 0.1122424532 0)
(1.344607303 0.1238890521 0)
(2.655392697 0.02611094792 0)
(1.142672137 0.1215847258 0)
(2.857327863 0.02841527417 0)
(3.017121116 0.04513094152 0)
(0.9828788841 0.1048690585 0)
(1.567415587 0.105181671 0)
(2.432584413 0.04481832902 0)
(0.3805963535 0.1015189863 0)
(3.619403646 0.04848101367 0)
(0.8654018857 0.04027451424 0)
(3.134598114 0.1097254858 0)
(0.3902208396 0.04320965351 0)
(3.60977916 0.1067903465 0)
(2.484118586 0.1026366846 0)
(1.515881414 0.0473633154 0)
(0.2638404052 0.1036703828 0)
(0.2868834316 0.08647688339 0)
(3.736159595 0.04632961722 0)
(3.713116568 0.06352311661 0)
(1.574821563 0.03215768423 0)
(2.425178437 0.1178423158 0)
(3.707457048 0.02658763653 0)
(0.292542952 0.1234123635 0)
(1.916833226 0.03954580948 0)
(1.980695786 0.0614259221 0)
(2.058761705 0.04102654242 0)
(2.487811382 0.04345021324 0)
(1.512188618 0.1065497868 0)
(1.473636863 0.05467333905 0)
(1.481936137 0.03167727523 0)
(2.526363137 0.09532666095 0)
(2.518063863 0.1183227248 0)
(1.901891308 0.09906791885 0)
(2.032417424 0.05952840999 0)
(0.8500172102 0.09964232282 0)
(3.14998279 0.05035767718 0)
(0.4943622171 0.02456783786 0)
(3.505637783 0.1254321621 0)
(3.109128841 0.1062989701 0)
(0.8908711587 0.04370102993 0)
(2.251588896 0.1260436991 0)
(1.748411103 0.02395630282 0)
(0.08809386977 0.06187161271 0)
(3.91190613 0.08812838729 0)
(2.271485251 0.1058437936 0)
(1.728514747 0.04415621122 0)
(0.698010283 0.02340921676 0)
(3.301989717 0.1265907832 0)
(2.129365908 0.01602788721 0)
(2.097001981 0.05202368453 0)
(0.8189986671 0.1341429602 0)
(3.181001333 0.0158570398 0)
(3.304121141 0.02506302981 0)
(0.6958788585 0.1249369702 0)
(1.442484061 0.1100255084 0)
(2.557515939 0.03997449165 0)
(0.1718849751 0.08214169802 0)
(3.828115025 0.06785830198 0)
(1.870634404 0.1340015009 0)
(1.71051657 0.08343573689 0)
(2.289483427 0.06656427513 0)
(2.071833057 0.08894377327 0)
(2.061832137 0.06651606997 0)
(2.975334574 0.1343927318 0)
(1.024665426 0.0156072682 0)
(2.251478827 0.02269238781 0)
(1.748521173 0.1273076122 0)
(1.94019459 0.04038937318 0)
(0.6587646131 0.08574939963 0)
(3.341235387 0.06425060037 0)
(2.911160877 0.03902276228 0)
(1.088839123 0.1109772377 0)
(0.6350448897 0.1192600049 0)
(3.36495511 0.03073999509 0)
(3.214586562 0.1011526692 0)
(0.7854134377 0.0488473308 0)
(3.54305571 0.04052663912 0)
(0.4569442903 0.1094733609 0)
(1.171897706 0.1189839266 0)
(2.828102294 0.03101607344 0)
(3.768693175 0.1346930558 0)
(0.2313068247 0.0153069442 0)
(3.755256045 0.02988729464 0)
(0.2447439549 0.1201127054 0)
(1.052740471 0.1177835084 0)
(2.947259529 0.03221649164 0)
(3.529080086 0.1037068925 0)
(0.4709199144 0.04629310753 0)
(0.1214005631 0.05725257845 0)
(3.878599437 0.09274742155 0)
(0.3536329752 0.02289524499 0)
(3.646367025 0.127104755 0)
(3.959093433 0.1263670488 0)
(0.04090656705 0.02363295123 0)
(2.699689411 0.1081554892 0)
(1.300310589 0.04184451078 0)
(3.399356642 0.114330615 0)
(0.6006433576 0.03566938501 0)
(2.760496645 0.1138588456 0)
(1.239503355 0.0361411544 0)
(1.945133507 0.106367165 0)
(3.841114574 0.04452118339 0)
(0.158885426 0.1054788166 0)
(1.440570009 0.03929417754 0)
(2.559429991 0.1107058225 0)
(1.837486283 0.04865765433 0)
(2.162624952 0.1013329765 0)
(2.059792929 0.1104007535 0)
(0.5251239583 0.03447287462 0)
(3.474876042 0.1155271254 0)
(2.390677214 0.02358034651 0)
(1.609322786 0.1264196535 0)
(0.01713877395 0.1185015308 0)
(3.982861226 0.03149846922 0)
(2.607880937 0.10176122 0)
(1.392119063 0.04823878 0)
(3.492032578 0.0501201163 0)
(0.5079674216 0.0998798837 0)
(1.370963431 0.1172225249 0)
(2.629036569 0.03277747506 0)
(0.1491493265 0.1289515387 0)
(3.850850674 0.0210484613 0)
(3.107258114 0.04021050087 0)
(0.8927418862 0.1097894991 0)
(0.5273374554 0.1120214419 0)
(3.472662545 0.03797855808 0)
(0.4034582781 0.01317627626 0)
(3.596541722 0.1368237237 0)
(3.277802718 0.1179711238 0)
(0.7221972821 0.03202887623 0)
(0.9082780068 0.09097064149 0)
(3.091721993 0.05902935851 0)
(1.970559642 0.1115571814 0)
(3.195756416 0.1202046693 0)
(0.8042435836 0.02979533067 0)
(1.226360964 0.1110374258 0)
(2.773639036 0.0389625742 0)
(0.2038040975 0.049874071 0)
(3.796195903 0.100125929 0)
(2.921830687 0.09506242882 0)
(1.078169313 0.05493757118 0)
(1.034140957 0.09101071146 0)
(2.965859043 0.05898928854 0)
(1.856008937 0.02968520235 0)
(2.5167583 0.02963257373 0)
(1.4832417 0.1203674263 0)
(2.1443103 0.1209534376 0)
(2.224941516 0.1200603189 0)
(1.775058993 0.02993965331 0)
(2.31136973 0.1214054704 0)
(1.68863027 0.02859452961 0)
(0.9168948228 0.04848805009 0)
(3.083105177 0.1015119499 0)
(0.5493994503 0.09389108172 0)
(3.45060055 0.05610891828 0)
(1.460959806 0.038164383 0)
(2.539040194 0.111835617 0)
(3.369245686 0.1218396138 0)
(0.6307543142 0.02816038618 0)
(2.463223505 0.04353268591 0)
(1.536776495 0.1064673141 0)
(2.498631464 0.02682261631 0)
(1.501368536 0.1231773837 0)
(3.643719019 0.04872620763 0)
(0.3562809809 0.1012737924 0)
(2.419444308 0.02762693832 0)
(1.580555692 0.1223730617 0)
(2.676420616 0.1063341494 0)
(1.323579384 0.04366585056 0)
(2.62963875 0.1119969279 0)
(1.37036125 0.0380030721 0)
(1.309376057 0.1050613833 0)
(2.690623943 0.04493861669 0)
(3.787214005 0.02815028971 0)
(0.2127859947 0.1218497103 0)
(3.949723058 0.05168565205 0)
(0.05027694196 0.09831434795 0)
(3.958339854 0.104866067 0)
(0.0416601463 0.04513393303 0)
(1.424918403 0.07864666983 0)
(2.575081597 0.07135333017 0)
(3.835498158 0.08700718383 0)
(0.1645018424 0.06299281617 0)
(3.303739133 0.05325670761 0)
(0.6962608667 0.09674329239 0)
(2.049669477 0.01845108353 0)
(1.95051807 0.01921934526 0)
(2.049519527 0.1309893264 0)
(1.20326511 0.02080498841 0)
(2.79673489 0.1291950116 0)
(1.649840971 0.1105724658 0)
(2.350159029 0.03942753421 0)
(2.85827828 0.09292735509 0)
(1.14172172 0.05707264491 0)
(1.102242788 0.01889816176 0)
(2.897757212 0.1311018382 0)
(0.9296508899 0.03174375254 0)
(3.07034911 0.1182562475 0)
(2.731298375 0.122256377 0)
(1.268701625 0.02774362304 0)
(1.416153837 0.04350075409 0)
(2.583846163 0.1064992459 0)
(2.87570928 0.04981761468 0)
(1.12429072 0.1001823853 0)
(0.5567558875 0.04753518097 0)
(3.443244113 0.102464819 0)
(0.6835262963 0.04189460513 0)
(3.316473704 0.1081053949 0)
(3.432565277 0.07770565499 0)
(0.567434723 0.07229434501 0)
(3.848215941 0.1309003075 0)
(0.1517840587 0.01909969251 0)
(1.258654511 0.1243768025 0)
(2.741345489 0.02562319752 0)
(2.464516406 0.1073947632 0)
(1.535483594 0.04260523682 0)
(2.286667063 0.08949169541 0)
(1.713332935 0.06050830925 0)
(3.099796729 0.01920623976 0)
(0.9002032708 0.1307937602 0)
(1.673790022 0.1236529378 0)
(1.671058371 0.1075549257 0)
(2.326209978 0.02634706218 0)
(2.328941629 0.04244507431 0)
(0.6208264344 0.1234815298 0)
(3.379173566 0.02651847024 0)
(3.940431046 0.1369984935 0)
(0.05956895438 0.01300150646 0)
(1.962575273 0.08553995201 0)
(3.98541708 0.01449865981 0)
(0.0145829201 0.1355013402 0)
(0.8583257694 0.1162742804 0)
(3.141674231 0.03372571962 0)
(1.91060375 0.1151323649 0)
(3.965356928 0.03836258336 0)
(0.03464307212 0.1116374166 0)
(3.164762369 0.1224638523 0)
(0.8352376311 0.02753614775 0)
(3.979843917 0.1378571518 0)
(0.02015608252 0.01214284822 0)
(1.102448104 0.05451476858 0)
(2.897551896 0.09548523142 0)
(0.9745335351 0.1256196995 0)
(3.025466465 0.02438030048 0)
(1.280860826 0.1347956946 0)
(2.719139174 0.01520430538 0)
(2.005560047 0.06645368361 0)
(0.920368076 0.07105491905 0)
(3.079631924 0.07894508095 0)
(2.56289232 0.05834672349 0)
(1.43710768 0.09165327651 0)
(1.27714624 0.09428942772 0)
(2.72285376 0.05571057228 0)
(0.1467462157 0.05410430849 0)
(3.853253784 0.09589569151 0)
(2.498002482 0.1136590909 0)
(1.501997518 0.03634090906 0)
(1.667666739 0.01261448558 0)
(1.674387836 0.02420289838 0)
(2.332333261 0.1373855144 0)
(2.325612164 0.1257971016 0)
(3.385399974 0.01255773969 0)
(0.6146000261 0.1374422603 0)
(3.680927609 0.02616038826 0)
(0.3190723906 0.1238396117 0)
(2.332327643 0.01274197334 0)
(1.667672357 0.1372580267 0)
(2.119357841 0.02782249934 0)
(1.880658305 0.122194451 0)
(3.171161161 0.02748819818 0)
(0.8288388386 0.1225118018 0)
(0.4309240266 0.1249962168 0)
(3.569075973 0.02500378316 0)
(1.009737184 0.02393818053 0)
(2.990262816 0.1260618195 0)
(3.564073707 0.01254409281 0)
(0.4359262929 0.1374559072 0)
(0.4362331836 0.01042894931 0)
(3.563766816 0.1395710507 0)
(2.075591136 0.05300799445 0)
(1.887042115 0.02732744359 0)
(1.477103722 0.1058417963 0)
(2.522896278 0.04415820366 0)
(3.75354254 0.1294169158 0)
(0.2464574602 0.0205830842 0)
(1.487198151 0.01254630648 0)
(2.512801849 0.1374536935 0)
(2.14533488 0.02169852997 0)
(1.85464133 0.1283883123 0)
(0.803456484 0.128153757 0)
(3.196543516 0.02184624304 0)
(2.539366455 0.1378670607 0)
(2.534259161 0.1254969899 0)
(1.460633545 0.01213293928 0)
(1.465740839 0.02450301013 0)
(1.331003144 0.1060219627 0)
(2.668996856 0.04397803725 0)
(3.778403549 0.1231877285 0)
(0.2215964506 0.02681227152 0)
(2.526345783 0.1359866319 0.001)
(1.473654217 0.0140133681 0.001)
(0.4227797673 0.01595505559 0.001)
(3.577220233 0.1340449444 0.001)
(0.6297338781 0.134968081 0.001)
(3.370266122 0.015031919 0.001)
(1.681565228 0.01402550627 0.001)
(2.317988198 0.01541309951 0.001)
(2.734570404 0.01476729201 0.001)
(1.265429596 0.135232708 0.001)
(3.785422313 0.1344353123 0.001)
(0.2145776874 0.01556468775 0.001)
(3.163934826 0.1367596261 0.001)
(0.836065174 0.01324037388 0.001)
(1.887858428 0.0132576051 0.001)
(2.112411689 0.1317580422 0.001)
(2.939625143 0.01698163395 0.001)
(1.060374857 0.133018366 0.001)
(1.473677578 0.13415706 0.001)
(2.526322422 0.01584294001 0.001)
(3.577824924 0.01411820324 0.001)
(0.4221750761 0.1358817968 0.001)
(0.6291262533 0.01387958567 0.001)
(3.370873747 0.1361204143 0.001)
(1.682011802 0.1345869005 0.001)
(2.318434772 0.1359744937 0.001)
(1.267442059 0.01298636815 0.001)
(2.732557941 0.1370136319 0.001)
(3.785476569 0.01359784851 0.001)
(0.2145234313 0.1364021515 0.001)
(0.8360377974 0.1345754714 0.001)
(3.163962203 0.01542452859 0.001)
(1.887870066 0.1344810088 0.001)
(2.112133699 0.01553043454 0.001)
(1.04261414 0.01541567973 0.001)
(2.95738586 0.1345843203 0.001)
(2.36512543 0.02328117374 0.001)
(1.63487457 0.1267188263 0.001)
(0.5825444042 0.1265370302 0.001)
(3.417455596 0.02346296981 0.001)
(0.4663391724 0.02255616605 0.001)
(3.533660828 0.1274438339 0.001)
(1.518642657 0.02368901416 0.001)
(2.481357343 0.1263109858 0.001)
(1.427971802 0.1266288841 0.001)
(2.572028198 0.02337111592 0.001)
(0.3782701559 0.1264902239 0.001)
(3.621729844 0.02350977607 0.001)
(0.6719768214 0.02099094116 0.001)
(3.328023179 0.1290090588 0.001)
(0.6709886594 0.1291973436 0.001)
(3.329011341 0.02080265643 0.001)
(1.720486645 0.02062690923 0.001)
(2.279513355 0.1293730908 0.001)
(1.724627575 0.1273811045 0.001)
(2.275372425 0.02261889547 0.001)
(2.682413925 0.02318998525 0.001)
(1.317586075 0.1268100147 0.001)
(2.770004152 0.01866269818 0.001)
(1.229995848 0.1313373018 0.001)
(2.773265169 0.1295714474 0.001)
(1.226734831 0.02042855257 0.001)
(0.2650709466 0.1284751602 0.001)
(3.734929053 0.02152483977 0.001)
(0.1734977051 0.1291813736 0.001)
(3.826502295 0.02081862645 0.001)
(0.175298496 0.02017378928 0.001)
(3.824701504 0.1298262107 0.001)
(3.215990919 0.1287846337 0.001)
(0.7840090805 0.02121536626 0.001)
(0.878269271 0.02113393091 0.001)
(3.121730729 0.1288660691 0.001)
(3.124672143 0.02197459564 0.001)
(0.8753278569 0.1280254044 0.001)
(1.835367715 0.02123730187 0.001)
(2.164655528 0.1287639904 0.001)
(1.927523381 0.01914898746 0.001)
(2.071767364 0.1303581453 0.001)
(1.927635984 0.1263607342 0.001)
(2.072932859 0.01943822275 0.001)
(2.890675865 0.02636691175 0.001)
(1.109324135 0.1236330883 0.001)
(1.020806862 0.1283252906 0.001)
(2.979193138 0.02167470939 0.001)
(2.920225714 0.1317025463 0.001)
(1.079774286 0.01829745374 0.001)
(0.3814480316 0.0223050788 0.001)
(3.618551968 0.1276949212 0.001)
(1.429531687 0.02048644773 0.001)
(2.570468313 0.1295135523 0.001)
(2.478348591 0.02287919325 0.001)
(1.521651409 0.1271208068 0.001)
(3.011900512 0.1232478332 0.001)
(0.9880994882 0.02675216683 0.001)
(0.4678911097 0.126945905 0.001)
(3.53210889 0.02305409498 0.001)
(3.418144143 0.1257429469 0.001)
(0.5818558573 0.02425705311 0.001)
(1.63480868 0.02438766761 0.001)
(2.36519132 0.1256123324 0.001)
(2.685988081 0.1281260156 0.001)
(1.314011919 0.02187398438 0.001)
(0.2652912248 0.02535852256 0.001)
(3.734708775 0.1246414774 0.001)
(3.216063739 0.02609766997 0.001)
(0.783936261 0.12390233 0.001)
(1.834261978 0.1232525615 0.001)
(2.16573238 0.02676536932 0.001)
(0.02498747633 0.09180018757 0.001)
(3.975012524 0.05819981243 0.001)
(2.002832688 0.03650699128 0.001)
(3.898296173 0.1189332966 0.001)
(0.1017038266 0.0310667034 0.001)
(1.152189899 0.03111227703 0.001)
(2.847810101 0.118887723 0.001)
(0.9491018859 0.1184433732 0.001)
(3.050898114 0.03155662677 0.001)
(2.00065545 0.1176516592 0.001)
(3.902410213 0.03179685744 0.001)
(0.0975897866 0.1182031426 0.001)
(3.980535491 0.1180697572 0.001)
(0.01946450874 0.0319302428 0.001)
(3.941485576 0.0284853163 0.001)
(3.924724326 0.05807779194 0.001)
(3.889902792 0.06393811257 0.001)
(3.96971729 0.01852375872 0.001)
(0.05851442428 0.1215146837 0.001)
(0.07527567423 0.09192220806 0.001)
(0.1100972083 0.08606188743 0.001)
(0.03028270967 0.1314762413 0.001)
(0.06546022725 0.03492232382 0.001)
(3.934539773 0.1150776762 0.001)
(0.1304339092 0.1100975033 0.001)
(0.1447056849 0.07768827773 0.001)
(3.869566091 0.03990249667 0.001)
(3.855294315 0.07231172227 0.001)
(0.956296289 0.02825457981 0.001)
(0.9756503459 0.05526681869 0.001)
(1.006045257 0.04973428803 0.001)
(0.9935158127 0.07866612948 0.001)
(1.020574915 0.07471464662 0.001)
(0.943136425 0.05865649042 0.001)
(1.032203865 0.05388200961 0.001)
(1.044631043 0.07342731977 0.001)
(1.05538883 0.05468629251 0.001)
(1.067214463 0.0733427339 0.001)
(1.055001797 0.09572761804 0.001)
(1.079969284 0.09258435834 0.001)
(1.091650126 0.07273266559 0.001)
(3.043703711 0.1217454202 0.001)
(3.024349654 0.09473318131 0.001)
(2.993954743 0.100265712 0.001)
(3.006484187 0.07133387052 0.001)
(2.979425085 0.07528535338 0.001)
(3.056863575 0.09134350958 0.001)
(2.967796135 0.09611799039 0.001)
(2.955368957 0.07657268023 0.001)
(2.94461117 0.09531370749 0.001)
(2.932785537 0.0766572661 0.001)
(2.944998203 0.05427238196 0.001)
(2.920030716 0.05741564166 0.001)
(2.908349874 0.07726733441 0.001)
(2.97373098 0.1178652954 0.001)
(1.02626902 0.03213470462 0.001)
(3.082310916 0.0338461023 0.001)
(0.9176890845 0.1161538977 0.001)
(3.249336308 0.03123251696 0.001)
(3.228824733 0.05636593124 0.001)
(3.260922043 0.06443767258 0.001)
(3.198978358 0.04836148623 0.001)
(3.209419508 0.07702410914 0.001)
(3.183247326 0.07421903099 0.001)
(3.172721166 0.04836412834 0.001)
(3.160541771 0.07113394321 0.001)
(3.16918603 0.09173053646 0.001)
(3.147193391 0.09002921464 0.001)
(3.13817037 0.0687673666 0.001)
(3.124274946 0.08821220845 0.001)
(3.280697943 0.04062775118 0.001)
(3.28921455 0.07227256376 0.001)
(3.268912589 0.09426592318 0.001)
(3.115475505 0.06381629531 0.001)
(3.100191247 0.08291126294 0.001)
(3.155707565 0.10930242 0.001)
(3.176453331 0.1118566881 0.001)
(3.18427695 0.03186879358 0.001)
(3.296440711 0.1005926044 0.001)
(3.319779652 0.0801071481 0.001)
(0.7506636917 0.118767483 0.001)
(0.7711752672 0.09363406876 0.001)
(0.7390779571 0.08556232742 0.001)
(0.8010216416 0.1016385138 0.001)
(0.7905804924 0.07297589086 0.001)
(0.8167526736 0.07578096901 0.001)
(0.8272788345 0.1016358717 0.001)
(0.8394582294 0.07886605679 0.001)
(0.8308139697 0.05826946354 0.001)
(0.8528066093 0.05997078536 0.001)
(0.8618296297 0.0812326334 0.001)
(0.8757250536 0.06178779155 0.001)
(0.7193020569 0.1093722488 0.001)
(0.7107854497 0.07772743624 0.001)
(0.7310874109 0.05573407682 0.001)
(0.8845244954 0.08618370469 0.001)
(0.8998087529 0.06708873706 0.001)
(0.8442924347 0.04069757998 0.001)
(0.8235466694 0.03814331189 0.001)
(0.8157230502 0.1181312064 0.001)
(0.703559289 0.04940739564 0.001)
(0.6802203477 0.0698928519 0.001)
(2.03344115 0.114187733 0.001)
(2.016792978 0.08912833066 0.001)
(2.046586832 0.08740727721 0.001)
(1.989475859 0.08838009475 0.001)
(1.96746857 0.03655836564 0.001)
(2.034056628 0.03179065248 0.001)
(1.185997715 0.0374519622 0.001)
(1.168129386 0.06182718711 0.001)
(1.199167296 0.06702946982 0.001)
(1.181604898 0.09164074444 0.001)
(1.147897131 0.08918646118 0.001)
(1.212550889 0.09446245155 0.001)
(1.227613675 0.07210062151 0.001)
(1.238722542 0.09404435655 0.001)
(1.25181809 0.07558976043 0.001)
(1.259927742 0.09521980231 0.001)
(1.272696759 0.07768163856 0.001)
(1.26532689 0.05787299373 0.001)
(1.286583599 0.06106263607 0.001)
(1.295518537 0.08461651082 0.001)
(1.310904273 0.06342233165 0.001)
(1.323373405 0.08558353305 0.001)
(1.341727813 0.0596053933 0.001)
(1.352555402 0.09361657657 0.001)
(1.372966105 0.06790230878 0.001)
(1.38521539 0.09544558449 0.001)
(1.404837927 0.06906479543 0.001)
(1.248913809 0.114157494 0.001)
(1.278595709 0.04045202112 0.001)
(1.257338737 0.03965528829 0.001)
(2.814002285 0.1125480378 0.001)
(2.831870614 0.08817281289 0.001)
(2.800832704 0.08297053018 0.001)
(2.818395102 0.05835925556 0.001)
(2.852102869 0.06081353882 0.001)
(2.787449111 0.05553754845 0.001)
(2.772386325 0.07789937849 0.001)
(2.761277458 0.05595564345 0.001)
(2.74818191 0.07441023957 0.001)
(2.740072258 0.05478019769 0.001)
(2.727303241 0.07231836144 0.001)
(2.73467311 0.09212700627 0.001)
(2.713416401 0.08893736393 0.001)
(2.704481463 0.06538348918 0.001)
(2.689095727 0.08657766835 0.001)
(2.676626595 0.06441646695 0.001)
(2.658272187 0.0903946067 0.001)
(2.647444598 0.05638342343 0.001)
(2.627033895 0.08209769122 0.001)
(2.61478461 0.05455441551 0.001)
(2.595162073 0.08093520457 0.001)
(2.751086191 0.035842506 0.001)
(2.721404291 0.1095479789 0.001)
(2.742661263 0.1103447117 0.001)
(0.2982383322 0.0309202537 0.001)
(0.2770551615 0.05468710273 0.001)
(0.2481671464 0.04645870011 0.001)
(0.3091148122 0.06359908824 0.001)
(0.2575432471 0.07493825063 0.001)
(0.2322556544 0.07113802598 0.001)
(0.222888763 0.04652757479 0.001)
(0.2097645782 0.06795269575 0.001)
(0.2172598693 0.0896034447 0.001)
(0.195058914 0.08570627227 0.001)
(0.1862154901 0.06156984747 0.001)
(0.2030342603 0.1073562832 0.001)
(0.2245000735 0.1106420412 0.001)
(0.3320692164 0.04098807214 0.001)
(0.3418835272 0.07518645715 0.001)
(0.3212040116 0.09855411248 0.001)
(0.2342652443 0.0305772652 0.001)
(3.701761668 0.1190797463 0.001)
(3.722944838 0.09531289727 0.001)
(3.751832854 0.1035412999 0.001)
(3.690885188 0.08640091176 0.001)
(3.742456753 0.07506174937 0.001)
(3.767744346 0.07886197402 0.001)
(3.777111237 0.1034724252 0.001)
(3.790235422 0.08204730425 0.001)
(3.782740131 0.0603965553 0.001)
(3.804941086 0.06429372773 0.001)
(3.81378451 0.08843015253 0.001)
(3.79696574 0.04264371677 0.001)
(3.775499927 0.03935795883 0.001)
(3.667930784 0.1090119279 0.001)
(3.658116473 0.07481354285 0.001)
(3.678795988 0.05144588752 0.001)
(3.765734756 0.1194227348 0.001)
(1.801859486 0.118630752 0.001)
(1.822286424 0.09324216807 0.001)
(1.790181386 0.08547362202 0.001)
(1.852352844 0.1012127384 0.001)
(1.842072272 0.07250628581 0.001)
(1.868421994 0.07519829717 0.001)
(1.87903046 0.1012730749 0.001)
(1.891212408 0.0785449483 0.001)
(1.882587506 0.0576598749 0.001)
(1.904628376 0.05944206678 0.001)
(1.913752665 0.08087569513 0.001)
(1.927707598 0.06124721589 0.001)
(1.769280028 0.1095657747 0.001)
(1.760123127 0.07804804028 0.001)
(1.782638672 0.05511821974 0.001)
(1.937033934 0.08386241338 0.001)
(1.867317439 0.1178451783 0.001)
(1.753201307 0.04963284327 0.001)
(1.733333767 0.06947499413 0.001)
(1.896171452 0.03999577324 0.001)
(1.875323588 0.03739848298 0.001)
(2.198139573 0.0313722365 0.001)
(2.177712479 0.05676131847 0.001)
(2.209818614 0.06452637798 0.001)
(2.14766073 0.0488390953 0.001)
(2.157960942 0.0775160857 0.001)
(2.131578006 0.07480170283 0.001)
(2.121052752 0.0487523085 0.001)
(2.108840146 0.07148098701 0.001)
(2.117097274 0.09265258951 0.001)
(2.094989511 0.0896004901 0.001)
(2.085802671 0.0691824225 0.001)
(2.230719816 0.04043472333 0.001)
(2.239876846 0.07195204274 0.001)
(2.217361323 0.0948817941 0.001)
(2.132698376 0.03219517207 0.001)
(2.246798689 0.1003671683 0.001)
(2.266666228 0.08052502162 0.001)
(2.103756268 0.11096856 0.001)
(2.124294277 0.1138207572 0.001)
(2.798378268 0.02881447491 0.001)
(1.201621732 0.1211855251 0.001)
(1.119166767 0.0384358083 0.001)
(2.880833233 0.1115641917 0.001)
(1.012198376 0.102088632 0.001)
(0.995865572 0.1278231352 0.001)
(2.987801624 0.04791136798 0.001)
(3.004134428 0.02217686478 0.001)
(2.658091786 0.1222892352 0.001)
(1.341908214 0.02771076479 0.001)
(2.397257572 0.1231052703 0.001)
(2.378347422 0.09936288385 0.001)
(2.408383704 0.0955395536 0.001)
(2.350167736 0.103148872 0.001)
(2.389626895 0.07293327672 0.001)
(2.419470347 0.06919427068 0.001)
(2.440797913 0.09560718788 0.001)
(2.449481926 0.06670942478 0.001)
(2.46461182 0.08759256664 0.001)
(2.402393177 0.04750443925 0.001)
(2.476430763 0.06390033255 0.001)
(2.490621515 0.08230924526 0.001)
(2.499522455 0.06125277219 0.001)
(2.512706566 0.0784860797 0.001)
(2.519803718 0.0593079489 0.001)
(2.53353146 0.07513493356 0.001)
(2.505409557 0.09795443087 0.001)
(2.507894691 0.04300976426 0.001)
(2.541070926 0.05461278391 0.001)
(2.446958867 0.0222315768 0.001)
(2.555859107 0.07442763459 0.001)
(2.5470008 0.09372854724 0.001)
(2.451696369 0.1248263909 0.001)
(1.602742428 0.02689472971 0.001)
(1.621652578 0.05063711615 0.001)
(1.591616296 0.0544604464 0.001)
(1.649832264 0.046851128 0.001)
(1.610373105 0.07706672328 0.001)
(1.580529653 0.08080572932 0.001)
(1.559202087 0.05439281212 0.001)
(1.550518074 0.08329057522 0.001)
(1.53538818 0.06240743336 0.001)
(1.597606823 0.1024955608 0.001)
(1.523569237 0.08609966745 0.001)
(1.509378485 0.06769075474 0.001)
(1.500477545 0.08874722781 0.001)
(1.487293434 0.0715139203 0.001)
(1.480196282 0.0906920511 0.001)
(1.46646854 0.07486506644 0.001)
(1.494590443 0.05204556913 0.001)
(1.492105309 0.1069902357 0.001)
(1.458929074 0.09538721609 0.001)
(1.553041133 0.1277684232 0.001)
(1.444140893 0.07557236541 0.001)
(1.4529992 0.05627145276 0.001)
(1.548303631 0.02517360907 0.001)
(3.864158818 0.1159089175 0.001)
(0.1358411818 0.03409108253 0.001)
(0.3655575201 0.05013570139 0.001)
(0.3719211865 0.0808746848 0.001)
(0.3903805133 0.06386025436 0.001)
(0.3955756011 0.08820565948 0.001)
(0.4125731586 0.07365408237 0.001)
(0.416662038 0.09518794062 0.001)
(0.4334454599 0.08068330365 0.001)
(0.4295017713 0.05794044173 0.001)
(0.451361919 0.06486164292 0.001)
(0.4548223645 0.08810616397 0.001)
(0.4748429935 0.07115623468 0.001)
(0.4795005433 0.1006416743 0.001)
(0.5004633514 0.07885597852 0.001)
(0.494521953 0.05175250903 0.001)
(0.5258107908 0.05986989565 0.001)
(0.5279877339 0.08558663737 0.001)
(0.5462449022 0.07063193717 0.001)
(0.5537320056 0.1241705953 0.001)
(0.5530023085 0.02365581438 0.001)
(0.5732984556 0.09910570894 0.001)
(0.6008367843 0.1062135189 0.001)
(0.5888559469 0.07883203008 0.001)
(0.6136092087 0.08213000716 0.001)
(0.6252154637 0.1039228439 0.001)
(0.6370327652 0.08404008696 0.001)
(0.6277431877 0.0617754593 0.001)
(0.6502931591 0.1076363611 0.001)
(3.63444248 0.09986429861 0.001)
(3.628078814 0.0691253152 0.001)
(3.609619487 0.08613974564 0.001)
(3.604424399 0.06179434052 0.001)
(3.587426841 0.07634591763 0.001)
(3.583337962 0.05481205938 0.001)
(3.56655454 0.06931669635 0.001)
(3.570498229 0.09205955827 0.001)
(3.548638081 0.08513835708 0.001)
(3.545177636 0.06189383603 0.001)
(3.525157006 0.07884376532 0.001)
(3.520499457 0.04935832568 0.001)
(3.499536649 0.07114402148 0.001)
(3.505478047 0.09824749097 0.001)
(3.474189209 0.09013010435 0.001)
(3.472012266 0.06441336263 0.001)
(3.453755098 0.07936806283 0.001)
(3.446267994 0.0258294047 0.001)
(3.446997692 0.1263441856 0.001)
(3.426701544 0.05089429106 0.001)
(3.399163216 0.04378648115 0.001)
(3.411144053 0.07116796992 0.001)
(3.386390791 0.06786999284 0.001)
(3.374784536 0.04607715605 0.001)
(3.362967235 0.06595991304 0.001)
(3.372256812 0.0882245407 0.001)
(3.349706841 0.04236363889 0.001)
(1.035982016 0.1105183544 0.001)
(2.964017984 0.03948164564 0.001)
(1.398999979 0.02456118576 0.001)
(2.601000021 0.1254388142 0.001)
(0.3438106509 0.1250182896 0.001)
(3.656189349 0.02498171044 0.001)
(1.415065969 0.09863462289 0.001)
(2.584934031 0.05136537711 0.001)
(3.599765456 0.03943455634 0.001)
(0.4002345437 0.1105654437 0.001)
(3.094183466 0.1266803576 0.001)
(0.9058165344 0.02331964237 0.001)
(1.951777815 0.1284207051 0.001)
(1.639744807 0.07291137613 0.001)
(1.666867606 0.06857820313 0.001)
(1.657593392 0.093816826 0.001)
(1.684184854 0.09050471301 0.001)
(1.691686665 0.06445466272 0.001)
(2.360255193 0.07708862387 0.001)
(2.333132394 0.08142179687 0.001)
(2.342406608 0.056183174 0.001)
(2.315815146 0.05949528699 0.001)
(2.308313335 0.08554533728 0.001)
(3.8178037 0.04494513289 0.001)
(0.1821963002 0.1050548671 0.001)
(3.500789555 0.02639025727 0.001)
(0.4992104451 0.1236097427 0.001)
(0.6516092902 0.06490576677 0.001)
(0.6412308523 0.04268184153 0.001)
(0.6191360633 0.04027799191 0.001)
(3.34839071 0.08509423323 0.001)
(3.358769148 0.1073181585 0.001)
(3.380863937 0.1097220081 0.001)
(1.069682336 0.1129462736 0.001)
(2.930317664 0.03705372636 0.001)
(0.6048487119 0.05715093602 0.001)
(0.5838915254 0.05168413613 0.001)
(3.395151288 0.09284906398 0.001)
(3.416108475 0.09831586387 0.001)
(2.705596889 0.02677929354 0.001)
(1.294403111 0.1232207065 0.001)
(1.270764548 0.1155250587 0.001)
(2.729235452 0.03447494135 0.001)
(2.341445937 0.1249172612 0.001)
(2.32447712 0.1093027684 0.001)
(2.297967475 0.109544124 0.001)
(1.658554063 0.02508273881 0.001)
(1.67552288 0.04069723165 0.001)
(1.702032525 0.040455876 0.001)
(1.102831956 0.09563273275 0.001)
(1.118728242 0.07087491861 0.001)
(2.897168044 0.05436726725 0.001)
(2.881271758 0.07912508139 0.001)
(0.4464115205 0.04385421312 0.001)
(0.426463108 0.03587415944 0.001)
(0.4419364355 0.0230739001 0.001)
(0.4051531154 0.02926865614 0.001)
(3.55358848 0.1061457869 0.001)
(3.573536892 0.1141258406 0.001)
(3.558063565 0.1269260999 0.001)
(3.594846885 0.1207313439 0.001)
(2.139411831 0.09674564158 0.001)
(3.553924733 0.02439997259 0.001)
(0.4460752672 0.1256000274 0.001)
(0.7536907479 0.03159369195 0.001)
(3.246309252 0.118406308 0.001)
(2.342084804 0.02436975291 0.001)
(1.657915196 0.1256302471 0.001)
(1.80646789 0.02863214727 0.001)
(2.19353711 0.1213675529 0.001)
(3.396406836 0.02123830923 0.001)
(0.6035931638 0.1287616908 0.001)
(2.549173026 0.1277327781 0.001)
(1.450826974 0.02226722185 0.001)
(0.4085650175 0.05047857686 0.001)
(3.591434982 0.09952142314 0.001)
(3.97805114 0.0936502018 0.001)
(0.02194886025 0.0563497982 0.001)
(1.498097319 0.02147674471 0.001)
(2.501902681 0.1285232553 0.001)
(1.397992732 0.1231614116 0.001)
(2.602007268 0.02683858842 0.001)
(1.082387902 0.1300897356 0.001)
(2.917612098 0.0199102644 0.001)
(1.872591362 0.01730332693 0.001)
(2.12966304 0.1350572601 0.001)
(1.453336307 0.1301164049 0.001)
(1.465737231 0.1165513561 0.001)
(2.546663693 0.01988359507 0.001)
(2.534262769 0.03344864391 0.001)
(0.8202983126 0.016619904 0.001)
(3.179701687 0.133380096 0.001)
(2.082572794 0.1101630523 0.001)
(3.770353851 0.01679929443 0.001)
(0.2296461488 0.1332007056 0.001)
(2.713693455 0.1302164816 0.001)
(1.286306545 0.01978351841 0.001)
(2.569135646 0.09064086193 0.001)
(1.430864354 0.05935913807 0.001)
(0.6123355629 0.01422870353 0.001)
(3.387664437 0.1357712965 0.001)
(1.922408565 0.1015182651 0.001)
(3.33613526 0.1042273798 0.001)
(0.6638647403 0.04577262022 0.001)
(0.6486973892 0.02081585366 0.001)
(3.351302611 0.1291841463 0.001)
(3.351958542 0.01917986371 0.001)
(3.325332497 0.0477280686 0.001)
(0.6480414581 0.1308201363 0.001)
(0.6746675032 0.1022719314 0.001)
(0.8707754522 0.1040872632 0.001)
(3.129224548 0.04591273683 0.001)
(2.511317801 0.01399077873 0.001)
(1.488682199 0.1360092213 0.001)
(3.761218738 0.05531205759 0.001)
(0.238781262 0.09468794241 0.001)
(2.298594132 0.01954567674 0.001)
(2.289716789 0.04097723102 0.001)
(2.263705992 0.04907124162 0.001)
(2.312539521 0.03456296105 0.001)
(1.701405868 0.1304543233 0.001)
(1.710283211 0.109022769 0.001)
(1.736293981 0.1009288436 0.001)
(1.687460479 0.115437039 0.001)
(3.947829771 0.08134928244 0.001)
(0.05217022949 0.06865071756 0.001)
(0.4048308917 0.131432367 0.001)
(3.595169108 0.01856763298 0.001)
(2.748812584 0.1301868046 0.001)
(1.251187416 0.01981319537 0.001)
(2.781124065 0.1038555727 0.001)
(1.218875935 0.04614442729 0.001)
(3.19119524 0.09605392892 0.001)
(0.8088047596 0.05394607108 0.001)
(1.952552908 0.06164693543 0.001)
(0.1957313561 0.1296620156 0.001)
(3.80282926 0.1320179295 0.001)
(0.1971707404 0.01798207051 0.001)
(3.804268644 0.02033798438 0.001)
(1.860496848 0.05351444797 0.001)
(1.699333709 0.01524147795 0.001)
(2.300666291 0.1347585221 0.001)
(3.791641121 0.1172142607 0.001)
(0.2083588791 0.03278573925 0.001)
(0.9627753526 0.08435822242 0.001)
(3.037224647 0.06564177758 0.001)
(0.9337223725 0.09007067621 0.001)
(3.066277627 0.05992932379 0.001)
(1.249119668 0.134788446 0.001)
(2.750880332 0.01521155404 0.001)
(0.1895436312 0.03759593002 0.001)
(0.1648510238 0.04123359075 0.001)
(3.810456369 0.11240407 0.001)
(3.835148976 0.1087664092 0.001)
(2.952896776 0.1154304658 0.001)
(2.932250588 0.1136869731 0.001)
(1.047103224 0.03456953418 0.001)
(1.067749412 0.03631302687 0.001)
(0.8523519545 0.02034522433 0.001)
(3.147648045 0.1296547757 0.001)
(0.8532195112 0.1324388313 0.001)
(0.8422888165 0.1171775803 0.001)
(3.146780489 0.01756116872 0.001)
(3.157711184 0.03282241974 0.001)
(1.630027953 0.09981926726 0.001)
(2.369972047 0.05018073274 0.001)
(1.243379856 0.0546643085 0.001)
(2.756620144 0.0953356915 0.001)
(1.289297861 0.1052901963 0.001)
(2.710702139 0.0447098037 0.001)
(1.903778524 0.01987044782 0.001)
(2.092628652 0.1311881737 0.001)
(1.906584527 0.1315470312 0.001)
(1.894340004 0.1170631648 0.001)
(2.093824201 0.01800266998 0.001)
(2.105515874 0.03351232128 0.001)
(2.085209305 0.03620607342 0.001)
(1.040748298 0.1313677459 0.001)
(2.959251702 0.01863225409 0.001)
(1.812316606 0.06294035893 0.001)
(2.187692405 0.08706062521 0.001)
(2.940321612 0.1325673842 0.001)
(1.059678388 0.01743261575 0.001)
(3.581561994 0.03317584007 0.001)
(3.563567833 0.04392696633 0.001)
(0.4184380057 0.1168241599 0.001)
(0.4364321668 0.1060730337 0.001)
(0.7610115138 0.06355133544 0.001)
(3.238988486 0.08644866456 0.001)
(1.090370035 0.03775754676 0.001)
(2.909629965 0.1122424532 0.001)
(1.344607303 0.1238890521 0.001)
(2.655392697 0.02611094792 0.001)
(1.142672137 0.1215847258 0.001)
(2.857327863 0.02841527417 0.001)
(3.017121116 0.04513094152 0.001)
(0.9828788841 0.1048690585 0.001)
(1.567415587 0.105181671 0.001)
(2.432584413 0.04481832902 0.001)
(0.3805963535 0.1015189863 0.001)
(3.619403646 0.04848101367 0.001)
(0.8654018857 0.04027451424 0.001)
(3.134598114 0.1097254858 0.001)
(0.3902208396 0.04320965351 0.001)
(3.60977916 0.1067903465 0.001)
(2.484118586 0.1026366846 0.001)
(1.515881414 0.0473633154 0.001)
(0.2638404052 0.1036703828 0.001)
(0.2868834316 0.08647688339 0.001)
(3.736159595 0.04632961722 0.001)
(3.713116568 0.06352311661 0.001)
(1.574821563 0.03215768423 0.001)
(2.425178437 0.1178423158 0.001)
(3.707457048 0.02658763653 0.001)
(0.292542952 0.1234123635 0.001)
(1.916833226 0.03954580948 0.001)
(1.980695786 0.0614259221 0.001)
(2.058761705 0.04102654242 0.001)
(2.487811382 0.04345021324 0.001)
(1.512188618 0.1065497868 0.001)
(1.473636863 0.05467333905 0.001)
(1.481936137 0.03167727523 0.001)
(2.526363137 0.09532666095 0.001)
(2.518063863 0.1183227248 0.001)
(1.901891308 0.09906791885 0.001)
(2.032417424 0.05952840999 0.001)
(0.8500172102 0.09964232282 0.001)
(3.14998279 0.05035767718 0.001)
(0.4943622171 0.02456783786 0.001)
(3.505637783 0.1254321621 0.001)
(3.109128841 0.1062989701 0.001)
(0.8908711587 0.04370102993 0.001)
(2.251588896 0.1260436991 0.001)
(1.748411103 0.02395630282 0.001)
(0.08809386977 0.06187161271 0.001)
(3.91190613 0.08812838729 0.001)
(2.271485251 0.1058437936 0.001)
(1.728514747 0.04415621122 0.001)
(0.698010283 0.02340921676 0.001)
(3.301989717 0.1265907832 0.001)
(2.129365908 0.01602788721 0.001)
(2.097001981 0.05202368453 0.001)
(0.8189986671 0.1341429602 0.001)
(3.181001333 0.0158570398 0.001)
(3.304121141 0.02506302981 0.001)
(0.6958788585 0.1249369702 0.001)
(1.442484061 0.1100255084 0.001)
(2.557515939 0.03997449165 0.001)
(0.1718849751 0.08214169802 0.001)
(3.828115025 0.06785830198 0.001)
(1.870634404 0.1340015009 0.001)
(1.71051657 0.08343573689 0.001)
(2.289483427 0.06656427513 0.001)
(2.071833057 0.08894377327 0.001)
(2.061832137 0.06651606997 0.001)
(2.975334574 0.1343927318 0.001)
(1.024665426 0.0156072682 0.001)
(2.251478827 0.02269238781 0.001)
(1.748521173 0.1273076122 0.001)
(1.94019459 0.04038937318 0.001)
(0.6587646131 0.08574939963 0.001)
(3.341235387 0.06425060037 0.001)
(2.911160877 0.03902276228 0.001)
(1.088839123 0.1109772377 0.001)
(0.6350448897 0.1192600049 0.001)
(3.36495511 0.03073999509 0.001)
(3.214586562 0.1011526692 0.001)
(0.7854134377 0.0488473308 0.001)
(3.54305571 0.04052663912 0.001)
(0.4569442903 0.1094733609 0.001)
(1.171897706 0.1189839266 0.001)
(2.828102294 0.03101607344 0.001)
(3.768693175 0.1346930558 0.001)
(0.2313068247 0.0153069442 0.001)
(3.755256045 0.02988729464 0.001)
(0.2447439549 0.1201127054 0.001)
(1.052740471 0.1177835084 0.001)
(2.947259529 0.03221649164 0.001)
(3.529080086 0.1037068925 0.001)
(0.4709199144 0.04629310753 0.001)
(0.1214005631 0.05725257845 0.001)
(3.878599437 0.09274742155 0.001)
(0.3536329752 0.02289524499 0.001)
(3.646367025 0.127104755 0.001)
(3.959093433 0.1263670488 0.001)
(0.04090656705 0.02363295123 0.001)
(2.699689411 0.1081554892 0.001)
(1.300310589 0.04184451078 0.001)
(3.399356642 0.114330615 0.001)
(0.6006433576 0.03566938501 0.001)
(2.760496645 0.1138588456 0.001)
(1.239503355 0.0361411544 0.001)
(1.945133507 0.106367165 0.001)
(3.841114574 0.04452118339 0.001)
(0.158885426 0.1054788166 0.001)
(1.440570009 0.03929417754 0.001)
(2.559429991 0.1107058225 0.001)
(1.837486283 0.04865765433 0.001)
(2.162624952 0.1013329765 0.001)
(2.059792929 0.1104007535 0.001)
(0.5251239583 0.03447287462 0.001)
(3.474876042 0.1155271254 0.001)
(2.390677214 0.02358034651 0.001)
(1.609322786 0.1264196535 0.001)
(0.01713877395 0.1185015308 0.001)
(3.982861226 0.03149846922 0.001)
(2.607880937 0.10176122 0.001)
(1.392119063 0.04823878 0.001)
(3.492032578 0.0501201163 0.001)
(0.5079674216 0.0998798837 0.001)
(1.370963431 0.1172225249 0.001)
(2.629036569 0.03277747506 0.001)
(0.1491493265 0.1289515387 0.001)
(3.850850674 0.0210484613 0.001)
(3.107258114 0.04021050087 0.001)
(0.8927418862 0.1097894991 0.001)
(0.5273374554 0.1120214419 0.001)
(3.472662545 0.03797855808 0.001)
(0.4034582781 0.01317627626 0.001)
(3.596541722 0.1368237237 0.001)
(3.277802718 0.1179711238 0.001)
(0.7221972821 0.03202887623 0.001)
(0.9082780068 0.09097064149 0.001)
(3.091721993 0.05902935851 0.001)
(1.970559642 0.1115571814 0.001)
(3.195756416 0.1202046693 0.001)
(0.8042435836 0.02979533067 0.001)
(1.226360964 0.1110374258 0.001)
(2.773639036 0.0389625742 0.001)
(0.2038040975 0.049874071 0.001)
(3.796195903 0.100125929 0.001)
(2.921830687 0.09506242882 0.001)
(1.078169313 0.05493757118 0.001)
(1.034140957 0.09101071146 0.001)
(2.965859043 0.05898928854 0.001)
(1.856008937 0.02968520235 0.001)
(2.5167583 0.02963257373 0.001)
(1.4832417 0.1203674263 0.001)
(2.1443103 0.1209534376 0.001)
(2.224941516 0.1200603189 0.001)
(1.775058993 0.02993965331 0.001)
(2.31136973 0.1214054704 0.001)
(1.68863027 0.02859452961 0.001)
(0.9168948228 0.04848805009 0.001)
(3.083105177 0.1015119499 0.001)
(0.5493994503 0.09389108172 0.001)
(3.45060055 0.05610891828 0.001)
(1.460959806 0.038164383 0.001)
(2.539040194 0.111835617 0.001)
(3.369245686 0.1218396138 0.001)
(0.6307543142 0.02816038618 0.001)
(2.463223505 0.04353268591 0.001)
(1.536776495 0.1064673141 0.001)
(2.498631464 0.02682261631 0.001)
(1.501368536 0.1231773837 0.001)
(3.643719019 0.04872620763 0.001)
(0.3562809809 0.1012737924 0.001)
(2.419444308 0.02762693832 0.001)
(1.580555692 0.1223730617 0.001)
(2.676420616 0.1063341494 0.001)
(1.323579384 0.04366585056 0.001)
(2.62963875 0.1119969279 0.001)
(1.37036125 0.0380030721 0.001)
(1.309376057 0.1050613833 0.001)
(2.690623943 0.04493861669 0.001)
(3.787214005 0.02815028971 0.001)
(0.2127859947 0.1218497103 0.001)
(3.949723058 0.05168565205 0.001)
(0.05027694196 0.09831434795 0.001)
(3.958339854 0.104866067 0.001)
(0.0416601463 0.04513393303 0.001)
(1.424918403 0.07864666983 0.001)
(2.575081597 0.07135333017 0.001)
(3.835498158 0.08700718383 0.001)
(0.1645018424 0.06299281617 0.001)
(3.303739133 0.05325670761 0.001)
(0.6962608667 0.09674329239 0.001)
(2.049669477 0.01845108353 0.001)
(1.95051807 0.01921934526 0.001)
(2.049519527 0.1309893264 0.001)
(1.20326511 0.02080498841 0.001)
(2.79673489 0.1291950116 0.001)
(1.649840971 0.1105724658 0.001)
(2.350159029 0.03942753421 0.001)
(2.85827828 0.09292735509 0.001)
(1.14172172 0.05707264491 0.001)
(1.102242788 0.01889816176 0.001)
(2.897757212 0.1311018382 0.001)
(0.9296508899 0.03174375254 0.001)
(3.07034911 0.1182562475 0.001)
(2.731298375 0.122256377 0.001)
(1.268701625 0.02774362304 0.001)
(1.416153837 0.04350075409 0.001)
(2.583846163 0.1064992459 0.001)
(2.87570928 0.04981761468 0.001)
(1.12429072 0.1001823853 0.001)
(0.5567558875 0.04753518097 0.001)
(3.443244113 0.102464819 0.001)
(0.6835262963 0.04189460513 0.001)
(3.316473704 0.1081053949 0.001)
(3.432565277 0.07770565499 0.001)
(0.567434723 0.07229434501 0.001)
(3.848215941 0.1309003075 0.001)
(0.1517840587 0.01909969251 0.001)
(1.258654511 0.1243768025 0.001)
(2.741345489 0.02562319752 0.001)
(2.464516406 0.1073947632 0.001)
(1.535483594 0.04260523682 0.001)
(2.286667063 0.08949169541 0.001)
(1.713332935 0.06050830925 0.001)
(3.099796729 0.01920623976 0.001)
(0.9002032708 0.1307937602 0.001)
(1.673790022 0.1236529378 0.001)
(1.671058371 0.1075549257 0.001)
(2.326209978 0.02634706218 0.001)
(2.328941629 0.04244507431 0.001)
(0.6208264344 0.1234815298 0.001)
(3.379173566 0.02651847024 0.001)
(3.940431046 0.1369984935 0.001)
(0.05956895438 0.01300150646 0.001)
(1.962575273 0.08553995201 0.001)
(3.98541708 0.01449865981 0.001)
(0.0145829201 0.1355013402 0.001)
(0.8583257694 0.1162742804 0.001)
(3.141674231 0.03372571962 0.001)
(1.91060375 0.1151323649 0.001)
(3.965356928 0.03836258336 0.001)
(0.03464307212 0.1116374166 0.001)
(3.164762369 0.1224638523 0.001)
(0.8352376311 0.02753614775 0.001)
(3.979843917 0.1378571518 0.001)
(0.02015608252 0.01214284822 0.001)
(1.102448104 0.05451476858 0.001)
(2.897551896 0.09548523142 0.001)
(0.9745335351 0.1256196995 0.001)
(3.025466465 0.02438030048 0.001)
(1.280860826 0.1347956946 0.001)
(2.719139174 0.01520430538 0.001)
(2.005560047 0.06645368361 0.001)
(0.920368076 0.07105491905 0.001)
(3.079631924 0.07894508095 0.001)
(2.56289232 0.05834672349 0.001)
(1.43710768 0.09165327651 0.001)
(1.27714624 0.09428942772 0.001)
(2.72285376 0.05571057228 0.001)
(0.1467462157 0.05410430849 0.001)
(3.853253784 0.09589569151 0.001)
(2.498002482 0.1136590909 0.001)
(1.501997518 0.03634090906 0.001)
(1.667666739 0.01261448558 0.001)
(1.674387836 0.02420289838 0.001)
(2.332333261 0.1373855144 0.001)
(2.325612164 0.1257971016 0.001)
(3.385399974 0.01255773969 0.001)
(0.6146000261 0.1374422603 0.001)
(3.680927609 0.02616038826 0.001)
(0.3190723906 0.1238396117 0.001)
(2.332327643 0.01274197334 0.001)
(1.667672357 0.1372580267 0.001)
(2.119357841 0.02782249934 0.001)
(1.880658305 0.122194451 0.001)
(3.171161161 0.02748819818 0.001)
(0.8288388386 0.1225118018 0.001)
(0.4309240266 0.1249962168 0.001)
(3.569075973 0.02500378316 0.001)
(1.009737184 0.02393818053 0.001)
(2.990262816 0.1260618195 0.001)
(3.564073707 0.01254409281 0.001)
(0.4359262929 0.1374559072 0.001)
(0.4362331836 0.01042894931 0.001)
(3.563766816 0.1395710507 0.001)
(2.075591136 0.05300799445 0.001)
(1.887042115 0.02732744359 0.001)
(1.477103722 0.1058417963 0.001)
(2.522896278 0.04415820366 0.001)
(3.75354254 0.1294169158 0.001)
(0.2464574602 0.0205830842 0.001)
(1.487198151 0.01254630648 0.001)
(2.512801849 0.1374536935 0.001)
(2.14533488 0.02169852997 0.001)
(1.85464133 0.1283883123 0.001)
(0.803456484 0.128153757 0.001)
(3.196543516 0.02184624304 0.001)
(2.539366455 0.1378670607 0.001)
(2.534259161 0.1254969899 0.001)
(1.460633545 0.01213293928 0.001)
(1.465740839 0.02450301013 0.001)
(1.331003144 0.1060219627 0.001)
(2.668996856 0.04397803725 0.001)
(3.778403549 0.1231877285 0.001)
(0.2215964506 0.02681227152 0.001)
)


// ************************************************************************* //
