/*--------------------------------*- C++ -*----------------------------------*\
| =========                 |                                                 |
| \\      /  F ield         | OpenFOAM: The Open Source CFD Toolbox           |
|  \\    /   O peration     | Version:  2412                                  |
|   \\  /    A nd           | Website:  www.openfoam.com                      |
|    \\/     M anipulation  |                                                 |
\*---------------------------------------------------------------------------*/
FoamFile
{
    version     2.0;
    format      ascii;
    arch        "LSB;label=32;scalar=64";
    class       vectorField;
    location    "constant/polyMesh";
    object      points;
}
// * * * * * * * * * * * * * * * * * * * * * * * * * * * * * * * * * * * * * //


196
(
(0 0 0)
(1 0 0)
(1 1 0)
(0 1 0)
(0 0 0.001)
(1 0 0.001)
(1 1 0.001)
(0 1 0.001)
(0.125 0 0)
(0.25 0 0)
(0.375 0 0)
(0.5 0 0)
(0.625 0 0)
(0.75 0 0)
(0.875 0 0)
(1 0.125 0)
(1 0.25 0)
(1 0.375 0)
(1 0.5 0)
(1 0.625 0)
(1 0.75 0)
(1 0.875 0)
(0.875 1 0)
(0.75 1 0)
(0.625 1 0)
(0.5 1 0)
(0.375 1 0)
(0.25 1 0)
(0.125 1 0)
(0 0.875 0)
(0 0.75 0)
(0 0.625 0)
(0 0.5 0)
(0 0.375 0)
(0 0.25 0)
(0 0.125 0)
(0.125 0 0.001)
(0.25 0 0.001)
(0.375 0 0.001)
(0.5 0 0.001)
(0.625 0 0.001)
(0.75 0 0.001)
(0.875 0 0.001)
(1 0.125 0.001)
(1 0.25 0.001)
(1 0.375 0.001)
(1 0.5 0.001)
(1 0.625 0.001)
(1 0.75 0.001)
(1 0.875 0.001)
(0.875 1 0.001)
(0.75 1 0.001)
(0.625 1 0.001)
(0.5 1 0.001)
(0.375 1 0.001)
(0.25 1 0.001)
(0.125 1 0.001)
(0 0.875 0.001)
(0 0.75 0.001)
(0 0.625 0.001)
(0 0.5 0.001)
(0 0.375 0.001)
(0 0.25 0.001)
(0 0.125 0.001)
(0.5714876988 0.112424381 0)
(0.8917468245 0.5625 0)
(0.4359051369 0.8892750608 0)
(0.1082531755 0.4375 0)
(0.8955068139 0.312810866 0)
(0.6692259739 0.8817373149 0)
(0.3016592932 0.1120370156 0)
(0.1070150426 0.6901081464 0)
(0.8130906424 0.1207695368 0)
(0.8917468245 0.8125 0)
(0.2033420656 0.8905148078 0)
(0.1058465056 0.1880296712 0)
(0.10804682 0.5629346911 0)
(0.2164719584 0.5000724485 0)
(0.2165006188 0.3750120748 0)
(0.324752839 0.4375140872 0)
(0.323606589 0.5643504202 0)
(0.4328194311 0.5003107512 0)
(0.4329793755 0.3750541397 0)
(0.5412281112 0.4375608152 0)
(0.5412273712 0.5625619277 0)
(0.6495190528 0.5 0)
(0.6495127585 0.3750101359 0)
(0.6495126351 0.6250103213 0)
(0.5412583901 0.6875120415 0)
(0.7577722283 0.4375 0)
(0.6495190528 0.75 0)
(0.7523683811 0.686675254 0)
(0.7523230786 0.3133811713 0)
(0.6402137934 0.2329386704 0)
(0.5449925773 0.8124140065 0)
(0.4330127019 0.75 0)
(0.3232140481 0.8221267806 0)
(0.317882982 0.6985159857 0)
(0.2131232467 0.7624318058 0)
(0.2149716525 0.6283825593 0)
(0.8917468245 0.4375 0)
(0.5412658774 0.3125 0)
(0.4338719274 0.2542670023 0)
(0.4355351006 0.1280032996 0)
(0.8917468245 0.6875 0)
(0.1078511085 0.312590291 0)
(0.2267952087 0.2305911387 0)
(0.6904514446 0.1103454885 0)
(0.3247595264 0.3125 0)
(0.7577722283 0.5625 0)
(0.4316345775 0.6272085211 0)
(0.1863712845 0.1039854939 0)
(0.9070743513 0.1918537212 0)
(0.8066379932 0.8965842169 0)
(0.1028269136 0.8088666439 0)
(0.7442867923 0.2056940881 0)
(0.7499266505 0.7989110606 0)
(0.5244748795 0.2080266707 0)
(0.5625 0.9154642988 0)
(0.3391950526 0.2087926974 0)
(0.3125 0.9226624455 0)
(0.9084936491 0.09150635095 0)
(0.09150635095 0.09150635095 0)
(0.09150635095 0.9084936491 0)
(0.9084936491 0.9084936491 0)
(0.8247595264 0.625 0)
(0.8247595264 0.375 0)
(0.8247595264 0.5 0)
(0.824693033 0.7398386527 0)
(0.8253550026 0.2510355734 0)
(0.5714876988 0.112424381 0.001)
(0.8917468245 0.5625 0.001)
(0.4359051369 0.8892750608 0.001)
(0.1082531755 0.4375 0.001)
(0.8955068139 0.312810866 0.001)
(0.6692259739 0.8817373149 0.001)
(0.3016592932 0.1120370156 0.001)
(0.1070150426 0.6901081464 0.001)
(0.8130906424 0.1207695368 0.001)
(0.8917468245 0.8125 0.001)
(0.2033420656 0.8905148078 0.001)
(0.1058465056 0.1880296712 0.001)
(0.10804682 0.5629346911 0.001)
(0.2164719584 0.5000724485 0.001)
(0.2165006188 0.3750120748 0.001)
(0.324752839 0.4375140872 0.001)
(0.323606589 0.5643504202 0.001)
(0.4328194311 0.5003107512 0.001)
(0.4329793755 0.3750541397 0.001)
(0.5412281112 0.4375608152 0.001)
(0.5412273712 0.5625619277 0.001)
(0.6495190528 0.5 0.001)
(0.6495127585 0.3750101359 0.001)
(0.6495126351 0.6250103213 0.001)
(0.5412583901 0.6875120415 0.001)
(0.7577722283 0.4375 0.001)
(0.6495190528 0.75 0.001)
(0.7523683811 0.686675254 0.001)
(0.7523230786 0.3133811713 0.001)
(0.6402137934 0.2329386704 0.001)
(0.5449925773 0.8124140065 0.001)
(0.4330127019 0.75 0.001)
(0.3232140481 0.8221267806 0.001)
(0.317882982 0.6985159857 0.001)
(0.2131232467 0.7624318058 0.001)
(0.2149716525 0.6283825593 0.001)
(0.8917468245 0.4375 0.001)
(0.5412658774 0.3125 0.001)
(0.4338719274 0.2542670023 0.001)
(0.4355351006 0.1280032996 0.001)
(0.8917468245 0.6875 0.001)
(0.1078511085 0.312590291 0.001)
(0.2267952087 0.2305911387 0.001)
(0.6904514446 0.1103454885 0.001)
(0.3247595264 0.3125 0.001)
(0.7577722283 0.5625 0.001)
(0.4316345775 0.6272085211 0.001)
(0.1863712845 0.1039854939 0.001)
(0.9070743513 0.1918537212 0.001)
(0.8066379932 0.8965842169 0.001)
(0.1028269136 0.8088666439 0.001)
(0.7442867923 0.2056940881 0.001)
(0.7499266505 0.7989110606 0.001)
(0.5244748795 0.2080266707 0.001)
(0.5625 0.9154642988 0.001)
(0.3391950526 0.2087926974 0.001)
(0.3125 0.9226624455 0.001)
(0.9084936491 0.09150635095 0.001)
(0.09150635095 0.09150635095 0.001)
(0.09150635095 0.9084936491 0.001)
(0.9084936491 0.9084936491 0.001)
(0.8247595264 0.625 0.001)
(0.8247595264 0.375 0.001)
(0.8247595264 0.5 0.001)
(0.824693033 0.7398386527 0.001)
(0.8253550026 0.2510355734 0.001)
)


// ************************************************************************* //
