/*--------------------------------*- C++ -*----------------------------------*\
| =========                 |                                                 |
| \\      /  F ield         | OpenFOAM: The Open Source CFD Toolbox           |
|  \\    /   O peration     | Version:  2412                                  |
|   \\  /    A nd           | Website:  www.openfoam.com                      |
|    \\/     M anipulation  |                                                 |
\*---------------------------------------------------------------------------*/
FoamFile
{
    version     2.0;
    format      ascii;
    arch        "LSB;label=32;scalar=64";
    class       faceList;
    location    "constant/polyMesh";
    object      faces;
}
// * * * * * * * * * * * * * * * * * * * * * * * * * * * * * * * * * * * * * //


2561
(
4(268 365 685 588)
4(341 661 685 365)
4(341 268 588 661)
4(177 292 612 497)
4(177 497 613 293)
4(292 293 613 612)
4(338 285 605 658)
4(338 658 777 457)
4(285 457 777 605)
4(168 295 615 488)
4(168 488 616 296)
4(295 296 616 615)
4(338 413 733 658)
4(285 605 733 413)
4(421 443 763 741)
4(416 421 741 736)
4(416 736 763 443)
4(381 222 542 701)
4(381 701 705 385)
4(222 385 705 542)
4(318 355 675 638)
4(330 318 638 650)
4(330 650 675 355)
4(279 395 715 599)
4(328 279 599 648)
4(328 648 715 395)
4(190 419 739 510)
4(400 190 510 720)
4(400 720 739 419)
4(360 680 773 453)
4(360 246 566 680)
4(246 453 773 566)
4(191 420 740 511)
4(404 191 511 724)
4(404 724 740 420)
4(381 424 744 701)
4(222 542 744 424)
4(401 721 752 432)
4(401 14 92 721)
4(14 432 752 92)
4(359 360 680 679)
4(359 679 773 453)
4(23 316 636 101)
4(22 100 636 316)
4(206 328 648 526)
4(327 206 526 647)
4(327 647 648 328)
4(171 300 620 491)
4(300 423 743 620)
4(171 491 743 423)
4(300 620 685 365)
4(171 365 685 491)
4(196 516 517 197)
4(196 190 510 516)
4(190 197 517 510)
4(175 316 636 495)
4(23 175 495 101)
4(315 284 604 635)
4(315 635 692 372)
4(284 372 692 604)
4(421 198 518 741)
4(198 443 763 518)
4(340 395 715 660)
4(279 340 660 599)
4(402 302 622 722)
4(402 722 776 456)
4(302 456 776 622)
4(177 441 761 497)
4(292 612 761 441)
4(295 615 618 298)
4(168 298 618 488)
4(355 675 687 367)
4(318 367 687 638)
4(301 621 722 402)
4(301 302 622 621)
4(197 198 518 517)
4(196 516 518 198)
4(299 164 484 619)
4(164 475 795 484)
4(299 619 795 475)
4(177 497 614 294)
4(293 294 614 613)
4(167 303 623 487)
4(303 432 752 623)
4(167 487 752 432)
4(365 685 757 437)
4(268 437 757 588)
4(190 45 123 510)
4(45 419 739 123)
4(191 84 162 511)
4(84 420 740 162)
4(305 401 721 625)
4(305 625 752 432)
4(328 648 756 436)
4(206 436 756 526)
4(299 438 758 619)
4(164 484 758 438)
4(336 230 550 656)
4(230 415 735 550)
4(336 656 735 415)
4(367 384 704 687)
4(204 367 687 524)
4(204 524 704 384)
4(230 550 792 472)
4(336 472 792 656)
4(284 604 775 455)
4(315 455 775 635)
4(286 606 607 287)
4(286 191 511 606)
4(191 287 607 511)
4(303 623 765 445)
4(167 445 765 487)
4(168 488 749 429)
4(296 429 749 616)
4(434 754 769 449)
4(434 240 560 754)
4(240 449 769 560)
4(244 347 667 564)
4(347 450 770 667)
4(244 564 770 450)
4(281 351 671 601)
4(351 449 769 671)
4(281 601 769 449)
4(351 170 490 671)
4(170 353 673 490)
4(351 671 673 353)
4(200 329 649 520)
4(200 520 650 330)
4(329 330 650 649)
4(67 145 673 353)
4(68 353 673 146)
4(83 161 511 191)
4(44 122 510 190)
4(44 458 778 122)
4(43 121 778 458)
4(197 329 649 517)
4(200 197 517 520)
4(351 671 737 417)
4(281 417 737 601)
4(83 459 779 161)
4(82 160 779 459)
4(286 606 609 289)
4(287 289 609 607)
4(197 199 519 517)
4(198 518 519 199)
4(375 383 703 695)
4(224 375 695 544)
4(224 544 703 383)
4(170 490 737 417)
4(288 191 511 608)
4(288 608 724 404)
4(297 384 704 617)
4(367 297 617 687)
4(381 335 655 701)
4(335 424 744 655)
4(170 67 145 490)
4(329 190 510 649)
4(329 649 720 400)
4(349 669 769 449)
4(349 434 754 669)
4(402 722 743 423)
4(402 29 107 722)
4(29 423 743 107)
4(307 65 143 627)
4(65 471 791 143)
4(307 627 791 471)
4(288 308 628 608)
4(287 288 608 607)
4(287 607 628 308)
4(308 628 629 309)
4(288 309 629 608)
4(301 423 743 621)
4(300 301 621 620)
4(63 141 486 166)
4(64 166 486 142)
4(75 174 494 153)
4(74 152 494 174)
4(36 173 493 114)
4(35 113 493 173)
4(204 355 675 524)
4(24 102 630 310)
4(25 310 630 103)
4(173 493 642 322)
4(36 322 642 114)
4(75 321 641 153)
4(174 494 641 321)
4(65 143 742 422)
4(307 422 742 627)
4(13 91 721 401)
4(185 62 140 505)
4(185 505 651 331)
4(62 331 651 140)
4(81 159 515 195)
4(82 195 515 160)
4(42 120 514 194)
4(43 194 514 121)
4(347 667 754 434)
4(244 434 754 564)
4(184 73 151 504)
4(73 337 657 151)
4(184 504 657 337)
4(408 728 738 418)
4(408 374 694 728)
4(374 418 738 694)
4(306 401 721 626)
4(305 306 626 625)
4(279 599 756 436)
4(37 115 501 181)
4(38 181 501 116)
4(76 154 500 180)
4(77 180 500 155)
4(83 161 606 286)
4(44 122 516 196)
4(364 341 661 684)
4(364 684 685 365)
4(268 588 760 440)
4(341 440 760 661)
4(61 139 505 185)
4(318 638 774 454)
4(330 454 774 650)
4(200 520 675 355)
4(201 355 675 521)
4(204 201 521 524)
4(185 505 652 332)
4(331 332 652 651)
4(196 458 778 516)
4(347 346 666 667)
4(346 450 770 666)
4(54 132 488 168)
4(55 168 488 133)
4(16 167 487 94)
4(15 93 487 167)
4(316 636 762 442)
4(175 442 762 495)
4(286 459 779 606)
4(303 305 625 623)
4(72 150 504 184)
4(34 183 503 112)
4(33 111 503 183)
4(352 382 702 672)
4(169 489 702 382)
4(169 352 672 489)
4(289 377 697 609)
4(289 609 748 428)
4(377 428 748 697)
4(302 383 703 622)
4(375 302 622 695)
4(26 104 702 382)
4(27 382 702 105)
4(322 323 643 642)
4(173 493 643 323)
4(172 343 663 492)
4(343 344 664 663)
4(172 492 664 344)
4(70 343 663 148)
4(172 70 148 492)
4(201 200 520 521)
4(50 128 637 317)
4(51 317 637 129)
4(11 89 639 319)
4(12 319 639 90)
4(369 363 683 689)
4(369 689 690 370)
4(363 370 690 683)
4(68 391 711 146)
4(353 673 711 391)
4(333 380 700 653)
4(368 333 653 688)
4(368 688 700 380)
4(199 519 520 200)
4(339 364 684 659)
4(32 110 684 364)
4(32 339 659 110)
4(339 341 661 659)
4(312 632 702 382)
4(182 382 702 502)
4(312 182 502 632)
4(294 614 738 418)
4(294 408 728 614)
4(199 519 521 201)
4(186 356 676 506)
4(17 186 506 95)
4(17 95 676 356)
4(403 723 800 480)
4(403 248 568 723)
4(248 480 800 568)
4(351 349 669 671)
4(375 695 755 435)
4(224 435 755 544)
4(66 471 791 144)
4(265 452 772 585)
4(452 466 786 772)
4(265 585 786 466)
4(308 462 782 628)
4(308 628 786 466)
4(462 466 786 782)
4(335 380 700 655)
4(333 335 655 653)
4(350 670 800 480)
4(350 403 723 670)
4(261 308 628 581)
4(308 448 768 628)
4(261 581 768 448)
4(381 701 753 433)
4(385 433 753 705)
4(202 366 686 522)
4(366 379 699 686)
4(202 522 699 379)
4(323 325 645 643)
4(325 366 686 645)
4(323 643 686 366)
4(324 371 691 644)
4(173 493 691 371)
4(173 324 644 493)
4(324 395 715 644)
4(371 691 715 395)
4(265 354 674 585)
4(354 452 772 674)
4(380 700 701 381)
4(322 325 645 642)
4(71 343 663 149)
4(69 391 711 147)
4(60 176 496 138)
4(59 137 496 176)
4(20 98 497 177)
4(21 177 497 99)
4(331 166 486 651)
4(166 412 732 486)
4(331 651 732 412)
4(175 495 630 310)
4(175 24 102 495)
4(185 505 688 368)
4(185 333 653 505)
4(324 328 648 644)
4(344 373 693 664)
4(350 344 664 670)
4(350 670 693 373)
4(300 620 757 437)
4(310 372 692 630)
4(175 495 692 372)
4(186 357 677 506)
4(356 676 677 357)
4(264 584 597 277)
4(258 277 597 578)
4(264 258 578 584)
4(182 310 630 502)
4(25 182 502 103)
4(35 113 691 371)
4(310 630 631 311)
4(182 311 631 502)
4(311 372 692 631)
4(343 373 693 663)
4(201 202 522 521)
4(199 519 522 202)
4(201 203 523 521)
4(202 522 523 203)
4(361 681 689 369)
4(361 363 683 681)
4(264 584 602 282)
4(277 282 602 597)
4(401 721 797 477)
4(306 477 797 626)
4(352 312 632 672)
4(28 106 722 402)
4(311 315 635 631)
4(378 392 712 698)
4(275 378 698 595)
4(275 595 712 392)
4(295 615 698 378)
4(298 378 698 618)
4(61 139 688 368)
4(277 597 726 406)
4(258 406 726 578)
4(58 361 681 136)
4(58 136 689 369)
4(37 322 642 115)
4(76 321 641 154)
4(183 503 691 371)
4(34 371 691 112)
4(31 109 684 364)
4(63 331 651 141)
4(182 26 104 502)
4(27 169 489 105)
4(74 337 657 152)
4(186 374 694 506)
4(358 186 506 678)
4(358 678 694 374)
4(203 523 524 204)
4(57 187 507 135)
4(56 134 507 187)
4(18 186 506 96)
4(71 342 662 149)
4(342 343 663 662)
4(176 496 688 368)
4(60 368 688 138)
4(204 205 525 524)
4(203 523 525 205)
4(69 172 492 147)
4(172 391 711 492)
4(177 497 738 418)
4(72 342 662 150)
4(378 267 587 698)
4(267 392 712 587)
4(206 205 525 526)
4(205 207 527 525)
4(206 526 527 207)
4(275 295 615 595)
4(205 525 704 384)
4(261 462 782 581)
4(176 496 700 380)
4(33 339 659 111)
4(289 452 772 609)
4(377 697 772 452)
4(171 364 684 491)
4(174 337 657 494)
4(16 94 676 356)
4(181 322 642 501)
4(180 321 641 500)
4(183 503 715 395)
4(187 369 689 507)
4(187 507 690 370)
4(287 607 786 466)
4(48 126 708 388)
4(49 388 708 127)
4(9 87 709 389)
4(10 389 709 88)
4(316 441 761 636)
4(22 100 761 441)
4(304 303 623 624)
4(304 624 765 445)
4(207 208 528 527)
4(208 209 529 528)
4(207 527 529 209)
4(221 541 703 383)
4(221 224 544 541)
4(38 409 729 116)
4(181 501 729 409)
4(203 523 526 206)
4(205 208 528 525)
4(332 333 653 652)
4(276 295 615 596)
4(275 276 596 595)
4(344 345 665 664)
4(172 492 665 345)
4(256 270 590 576)
4(254 574 590 270)
4(254 256 576 574)
4(179 11 89 499)
4(179 499 639 319)
4(178 50 128 498)
4(178 498 637 317)
4(276 296 616 596)
4(18 374 694 96)
4(293 407 727 613)
4(294 614 727 407)
4(246 566 731 411)
4(360 411 731 680)
4(220 221 541 540)
4(220 540 703 383)
4(171 31 109 491)
4(184 342 662 504)
4(413 733 799 479)
4(338 479 799 658)
4(59 361 681 137)
4(78 156 509 189)
4(79 189 509 157)
4(39 117 508 188)
4(40 188 508 118)
4(169 402 722 489)
4(169 489 776 456)
4(275 208 528 595)
4(208 276 596 528)
4(46 419 739 124)
4(296 297 617 616)
4(297 299 619 617)
4(296 616 619 299)
4(277 597 733 413)
4(406 413 733 726)
4(85 420 740 163)
4(359 482 802 679)
4(357 359 679 677)
4(357 677 802 482)
4(357 677 678 358)
4(209 529 595 275)
4(209 210 530 529)
4(207 527 530 210)
4(233 387 707 553)
4(232 233 553 552)
4(232 552 707 387)
4(236 387 707 556)
4(233 236 556 553)
4(405 184 504 725)
4(405 725 777 457)
4(184 457 777 504)
4(183 339 659 503)
4(342 662 725 405)
4(168 446 766 488)
4(298 618 766 446)
4(19 374 694 97)
4(57 369 689 135)
4(323 324 644 643)
4(167 487 676 356)
4(231 551 706 386)
4(231 230 550 551)
4(230 386 706 550)
4(270 271 591 590)
4(271 303 623 591)
4(270 590 623 303)
4(54 132 749 429)
4(219 385 705 539)
4(222 219 539 542)
4(348 349 669 668)
4(348 668 671 351)
4(210 212 532 530)
4(210 530 599 279)
4(212 279 599 532)
4(202 447 767 522)
4(366 686 767 447)
4(219 217 537 539)
4(217 385 705 537)
4(362 682 700 380)
4(362 176 496 682)
4(344 346 666 664)
4(345 665 666 346)
4(311 631 632 312)
4(359 414 734 679)
4(414 482 802 734)
4(346 666 670 350)
4(274 302 622 594)
4(301 274 594 621)
4(358 359 679 678)
4(325 379 699 645)
4(348 347 667 668)
4(347 349 669 667)
4(266 283 603 586)
4(266 586 604 284)
4(283 284 604 603)
4(234 554 706 386)
4(234 231 551 554)
4(210 530 531 211)
4(209 211 531 529)
4(256 271 591 576)
4(320 448 768 640)
4(309 629 768 448)
4(309 320 640 629)
4(196 516 741 421)
4(276 297 617 596)
4(220 219 539 540)
4(219 221 541 539)
4(209 529 712 392)
4(274 383 703 594)
4(274 220 540 594)
4(362 682 701 381)
4(221 541 543 223)
4(221 222 542 541)
4(222 223 543 542)
4(224 223 543 544)
4(223 225 545 543)
4(224 544 545 225)
4(214 215 535 534)
4(213 214 534 533)
4(213 533 535 215)
4(215 216 536 535)
4(216 217 537 536)
4(215 535 537 217)
4(271 305 625 591)
4(176 361 681 496)
4(78 156 696 376)
4(189 376 696 509)
4(218 538 539 219)
4(218 217 537 538)
4(217 260 580 537)
4(260 385 705 580)
4(250 249 569 570)
4(249 251 571 569)
4(250 570 571 251)
4(247 249 569 567)
4(247 567 570 250)
4(218 538 540 220)
4(52 130 795 475)
4(53 475 795 131)
4(236 266 586 556)
4(266 387 707 586)
4(30 108 491 171)
4(272 290 610 592)
4(280 600 610 290)
4(280 272 592 600)
4(342 373 693 662)
4(266 278 598 586)
4(278 283 603 598)
4(337 338 658 657)
4(337 657 777 457)
4(345 347 667 665)
4(345 665 668 348)
4(214 216 536 534)
4(361 681 682 362)
4(247 248 568 567)
4(248 249 569 568)
4(272 291 611 592)
4(290 610 611 291)
4(211 212 532 531)
4(283 292 612 603)
4(283 603 636 316)
4(292 316 636 612)
4(357 445 765 677)
4(356 676 765 445)
4(254 574 714 394)
4(270 394 714 590)
4(216 260 580 536)
4(215 535 538 218)
4(263 583 592 272)
4(234 272 592 554)
4(263 234 554 583)
4(245 247 567 565)
4(246 245 565 566)
4(246 566 567 247)
4(327 323 643 647)
4(327 647 686 366)
4(280 600 627 307)
4(290 307 627 610)
4(334 332 652 654)
4(334 654 656 336)
4(332 336 656 652)
4(225 545 546 226)
4(223 226 546 543)
4(333 653 654 334)
4(213 268 588 533)
4(212 213 533 532)
4(212 532 588 268)
4(273 220 540 593)
4(273 593 594 274)
4(218 393 713 538)
4(215 535 713 393)
4(77 155 696 376)
4(238 266 586 558)
4(236 238 558 556)
4(251 571 572 252)
4(249 252 572 569)
4(243 563 565 245)
4(243 244 564 563)
4(244 245 565 564)
4(213 211 531 533)
4(211 214 534 531)
4(213 393 713 533)
4(268 588 713 393)
4(225 545 547 227)
4(226 227 547 546)
4(229 227 547 549)
4(229 549 550 230)
4(227 230 550 547)
4(218 273 593 538)
4(273 393 713 593)
4(251 571 573 253)
4(252 253 573 572)
4(284 387 707 604)
4(358 360 680 678)
4(245 248 568 565)
4(263 583 600 280)
4(276 384 704 596)
4(370 483 803 690)
4(187 507 803 483)
4(228 227 547 548)
4(228 548 549 229)
4(225 545 548 228)
4(272 592 706 386)
4(358 678 728 408)
4(251 571 574 254)
4(253 254 574 573)
4(243 563 566 246)
4(348 668 673 353)
4(229 549 551 231)
4(214 267 587 534)
4(216 536 587 267)
4(252 262 582 572)
4(253 573 582 262)
4(270 590 624 304)
4(231 232 552 551)
4(229 549 552 232)
4(345 391 711 665)
4(238 278 598 558)
4(278 292 612 598)
4(311 631 633 313)
4(312 313 633 632)
4(52 164 484 130)
4(51 129 484 164)
4(13 165 485 91)
4(12 90 485 165)
4(28 169 489 106)
4(66 144 490 170)
4(291 611 706 386)
4(267 587 730 410)
4(378 410 730 698)
4(300 274 594 620)
4(251 394 714 571)
4(250 570 714 394)
4(313 315 635 633)
4(241 243 563 561)
4(242 241 561 562)
4(242 562 563 243)
4(416 460 780 736)
4(421 741 780 460)
4(241 244 564 561)
4(348 391 711 668)
4(262 582 589 269)
4(252 269 589 572)
4(229 399 719 549)
4(228 548 719 399)
4(231 233 553 551)
4(235 555 583 263)
4(235 234 554 555)
4(233 553 554 234)
4(362 363 683 682)
4(269 285 605 589)
4(262 582 605 285)
4(208 384 704 528)
4(263 583 601 281)
4(280 281 601 600)
4(237 240 560 557)
4(239 559 560 240)
4(239 237 557 559)
4(64 422 742 142)
4(166 486 742 422)
4(211 531 712 392)
4(273 593 620 300)
4(315 635 719 399)
4(313 399 719 633)
4(314 312 632 634)
4(314 634 672 352)
4(327 447 767 647)
4(206 526 767 447)
4(183 340 660 503)
4(339 659 660 340)
4(313 633 634 314)
4(214 534 712 392)
4(334 335 655 654)
4(237 238 558 557)
4(236 237 557 556)
4(304 394 714 624)
4(263 396 716 583)
4(235 555 716 396)
4(20 98 738 418)
4(237 396 716 557)
4(240 560 716 396)
4(233 235 555 553)
4(235 236 556 555)
4(271 306 626 591)
4(314 634 695 375)
4(352 375 695 672)
4(239 241 561 559)
4(239 559 562 242)
4(240 241 561 560)
4(281 396 716 601)
4(238 558 559 239)
4(278 598 718 398)
4(238 398 718 558)
4(235 237 557 555)
4(232 399 719 552)
4(278 293 613 598)
4(370 410 730 690)
4(410 483 803 730)
4(81 159 788 468)
4(195 468 788 515)
4(42 120 787 467)
4(194 467 787 514)
4(293 613 718 398)
4(239 559 718 398)
4(242 398 718 562)
4(15 432 752 93)
4(286 606 748 428)
4(259 579 584 264)
4(259 258 578 579)
4(410 439 759 730)
4(267 587 759 439)
4(249 569 723 403)
4(340 341 661 660)
4(165 485 721 401)
4(55 446 766 133)
4(285 605 725 405)
4(269 405 725 589)
4(257 261 581 577)
4(257 577 710 390)
4(261 390 710 581)
4(174 338 658 494)
4(297 438 758 617)
4(21 441 761 99)
4(324 327 647 644)
4(180 500 696 376)
4(252 403 723 572)
4(269 589 723 403)
4(166 473 793 486)
4(412 732 793 473)
4(19 418 738 97)
4(181 325 645 501)
4(279 440 760 599)
4(340 660 760 440)
4(264 584 674 354)
4(282 354 674 602)
4(314 634 755 435)
4(243 563 731 411)
4(207 436 756 527)
4(277 597 799 479)
4(254 255 575 574)
4(255 256 576 575)
4(373 693 725 405)
4(398 407 727 718)
4(203 447 767 523)
4(227 415 735 547)
4(280 600 737 417)
4(307 417 737 627)
4(212 532 760 440)
4(257 259 579 577)
4(259 261 581 579)
4(30 423 743 108)
4(262 406 726 582)
4(253 573 726 406)
4(39 409 729 117)
4(367 438 758 687)
4(332 652 732 412)
4(56 134 766 446)
4(187 446 766 507)
4(223 424 744 543)
4(226 546 744 424)
4(326 181 501 646)
4(326 646 729 409)
4(433 478 798 753)
4(363 433 753 683)
4(363 683 798 478)
4(210 530 756 436)
4(242 407 727 562)
4(265 264 584 585)
4(164 317 637 484)
4(165 319 639 485)
4(271 591 710 390)
4(256 390 710 576)
4(360 680 728 408)
4(306 626 710 390)
4(376 696 697 377)
4(189 377 697 509)
4(242 411 731 562)
4(407 727 731 411)
4(298 410 730 618)
4(393 437 757 713)
4(321 641 771 451)
4(431 451 771 751)
4(321 431 751 641)
4(394 414 734 714)
4(250 570 734 414)
4(372 692 762 442)
4(284 442 762 604)
4(283 603 762 442)
4(334 654 735 415)
4(253 255 575 573)
4(164 318 638 484)
4(317 637 638 318)
4(174 494 771 451)
4(188 409 729 508)
4(257 577 578 258)
4(255 258 578 575)
4(257 255 575 577)
4(225 545 755 435)
4(228 435 755 548)
4(320 430 750 640)
4(430 448 768 750)
4(433 260 580 753)
4(260 478 798 580)
4(262 582 733 413)
4(259 579 585 265)
4(370 439 759 690)
4(405 725 781 461)
4(269 461 781 589)
4(336 656 732 412)
4(325 645 646 326)
4(216 439 759 536)
4(260 580 759 439)
4(304 414 734 624)
4(376 696 717 397)
4(377 397 717 697)
4(241 561 754 434)
4(387 707 775 455)
4(326 379 699 646)
4(429 749 795 475)
4(429 299 619 749)
4(53 429 749 131)
4(245 450 770 565)
4(248 568 770 450)
4(386 706 792 472)
4(273 593 757 437)
4(319 639 640 320)
4(165 320 640 485)
4(180 500 717 397)
4(282 431 751 602)
4(354 674 751 431)
4(247 453 773 567)
4(226 415 735 546)
4(375 456 776 695)
4(10 88 499 179)
4(49 127 498 178)
4(289 466 786 609)
4(255 406 726 575)
4(9 192 512 87)
4(8 86 512 192)
4(48 193 513 126)
4(47 125 513 193)
4(373 693 781 461)
4(329 425 745 649)
4(330 650 745 425)
4(256 576 577 257)
4(396 449 769 716)
4(282 451 771 602)
4(199 474 794 519)
4(198 518 794 474)
4(422 473 793 742)
4(362 433 753 682)
4(40 118 746 426)
4(41 426 746 119)
4(79 157 747 427)
4(80 427 747 158)
4(399 455 775 719)
4(415 470 790 735)
4(334 654 790 470)
4(290 422 742 610)
4(397 717 751 431)
4(397 354 674 717)
4(0 4 784 464)
4(8 464 784 86)
4(2 6 785 465)
4(47 465 785 125)
4(414 453 773 734)
4(250 570 773 453)
4(370 690 798 478)
4(1 467 787 5)
4(41 119 787 467)
4(3 468 788 7)
4(80 158 788 468)
4(352 456 776 672)
4(232 455 775 552)
4(320 640 801 481)
4(309 481 801 629)
4(338 658 771 451)
4(193 513 708 388)
4(192 512 709 389)
4(412 732 792 472)
4(412 291 611 732)
4(291 472 792 611)
4(399 476 796 719)
4(228 548 796 476)
4(288 444 764 608)
4(309 629 764 444)
4(178 388 708 498)
4(179 389 709 499)
4(313 476 796 633)
4(202 522 794 474)
4(379 474 794 699)
4(226 470 790 546)
4(445 765 802 482)
4(318 438 758 638)
4(417 737 791 471)
4(188 508 746 426)
4(189 509 747 427)
4(85 163 784 464)
4(46 124 785 465)
4(180 431 751 500)
4(165 485 797 477)
4(193 400 720 513)
4(193 513 739 419)
4(390 710 750 430)
4(261 430 750 581)
4(388 400 720 708)
4(192 404 724 512)
4(192 512 740 420)
4(409 729 736 416)
4(188 416 736 508)
4(397 717 772 452)
4(389 404 724 709)
4(377 463 783 697)
4(428 748 783 463)
4(317 637 774 454)
4(326 646 736 416)
4(388 708 745 425)
4(178 425 745 498)
4(290 473 793 610)
4(306 626 750 430)
4(259 462 782 579)
4(400 425 745 720)
4(170 490 791 471)
4(178 498 774 454)
4(282 602 799 479)
4(319 639 801 481)
4(350 670 781 461)
4(294 614 789 469)
4(407 469 789 727)
4(408 728 789 469)
4(291 611 793 473)
4(435 755 796 476)
4(425 745 774 454)
4(389 709 764 444)
4(179 444 764 499)
4(419 739 785 465)
4(420 740 784 464)
4(326 443 763 646)
4(379 699 763 443)
4(446 766 803 483)
4(179 499 801 481)
4(404 724 764 444)
4(430 477 797 750)
4(424 470 790 744)
4(360 680 789 469)
4(450 480 800 770)
4(189 463 783 509)
4(439 478 798 759)
4(403 461 781 723)
4(462 265 585 782)
4(411 469 789 731)
4(346 666 800 480)
4(444 764 801 481)
4(188 460 780 508)
4(335 655 790 470)
4(194 421 741 514)
4(194 514 780 460)
4(193 513 785 465)
4(192 512 784 464)
4(314 476 796 634)
4(320 477 797 640)
4(194 458 778 514)
4(421 741 778 458)
4(195 428 748 515)
4(195 515 783 463)
4(451 479 799 771)
4(195 459 779 515)
4(428 748 779 459)
4(426 460 780 746)
4(427 463 783 747)
4(426 467 787 746)
4(194 426 746 514)
4(427 468 788 747)
4(195 427 747 515)
4(443 763 794 474)
4(298 483 803 618)
4(304 482 802 624)
3(341 365 268)
3(661 588 685)
3(177 293 292)
3(497 612 613)
3(338 457 285)
3(658 605 777)
3(168 296 295)
3(488 615 616)
3(285 413 338)
3(605 658 733)
3(416 443 421)
3(736 741 763)
3(381 385 222)
3(701 542 705)
3(330 355 318)
3(650 638 675)
3(328 395 279)
3(648 599 715)
3(400 419 190)
3(720 510 739)
3(360 453 246)
3(680 566 773)
3(404 420 191)
3(724 511 740)
3(222 424 381)
3(542 701 744)
3(401 432 14)
3(721 92 752)
3(359 453 360)
3(679 680 773)
3(22 316 23)
3(100 101 636)
3(327 328 206)
3(647 526 648)
3(171 423 300)
3(491 620 743)
3(300 365 171)
3(620 491 685)
3(196 197 190)
3(516 510 517)
3(23 316 175)
3(101 495 636)
3(315 372 284)
3(635 604 692)
3(421 443 198)
3(741 518 763)
3(279 395 340)
3(599 660 715)
3(402 456 302)
3(722 622 776)
3(292 441 177)
3(612 497 761)
3(295 298 168)
3(615 488 618)
3(355 367 318)
3(675 638 687)
3(301 402 302)
3(621 622 722)
3(196 198 197)
3(516 517 518)
3(299 475 164)
3(619 484 795)
3(177 294 293)
3(497 613 614)
3(167 432 303)
3(487 623 752)
3(365 437 268)
3(685 588 757)
3(190 419 45)
3(510 123 739)
3(191 420 84)
3(511 162 740)
3(305 432 401)
3(625 721 752)
3(328 436 206)
3(648 526 756)
3(164 438 299)
3(484 619 758)
3(336 415 230)
3(656 550 735)
3(204 384 367)
3(524 687 704)
3(230 472 336)
3(550 656 792)
3(284 455 315)
3(604 635 775)
3(286 287 191)
3(606 511 607)
3(303 445 167)
3(623 487 765)
3(168 429 296)
3(488 616 749)
3(434 449 240)
3(754 560 769)
3(244 450 347)
3(564 667 770)
3(281 449 351)
3(601 671 769)
3(351 353 170)
3(671 490 673)
3(200 330 329)
3(520 649 650)
3(67 353 68)
3(145 146 673)
3(83 191 84)
3(161 162 511)
3(44 190 45)
3(122 123 510)
3(43 458 44)
3(121 122 778)
3(200 329 197)
3(520 517 649)
3(351 417 281)
3(671 601 737)
3(82 459 83)
3(160 161 779)
3(286 289 287)
3(606 607 609)
3(198 199 197)
3(518 517 519)
3(224 383 375)
3(544 695 703)
3(170 417 351)
3(490 671 737)
3(288 404 191)
3(608 511 724)
3(367 384 297)
3(687 617 704)
3(381 424 335)
3(701 655 744)
3(170 353 67)
3(490 145 673)
3(329 400 190)
3(649 510 720)
3(349 449 434)
3(669 754 769)
3(402 423 29)
3(722 107 743)
3(307 471 65)
3(627 143 791)
3(287 308 288)
3(607 608 628)
3(308 309 288)
3(628 608 629)
3(300 423 301)
3(620 621 743)
3(63 166 64)
3(141 142 486)
3(74 174 75)
3(152 153 494)
3(35 173 36)
3(113 114 493)
3(204 367 355)
3(524 675 687)
3(24 310 25)
3(102 103 630)
3(173 322 36)
3(493 114 642)
3(174 321 75)
3(494 153 641)
3(65 422 307)
3(143 627 742)
3(13 401 14)
3(91 92 721)
3(185 331 62)
3(505 140 651)
3(81 195 82)
3(159 160 515)
3(42 194 43)
3(120 121 514)
3(347 434 244)
3(667 564 754)
3(184 337 73)
3(504 151 657)
3(408 418 374)
3(728 694 738)
3(305 401 306)
3(625 626 721)
3(279 436 328)
3(599 648 756)
3(37 181 38)
3(115 116 501)
3(76 180 77)
3(154 155 500)
3(83 286 191)
3(161 511 606)
3(287 288 191)
3(607 511 608)
3(44 196 190)
3(122 510 516)
3(364 365 341)
3(684 661 685)
3(268 440 341)
3(588 661 760)
3(61 185 62)
3(139 140 505)
3(318 454 330)
3(638 650 774)
3(200 355 330)
3(520 650 675)
3(204 355 201)
3(524 521 675)
3(185 332 331)
3(505 651 652)
3(197 329 190)
3(517 510 649)
3(44 458 196)
3(122 516 778)
3(347 450 346)
3(667 666 770)
3(54 168 55)
3(132 133 488)
3(15 167 16)
3(93 94 487)
3(316 442 175)
3(636 495 762)
3(83 459 286)
3(161 606 779)
3(303 432 305)
3(623 625 752)
3(72 184 73)
3(150 151 504)
3(33 183 34)
3(111 112 503)
3(169 382 352)
3(489 672 702)
3(289 428 377)
3(609 697 748)
3(375 383 302)
3(695 622 703)
3(26 382 27)
3(104 105 702)
3(173 323 322)
3(493 642 643)
3(172 344 343)
3(492 663 664)
3(172 343 70)
3(492 148 663)
3(301 423 402)
3(621 722 743)
3(201 355 200)
3(521 520 675)
3(50 317 51)
3(128 129 637)
3(11 319 12)
3(89 90 639)
3(369 370 363)
3(689 683 690)
3(353 391 68)
3(673 146 711)
3(368 380 333)
3(688 653 700)
3(199 200 197)
3(519 517 520)
3(32 364 339)
3(110 659 684)
3(339 364 341)
3(659 661 684)
3(312 382 182)
3(632 502 702)
3(294 418 408)
3(614 728 738)
3(199 201 200)
3(519 520 521)
3(17 356 186)
3(95 506 676)
3(403 480 248)
3(723 568 800)
3(351 449 349)
3(671 669 769)
3(375 435 224)
3(695 544 755)
3(65 471 66)
3(143 144 791)
3(265 466 452)
3(585 772 786)
3(308 466 462)
3(628 782 786)
3(333 380 335)
3(653 655 700)
3(350 480 403)
3(670 723 800)
3(261 448 308)
3(581 628 768)
3(381 433 385)
3(701 705 753)
3(202 379 366)
3(522 686 699)
3(323 366 325)
3(643 645 686)
3(173 371 324)
3(493 644 691)
3(371 395 324)
3(691 644 715)
3(265 452 354)
3(585 674 772)
3(380 381 335)
3(700 655 701)
3(323 325 322)
3(643 642 645)
3(70 343 71)
3(148 149 663)
3(68 391 69)
3(146 147 711)
3(59 176 60)
3(137 138 496)
3(20 177 21)
3(98 99 497)
3(331 412 166)
3(651 486 732)
3(175 310 24)
3(495 102 630)
3(185 368 333)
3(505 653 688)
3(324 395 328)
3(644 648 715)
3(350 373 344)
3(670 664 693)
3(300 437 365)
3(620 685 757)
3(175 372 310)
3(495 630 692)
3(356 357 186)
3(676 506 677)
3(264 277 258)
3(584 578 597)
3(25 310 182)
3(103 502 630)
3(35 371 173)
3(113 493 691)
3(310 311 182)
3(630 502 631)
3(310 372 311)
3(630 631 692)
3(344 373 343)
3(664 663 693)
3(199 202 201)
3(519 521 522)
3(202 203 201)
3(522 521 523)
3(361 369 363)
3(681 683 689)
3(264 282 277)
3(584 597 602)
3(401 477 306)
3(721 626 797)
3(352 382 312)
3(672 632 702)
3(28 402 29)
3(106 107 722)
3(311 372 315)
3(631 635 692)
3(275 392 378)
3(595 698 712)
3(295 378 298)
3(615 618 698)
3(61 368 185)
3(139 505 688)
3(277 406 258)
3(597 578 726)
3(58 369 361)
3(136 681 689)
3(36 322 37)
3(114 115 642)
3(75 321 76)
3(153 154 641)
3(183 371 34)
3(503 112 691)
3(31 364 32)
3(109 110 684)
3(62 331 63)
3(140 141 651)
3(182 382 26)
3(502 104 702)
3(27 382 169)
3(105 489 702)
3(73 337 74)
3(151 152 657)
3(358 374 186)
3(678 506 694)
3(203 204 201)
3(523 521 524)
3(56 187 57)
3(134 135 507)
3(17 186 18)
3(95 96 506)
3(71 343 342)
3(149 662 663)
3(176 368 60)
3(496 138 688)
3(203 205 204)
3(523 524 525)
3(69 391 172)
3(147 492 711)
3(177 418 294)
3(497 614 738)
3(71 342 72)
3(149 150 662)
3(378 392 267)
3(698 587 712)
3(206 207 205)
3(526 525 527)
3(275 378 295)
3(595 615 698)
3(205 384 204)
3(525 524 704)
3(308 462 261)
3(628 581 782)
3(176 380 368)
3(496 688 700)
3(32 339 33)
3(110 111 659)
3(63 331 166)
3(141 486 651)
3(377 452 289)
3(697 609 772)
3(171 365 364)
3(491 684 685)
3(74 337 174)
3(152 494 657)
3(16 356 17)
3(94 95 676)
3(37 322 181)
3(115 501 642)
3(76 321 180)
3(154 500 641)
3(183 395 371)
3(503 691 715)
3(187 370 369)
3(507 689 690)
3(287 466 308)
3(607 628 786)
3(48 388 49)
3(126 127 708)
3(9 389 10)
3(87 88 709)
3(22 441 316)
3(100 636 761)
3(304 445 303)
3(624 623 765)
3(207 209 208)
3(527 528 529)
3(221 383 224)
3(541 544 703)
3(181 409 38)
3(501 116 729)
3(203 206 205)
3(523 525 526)
3(207 208 205)
3(527 525 528)
3(185 333 332)
3(505 652 653)
3(275 295 276)
3(595 596 615)
3(172 345 344)
3(492 664 665)
3(254 270 256)
3(574 576 590)
3(179 319 11)
3(499 89 639)
3(178 317 50)
3(498 128 637)
3(295 296 276)
3(615 596 616)
3(186 374 18)
3(506 96 694)
3(294 407 293)
3(614 613 727)
3(246 411 360)
3(566 680 731)
3(220 383 221)
3(540 541 703)
3(171 364 31)
3(491 109 684)
3(72 342 184)
3(150 504 662)
3(413 479 338)
3(733 658 799)
3(58 361 59)
3(136 137 681)
3(78 189 79)
3(156 157 509)
3(39 188 40)
3(117 118 508)
3(169 456 402)
3(489 722 776)
3(275 276 208)
3(595 528 596)
3(45 419 46)
3(123 124 739)
3(296 299 297)
3(616 617 619)
3(277 413 406)
3(597 726 733)
3(84 420 85)
3(162 163 740)
3(357 482 359)
3(677 679 802)
3(357 358 186)
3(677 506 678)
3(209 275 208)
3(529 528 595)
3(207 210 209)
3(527 529 530)
3(232 387 233)
3(552 553 707)
3(233 387 236)
3(553 556 707)
3(405 457 184)
3(725 504 777)
3(33 339 183)
3(111 503 659)
3(342 405 184)
3(662 504 725)
3(298 446 168)
3(618 488 766)
3(18 374 19)
3(96 97 694)
3(187 369 57)
3(507 135 689)
3(173 324 323)
3(493 643 644)
3(167 356 16)
3(487 94 676)
3(231 386 230)
3(551 550 706)
3(270 303 271)
3(590 591 623)
3(54 429 168)
3(132 488 749)
3(222 385 219)
3(542 539 705)
3(348 351 349)
3(668 669 671)
3(210 279 212)
3(530 532 599)
3(366 447 202)
3(686 522 767)
3(219 385 217)
3(539 537 705)
3(362 380 176)
3(682 496 700)
3(345 346 344)
3(665 664 666)
3(311 312 182)
3(631 502 632)
3(359 482 414)
3(679 734 802)
3(346 350 344)
3(666 664 670)
3(301 302 274)
3(621 594 622)
3(357 359 358)
3(677 678 679)
3(366 379 325)
3(686 645 699)
3(348 349 347)
3(668 667 669)
3(266 284 283)
3(586 603 604)
3(234 386 231)
3(554 551 706)
3(210 211 209)
3(530 529 531)
3(270 271 256)
3(590 576 591)
3(309 448 320)
3(629 640 768)
3(196 421 198)
3(516 518 741)
3(296 297 276)
3(616 596 617)
3(220 221 219)
3(540 539 541)
3(209 392 275)
3(529 595 712)
3(302 383 274)
3(622 594 703)
3(274 383 220)
3(594 540 703)
3(362 381 380)
3(682 700 701)
3(221 223 222)
3(541 542 543)
3(224 225 223)
3(544 543 545)
3(213 215 214)
3(533 534 535)
3(221 224 223)
3(541 543 544)
3(57 369 58)
3(135 136 689)
3(215 217 216)
3(535 536 537)
3(303 305 271)
3(623 591 625)
3(59 361 176)
3(137 496 681)
3(78 376 189)
3(156 509 696)
3(218 219 217)
3(538 537 539)
3(217 385 260)
3(537 580 705)
3(250 251 249)
3(570 569 571)
3(247 250 249)
3(567 569 570)
3(218 220 219)
3(538 539 540)
3(52 475 53)
3(130 131 795)
3(236 387 266)
3(556 586 707)
3(30 171 31)
3(108 109 491)
3(69 172 70)
3(147 148 492)
3(280 290 272)
3(600 592 610)
3(343 373 342)
3(663 662 693)
3(266 283 278)
3(586 598 603)
3(337 457 338)
3(657 658 777)
3(345 348 347)
3(665 667 668)
3(215 216 214)
3(535 534 536)
3(361 362 176)
3(681 496 682)
3(247 249 248)
3(567 568 569)
3(290 291 272)
3(610 592 611)
3(210 212 211)
3(530 531 532)
3(283 316 292)
3(603 612 636)
3(356 445 357)
3(676 677 765)
3(254 394 270)
3(574 590 714)
3(217 260 216)
3(537 536 580)
3(215 218 217)
3(535 537 538)
3(263 272 234)
3(583 554 592)
3(221 222 219)
3(541 539 542)
3(246 247 245)
3(566 565 567)
3(327 366 323)
3(647 643 686)
3(280 307 290)
3(600 610 627)
3(334 336 332)
3(654 652 656)
3(225 226 223)
3(545 543 546)
3(333 334 332)
3(653 652 654)
3(212 268 213)
3(532 533 588)
3(273 274 220)
3(593 540 594)
3(215 393 218)
3(535 538 713)
3(345 347 346)
3(665 666 667)
3(77 376 78)
3(155 156 696)
3(236 266 238)
3(556 558 586)
3(251 252 249)
3(571 569 572)
3(243 245 244)
3(563 564 565)
3(213 214 211)
3(533 531 534)
3(268 393 213)
3(588 533 713)
3(225 227 226)
3(545 546 547)
3(212 213 211)
3(532 531 533)
3(229 230 227)
3(549 547 550)
3(218 393 273)
3(538 593 713)
3(251 253 252)
3(571 572 573)
3(266 387 284)
3(586 604 707)
3(359 360 358)
3(679 678 680)
3(247 248 245)
3(567 565 568)
3(263 280 272)
3(583 592 600)
3(297 384 276)
3(617 596 704)
3(187 483 370)
3(507 690 803)
3(228 229 227)
3(548 547 549)
3(225 228 227)
3(545 547 548)
3(272 386 234)
3(592 554 706)
3(358 408 374)
3(678 694 728)
3(251 254 253)
3(571 573 574)
3(243 246 245)
3(563 565 566)
3(348 353 351)
3(668 671 673)
3(229 231 230)
3(549 550 551)
3(216 267 214)
3(536 534 587)
3(253 262 252)
3(573 572 582)
3(270 304 303)
3(590 623 624)
3(229 232 231)
3(549 551 552)
3(172 391 345)
3(492 665 711)
3(266 278 238)
3(586 558 598)
3(283 292 278)
3(603 598 612)
3(311 313 312)
3(631 632 633)
3(23 175 24)
3(101 102 495)
3(51 164 52)
3(129 130 484)
3(12 165 13)
3(90 91 485)
3(27 169 28)
3(105 106 489)
3(66 170 67)
3(144 145 490)
3(291 386 272)
3(611 592 706)
3(267 410 378)
3(587 698 730)
3(213 393 215)
3(533 535 713)
3(300 301 274)
3(620 594 621)
3(250 394 251)
3(570 571 714)
3(218 273 220)
3(538 540 593)
3(311 315 313)
3(631 633 635)
3(242 243 241)
3(562 561 563)
3(164 475 52)
3(484 130 795)
3(421 460 416)
3(741 736 780)
3(243 244 241)
3(563 561 564)
3(345 391 348)
3(665 668 711)
3(262 269 252)
3(582 572 589)
3(60 368 61)
3(138 139 688)
3(228 399 229)
3(548 549 719)
3(232 233 231)
3(552 551 553)
3(235 263 234)
3(555 554 583)
3(251 394 254)
3(571 574 714)
3(233 234 231)
3(553 551 554)
3(361 363 362)
3(681 682 683)
3(262 285 269)
3(582 589 605)
3(276 384 208)
3(596 528 704)
3(263 281 280)
3(583 600 601)
3(239 240 237)
3(559 557 560)
3(166 422 64)
3(486 142 742)
3(211 392 209)
3(531 529 712)
3(273 300 274)
3(593 594 620)
3(315 399 313)
3(635 633 719)
3(314 352 312)
3(634 632 672)
3(206 447 327)
3(526 647 767)
3(339 340 183)
3(659 503 660)
3(313 314 312)
3(633 632 634)
3(214 392 211)
3(534 531 712)
3(333 335 334)
3(653 654 655)
3(236 238 237)
3(556 557 558)
3(349 434 347)
3(669 667 754)
3(208 384 205)
3(528 525 704)
3(267 392 214)
3(587 534 712)
3(270 394 304)
3(590 624 714)
3(235 396 263)
3(555 583 716)
3(25 182 26)
3(103 104 502)
3(20 418 177)
3(98 497 738)
3(240 396 237)
3(560 557 716)
3(233 236 235)
3(553 555 556)
3(305 306 271)
3(625 591 626)
3(233 235 234)
3(553 554 555)
3(314 375 352)
3(634 672 695)
3(239 242 241)
3(559 561 562)
3(239 241 240)
3(559 560 561)
3(263 396 281)
3(583 601 716)
3(238 239 237)
3(558 557 559)
3(278 398 238)
3(598 558 718)
3(34 371 35)
3(112 113 691)
3(236 237 235)
3(556 555 557)
3(229 399 232)
3(549 552 719)
3(292 293 278)
3(612 598 613)
3(237 396 235)
3(557 555 716)
3(370 483 410)
3(690 730 803)
3(81 468 195)
3(159 515 788)
3(42 467 194)
3(120 514 787)
3(293 398 278)
3(613 598 718)
3(239 398 242)
3(559 562 718)
3(348 391 353)
3(668 673 711)
3(14 432 15)
3(92 93 752)
3(286 428 289)
3(606 609 748)
3(238 398 239)
3(558 559 718)
3(259 264 258)
3(579 578 584)
3(340 395 183)
3(660 503 715)
3(267 439 410)
3(587 730 759)
3(249 403 248)
3(569 568 723)
3(339 341 340)
3(659 660 661)
3(165 401 13)
3(485 91 721)
3(168 446 55)
3(488 133 766)
3(285 405 269)
3(605 589 725)
3(257 390 261)
3(577 581 710)
3(337 338 174)
3(657 494 658)
3(299 438 297)
3(619 617 758)
3(177 441 21)
3(497 99 761)
3(324 328 327)
3(644 647 648)
3(180 376 77)
3(500 155 696)
3(285 457 405)
3(605 725 777)
3(269 403 252)
3(589 572 723)
3(412 473 166)
3(732 486 793)
3(374 418 19)
3(694 97 738)
3(322 325 181)
3(642 501 645)
3(324 327 323)
3(644 643 647)
3(340 440 279)
3(660 599 760)
3(264 354 282)
3(584 602 674)
3(314 435 375)
3(634 695 755)
3(243 411 246)
3(563 566 731)
3(206 436 207)
3(526 527 756)
3(277 479 413)
3(597 733 799)
3(169 402 28)
3(489 106 722)
3(254 256 255)
3(574 575 576)
3(252 403 249)
3(572 569 723)
3(373 405 342)
3(693 662 725)
3(293 407 398)
3(613 718 727)
3(202 447 203)
3(522 523 767)
3(230 415 227)
3(550 547 735)
3(280 417 307)
3(600 627 737)
3(212 440 268)
3(532 588 760)
3(257 261 259)
3(577 579 581)
3(29 423 30)
3(107 108 743)
3(253 406 262)
3(573 582 726)
3(38 409 39)
3(116 117 729)
3(297 438 367)
3(617 687 758)
3(332 412 331)
3(652 651 732)
3(56 446 187)
3(134 507 766)
3(226 424 223)
3(546 543 744)
3(326 409 181)
3(646 501 729)
3(363 478 433)
3(683 753 798)
3(210 436 279)
3(530 599 756)
3(398 407 242)
3(718 562 727)
3(265 354 264)
3(585 584 674)
3(51 317 164)
3(129 484 637)
3(12 319 165)
3(90 485 639)
3(271 390 256)
3(591 576 710)
3(360 408 358)
3(680 678 728)
3(306 390 271)
3(626 591 710)
3(376 377 189)
3(696 509 697)
3(407 411 242)
3(727 562 731)
3(378 410 298)
3(698 618 730)
3(268 437 393)
3(588 713 757)
3(321 451 431)
3(641 751 771)
3(250 414 394)
3(570 714 734)
3(372 442 284)
3(692 604 762)
3(283 442 316)
3(603 636 762)
3(334 415 336)
3(654 656 735)
3(254 255 253)
3(574 573 575)
3(317 318 164)
3(637 484 638)
3(64 422 65)
3(142 143 742)
3(174 451 321)
3(494 641 771)
3(39 409 188)
3(117 508 729)
3(257 258 255)
3(577 575 578)
3(225 435 228)
3(545 548 755)
3(320 448 430)
3(640 750 768)
3(433 478 260)
3(753 580 798)
3(262 413 285)
3(582 605 733)
3(308 448 309)
3(628 629 768)
3(259 265 264)
3(579 584 585)
3(410 439 370)
3(730 690 759)
3(405 461 269)
3(725 589 781)
3(336 412 332)
3(656 652 732)
3(325 326 181)
3(645 501 646)
3(260 439 216)
3(580 536 759)
3(242 411 243)
3(562 563 731)
3(394 414 304)
3(714 624 734)
3(376 397 377)
3(696 697 717)
3(241 434 240)
3(561 560 754)
3(387 455 284)
3(707 604 775)
3(325 379 326)
3(645 646 699)
3(184 457 337)
3(504 657 777)
3(429 475 299)
3(749 619 795)
3(53 475 429)
3(131 749 795)
3(406 413 262)
3(726 582 733)
3(248 450 245)
3(568 565 770)
3(386 472 230)
3(706 550 792)
3(273 437 300)
3(593 620 757)
3(319 320 165)
3(639 485 640)
3(180 397 376)
3(500 696 717)
3(354 431 282)
3(674 602 751)
3(246 453 247)
3(566 567 773)
3(227 415 226)
3(547 546 735)
3(257 259 258)
3(577 578 579)
3(302 456 375)
3(622 695 776)
3(281 417 280)
3(601 600 737)
3(316 441 292)
3(636 612 761)
3(10 179 11)
3(88 89 499)
3(49 178 50)
3(127 128 498)
3(452 466 289)
3(772 609 786)
3(258 406 255)
3(578 575 726)
3(8 192 9)
3(86 87 512)
3(47 193 48)
3(125 126 513)
3(373 461 405)
3(693 725 781)
3(19 418 20)
3(97 98 738)
3(330 425 329)
3(650 649 745)
3(256 257 255)
3(576 575 577)
3(289 466 287)
3(609 607 786)
3(256 390 257)
3(576 577 710)
3(240 449 396)
3(560 716 769)
3(431 451 282)
3(751 602 771)
3(296 429 299)
3(616 619 749)
3(198 474 199)
3(518 519 794)
3(166 473 422)
3(486 742 793)
3(363 433 362)
3(683 682 753)
3(255 406 253)
3(575 573 726)
3(40 426 41)
3(118 119 746)
3(79 427 80)
3(157 158 747)
3(30 423 171)
3(108 491 743)
3(315 455 399)
3(635 719 775)
3(334 470 415)
3(654 735 790)
3(307 422 290)
3(627 610 742)
3(397 431 354)
3(717 674 751)
3(0 464 8)
3(4 86 784)
3(2 465 47)
3(6 125 785)
3(250 453 414)
3(570 734 773)
3(370 478 363)
3(690 683 798)
3(15 432 167)
3(93 487 752)
3(41 467 1)
3(119 5 787)
3(80 468 3)
3(158 7 788)
3(223 424 222)
3(543 542 744)
3(362 433 381)
3(682 701 753)
3(375 456 352)
3(695 672 776)
3(399 455 232)
3(719 552 775)
3(320 481 309)
3(640 629 801)
3(352 456 169)
3(672 489 776)
3(338 451 174)
3(658 494 771)
3(193 388 48)
3(513 126 708)
3(192 389 9)
3(512 87 709)
3(412 472 291)
3(732 611 792)
3(228 476 399)
3(548 719 796)
3(309 444 288)
3(629 608 764)
3(336 472 412)
3(656 732 792)
3(49 388 178)
3(127 498 708)
3(10 389 179)
3(88 499 709)
3(399 476 313)
3(719 633 796)
3(53 429 54)
3(131 132 749)
3(202 474 379)
3(522 699 794)
3(415 470 226)
3(735 546 790)
3(445 482 357)
3(765 677 802)
3(367 438 318)
3(687 638 758)
3(414 453 359)
3(734 679 773)
3(417 471 307)
3(737 627 791)
3(188 426 40)
3(508 118 746)
3(189 427 79)
3(509 157 747)
3(85 464 0)
3(163 4 784)
3(46 465 2)
3(124 6 785)
3(321 431 180)
3(641 500 751)
3(165 477 401)
3(485 721 797)
3(1 467 42)
3(5 120 787)
3(3 468 81)
3(7 159 788)
3(199 474 202)
3(519 522 794)
3(385 433 260)
3(705 580 753)
3(193 419 400)
3(513 720 739)
3(175 442 372)
3(495 692 762)
3(390 430 261)
3(710 581 750)
3(193 400 388)
3(513 708 720)
3(192 420 404)
3(512 724 740)
3(409 416 188)
3(729 508 736)
3(224 435 225)
3(544 545 755)
3(207 436 210)
3(527 530 756)
3(397 452 377)
3(717 697 772)
3(244 434 241)
3(564 561 754)
3(192 404 389)
3(512 709 724)
3(279 440 212)
3(599 532 760)
3(393 437 273)
3(713 593 757)
3(318 438 164)
3(638 484 758)
3(428 463 377)
3(748 697 783)
3(317 454 318)
3(637 638 774)
3(326 416 409)
3(646 729 736)
3(216 439 267)
3(536 587 759)
3(388 425 178)
3(708 498 745)
3(422 473 290)
3(742 610 793)
3(284 442 283)
3(604 603 762)
3(327 447 366)
3(647 686 767)
3(306 430 390)
3(626 710 750)
3(21 441 22)
3(99 100 761)
3(261 462 259)
3(581 579 782)
3(203 447 206)
3(523 526 767)
3(329 425 400)
3(649 720 745)
3(167 445 356)
3(487 676 765)
3(55 446 56)
3(133 134 766)
3(180 431 397)
3(500 717 751)
3(170 471 417)
3(490 737 791)
3(341 440 340)
3(661 660 760)
3(178 454 317)
3(498 637 774)
3(282 479 277)
3(602 597 799)
3(319 481 320)
3(639 640 801)
3(396 449 281)
3(716 601 769)
3(400 425 388)
3(720 708 745)
3(350 461 373)
3(670 693 781)
3(294 469 407)
3(614 727 789)
3(245 450 244)
3(565 564 770)
3(408 469 294)
3(728 614 789)
3(291 473 412)
3(611 732 793)
3(247 453 250)
3(567 570 773)
3(435 476 228)
3(755 548 796)
3(425 454 178)
3(745 498 774)
3(389 444 179)
3(709 499 764)
3(354 452 397)
3(674 717 772)
3(232 455 387)
3(552 707 775)
3(419 465 46)
3(739 124 785)
3(420 464 85)
3(740 163 784)
3(379 443 326)
3(699 646 763)
3(446 483 187)
3(766 507 803)
3(179 481 319)
3(499 639 801)
3(404 444 389)
3(724 709 764)
3(330 454 425)
3(650 745 774)
3(306 477 430)
3(626 750 797)
3(226 470 424)
3(546 744 790)
3(360 469 408)
3(680 728 789)
3(248 480 450)
3(568 770 800)
3(377 463 189)
3(697 509 783)
3(260 478 439)
3(580 759 798)
3(269 461 403)
3(589 723 781)
3(462 466 265)
3(782 585 786)
3(407 469 411)
3(727 731 789)
3(411 469 360)
3(731 680 789)
3(290 473 291)
3(610 611 793)
3(346 480 350)
3(666 670 800)
3(444 481 179)
3(764 499 801)
3(66 471 170)
3(144 490 791)
3(416 460 188)
3(736 508 780)
3(291 472 386)
3(611 706 792)
3(288 444 404)
3(608 724 764)
3(335 470 334)
3(655 654 790)
3(194 460 421)
3(514 741 780)
3(326 443 416)
3(646 736 763)
3(193 465 419)
3(513 739 785)
3(192 464 420)
3(512 740 784)
3(403 461 350)
3(723 670 781)
3(313 476 314)
3(633 634 796)
3(430 477 320)
3(750 640 797)
3(430 448 261)
3(750 581 768)
3(309 481 444)
3(629 764 801)
3(421 458 194)
3(741 514 778)
3(195 463 428)
3(515 748 783)
3(338 479 451)
3(658 771 799)
3(320 477 165)
3(640 485 797)
3(259 462 265)
3(579 585 782)
3(428 459 195)
3(748 515 779)
3(188 460 426)
3(508 746 780)
3(194 458 43)
3(514 121 778)
3(314 476 435)
3(634 755 796)
3(195 459 82)
3(515 160 779)
3(189 463 427)
3(509 747 783)
3(194 467 426)
3(514 746 787)
3(195 468 427)
3(515 747 788)
3(47 465 193)
3(125 513 785)
3(8 464 192)
3(86 512 784)
3(424 470 335)
3(744 655 790)
3(443 474 198)
3(763 518 794)
3(426 467 41)
3(746 119 787)
3(427 468 80)
3(747 158 788)
3(410 483 298)
3(730 618 803)
3(414 482 304)
3(734 624 802)
3(196 458 421)
3(516 741 778)
3(286 459 428)
3(606 748 779)
3(426 460 194)
3(746 514 780)
3(427 463 195)
3(747 515 783)
3(439 478 370)
3(759 690 798)
3(304 482 445)
3(624 765 802)
3(379 474 443)
3(699 763 794)
3(298 483 446)
3(618 766 803)
3(451 479 282)
3(771 602 799)
3(450 480 346)
3(770 666 800)
4(22 23 101 100)
4(67 68 146 145)
4(63 64 142 141)
4(74 75 153 152)
4(35 36 114 113)
4(24 25 103 102)
4(13 14 92 91)
4(37 38 116 115)
4(76 77 155 154)
4(61 62 140 139)
4(54 55 133 132)
4(15 16 94 93)
4(72 73 151 150)
4(33 34 112 111)
4(26 27 105 104)
4(50 51 129 128)
4(11 12 90 89)
4(65 66 144 143)
4(70 71 149 148)
4(68 69 147 146)
4(59 60 138 137)
4(20 21 99 98)
4(28 29 107 106)
4(36 37 115 114)
4(75 76 154 153)
4(31 32 110 109)
4(62 63 141 140)
4(73 74 152 151)
4(56 57 135 134)
4(17 18 96 95)
4(71 72 150 149)
4(32 33 111 110)
4(16 17 95 94)
4(48 49 127 126)
4(9 10 88 87)
4(58 59 137 136)
4(78 79 157 156)
4(39 40 118 117)
4(18 19 97 96)
4(57 58 136 135)
4(52 53 131 130)
4(30 31 109 108)
4(69 70 148 147)
4(77 78 156 155)
4(23 24 102 101)
4(51 52 130 129)
4(12 13 91 90)
4(27 28 106 105)
4(66 67 145 144)
4(60 61 139 138)
4(25 26 104 103)
4(34 35 113 112)
4(14 15 93 92)
4(29 30 108 107)
4(38 39 117 116)
4(64 65 143 142)
4(10 11 89 88)
4(49 50 128 127)
4(8 9 87 86)
4(47 48 126 125)
4(19 20 98 97)
4(40 41 119 118)
4(79 80 158 157)
4(0 8 86 4)
4(2 47 125 6)
4(41 1 5 119)
4(80 3 7 158)
4(53 54 132 131)
4(21 22 100 99)
4(55 56 134 133)
4(44 45 123 122)
4(43 44 122 121)
4(42 43 121 120)
4(45 46 124 123)
4(46 2 6 124)
4(1 42 120 5)
4(83 84 162 161)
4(82 83 161 160)
4(81 82 160 159)
4(84 85 163 162)
4(85 0 4 163)
4(3 81 159 7)
)


// ************************************************************************* //
