/*--------------------------------*- C++ -*----------------------------------*\
| =========                 |                                                 |
| \\      /  F ield         | OpenFOAM: The Open Source CFD Toolbox           |
|  \\    /   O peration     | Version:  2412                                  |
|   \\  /    A nd           | Website:  www.openfoam.com                      |
|    \\/     M anipulation  |                                                 |
\*---------------------------------------------------------------------------*/
FoamFile
{
    version     2.0;
    format      ascii;
    arch        "LSB;label=32;scalar=64";
    note        "nPoints:804  nCells:720  nFaces:2561  nInternalFaces:1039";
    class       labelList;
    location    "constant/polyMesh";
    object      neighbour;
}
// * * * * * * * * * * * * * * * * * * * * * * * * * * * * * * * * * * * * * //


1039
(
33
95
96
25
31
429
4
312
454
26
45
231
238
511
22
383
681
12
142
265
27
98
99
23
89
157
34
66
607
14
234
535
35
62
611
64
574
36
81
437
348
595
20
218
37
403
452
18
72
562
159
208
29
94
102
107
369
42
175
499
284
705
441
460
28
242
538
451
540
177
257
76
594
119
275
59
284
38
382
526
197
233
44
109
571
159
496
53
244
52
247
88
109
89
464
450
620
41
472
501
63
76
202
530
586
523
563
58
92
93
219
634
264
555
67
522
553
85
104
646
56
134
642
61
65
359
55
99
549
65
124
92
94
103
696
102
126
61
539
108
698
438
551
126
556
114
135
221
637
93
678
351
479
148
704
373
102
633
134
409
119
174
476
80
136
596
71
93
215
512
585
119
377
206
398
79
209
78
164
100
155
163
116
181
182
505
504
565
445
97
101
185
432
698
433
696
409
616
110
188
525
130
356
457
172
418
485
211
222
212
453
108
103
128
208
474
638
178
622
661
120
120
190
225
480
710
335
719
264
446
261
571
500
608
711
297
237
183
255
173
187
579
207
438
621
288
538
186
187
149
260
118
167
227
150
308
131
230
488
229
489
170
214
570
151
436
139
156
204
131
128
184
205
444
173
186
272
197
647
168
161
192
210
140
443
665
266
462
613
675
147
543
669
203
215
669
148
407
673
684
203
512
687
575
606
268
277
591
149
277
327
146
164
260
157
213
487
653
290
458
193
196
194
298
415
451
206
456
480
160
369
178
225
452
167
274
644
531
166
608
249
320
171
179
440
165
414
426
166
272
175
310
169
605
190
471
180
393
461
640
602
662
402
466
380
199
201
287
201
495
387
246
544
239
295
211
212
213
426
236
206
414
372
209
232
249
356
195
259
481
232
198
310
204
387
202
223
308
365
415
237
375
411
223
224
464
226
410
631
270
255
543
615
236
449
261
458
601
441
259
352
551
581
587
582
588
540
630
363
715
224
250
251
235
294
478
483
632
410
331
231
243
271
365
282
321
467
541
659
542
639
285
258
470
645
463
671
286
289
307
256
465
691
298
299
598
506
597
466
579
250
395
655
285
450
555
465
528
656
273
276
593
276
287
281
614
253
389
654
306
417
256
454
525
404
469
446
717
457
295
459
634
280
360
530
282
297
363
590
269
325
278
359
318
485
618
471
628
300
301
290
315
274
335
368
595
709
673
288
377
348
524
313
409
311
347
627
355
392
318
399
490
509
512
578
710
351
304
325
399
289
333
575
294
325
574
294
330
613
314
340
376
314
322
323
418
315
336
493
304
323
322
606
303
338
378
316
649
379
382
527
337
347
562
317
328
350
469
366
367
449
525
335
385
361
393
349
443
374
672
343
367
500
540
593
634
391
412
518
334
350
355
390
349
358
535
459
628
473
565
331
501
516
342
482
407
341
343
474
379
400
345
376
453
366
408
346
468
358
384
646
343
406
376
496
354
536
353
360
472
379
619
357
362
523
491
529
396
395
431
658
354
388
508
374
491
391
502
463
436
364
411
624
386
477
412
389
428
385
425
429
380
405
382
488
445
489
466
675
677
442
495
400
391
498
401
384
421
519
676
680
616
436
394
455
428
584
392
413
419
419
558
447
511
410
423
539
416
422
424
504
557
406
531
563
589
405
420
628
632
441
444
685
411
679
424
427
520
423
430
548
430
553
419
427
492
462
576
422
435
522
642
439
434
439
430
577
434
514
708
604
701
603
700
470
439
486
571
711
513
537
514
624
468
638
602
635
454
515
475
552
609
580
479
630
459
533
468
668
557
648
548
517
618
638
487
534
697
519
614
640
502
550
547
486
632
536
539
596
618
537
631
562
528
559
506
594
516
635
658
574
663
517
623
510
558
570
614
494
513
503
532
492
552
664
629
521
666
519
670
708
619
505
554
601
520
569
608
627
627
564
559
620
622
580
612
537
544
550
613
650
686
687
606
667
528
693
714
547
668
586
524
624
667
709
533
615
616
654
657
527
555
590
646
665
677
619
641
692
636
554
566
649
592
576
588
587
551
559
582
703
581
702
644
633
661
552
642
718
605
705
626
575
597
706
598
707
577
592
679
626
636
653
599
703
600
702
595
649
714
603
706
604
707
579
654
641
688
691
610
617
586
648
677
589
650
678
688
625
652
685
605
716
663
715
620
637
695
699
656
655
636
692
610
682
629
687
643
617
683
623
676
653
660
666
690
639
681
643
651
672
662
693
643
675
651
718
659
684
647
670
664
672
697
661
660
674
682
683
681
716
717
674
678
686
704
671
719
699
714
684
693
671
719
688
695
704
689
712
702
703
697
692
696
710
694
713
718
698
711
712
713
706
712
707
713
716
717
715
)


// ************************************************************************* //
