/*--------------------------------*- C++ -*----------------------------------*\
| =========                 |                                                 |
| \\      /  F ield         | OpenFOAM: The Open Source CFD Toolbox           |
|  \\    /   O peration     | Version:  2412                                  |
|   \\  /    A nd           | Website:  www.openfoam.com                      |
|    \\/     M anipulation  |                                                 |
\*---------------------------------------------------------------------------*/
FoamFile
{
    version     2.0;
    format      ascii;
    arch        "LSB;label=32;scalar=64";
    class       vectorField;
    location    "constant/polyMesh";
    object      points;
}
// * * * * * * * * * * * * * * * * * * * * * * * * * * * * * * * * * * * * * //


804
(
(0 0 0)
(8 0 0)
(8 2 0)
(0 2 0)
(0 0 0.001)
(8 0 0.001)
(8 2 0.001)
(0 2 0.001)
(0.2312100684 0 0)
(0.4527075868 0 0)
(0.6920341535 0 0)
(0.9071294734 0 0)
(1.150820347 0 0)
(1.363356543 0 0)
(1.607668713 0 0)
(1.821483302 0 0)
(2.062679102 0 0)
(2.281613335 0 0)
(2.515947528 0 0)
(2.743797612 0 0)
(2.968287028 0 0)
(3.205326777 0 0)
(3.422128165 0 0)
(3.664778999 0 0)
(3.877740495 0 0)
(4.122259505 0 0)
(4.335221001 0 0)
(4.577871835 0 0)
(4.794673223 0 0)
(5.031712972 0 0)
(5.256202388 0 0)
(5.484052472 0 0)
(5.718386665 0 0)
(5.937320898 0 0)
(6.178516698 0 0)
(6.392331287 0 0)
(6.636643457 0 0)
(6.849179653 0 0)
(7.092870527 0 0)
(7.307965846 0 0)
(7.547292413 0 0)
(7.768789932 0 0)
(8 0.2305852702 0)
(8 0.5519949981 0)
(8 1 0)
(8 1.448005002 0)
(8 1.76941473 0)
(7.768789932 2 0)
(7.547292413 2 0)
(7.307965846 2 0)
(7.092870527 2 0)
(6.849179653 2 0)
(6.636643457 2 0)
(6.392331287 2 0)
(6.178516698 2 0)
(5.937320898 2 0)
(5.718386665 2 0)
(5.484052472 2 0)
(5.256202388 2 0)
(5.031712972 2 0)
(4.794673223 2 0)
(4.577871835 2 0)
(4.335221001 2 0)
(4.122259505 2 0)
(3.877740495 2 0)
(3.664778999 2 0)
(3.422128165 2 0)
(3.205326777 2 0)
(2.968287028 2 0)
(2.743797612 2 0)
(2.515947528 2 0)
(2.281613335 2 0)
(2.062679102 2 0)
(1.821483302 2 0)
(1.607668713 2 0)
(1.363356543 2 0)
(1.150820347 2 0)
(0.9071294734 2 0)
(0.6920341535 2 0)
(0.4527075868 2 0)
(0.2312100684 2 0)
(0 1.76941473 0)
(0 1.448005002 0)
(0 1 0)
(0 0.5519949981 0)
(0 0.2305852702 0)
(0.2312100684 0 0.001)
(0.4527075868 0 0.001)
(0.6920341535 0 0.001)
(0.9071294734 0 0.001)
(1.150820347 0 0.001)
(1.363356543 0 0.001)
(1.607668713 0 0.001)
(1.821483302 0 0.001)
(2.062679102 0 0.001)
(2.281613335 0 0.001)
(2.515947528 0 0.001)
(2.743797612 0 0.001)
(2.968287028 0 0.001)
(3.205326777 0 0.001)
(3.422128165 0 0.001)
(3.664778999 0 0.001)
(3.877740495 0 0.001)
(4.122259505 0 0.001)
(4.335221001 0 0.001)
(4.577871835 0 0.001)
(4.794673223 0 0.001)
(5.031712972 0 0.001)
(5.256202388 0 0.001)
(5.484052472 0 0.001)
(5.718386665 0 0.001)
(5.937320898 0 0.001)
(6.178516698 0 0.001)
(6.392331287 0 0.001)
(6.636643457 0 0.001)
(6.849179653 0 0.001)
(7.092870527 0 0.001)
(7.307965846 0 0.001)
(7.547292413 0 0.001)
(7.768789932 0 0.001)
(8 0.2305852702 0.001)
(8 0.5519949981 0.001)
(8 1 0.001)
(8 1.448005002 0.001)
(8 1.76941473 0.001)
(7.768789932 2 0.001)
(7.547292413 2 0.001)
(7.307965846 2 0.001)
(7.092870527 2 0.001)
(6.849179653 2 0.001)
(6.636643457 2 0.001)
(6.392331287 2 0.001)
(6.178516698 2 0.001)
(5.937320898 2 0.001)
(5.718386665 2 0.001)
(5.484052472 2 0.001)
(5.256202388 2 0.001)
(5.031712972 2 0.001)
(4.794673223 2 0.001)
(4.577871835 2 0.001)
(4.335221001 2 0.001)
(4.122259505 2 0.001)
(3.877740495 2 0.001)
(3.664778999 2 0.001)
(3.422128165 2 0.001)
(3.205326777 2 0.001)
(2.968287028 2 0.001)
(2.743797612 2 0.001)
(2.515947528 2 0.001)
(2.281613335 2 0.001)
(2.062679102 2 0.001)
(1.821483302 2 0.001)
(1.607668713 2 0.001)
(1.363356543 2 0.001)
(1.150820347 2 0.001)
(0.9071294734 2 0.001)
(0.6920341535 2 0.001)
(0.4527075868 2 0.001)
(0.2312100684 2 0.001)
(0 1.76941473 0.001)
(0 1.448005002 0.001)
(0 1 0.001)
(0 0.5519949981 0.001)
(0 0.2305852702 0.001)
(6.703679924 1.817497796 0)
(1.247971582 0.1799896344 0)
(4.01206801 1.81937951 0)
(1.942081202 0.1873857366 0)
(6.063024715 1.794613296 0)
(4.665526452 0.1840855305 0)
(3.306872964 1.810791213 0)
(5.371211151 0.2028055142 0)
(2.622951418 1.801175969 0)
(6.515266498 0.1855981265 0)
(1.482111982 1.816683809 0)
(3.771259747 0.184430066 0)
(4.910916701 1.808231874 0)
(3.109025165 0.2151048315 0)
(7.200418187 1.813721989 0)
(0.7995818135 0.1862780113 0)
(1.02897491 1.814830122 0)
(6.97102509 0.1851698779 0)
(4.228740253 0.184430066 0)
(6.059756624 0.1882351673 0)
(1.942081202 1.812614263 0)
(4.455137128 1.812668803 0)
(2.397373415 0.1942328663 0)
(5.602269962 1.827736377 0)
(7.427572293 0.1853528677 0)
(0.5740510535 1.809363503 0)
(7.674375281 1.268417126 0)
(0.3277061313 0.7279198129 0)
(0.3454501866 0.192781653 0)
(7.654549809 1.807220531 0)
(7.765628473 0.3839400968 0)
(0.2345222296 1.616029005 0)
(7.614797262 0.8711539641 0)
(7.355511901 1.043825506 0)
(7.321414437 0.7739916256 0)
(7.109249871 0.9248250754 0)
(7.120974383 1.195074654 0)
(6.888679352 1.055771594 0)
(6.876671251 0.7851743334 0)
(6.663321071 0.9382561333 0)
(6.676397078 1.185923701 0)
(6.461246508 1.061410837 0)
(6.434717896 0.7948477812 0)
(6.251482291 0.9502655922 0)
(6.26112514 1.184146698 0)
(6.057268099 1.076573009 0)
(6.043080658 0.8526555699 0)
(5.853665025 0.9731370655 0)
(5.845233928 0.7505424226 0)
(5.652286811 0.870963811 0)
(5.663795609 1.096354829 0)
(5.462567046 0.9943582777 0)
(5.477154978 1.214091599 0)
(5.274693568 1.116407821 0)
(5.261935627 0.8933780456 0)
(5.075057706 1.015718107 0)
(5.061991859 0.793274801 0)
(4.87696839 0.9149105169 0)
(4.891073889 1.144923731 0)
(4.694532079 1.034073636 0)
(4.680746447 0.8150729742 0)
(4.500508669 0.9403503264 0)
(4.519102085 1.139339941 0)
(4.318324015 1.051275992 0)
(4.312143702 0.8526420058 0)
(4.123242421 0.9593254876 0)
(4.139520152 1.210016399 0)
(3.941253914 1.082605565 0)
(3.924967972 0.868248486 0)
(3.746320895 0.9795821636 0)
(3.758564632 1.194555492 0)
(3.564313336 1.09671832 0)
(3.552482116 0.8783584176 0)
(3.369243501 0.9980042055 0)
(3.357569232 0.7792457508 0)
(3.173162678 0.8990656601 0)
(3.185526854 1.119115027 0)
(2.985445808 1.015752632 0)
(2.977541103 0.8010797899 0)
(2.791156485 0.9216725158 0)
(2.806836653 1.137965072 0)
(2.608766081 1.035248054 0)
(2.591864527 0.8210021836 0)
(2.404638212 0.9482625218 0)
(2.433492563 1.141700738 0)
(2.224900088 1.059678477 0)
(2.20602227 0.8528766824 0)
(2.028093636 0.9652504812 0)
(2.040421711 1.180905591 0)
(1.846621092 1.08406533 0)
(1.83388161 0.8657218095 0)
(1.648230138 0.9891553167 0)
(1.637361095 0.7656341542 0)
(1.441950219 0.8885713914 0)
(1.454663181 1.124872552 0)
(1.240611261 1.021705799 0)
(5.301319522 1.318485304 0)
(1.199308554 0.7814027859 0)
(1.859848622 1.300650565 0)
(3.576550151 1.313660928 0)
(1.257457898 1.267776896 0)
(1.043391672 1.19551832 0)
(3.540867723 0.6595180374 0)
(5.678798123 1.318417048 0)
(5.634828319 0.6128626887 0)
(2.046456037 1.390387139 0)
(1.823788799 0.6469142065 0)
(1.630259725 0.5441478307 0)
(3.770042895 1.411743311 0)
(5.246352856 0.6751034266 0)
(5.049176379 0.5715702351 0)
(6.066556507 1.307067482 0)
(6.26697813 1.41328594 0)
(1.465937443 1.343156457 0)
(3.346174205 0.5607124226 0)
(6.055580664 0.6027292784 0)
(3.589973351 1.527934718 0)
(3.396484744 1.435469197 0)
(1.290209014 1.478802335 0)
(3.526615291 0.4471332221 0)
(3.754564764 0.5474602921 0)
(1.843079172 1.506338441 0)
(0.3872959669 1.130220749 0)
(0.6369074316 0.9501111921 0)
(0.6545432061 0.6215315714 0)
(0.6366190538 1.273815391 0)
(3.774073951 1.614869117 0)
(3.941192691 1.500188962 0)
(3.327495125 0.3438321388 0)
(3.141282736 0.4589094318 0)
(2.933981353 0.3958948651 0)
(6.069898002 1.541545136 0)
(6.273429559 1.638454689 0)
(6.468890366 1.52960282 0)
(5.875290833 1.645890178 0)
(6.483065642 1.726279938 0)
(5.253403701 0.4210343929 0)
(5.038828651 0.3556486387 0)
(4.87008945 0.4553595047 0)
(1.831825461 0.3941264485 0)
(2.010306724 0.541412884 0)
(1.623697667 0.3478627651 0)
(1.456118288 0.4374234265 0)
(3.616527407 1.741637774 0)
(0.9013024718 0.7870721379 0)
(0.9020609764 0.4984363396 0)
(4 0.184430066 0)
(4.114370127 0.3700985372 0)
(4.332890232 0.3729265146 0)
(4.219173096 0.5473393536 0)
(4.428789811 0.5487834889 0)
(3.996122765 0.5444634162 0)
(3.531696931 0.2122528834 0)
(6.957148198 1.816967166 0)
(6.862966255 1.604598713 0)
(1.04455225 0.1840617445 0)
(1.128699076 0.3790217536 0)
(1.254354327 1.82415493 0)
(6.749795107 0.1909070496 0)
(6.63271869 0.3765183839 0)
(6.403560362 0.3750466788 0)
(6.868318041 0.3770331474 0)
(7.090417636 0.3691618056 0)
(6.520161622 0.5664147064 0)
(6.296661318 0.5656865925 0)
(7.363849968 1.363991737 0)
(7.104085905 1.458304148 0)
(4.233985629 1.81191487 0)
(4.344960406 1.622168472 0)
(4.5667892 1.622554488 0)
(4.450620892 1.447078695 0)
(4.664657151 1.444058561 0)
(4.247138502 1.424946323 0)
(1.710524762 1.823235267 0)
(1.604846768 1.630883635 0)
(5.834704719 0.1922140914 0)
(5.955722964 0.3809761588 0)
(5.727821445 0.3856293131 0)
(2.16648472 1.807668698 0)
(2.39425226 1.805172778 0)
(2.507304907 1.60944854 0)
(2.732591863 1.602556659 0)
(2.600434767 1.42705777 0)
(2.825718155 1.372085531 0)
(2.954805173 1.588872197 0)
(3.043507343 1.413516138 0)
(2.387501629 1.445799387 0)
(3.204105467 1.57132636 0)
(4.545972931 0.3793873051 0)
(3.079041644 1.787914409 0)
(1.083162228 1.436073797 0)
(6.890585804 1.324455159 0)
(2.168505077 0.1857764216 0)
(2.277477383 0.363043696 0)
(2.505009065 0.386575981 0)
(2.352478283 0.5352800386 0)
(2.613548432 0.5852881247 0)
(5.138367713 1.805498878 0)
(5.01698925 1.617506165 0)
(5.246830243 1.6273254 0)
(5.602627384 0.194221761 0)
(5.50164428 0.3984827214 0)
(6.752704474 0.5680455689 0)
(6.684795793 1.442615462 0)
(4.683722608 1.81069662 0)
(5.369238002 1.811784379 0)
(5.499246458 1.632841182 0)
(6.287152361 0.1868402032 0)
(3.88869852 0.3644053385 0)
(2.288616031 1.622401709 0)
(2.626422594 0.1942782199 0)
(4.658593549 0.570401411 0)
(0.8030537049 1.807051177 0)
(0.6717246076 1.571686676 0)
(5.873475762 1.431074273 0)
(6.981909305 0.5606208937 0)
(4.790871677 1.621560881 0)
(4.896538266 1.391682913 0)
(4.454244608 0.1823880057 0)
(4.866261012 0.6867649072 0)
(6.469905502 1.30283091 0)
(5.08673564 1.239805426 0)
(3.937924414 1.299131202 0)
(3.735385982 0.7570286022 0)
(7.426509256 1.80434343 0)
(0.5732363707 0.1956162942 0)
(1.437883323 0.6614718241 0)
(2.85024579 1.796753205 0)
(5.865593188 1.200437284 0)
(5.450029121 0.7693203348 0)
(2.015283849 0.7501564709 0)
(6.175570568 0.3800834609 0)
(3.388151135 1.216046153 0)
(0.9295104713 1.616082106 0)
(3.160927685 0.6803285613 0)
(4.113355906 0.7344566799 0)
(7.539261142 1.57620189 0)
(1.474047059 0.1977891022 0)
(4.897512038 0.2198461601 0)
(2.26385523 1.281062799 0)
(0.4640719596 0.4193880471 0)
(2.047065596 1.610430304 0)
(1.66526398 1.202897888 0)
(2.967628489 0.597940701 0)
(2.723701958 0.3801811927 0)
(7.200126242 0.1859878722 0)
(5.692307747 1.524964895 0)
(2.784830074 0.7087339675 0)
(4.113391637 1.606032278 0)
(1.648640935 1.419457897 0)
(2.187402621 0.6437582535 0)
(4.372083644 1.263947883 0)
(7.333958416 0.3685035889 0)
(3.420649552 1.642773658 0)
(2.852347295 0.1915124774 0)
(7.790836723 1.614824408 0)
(0.2098078619 0.3842147657 0)
(7.527915588 0.5621013501 0)
(3.813768814 1.807306121 0)
(5.152078316 0.1926976621 0)
(4.710104757 1.239393436 0)
(7.285112944 1.613147369 0)
(7.647379819 0.1822798814 0)
(0.3529156039 1.816855314 0)
(0.4508601274 1.437672305 0)
(6.317475879 1.842667596 0)
(1.265698681 0.537301169 0)
(1.159576376 1.640256794 0)
(1.749336582 0.1789323852 0)
(5.150733063 1.447366028 0)
(2.98518007 1.216706873 0)
(4.488999024 0.7372491334 0)
(6.216304565 0.7532369629 0)
(5.417251655 0.5753607128 0)
(6.640679596 1.624118946 0)
(5.501541119 1.413936493 0)
(5.848205838 0.545892238 0)
(3.313727471 0.1548251033 0)
(3.695873716 0.3555496535 0)
(7.227327913 0.5582411432 0)
(0.7194438667 0.371368335 0)
(2.050504763 0.3488918388 0)
(5.825886917 1.840554638 0)
(6.63037826 0.7312946794 0)
(1.066530475 0.618347553 0)
(3.227340178 1.332108539 0)
(2.636116484 1.226351958 0)
(1.371247304 1.671597475 0)
(0.8556695905 1.391012841 0)
(2.37366678 0.763076171 0)
(7.076553207 1.662321023 0)
(3.894763058 0.6894771786 0)
(4.71863371 0.3586228846 0)
(1.825025328 1.68498144 0)
(7.781668265 0.6738380818 0)
(0.2145356648 1.326385412 0)
(7.540490918 0.336435557 0)
(2.214848663 1.454189947 0)
(1.03877063 0.9784221732 0)
(0.4574929189 1.647765916 0)
(0.1658142794 0.1656379283 0)
(7.834185721 1.834362072 0)
(0.8398612991 1.098969099 0)
(7.834185721 0.1656379283 0)
(0.1658142794 1.834362072 0)
(2.806565042 0.5403314355 0)
(4.552518333 1.309475194 0)
(3.476357364 1.843832216 0)
(4.0769722 1.395677482 0)
(3.930899021 1.669555198 0)
(7.108352095 0.7150675954 0)
(6.510483222 1.886775722 0)
(4.323078325 0.6797008312 0)
(1.31018625 0.3385028763 0)
(5.35598546 1.489390957 0)
(1.464760782 1.520554664 0)
(2.464280135 1.30439453 0)
(0.9220492163 0.3113520544 0)
(2.155897267 0.4804822765 0)
(5.699000383 1.694397454 0)
(6.703679924 1.817497796 0.001)
(1.247971582 0.1799896344 0.001)
(4.01206801 1.81937951 0.001)
(1.942081202 0.1873857366 0.001)
(6.063024715 1.794613296 0.001)
(4.665526452 0.1840855305 0.001)
(3.306872964 1.810791213 0.001)
(5.371211151 0.2028055142 0.001)
(2.622951418 1.801175969 0.001)
(6.515266498 0.1855981265 0.001)
(1.482111982 1.816683809 0.001)
(3.771259747 0.184430066 0.001)
(4.910916701 1.808231874 0.001)
(3.109025165 0.2151048315 0.001)
(7.200418187 1.813721989 0.001)
(0.7995818135 0.1862780113 0.001)
(1.02897491 1.814830122 0.001)
(6.97102509 0.1851698779 0.001)
(4.228740253 0.184430066 0.001)
(6.059756624 0.1882351673 0.001)
(1.942081202 1.812614263 0.001)
(4.455137128 1.812668803 0.001)
(2.397373415 0.1942328663 0.001)
(5.602269962 1.827736377 0.001)
(7.427572293 0.1853528677 0.001)
(0.5740510535 1.809363503 0.001)
(7.674375281 1.268417126 0.001)
(0.3277061313 0.7279198129 0.001)
(0.3454501866 0.192781653 0.001)
(7.654549809 1.807220531 0.001)
(7.765628473 0.3839400968 0.001)
(0.2345222296 1.616029005 0.001)
(7.614797262 0.8711539641 0.001)
(7.355511901 1.043825506 0.001)
(7.321414437 0.7739916256 0.001)
(7.109249871 0.9248250754 0.001)
(7.120974383 1.195074654 0.001)
(6.888679352 1.055771594 0.001)
(6.876671251 0.7851743334 0.001)
(6.663321071 0.9382561333 0.001)
(6.676397078 1.185923701 0.001)
(6.461246508 1.061410837 0.001)
(6.434717896 0.7948477812 0.001)
(6.251482291 0.9502655922 0.001)
(6.26112514 1.184146698 0.001)
(6.057268099 1.076573009 0.001)
(6.043080658 0.8526555699 0.001)
(5.853665025 0.9731370655 0.001)
(5.845233928 0.7505424226 0.001)
(5.652286811 0.870963811 0.001)
(5.663795609 1.096354829 0.001)
(5.462567046 0.9943582777 0.001)
(5.477154978 1.214091599 0.001)
(5.274693568 1.116407821 0.001)
(5.261935627 0.8933780456 0.001)
(5.075057706 1.015718107 0.001)
(5.061991859 0.793274801 0.001)
(4.87696839 0.9149105169 0.001)
(4.891073889 1.144923731 0.001)
(4.694532079 1.034073636 0.001)
(4.680746447 0.8150729742 0.001)
(4.500508669 0.9403503264 0.001)
(4.519102085 1.139339941 0.001)
(4.318324015 1.051275992 0.001)
(4.312143702 0.8526420058 0.001)
(4.123242421 0.9593254876 0.001)
(4.139520152 1.210016399 0.001)
(3.941253914 1.082605565 0.001)
(3.924967972 0.868248486 0.001)
(3.746320895 0.9795821636 0.001)
(3.758564632 1.194555492 0.001)
(3.564313336 1.09671832 0.001)
(3.552482116 0.8783584176 0.001)
(3.369243501 0.9980042055 0.001)
(3.357569232 0.7792457508 0.001)
(3.173162678 0.8990656601 0.001)
(3.185526854 1.119115027 0.001)
(2.985445808 1.015752632 0.001)
(2.977541103 0.8010797899 0.001)
(2.791156485 0.9216725158 0.001)
(2.806836653 1.137965072 0.001)
(2.608766081 1.035248054 0.001)
(2.591864527 0.8210021836 0.001)
(2.404638212 0.9482625218 0.001)
(2.433492563 1.141700738 0.001)
(2.224900088 1.059678477 0.001)
(2.20602227 0.8528766824 0.001)
(2.028093636 0.9652504812 0.001)
(2.040421711 1.180905591 0.001)
(1.846621092 1.08406533 0.001)
(1.83388161 0.8657218095 0.001)
(1.648230138 0.9891553167 0.001)
(1.637361095 0.7656341542 0.001)
(1.441950219 0.8885713914 0.001)
(1.454663181 1.124872552 0.001)
(1.240611261 1.021705799 0.001)
(5.301319522 1.318485304 0.001)
(1.199308554 0.7814027859 0.001)
(1.859848622 1.300650565 0.001)
(3.576550151 1.313660928 0.001)
(1.257457898 1.267776896 0.001)
(1.043391672 1.19551832 0.001)
(3.540867723 0.6595180374 0.001)
(5.678798123 1.318417048 0.001)
(5.634828319 0.6128626887 0.001)
(2.046456037 1.390387139 0.001)
(1.823788799 0.6469142065 0.001)
(1.630259725 0.5441478307 0.001)
(3.770042895 1.411743311 0.001)
(5.246352856 0.6751034266 0.001)
(5.049176379 0.5715702351 0.001)
(6.066556507 1.307067482 0.001)
(6.26697813 1.41328594 0.001)
(1.465937443 1.343156457 0.001)
(3.346174205 0.5607124226 0.001)
(6.055580664 0.6027292784 0.001)
(3.589973351 1.527934718 0.001)
(3.396484744 1.435469197 0.001)
(1.290209014 1.478802335 0.001)
(3.526615291 0.4471332221 0.001)
(3.754564764 0.5474602921 0.001)
(1.843079172 1.506338441 0.001)
(0.3872959669 1.130220749 0.001)
(0.6369074316 0.9501111921 0.001)
(0.6545432061 0.6215315714 0.001)
(0.6366190538 1.273815391 0.001)
(3.774073951 1.614869117 0.001)
(3.941192691 1.500188962 0.001)
(3.327495125 0.3438321388 0.001)
(3.141282736 0.4589094318 0.001)
(2.933981353 0.3958948651 0.001)
(6.069898002 1.541545136 0.001)
(6.273429559 1.638454689 0.001)
(6.468890366 1.52960282 0.001)
(5.875290833 1.645890178 0.001)
(6.483065642 1.726279938 0.001)
(5.253403701 0.4210343929 0.001)
(5.038828651 0.3556486387 0.001)
(4.87008945 0.4553595047 0.001)
(1.831825461 0.3941264485 0.001)
(2.010306724 0.541412884 0.001)
(1.623697667 0.3478627651 0.001)
(1.456118288 0.4374234265 0.001)
(3.616527407 1.741637774 0.001)
(0.9013024718 0.7870721379 0.001)
(0.9020609764 0.4984363396 0.001)
(4 0.184430066 0.001)
(4.114370127 0.3700985372 0.001)
(4.332890232 0.3729265146 0.001)
(4.219173096 0.5473393536 0.001)
(4.428789811 0.5487834889 0.001)
(3.996122765 0.5444634162 0.001)
(3.531696931 0.2122528834 0.001)
(6.957148198 1.816967166 0.001)
(6.862966255 1.604598713 0.001)
(1.04455225 0.1840617445 0.001)
(1.128699076 0.3790217536 0.001)
(1.254354327 1.82415493 0.001)
(6.749795107 0.1909070496 0.001)
(6.63271869 0.3765183839 0.001)
(6.403560362 0.3750466788 0.001)
(6.868318041 0.3770331474 0.001)
(7.090417636 0.3691618056 0.001)
(6.520161622 0.5664147064 0.001)
(6.296661318 0.5656865925 0.001)
(7.363849968 1.363991737 0.001)
(7.104085905 1.458304148 0.001)
(4.233985629 1.81191487 0.001)
(4.344960406 1.622168472 0.001)
(4.5667892 1.622554488 0.001)
(4.450620892 1.447078695 0.001)
(4.664657151 1.444058561 0.001)
(4.247138502 1.424946323 0.001)
(1.710524762 1.823235267 0.001)
(1.604846768 1.630883635 0.001)
(5.834704719 0.1922140914 0.001)
(5.955722964 0.3809761588 0.001)
(5.727821445 0.3856293131 0.001)
(2.16648472 1.807668698 0.001)
(2.39425226 1.805172778 0.001)
(2.507304907 1.60944854 0.001)
(2.732591863 1.602556659 0.001)
(2.600434767 1.42705777 0.001)
(2.825718155 1.372085531 0.001)
(2.954805173 1.588872197 0.001)
(3.043507343 1.413516138 0.001)
(2.387501629 1.445799387 0.001)
(3.204105467 1.57132636 0.001)
(4.545972931 0.3793873051 0.001)
(3.079041644 1.787914409 0.001)
(1.083162228 1.436073797 0.001)
(6.890585804 1.324455159 0.001)
(2.168505077 0.1857764216 0.001)
(2.277477383 0.363043696 0.001)
(2.505009065 0.386575981 0.001)
(2.352478283 0.5352800386 0.001)
(2.613548432 0.5852881247 0.001)
(5.138367713 1.805498878 0.001)
(5.01698925 1.617506165 0.001)
(5.246830243 1.6273254 0.001)
(5.602627384 0.194221761 0.001)
(5.50164428 0.3984827214 0.001)
(6.752704474 0.5680455689 0.001)
(6.684795793 1.442615462 0.001)
(4.683722608 1.81069662 0.001)
(5.369238002 1.811784379 0.001)
(5.499246458 1.632841182 0.001)
(6.287152361 0.1868402032 0.001)
(3.88869852 0.3644053385 0.001)
(2.288616031 1.622401709 0.001)
(2.626422594 0.1942782199 0.001)
(4.658593549 0.570401411 0.001)
(0.8030537049 1.807051177 0.001)
(0.6717246076 1.571686676 0.001)
(5.873475762 1.431074273 0.001)
(6.981909305 0.5606208937 0.001)
(4.790871677 1.621560881 0.001)
(4.896538266 1.391682913 0.001)
(4.454244608 0.1823880057 0.001)
(4.866261012 0.6867649072 0.001)
(6.469905502 1.30283091 0.001)
(5.08673564 1.239805426 0.001)
(3.937924414 1.299131202 0.001)
(3.735385982 0.7570286022 0.001)
(7.426509256 1.80434343 0.001)
(0.5732363707 0.1956162942 0.001)
(1.437883323 0.6614718241 0.001)
(2.85024579 1.796753205 0.001)
(5.865593188 1.200437284 0.001)
(5.450029121 0.7693203348 0.001)
(2.015283849 0.7501564709 0.001)
(6.175570568 0.3800834609 0.001)
(3.388151135 1.216046153 0.001)
(0.9295104713 1.616082106 0.001)
(3.160927685 0.6803285613 0.001)
(4.113355906 0.7344566799 0.001)
(7.539261142 1.57620189 0.001)
(1.474047059 0.1977891022 0.001)
(4.897512038 0.2198461601 0.001)
(2.26385523 1.281062799 0.001)
(0.4640719596 0.4193880471 0.001)
(2.047065596 1.610430304 0.001)
(1.66526398 1.202897888 0.001)
(2.967628489 0.597940701 0.001)
(2.723701958 0.3801811927 0.001)
(7.200126242 0.1859878722 0.001)
(5.692307747 1.524964895 0.001)
(2.784830074 0.7087339675 0.001)
(4.113391637 1.606032278 0.001)
(1.648640935 1.419457897 0.001)
(2.187402621 0.6437582535 0.001)
(4.372083644 1.263947883 0.001)
(7.333958416 0.3685035889 0.001)
(3.420649552 1.642773658 0.001)
(2.852347295 0.1915124774 0.001)
(7.790836723 1.614824408 0.001)
(0.2098078619 0.3842147657 0.001)
(7.527915588 0.5621013501 0.001)
(3.813768814 1.807306121 0.001)
(5.152078316 0.1926976621 0.001)
(4.710104757 1.239393436 0.001)
(7.285112944 1.613147369 0.001)
(7.647379819 0.1822798814 0.001)
(0.3529156039 1.816855314 0.001)
(0.4508601274 1.437672305 0.001)
(6.317475879 1.842667596 0.001)
(1.265698681 0.537301169 0.001)
(1.159576376 1.640256794 0.001)
(1.749336582 0.1789323852 0.001)
(5.150733063 1.447366028 0.001)
(2.98518007 1.216706873 0.001)
(4.488999024 0.7372491334 0.001)
(6.216304565 0.7532369629 0.001)
(5.417251655 0.5753607128 0.001)
(6.640679596 1.624118946 0.001)
(5.501541119 1.413936493 0.001)
(5.848205838 0.545892238 0.001)
(3.313727471 0.1548251033 0.001)
(3.695873716 0.3555496535 0.001)
(7.227327913 0.5582411432 0.001)
(0.7194438667 0.371368335 0.001)
(2.050504763 0.3488918388 0.001)
(5.825886917 1.840554638 0.001)
(6.63037826 0.7312946794 0.001)
(1.066530475 0.618347553 0.001)
(3.227340178 1.332108539 0.001)
(2.636116484 1.226351958 0.001)
(1.371247304 1.671597475 0.001)
(0.8556695905 1.391012841 0.001)
(2.37366678 0.763076171 0.001)
(7.076553207 1.662321023 0.001)
(3.894763058 0.6894771786 0.001)
(4.71863371 0.3586228846 0.001)
(1.825025328 1.68498144 0.001)
(7.781668265 0.6738380818 0.001)
(0.2145356648 1.326385412 0.001)
(7.540490918 0.336435557 0.001)
(2.214848663 1.454189947 0.001)
(1.03877063 0.9784221732 0.001)
(0.4574929189 1.647765916 0.001)
(0.1658142794 0.1656379283 0.001)
(7.834185721 1.834362072 0.001)
(0.8398612991 1.098969099 0.001)
(7.834185721 0.1656379283 0.001)
(0.1658142794 1.834362072 0.001)
(2.806565042 0.5403314355 0.001)
(4.552518333 1.309475194 0.001)
(3.476357364 1.843832216 0.001)
(4.0769722 1.395677482 0.001)
(3.930899021 1.669555198 0.001)
(7.108352095 0.7150675954 0.001)
(6.510483222 1.886775722 0.001)
(4.323078325 0.6797008312 0.001)
(1.31018625 0.3385028763 0.001)
(5.35598546 1.489390957 0.001)
(1.464760782 1.520554664 0.001)
(2.464280135 1.30439453 0.001)
(0.9220492163 0.3113520544 0.001)
(2.155897267 0.4804822765 0.001)
(5.699000383 1.694397454 0.001)
)


// ************************************************************************* //
