/*--------------------------------*- C++ -*----------------------------------*\
| =========                 |                                                 |
| \\      /  F ield         | OpenFOAM: The Open Source CFD Toolbox           |
|  \\    /   O peration     | Version:  2412                                  |
|   \\  /    A nd           | Website:  www.openfoam.com                      |
|    \\/     M anipulation  |                                                 |
\*---------------------------------------------------------------------------*/
FoamFile
{
    version     2.0;
    format      ascii;
    arch        "LSB;label=32;scalar=64";
    note        "nPoints:2734  nCells:2376  nFaces:8494  nInternalFaces:3386";
    class       labelList;
    location    "constant/polyMesh";
    object      neighbour;
}
// * * * * * * * * * * * * * * * * * * * * * * * * * * * * * * * * * * * * * //


3386
(
45
244
46
243
8
66
835
47
696
1231
48
702
1234
65
969
2163
14
1061
2015
13
1060
2014
89
1630
57
1150
1239
58
1153
1236
75
225
239
76
226
240
113
1143
112
1144
68
764
1246
67
763
1235
107
1692
2375
27
141
1341
28
142
1340
210
414
781
71
277
731
72
276
732
34
189
873
35
188
872
77
604
1238
78
603
1253
721
2095
722
2096
100
153
1882
101
154
1883
105
260
1377
33
109
844
106
1635
1343
1979
1344
1978
255
1843
1995
135
295
804
136
294
803
54
1401
1982
53
1400
1983
91
626
1232
92
627
1252
96
1110
1240
97
1109
1237
250
286
249
287
619
620
140
888
1440
139
889
1441
165
727
795
166
728
794
1132
1779
1131
1780
124
630
1243
125
629
1255
784
785
137
1399
2009
138
1406
2013
191
654
744
192
655
745
133
1229
1354
134
1228
1355
529
929
966
2148
644
645
167
523
926
168
524
927
730
2284
729
2285
206
476
752
207
477
751
104
1111
103
1112
824
823
152
496
679
151
497
678
84
725
1975
85
726
1974
580
1101
1738
1751
2026
1752
2027
94
606
715
95
607
716
260
781
968
108
1069
190
903
1563
845
846
193
902
1571
1265
2002
1264
2001
853
854
416
442
807
415
441
808
765
1872
766
1871
331
1368
2053
199
873
200
872
699
923
201
1048
739
967
1327
2008
703
2158
284
485
552
285
486
551
1307
1823
1308
1822
478
701
2018
479
700
2017
183
535
1224
184
536
1251
949
956
972
950
955
973
384
648
747
383
647
748
456
1205
457
1204
864
865
379
686
769
195
1241
1694
196
1242
1695
353
632
723
352
631
724
297
652
712
296
653
711
891
890
900
1452
901
1453
1471
1917
1470
1918
821
1659
820
1658
561
1393
560
1394
172
623
709
171
602
710
191
327
1637
192
328
1636
270
583
692
269
559
693
263
962
1585
262
963
1586
735
736
445
2226
446
2227
321
894
1651
322
895
1650
167
354
1453
168
355
1452
233
574
1230
236
590
1245
371
1168
372
1169
396
460
847
397
461
848
1498
2222
1497
2223
1432
1433
257
1254
1733
522
1542
2123
595
594
288
690
713
289
691
714
403
480
730
402
481
729
434
554
1786
266
969
1233
298
356
985
299
357
986
206
422
1581
207
423
1580
939
940
435
465
624
436
464
625
674
904
1387
271
572
272
573
1177
1649
1419
1418
1182
1648
437
490
708
976
977
217
548
1476
218
547
1477
1014
1848
1015
1847
1034
2007
240
400
547
239
401
548
272
466
271
467
1286
1285
282
577
1225
283
591
1223
914
703
928
1431
553
1616
2104
295
408
2179
294
409
2180
330
438
2122
290
1249
2375
263
2169
262
2168
350
404
931
351
405
930
319
493
2151
293
1227
1813
227
1034
1063
228
868
1064
1000
2250
1001
2251
494
937
495
936
331
336
855
346
553
852
381
726
788
380
725
789
987
458
767
1497
459
768
1498
989
316
474
979
317
475
980
598
599
333
867
955
334
866
956
291
292
425
835
1069
424
798
1068
366
533
680
365
534
681
839
2373
838
2374
448
793
1418
447
792
1419
430
844
1048
431
813
1049
317
1429
822
858
1035
1005
761
1829
1889
762
1830
1890
1531
871
876
1031
1120
1121
450
819
1286
449
818
1285
1016
931
992
1021
930
993
1022
518
519
1103
1104
279
359
278
358
395
769
1717
314
747
315
748
607
809
606
810
570
774
1432
571
775
1433
1032
1033
302
723
301
724
1023
2172
1024
2173
517
516
1038
2373
2374
1041
679
678
698
697
879
1400
880
1401
559
2044
884
2218
885
2219
539
871
909
711
779
1840
712
780
1839
579
859
1131
578
860
1132
461
905
919
460
906
920
343
1772
344
1771
892
2116
893
2117
990
2230
991
2231
1008
1327
1009
420
692
1283
693
1284
583
2047
1134
1666
1135
1667
1144
2115
1143
2114
377
1757
378
1756
447
1046
448
1047
453
709
1884
710
1885
2241
699
861
1531
1204
1205
413
1776
1775
412
2042
1027
2045
660
910
1014
659
911
1015
472
1802
473
1801
1179
1258
1178
1257
411
1787
1786
410
2044
1062
2047
922
1006
1478
555
2124
556
2125
733
734
544
570
545
571
462
1132
463
1131
716
1114
715
1113
507
706
1072
506
707
1071
628
858
1059
470
2063
471
2062
2029
2028
454
2061
455
2060
385
1485
1547
386
1486
1548
2002
2029
2001
2028
492
2078
491
2079
500
2133
501
2089
1185
1219
1186
1220
914
1168
1169
602
2042
811
812
714
1319
713
1320
631
2060
632
2061
620
2056
619
2055
468
1226
1874
469
1250
1873
644
2152
645
2153
1127
2252
1315
1316
439
2140
440
2141
1001
1425
1000
1424
1721
1720
1154
1641
1155
1640
809
2141
810
2140
1850
2023
1849
2024
1199
1260
1200
1262
1206
1261
1207
1267
530
2248
1089
1602
1090
1603
623
2045
1122
1438
1763
1123
1439
1764
1408
1657
966
1037
1514
450
953
449
954
958
957
498
666
1247
499
667
1248
573
1161
2357
572
1160
2356
971
970
647
2078
648
2079
553
2273
901
900
1741
580
1857
1181
1297
1180
1298
915
2308
916
2309
690
2115
691
2114
464
1055
465
1054
1502
1996
1501
1997
1208
1707
1278
1299
1279
1300
1976
1978
1977
1979
2048
2049
755
1428
756
1427
873
1175
872
1176
1096
1097
1289
1305
1290
1306
1294
2037
1295
2038
637
1069
638
1068
761
948
762
947
953
1832
954
1831
718
717
686
2089
910
2168
911
2169
848
2366
847
2365
497
2062
496
2063
750
1969
749
1311
1313
1310
1312
1846
1862
669
1048
668
1049
2180
2179
1120
1121
1339
1342
1334
1349
784
1918
785
1917
1769
1786
1770
1787
1061
1537
1060
1536
1608
1858
1609
1859
859
2142
860
2143
653
2117
652
2116
774
2153
775
2152
937
1141
936
1142
980
1145
979
1146
823
1858
824
1859
781
1638
887
1057
886
1056
846
1919
845
1920
853
2201
854
2200
1016
1215
1969
534
932
1467
533
933
1468
1932
1933
672
1081
673
1080
667
777
2068
666
778
2069
1269
1595
891
2206
890
2205
864
1925
865
1924
901
900
861
2133
1586
1585
577
773
2087
591
776
2088
1315
1636
1316
1637
758
1846
1354
1684
1355
1683
1145
1584
1146
1417
2151
613
1256
614
1244
612
1775
611
1776
976
1699
977
1698
940
2142
939
2143
1195
1618
1196
1619
1518
1517
605
1006
1141
1426
1142
1590
904
755
756
1805
1626
1918
1625
1917
1408
1113
2281
1114
2282
987
1916
1016
2032
989
2148
1005
2215
610
1037
928
1191
1613
1192
1612
985
1214
986
1213
767
2055
768
2056
1015
1476
1014
1477
1218
1625
1217
1626
2122
787
1510
786
1511
801
2090
1484
1483
1618
1920
1619
1919
802
2091
842
1800
843
1892
1082
1083
1038
2043
1032
1929
1033
2158
1041
2220
1567
1568
1082
1940
1083
1941
1208
803
2227
804
2226
760
1454
759
1455
1309
1587
704
1347
705
1346
2218
2219
1756
1796
1757
1795
1612
1925
1613
1924
957
1405
958
1404
849
1208
2045
1043
1838
1900
1042
1837
1901
1081
1164
1540
1080
1165
1541
1569
1570
960
1259
2183
2231
2230
1417
2032
1584
1916
1590
1929
2100
2099
942
1043
941
1042
974
1266
2184
856
1560
857
1561
1976
1977
1426
2043
1097
1996
1096
1997
1121
2169
1120
2168
963
962
970
1391
971
1392
792
2201
793
2200
828
2083
829
2084
1032
1758
1056
1410
1835
1057
1409
1836
746
1030
1692
1503
1504
772
771
818
2206
819
2205
813
2220
798
2215
2252
844
2158
770
1020
1710
835
2148
1486
1485
1375
1376
807
1029
1708
808
1028
1709
960
1845
751
1191
752
1192
1771
1772
974
1844
1033
850
2121
851
2120
1151
1821
1152
1820
1886
2331
1402
1403
1450
1451
1362
1363
1896
1897
1444
1723
1445
1722
755
842
756
843
1294
1545
1295
1544
1488
1487
1515
1516
935
1321
934
1322
1968
1967
1506
1720
1505
1721
745
1196
744
1195
927
1336
926
1335
1103
1801
1104
1802
1038
1351
1094
1340
1579
1095
1341
1578
867
2198
866
2197
1488
1487
967
1102
1523
1524
1474
1583
1475
1582
1451
1450
1138
2198
1139
2197
881
1283
1770
1284
1769
877
2130
878
2129
1647
1646
1087
1842
1088
1841
1040
1456
1039
1457
2275
2278
1562
929
1133
1467
1489
1468
1490
1199
1263
2318
2317
1200
1268
1124
1185
1125
1186
1123
2099
1122
2100
1698
2005
1699
2004
2013
2009
912
2138
913
2139
1019
2364
1018
2363
1181
2081
1180
2082
2339
2338
812
1523
811
1524
1213
2004
1214
2005
2347
1185
2068
1186
2069
1206
1287
1207
1288
2165
2164
1335
1609
1336
1608
1129
1130
2155
2154
1218
1217
2351
1087
1385
2175
1088
1384
2174
1199
2087
1200
2088
2342
2343
1371
1921
1372
1922
1616
2334
2064
2065
1294
2095
1295
2096
852
1227
1345
1179
1324
1178
1323
1206
2090
1207
2091
855
1216
1254
863
1084
2239
862
1085
2240
1720
1762
1721
1761
925
2242
924
2243
1178
2084
1179
2083
1803
1804
1826
1825
1971
1970
2050
2367
1279
1389
1278
1388
1655
1654
1115
1740
1116
1739
1100
2368
2369
2294
905
1228
906
1229
1632
1633
2290
2291
2312
2352
1278
2120
1279
2121
1128
1175
1501
1176
1502
1368
2313
1290
1434
1289
1435
1214
1999
1213
2000
1998
2019
1193
1319
1796
1194
1320
1795
1865
2228
1864
2229
1336
1599
1335
1600
1107
1170
1108
1171
1683
1684
896
2359
897
2360
1136
1188
1137
1187
1003
1411
1002
1412
1125
1220
1358
1124
1219
1359
1050
1273
1051
1275
1774
1166
1298
1574
1167
1297
1573
1091
2313
1477
1476
1310
1448
1311
1449
968
1676
1694
1677
1695
1289
2129
1290
2130
1085
2354
1084
2353
1281
1408
2047
987
1928
1741
2281
2282
1504
1503
1792
1509
1158
1159
1494
2261
1493
2260
1217
1663
1218
1662
1362
1363
1100
1282
1366
1164
1165
1196
1671
1195
1670
1311
2139
1310
2138
1704
1778
1705
1777
1191
1661
1192
1660
2185
2290
2186
2291
1130
1302
1364
1129
1301
1365
1517
1518
994
995
1102
1293
1356
2303
1128
1296
1357
1799
1798
1096
1105
1395
1097
1106
1396
989
1533
1562
2333
1044
1045
1160
1703
1161
1702
2304
1133
1314
1348
1676
1677
1350
1773
1375
1376
1158
1352
1361
1159
1353
1360
1010
1259
1781
1149
1765
1402
1403
1013
1266
1784
1949
2237
1948
2238
1381
2124
1380
2125
2106
2105
1187
1328
1378
1188
1329
1379
1171
1337
1373
1170
1338
1374
1877
1876
1760
1759
1342
2159
1727
1824
1349
2160
1146
1386
1145
1631
1583
1973
1052
1166
1736
1053
1167
1737
1582
1990
1036
1387
1413
1941
1940
1348
2054
1360
1961
1361
1962
1560
1561
1444
2175
1445
2174
1149
2367
1364
2033
1365
2034
1356
2103
1357
2053
2128
1366
2104
1282
1774
1828
1054
1240
1055
1237
1732
1748
1749
2097
2098
1316
1315
1461
1656
1784
1620
1781
1094
1520
1095
1519
1672
1673
1065
1416
1431
1174
2334
1317
1318
1350
2370
1141
1390
1142
1634
1293
1792
1072
1317
1370
1071
1318
1369
1429
1273
1274
1463
1421
1422
1260
1263
1446
1203
1275
1464
1262
1268
1447
1474
2183
1475
2184
1321
1471
1833
1322
1470
1834
1868
1869
1643
1642
1381
1380
1126
1423
1478
2293
2292
1534
1878
1535
1879
1727
1733
1261
1287
1458
1267
1288
1460
1436
1437
1258
1324
1472
1257
1323
1473
1413
2053
2241
1416
2356
2357
1151
1874
1152
1873
1675
1806
1674
1807
1456
1852
1457
1851
1176
1415
1175
1414
2127
2126
1964
1963
1156
1442
1540
1157
1443
1541
1140
1430
1514
2030
2031
1799
1798
1296
1824
1947
2276
1423
1442
1443
1430
1556
1938
1557
1939
1332
1872
1333
1871
1480
1588
1479
1589
1314
1828
1704
1705
1592
1715
2345
1593
1716
2346
1469
2025
2336
2349
2348
2022
2335
1551
1943
1552
1942
1301
1869
1302
1868
1466
1465
1686
1685
1300
1389
1512
1299
1388
1513
2066
2067
1604
1605
1265
1264
1482
1481
1555
2081
1554
2082
1732
1813
1277
1987
2326
2327
1280
1986
1270
1384
1806
1271
1385
1807
1492
1491
1306
1434
1528
1305
1435
1527
1981
1992
1980
1991
1313
1449
1530
1312
1448
1529
1383
1465
1690
1382
1466
1689
1407
1620
1343
1344
1652
2085
2119
1653
2086
2118
1369
1397
1799
1370
1398
1798
1601
2046
1368
2307
1951
1950
1346
1632
1689
1347
1633
1690
2088
2083
2087
1778
2090
2183
2129
1765
2184
2175
2159
2138
2160
1759
1760
2120
2095
2091
2174
2069
2068
1773
1777
2084
2130
2139
2121
2096
1931
1930
1474
1870
1863
1875
1774
1516
1515
1475
1927
1792
1543
1958
1722
2020
1723
2021
1334
1546
1866
1507
1572
1656
1508
1339
1553
1867
1567
1691
1568
1693
2051
2370
1446
2132
2131
1646
1647
1824
1828
1330
1964
1331
1963
1447
1458
1888
1887
1893
1894
1472
1473
1491
1495
1783
1492
1496
1782
1881
1880
1486
2115
1485
2114
1611
1966
1905
1906
1460
1814
1815
2149
2150
1791
1788
1868
1869
1481
1522
1715
1482
1521
1716
2080
1333
1700
1332
1701
2271
2272
1882
1883
1902
1499
1674
1500
1675
1959
1614
1615
2371
1517
1518
1616
2319
2011
2012
1766
2372
1532
1664
2070
1382
1513
1383
1512
2239
2240
1785
1738
1370
1713
1369
1714
1729
1730
1391
1392
1763
1764
1750
1377
1420
1717
1836
1912
1835
1913
1522
1530
1521
1529
1405
1404
1562
1496
1527
1495
1528
2325
2324
2011
2012
1445
1444
1417
2249
1598
2011
2012
1426
2268
2150
2149
1578
1642
1579
1643
1876
2036
1877
2035
1421
1585
1422
1586
1742
1860
1994
1993
1428
1427
2131
2132
1743
1861
1665
2092
1593
1628
1592
1629
1679
1793
1680
1794
1587
1501
2251
1502
2250
1566
1748
1749
1741
2331
1424
1425
1595
1820
1821
1804
1803
2075
1577
1635
1673
1672
2107
2108
1575
1622
1576
1621
1789
2033
1790
2034
1841
2292
1842
2293
1603
1602
1610
1639
2156
2157
1581
1580
1503
1504
1559
2108
1558
2107
2329
2328
1591
1507
1725
1860
1627
2109
2312
1508
1724
1861
1553
1725
1546
1724
1641
1640
1952
1953
1706
1895
1663
1662
1623
1624
1594
1855
1935
1856
1934
1659
1658
1516
1607
1515
1606
1636
1637
2272
2271
1666
1667
1740
1819
1739
1818
2107
2108
1788
1791
1669
2110
1668
2111
1523
2166
1524
2167
1648
1649
1577
1601
1903
2157
1904
2156
1564
1565
1630
1696
1751
1697
1752
2156
2157
1746
1782
1954
1747
1783
1955
1538
1539
1668
1669
1638
1719
1965
1566
1664
1982
1993
1983
1994
1754
2349
1755
2348
1700
1849
1701
1850
1644
1645
2235
2248
1843
2075
1687
2038
1688
2037
1665
1822
1981
1823
1980
1690
1734
1984
1689
1735
1985
1830
2071
1829
2072
1797
1589
1957
1588
1956
1837
2073
1838
2074
1783
1825
1782
1826
1819
1818
1845
2303
1729
1865
1730
1864
1728
1845
1844
1842
1922
1841
1921
1844
2304
1617
1797
1652
2327
1653
2326
1614
1682
1615
1681
1731
1696
1697
1831
1832
2330
1886
1631
1718
1634
1738
1857
1767
1768
1726
2176
1726
1686
1898
2038
1685
1899
2037
1718
2193
1608
1629
1609
1628
1808
1744
1745
1752
1910
1751
1911
1975
2154
1974
2155
1750
1862
1907
2109
1660
1661
1687
1688
1753
2123
1670
1671
1973
1737
1854
1736
1853
1764
1936
1763
1937
1662
1663
1766
1944
2225
2224
1731
2344
2315
2314
2358
1728
2196
1785
1891
1735
1734
2233
2232
1745
2188
1744
2189
2071
2072
1742
1743
1851
2328
1852
2329
1737
1736
1852
1938
1851
1939
1990
1812
2019
1768
1767
2253
2254
1827
1947
1747
1746
1948
1949
2170
2171
1913
1912
2021
2020
1878
1879
1800
1884
1972
1709
2323
1708
2322
1702
2102
1703
2101
1942
1943
2093
2094
2094
2093
2055
2275
1719
2056
2278
2287
2286
2112
2113
1816
1817
2244
2245
2093
2094
2014
2015
1710
2337
1809
1972
2309
2308
2163
1789
2100
2116
1790
2099
2117
1814
1945
1815
1946
1903
1904
2283
1907
2350
1967
1968
2003
2006
1843
1958
2007
2269
2270
2008
1966
2307
1830
1829
1952
1953
1833
1834
1982
1983
1838
1837
2073
2074
2199
1990
2235
2014
2161
2015
2162
1992
1991
1960
2193
1793
1794
2048
2166
2049
2167
1895
1809
1835
1836
2105
2106
2039
2040
1965
2010
2041
2162
2161
2188
2369
2189
2368
2303
2304
1812
1998
2187
2359
2360
2190
2287
2286
2097
2098
2059
2041
1898
1899
1884
1885
1885
1892
2292
2293
2008
2080
2050
1897
1932
1988
1896
1933
1989
2051
2319
1822
1823
1879
2257
1878
2258
2301
2302
1877
1876
2320
2321
2007
2128
1839
1840
1986
1987
1908
1909
2199
1976
1978
1977
1979
1881
1880
1914
2101
1915
2102
2144
2295
2145
2296
1863
2224
2225
1923
1926
1870
2195
1893
1894
2136
2372
2137
2371
2202
2328
2329
2305
2306
1891
1998
2203
2204
2147
2146
2194
1910
2208
1911
2207
1985
2253
1984
2254
2019
2010
2209
2210
2333
2058
2057
2356
2357
1954
2170
1955
2171
1947
2221
2064
2065
1948
2216
1949
2217
2332
2017
2030
2018
2031
1974
1975
2318
2317
2118
2295
2119
2296
2052
2279
2280
2247
2246
2009
2022
2297
2298
2013
2025
1944
2041
2052
2176
1960
1936
2040
1937
2039
2213
2214
1956
2119
1957
2118
2031
2030
2264
2265
2134
2135
2266
2267
1972
1950
1981
1951
1980
1992
1991
2361
2362
2321
2320
2085
2086
2274
2059
2259
2358
2288
2324
2289
2325
2361
2362
2375
2277
2212
2211
2316
2300
2354
2299
2353
2016
2314
2315
2190
2187
2001
2028
2002
2029
2258
2257
2176
2344
2035
2036
2005
2257
2004
2258
2025
2136
2022
2137
2241
2092
2194
2039
2040
2077
2076
2164
2245
2165
2244
2112
2363
2113
2364
2046
2323
2322
2250
2251
2195
2070
2202
2249
2223
2222
2054
2103
2344
2337
2126
2213
2127
2214
2234
2210
2209
2203
2204
2345
2346
2188
2255
2189
2256
2268
2342
2343
2338
2339
2347
2110
2211
2111
2212
2216
2217
2249
2178
2177
2178
2177
2221
2276
2150
2149
2185
2186
2350
2273
2131
2132
2351
2237
2238
2233
2232
2195
2234
2239
2240
2191
2192
2268
2259
2232
2364
2233
2363
2336
2335
2207
2208
2256
2255
2197
2290
2198
2291
2182
2244
2181
2245
2202
2246
2247
2207
2208
2340
2341
2306
2305
2333
2181
2182
2223
2222
2280
2279
2242
2302
2243
2301
2326
2327
2203
2204
2226
2227
2295
2296
2275
2278
2282
2311
2281
2310
2355
2236
2234
2294
2273
2264
2265
2266
2267
2219
2218
2285
2284
2260
2261
2274
2231
2230
2277
2252
2345
2346
2269
2365
2270
2366
2330
2276
2283
2285
2284
2311
2310
2317
2318
2316
2298
2297
2369
2368
2294
2263
2262
2301
2310
2302
2311
2338
2339
2343
2342
2288
2289
2362
2361
2347
2351
2320
2321
2331
2309
2308
2299
2300
2314
2315
2365
2366
2348
2349
2313
2332
2330
2334
2360
2359
2353
2354
2355
2340
2341
2367
2371
2372
2370
2355
2358
)


// ************************************************************************* //
