/*--------------------------------*- C++ -*----------------------------------*\
| =========                 |                                                 |
| \\      /  F ield         | OpenFOAM: The Open Source CFD Toolbox           |
|  \\    /   O peration     | Version:  2412                                  |
|   \\  /    A nd           | Website:  www.openfoam.com                      |
|    \\/     M anipulation  |                                                 |
\*---------------------------------------------------------------------------*/
FoamFile
{
    version     2.0;
    format      ascii;
    arch        "LSB;label=32;scalar=64";
    class       vectorField;
    location    "constant/polyMesh";
    object      points;
}
// * * * * * * * * * * * * * * * * * * * * * * * * * * * * * * * * * * * * * //


2734
(
(0 0 0)
(4 0 0)
(4 0.1 0)
(0 0.1 0)
(0 0 0.001)
(4 0 0.001)
(4 0.1 0.001)
(0 0.1 0.001)
(0.01189708813 0 0)
(0.02862978309 0 0)
(0.05223689426 0 0)
(0.08526943531 0 0)
(0.1237347973 0 0)
(0.1571501449 0 0)
(0.1810438008 0 0)
(0.1980230414 0 0)
(0.2100954248 0 0)
(0.2218262456 0 0)
(0.2383162968 0 0)
(0.2615115772 0 0)
(0.2942145745 0 0)
(0.3328038481 0 0)
(0.3651955191 0 0)
(0.3904753619 0 0)
(0.4077709217 0 0)
(0.4200682116 0 0)
(0.4316102643 0 0)
(0.447798566 0 0)
(0.470710423 0 0)
(0.5024685731 0 0)
(0.540355921 0 0)
(0.5747270913 0 0)
(0.59967105 0 0)
(0.6173511004 0 0)
(0.6299217666 0 0)
(0.6412702045 0 0)
(0.657106365 0 0)
(0.6793802591 0 0)
(0.7111682283 0 0)
(0.7495768246 0 0)
(0.7843718699 0 0)
(0.8095606501 0 0)
(0.8274247376 0 0)
(0.8401262543 0 0)
(0.8513952963 0 0)
(0.8670684074 0 0)
(0.8891325904 0 0)
(0.9201446333 0 0)
(0.95884805 0 0)
(0.9929839421 0 0)
(1.019203688 0 0)
(1.037323066 0 0)
(1.050206096 0 0)
(1.061378508 0 0)
(1.076830947 0 0)
(1.098871783 0 0)
(1.129103958 0 0)
(1.166387875 0 0)
(1.202002934 0 0)
(1.228113447 0 0)
(1.246699943 0 0)
(1.259915099 0 0)
(1.27094908 0 0)
(1.286012984 0 0)
(1.307222377 0 0)
(1.337356424 0 0)
(1.374504815 0 0)
(1.410890053 0 0)
(1.437537897 0 0)
(1.456442899 0 0)
(1.469884514 0 0)
(1.480851305 0 0)
(1.49566153 0 0)
(1.516530957 0 0)
(1.54577019 0 0)
(1.584317447 0 0)
(1.62000706 0 0)
(1.64735502 0 0)
(1.666464958 0 0)
(1.680052285 0 0)
(1.69098684 0 0)
(1.705638304 0 0)
(1.726246311 0 0)
(1.755586233 0 0)
(1.792271375 0 0)
(1.82921167 0 0)
(1.856610424 0 0)
(1.876087592 0 0)
(1.889936024 0 0)
(1.900833268 0 0)
(1.915208348 0 0)
(1.935426323 0 0)
(1.963968601 0 0)
(2 0 0)
(2.036031399 0 0)
(2.064573677 0 0)
(2.084791652 0 0)
(2.099166732 0 0)
(2.110063976 0 0)
(2.123912408 0 0)
(2.143389576 0 0)
(2.17078833 0 0)
(2.207728625 0 0)
(2.244413767 0 0)
(2.273753689 0 0)
(2.294361696 0 0)
(2.30901316 0 0)
(2.319947715 0 0)
(2.333535042 0 0)
(2.35264498 0 0)
(2.37999294 0 0)
(2.415682553 0 0)
(2.45422981 0 0)
(2.483469043 0 0)
(2.50433847 0 0)
(2.519148695 0 0)
(2.530115486 0 0)
(2.543557101 0 0)
(2.562462103 0 0)
(2.589109947 0 0)
(2.625495185 0 0)
(2.662643576 0 0)
(2.692777623 0 0)
(2.713987016 0 0)
(2.72905092 0 0)
(2.740084901 0 0)
(2.753300057 0 0)
(2.771886553 0 0)
(2.797997066 0 0)
(2.833612125 0 0)
(2.870896042 0 0)
(2.901128217 0 0)
(2.923169053 0 0)
(2.938621492 0 0)
(2.949793904 0 0)
(2.962676934 0 0)
(2.980796312 0 0)
(3.007016058 0 0)
(3.04115195 0 0)
(3.079855367 0 0)
(3.11086741 0 0)
(3.132931593 0 0)
(3.148604704 0 0)
(3.159873746 0 0)
(3.172575262 0 0)
(3.19043935 0 0)
(3.21562813 0 0)
(3.250423175 0 0)
(3.288831772 0 0)
(3.320619741 0 0)
(3.342893635 0 0)
(3.358729795 0 0)
(3.370078233 0 0)
(3.3826489 0 0)
(3.40032895 0 0)
(3.425272909 0 0)
(3.459644079 0 0)
(3.497531427 0 0)
(3.529289577 0 0)
(3.552201434 0 0)
(3.568389736 0 0)
(3.579931788 0 0)
(3.592229078 0 0)
(3.609524638 0 0)
(3.634804481 0 0)
(3.667196152 0 0)
(3.705785426 0 0)
(3.738488423 0 0)
(3.761683703 0 0)
(3.778173754 0 0)
(3.789904575 0 0)
(3.801976959 0 0)
(3.818956199 0 0)
(3.842849855 0 0)
(3.876265203 0 0)
(3.914730565 0 0)
(3.947763106 0 0)
(3.971370217 0 0)
(3.988102912 0 0)
(4 0.01152926351 0)
(4 0.02759974991 0)
(4 0.05 0)
(4 0.07240025009 0)
(4 0.08847073649 0)
(3.988102912 0.1 0)
(3.971370217 0.1 0)
(3.947763106 0.1 0)
(3.914730565 0.1 0)
(3.876265203 0.1 0)
(3.842849855 0.1 0)
(3.818956199 0.1 0)
(3.801976959 0.1 0)
(3.789904575 0.1 0)
(3.778173754 0.1 0)
(3.761683703 0.1 0)
(3.738488423 0.1 0)
(3.705785426 0.1 0)
(3.667196152 0.1 0)
(3.634804481 0.1 0)
(3.609524638 0.1 0)
(3.592229078 0.1 0)
(3.579931788 0.1 0)
(3.568389736 0.1 0)
(3.552201434 0.1 0)
(3.529289577 0.1 0)
(3.497531427 0.1 0)
(3.459644079 0.1 0)
(3.425272909 0.1 0)
(3.40032895 0.1 0)
(3.3826489 0.1 0)
(3.370078233 0.1 0)
(3.358729795 0.1 0)
(3.342893635 0.1 0)
(3.320619741 0.1 0)
(3.288831772 0.1 0)
(3.250423175 0.1 0)
(3.21562813 0.1 0)
(3.19043935 0.1 0)
(3.172575262 0.1 0)
(3.159873746 0.1 0)
(3.148604704 0.1 0)
(3.132931593 0.1 0)
(3.11086741 0.1 0)
(3.079855367 0.1 0)
(3.04115195 0.1 0)
(3.007016058 0.1 0)
(2.980796312 0.1 0)
(2.962676934 0.1 0)
(2.949793904 0.1 0)
(2.938621492 0.1 0)
(2.923169053 0.1 0)
(2.901128217 0.1 0)
(2.870896042 0.1 0)
(2.833612125 0.1 0)
(2.797997066 0.1 0)
(2.771886553 0.1 0)
(2.753300057 0.1 0)
(2.740084901 0.1 0)
(2.72905092 0.1 0)
(2.713987016 0.1 0)
(2.692777623 0.1 0)
(2.662643576 0.1 0)
(2.625495185 0.1 0)
(2.589109947 0.1 0)
(2.562462103 0.1 0)
(2.543557101 0.1 0)
(2.530115486 0.1 0)
(2.519148695 0.1 0)
(2.50433847 0.1 0)
(2.483469043 0.1 0)
(2.45422981 0.1 0)
(2.415682553 0.1 0)
(2.37999294 0.1 0)
(2.35264498 0.1 0)
(2.333535042 0.1 0)
(2.319947715 0.1 0)
(2.30901316 0.1 0)
(2.294361696 0.1 0)
(2.273753689 0.1 0)
(2.244413767 0.1 0)
(2.207728625 0.1 0)
(2.17078833 0.1 0)
(2.143389576 0.1 0)
(2.123912408 0.1 0)
(2.110063976 0.1 0)
(2.099166732 0.1 0)
(2.084791652 0.1 0)
(2.064573677 0.1 0)
(2.036031399 0.1 0)
(2 0.1 0)
(1.963968601 0.1 0)
(1.935426323 0.1 0)
(1.915208348 0.1 0)
(1.900833268 0.1 0)
(1.889936024 0.1 0)
(1.876087592 0.1 0)
(1.856610424 0.1 0)
(1.82921167 0.1 0)
(1.792271375 0.1 0)
(1.755586233 0.1 0)
(1.726246311 0.1 0)
(1.705638304 0.1 0)
(1.69098684 0.1 0)
(1.680052285 0.1 0)
(1.666464958 0.1 0)
(1.64735502 0.1 0)
(1.62000706 0.1 0)
(1.584317447 0.1 0)
(1.54577019 0.1 0)
(1.516530957 0.1 0)
(1.49566153 0.1 0)
(1.480851305 0.1 0)
(1.469884514 0.1 0)
(1.456442899 0.1 0)
(1.437537897 0.1 0)
(1.410890053 0.1 0)
(1.374504815 0.1 0)
(1.337356424 0.1 0)
(1.307222377 0.1 0)
(1.286012984 0.1 0)
(1.27094908 0.1 0)
(1.259915099 0.1 0)
(1.246699943 0.1 0)
(1.228113447 0.1 0)
(1.202002934 0.1 0)
(1.166387875 0.1 0)
(1.129103958 0.1 0)
(1.098871783 0.1 0)
(1.076830947 0.1 0)
(1.061378508 0.1 0)
(1.050206096 0.1 0)
(1.037323066 0.1 0)
(1.019203688 0.1 0)
(0.9929839421 0.1 0)
(0.95884805 0.1 0)
(0.9201446333 0.1 0)
(0.8891325904 0.1 0)
(0.8670684074 0.1 0)
(0.8513952963 0.1 0)
(0.8401262543 0.1 0)
(0.8274247376 0.1 0)
(0.8095606501 0.1 0)
(0.7843718699 0.1 0)
(0.7495768246 0.1 0)
(0.7111682283 0.1 0)
(0.6793802591 0.1 0)
(0.657106365 0.1 0)
(0.6412702045 0.1 0)
(0.6299217666 0.1 0)
(0.6173511004 0.1 0)
(0.59967105 0.1 0)
(0.5747270913 0.1 0)
(0.540355921 0.1 0)
(0.5024685731 0.1 0)
(0.470710423 0.1 0)
(0.447798566 0.1 0)
(0.4316102643 0.1 0)
(0.4200682116 0.1 0)
(0.4077709217 0.1 0)
(0.3904753619 0.1 0)
(0.3651955191 0.1 0)
(0.3328038481 0.1 0)
(0.2942145745 0.1 0)
(0.2615115772 0.1 0)
(0.2383162968 0.1 0)
(0.2218262456 0.1 0)
(0.2100954248 0.1 0)
(0.1980230414 0.1 0)
(0.1810438008 0.1 0)
(0.1571501449 0.1 0)
(0.1237347973 0.1 0)
(0.08526943531 0.1 0)
(0.05223689426 0.1 0)
(0.02862978309 0.1 0)
(0.01189708813 0.1 0)
(0 0.08847073649 0)
(0 0.07240025009 0)
(0 0.05 0)
(0 0.02759974991 0)
(0 0.01152926351 0)
(0.01189708813 0 0.001)
(0.02862978309 0 0.001)
(0.05223689426 0 0.001)
(0.08526943531 0 0.001)
(0.1237347973 0 0.001)
(0.1571501449 0 0.001)
(0.1810438008 0 0.001)
(0.1980230414 0 0.001)
(0.2100954248 0 0.001)
(0.2218262456 0 0.001)
(0.2383162968 0 0.001)
(0.2615115772 0 0.001)
(0.2942145745 0 0.001)
(0.3328038481 0 0.001)
(0.3651955191 0 0.001)
(0.3904753619 0 0.001)
(0.4077709217 0 0.001)
(0.4200682116 0 0.001)
(0.4316102643 0 0.001)
(0.447798566 0 0.001)
(0.470710423 0 0.001)
(0.5024685731 0 0.001)
(0.540355921 0 0.001)
(0.5747270913 0 0.001)
(0.59967105 0 0.001)
(0.6173511004 0 0.001)
(0.6299217666 0 0.001)
(0.6412702045 0 0.001)
(0.657106365 0 0.001)
(0.6793802591 0 0.001)
(0.7111682283 0 0.001)
(0.7495768246 0 0.001)
(0.7843718699 0 0.001)
(0.8095606501 0 0.001)
(0.8274247376 0 0.001)
(0.8401262543 0 0.001)
(0.8513952963 0 0.001)
(0.8670684074 0 0.001)
(0.8891325904 0 0.001)
(0.9201446333 0 0.001)
(0.95884805 0 0.001)
(0.9929839421 0 0.001)
(1.019203688 0 0.001)
(1.037323066 0 0.001)
(1.050206096 0 0.001)
(1.061378508 0 0.001)
(1.076830947 0 0.001)
(1.098871783 0 0.001)
(1.129103958 0 0.001)
(1.166387875 0 0.001)
(1.202002934 0 0.001)
(1.228113447 0 0.001)
(1.246699943 0 0.001)
(1.259915099 0 0.001)
(1.27094908 0 0.001)
(1.286012984 0 0.001)
(1.307222377 0 0.001)
(1.337356424 0 0.001)
(1.374504815 0 0.001)
(1.410890053 0 0.001)
(1.437537897 0 0.001)
(1.456442899 0 0.001)
(1.469884514 0 0.001)
(1.480851305 0 0.001)
(1.49566153 0 0.001)
(1.516530957 0 0.001)
(1.54577019 0 0.001)
(1.584317447 0 0.001)
(1.62000706 0 0.001)
(1.64735502 0 0.001)
(1.666464958 0 0.001)
(1.680052285 0 0.001)
(1.69098684 0 0.001)
(1.705638304 0 0.001)
(1.726246311 0 0.001)
(1.755586233 0 0.001)
(1.792271375 0 0.001)
(1.82921167 0 0.001)
(1.856610424 0 0.001)
(1.876087592 0 0.001)
(1.889936024 0 0.001)
(1.900833268 0 0.001)
(1.915208348 0 0.001)
(1.935426323 0 0.001)
(1.963968601 0 0.001)
(2 0 0.001)
(2.036031399 0 0.001)
(2.064573677 0 0.001)
(2.084791652 0 0.001)
(2.099166732 0 0.001)
(2.110063976 0 0.001)
(2.123912408 0 0.001)
(2.143389576 0 0.001)
(2.17078833 0 0.001)
(2.207728625 0 0.001)
(2.244413767 0 0.001)
(2.273753689 0 0.001)
(2.294361696 0 0.001)
(2.30901316 0 0.001)
(2.319947715 0 0.001)
(2.333535042 0 0.001)
(2.35264498 0 0.001)
(2.37999294 0 0.001)
(2.415682553 0 0.001)
(2.45422981 0 0.001)
(2.483469043 0 0.001)
(2.50433847 0 0.001)
(2.519148695 0 0.001)
(2.530115486 0 0.001)
(2.543557101 0 0.001)
(2.562462103 0 0.001)
(2.589109947 0 0.001)
(2.625495185 0 0.001)
(2.662643576 0 0.001)
(2.692777623 0 0.001)
(2.713987016 0 0.001)
(2.72905092 0 0.001)
(2.740084901 0 0.001)
(2.753300057 0 0.001)
(2.771886553 0 0.001)
(2.797997066 0 0.001)
(2.833612125 0 0.001)
(2.870896042 0 0.001)
(2.901128217 0 0.001)
(2.923169053 0 0.001)
(2.938621492 0 0.001)
(2.949793904 0 0.001)
(2.962676934 0 0.001)
(2.980796312 0 0.001)
(3.007016058 0 0.001)
(3.04115195 0 0.001)
(3.079855367 0 0.001)
(3.11086741 0 0.001)
(3.132931593 0 0.001)
(3.148604704 0 0.001)
(3.159873746 0 0.001)
(3.172575262 0 0.001)
(3.19043935 0 0.001)
(3.21562813 0 0.001)
(3.250423175 0 0.001)
(3.288831772 0 0.001)
(3.320619741 0 0.001)
(3.342893635 0 0.001)
(3.358729795 0 0.001)
(3.370078233 0 0.001)
(3.3826489 0 0.001)
(3.40032895 0 0.001)
(3.425272909 0 0.001)
(3.459644079 0 0.001)
(3.497531427 0 0.001)
(3.529289577 0 0.001)
(3.552201434 0 0.001)
(3.568389736 0 0.001)
(3.579931788 0 0.001)
(3.592229078 0 0.001)
(3.609524638 0 0.001)
(3.634804481 0 0.001)
(3.667196152 0 0.001)
(3.705785426 0 0.001)
(3.738488423 0 0.001)
(3.761683703 0 0.001)
(3.778173754 0 0.001)
(3.789904575 0 0.001)
(3.801976959 0 0.001)
(3.818956199 0 0.001)
(3.842849855 0 0.001)
(3.876265203 0 0.001)
(3.914730565 0 0.001)
(3.947763106 0 0.001)
(3.971370217 0 0.001)
(3.988102912 0 0.001)
(4 0.01152926351 0.001)
(4 0.02759974991 0.001)
(4 0.05 0.001)
(4 0.07240025009 0.001)
(4 0.08847073649 0.001)
(3.988102912 0.1 0.001)
(3.971370217 0.1 0.001)
(3.947763106 0.1 0.001)
(3.914730565 0.1 0.001)
(3.876265203 0.1 0.001)
(3.842849855 0.1 0.001)
(3.818956199 0.1 0.001)
(3.801976959 0.1 0.001)
(3.789904575 0.1 0.001)
(3.778173754 0.1 0.001)
(3.761683703 0.1 0.001)
(3.738488423 0.1 0.001)
(3.705785426 0.1 0.001)
(3.667196152 0.1 0.001)
(3.634804481 0.1 0.001)
(3.609524638 0.1 0.001)
(3.592229078 0.1 0.001)
(3.579931788 0.1 0.001)
(3.568389736 0.1 0.001)
(3.552201434 0.1 0.001)
(3.529289577 0.1 0.001)
(3.497531427 0.1 0.001)
(3.459644079 0.1 0.001)
(3.425272909 0.1 0.001)
(3.40032895 0.1 0.001)
(3.3826489 0.1 0.001)
(3.370078233 0.1 0.001)
(3.358729795 0.1 0.001)
(3.342893635 0.1 0.001)
(3.320619741 0.1 0.001)
(3.288831772 0.1 0.001)
(3.250423175 0.1 0.001)
(3.21562813 0.1 0.001)
(3.19043935 0.1 0.001)
(3.172575262 0.1 0.001)
(3.159873746 0.1 0.001)
(3.148604704 0.1 0.001)
(3.132931593 0.1 0.001)
(3.11086741 0.1 0.001)
(3.079855367 0.1 0.001)
(3.04115195 0.1 0.001)
(3.007016058 0.1 0.001)
(2.980796312 0.1 0.001)
(2.962676934 0.1 0.001)
(2.949793904 0.1 0.001)
(2.938621492 0.1 0.001)
(2.923169053 0.1 0.001)
(2.901128217 0.1 0.001)
(2.870896042 0.1 0.001)
(2.833612125 0.1 0.001)
(2.797997066 0.1 0.001)
(2.771886553 0.1 0.001)
(2.753300057 0.1 0.001)
(2.740084901 0.1 0.001)
(2.72905092 0.1 0.001)
(2.713987016 0.1 0.001)
(2.692777623 0.1 0.001)
(2.662643576 0.1 0.001)
(2.625495185 0.1 0.001)
(2.589109947 0.1 0.001)
(2.562462103 0.1 0.001)
(2.543557101 0.1 0.001)
(2.530115486 0.1 0.001)
(2.519148695 0.1 0.001)
(2.50433847 0.1 0.001)
(2.483469043 0.1 0.001)
(2.45422981 0.1 0.001)
(2.415682553 0.1 0.001)
(2.37999294 0.1 0.001)
(2.35264498 0.1 0.001)
(2.333535042 0.1 0.001)
(2.319947715 0.1 0.001)
(2.30901316 0.1 0.001)
(2.294361696 0.1 0.001)
(2.273753689 0.1 0.001)
(2.244413767 0.1 0.001)
(2.207728625 0.1 0.001)
(2.17078833 0.1 0.001)
(2.143389576 0.1 0.001)
(2.123912408 0.1 0.001)
(2.110063976 0.1 0.001)
(2.099166732 0.1 0.001)
(2.084791652 0.1 0.001)
(2.064573677 0.1 0.001)
(2.036031399 0.1 0.001)
(2 0.1 0.001)
(1.963968601 0.1 0.001)
(1.935426323 0.1 0.001)
(1.915208348 0.1 0.001)
(1.900833268 0.1 0.001)
(1.889936024 0.1 0.001)
(1.876087592 0.1 0.001)
(1.856610424 0.1 0.001)
(1.82921167 0.1 0.001)
(1.792271375 0.1 0.001)
(1.755586233 0.1 0.001)
(1.726246311 0.1 0.001)
(1.705638304 0.1 0.001)
(1.69098684 0.1 0.001)
(1.680052285 0.1 0.001)
(1.666464958 0.1 0.001)
(1.64735502 0.1 0.001)
(1.62000706 0.1 0.001)
(1.584317447 0.1 0.001)
(1.54577019 0.1 0.001)
(1.516530957 0.1 0.001)
(1.49566153 0.1 0.001)
(1.480851305 0.1 0.001)
(1.469884514 0.1 0.001)
(1.456442899 0.1 0.001)
(1.437537897 0.1 0.001)
(1.410890053 0.1 0.001)
(1.374504815 0.1 0.001)
(1.337356424 0.1 0.001)
(1.307222377 0.1 0.001)
(1.286012984 0.1 0.001)
(1.27094908 0.1 0.001)
(1.259915099 0.1 0.001)
(1.246699943 0.1 0.001)
(1.228113447 0.1 0.001)
(1.202002934 0.1 0.001)
(1.166387875 0.1 0.001)
(1.129103958 0.1 0.001)
(1.098871783 0.1 0.001)
(1.076830947 0.1 0.001)
(1.061378508 0.1 0.001)
(1.050206096 0.1 0.001)
(1.037323066 0.1 0.001)
(1.019203688 0.1 0.001)
(0.9929839421 0.1 0.001)
(0.95884805 0.1 0.001)
(0.9201446333 0.1 0.001)
(0.8891325904 0.1 0.001)
(0.8670684074 0.1 0.001)
(0.8513952963 0.1 0.001)
(0.8401262543 0.1 0.001)
(0.8274247376 0.1 0.001)
(0.8095606501 0.1 0.001)
(0.7843718699 0.1 0.001)
(0.7495768246 0.1 0.001)
(0.7111682283 0.1 0.001)
(0.6793802591 0.1 0.001)
(0.657106365 0.1 0.001)
(0.6412702045 0.1 0.001)
(0.6299217666 0.1 0.001)
(0.6173511004 0.1 0.001)
(0.59967105 0.1 0.001)
(0.5747270913 0.1 0.001)
(0.540355921 0.1 0.001)
(0.5024685731 0.1 0.001)
(0.470710423 0.1 0.001)
(0.447798566 0.1 0.001)
(0.4316102643 0.1 0.001)
(0.4200682116 0.1 0.001)
(0.4077709217 0.1 0.001)
(0.3904753619 0.1 0.001)
(0.3651955191 0.1 0.001)
(0.3328038481 0.1 0.001)
(0.2942145745 0.1 0.001)
(0.2615115772 0.1 0.001)
(0.2383162968 0.1 0.001)
(0.2218262456 0.1 0.001)
(0.2100954248 0.1 0.001)
(0.1980230414 0.1 0.001)
(0.1810438008 0.1 0.001)
(0.1571501449 0.1 0.001)
(0.1237347973 0.1 0.001)
(0.08526943531 0.1 0.001)
(0.05223689426 0.1 0.001)
(0.02862978309 0.1 0.001)
(0.01189708813 0.1 0.001)
(0 0.08847073649 0.001)
(0 0.07240025009 0.001)
(0 0.05 0.001)
(0 0.02759974991 0.001)
(0 0.01152926351 0.001)
(1.895052152 0.09051939213 0)
(2.104947694 0.0094804936 0)
(2.315033888 0.008917119896 0)
(1.684966112 0.0910828801 0)
(2.525454591 0.08934881116 0)
(1.474545409 0.01065118884 0)
(1.264929533 0.09101476932 0)
(2.735070467 0.008985230682 0)
(1.055792302 0.09032440714 0)
(2.944207698 0.009675592859 0)
(0.8451648477 0.008883886519 0)
(3.154239225 0.09024072334 0)
(0.6360168864 0.09153213523 0)
(3.365207356 0.008564951515 0)
(3.574884111 0.09134803266 0)
(0.4251158888 0.008651967337 0)
(0.2151350662 0.08772421958 0)
(3.784864934 0.01227578042 0)
(1.893943003 0.0105116549 0)
(2.106057379 0.08948585869 0)
(2.315840927 0.0895321515 0)
(1.684159073 0.0104678485 0)
(2.52516471 0.008941035559 0)
(1.47483529 0.09105896444 0)
(1.26543209 0.009555707812 0)
(2.73456791 0.09044429219 0)
(1.055179849 0.008846078369 0)
(2.944820151 0.09115392163 0)
(0.8453760177 0.09039084535 0)
(3.154834397 0.008883670928 0)
(0.6347914928 0.008565279177 0)
(3.364404014 0.09017196449 0)
(3.574530194 0.009900915441 0)
(0.4254698059 0.09009908456 0)
(0.2044219691 0.01004201594 0)
(3.795578031 0.08995798406 0)
(1.296617681 0.01570679837 0)
(2.703382319 0.08429320163 0)
(1.507067308 0.01511001697 0)
(2.492932692 0.08488998303 0)
(2.281925132 0.08409350184 0)
(1.718074868 0.01590649816 0)
(1.926127581 0.01420365684 0)
(2.072588394 0.08409976798 0)
(1.865842164 0.08456325295 0)
(2.134154016 0.01543407397 0)
(1.656862916 0.0866329587 0)
(2.343137084 0.0133670413 0)
(2.553009602 0.08599350408 0)
(1.446990398 0.01400649592 0)
(2.553528419 0.0134613407 0)
(1.446471581 0.0865386593 0)
(1.236657386 0.08666276856 0)
(2.763342614 0.01333723144 0)
(2.762593305 0.08622948059 0)
(1.237406695 0.01377051941 0)
(1.089141738 0.08386975706 0)
(2.910858262 0.01613024294 0)
(1.027899786 0.08661650412 0)
(2.972100214 0.01338349588 0)
(2.972542029 0.08648010303 0)
(1.027457971 0.01351989697 0)
(0.8790432698 0.08327020629 0)
(3.121886585 0.0156972639 0)
(3.181507306 0.08676470514 0)
(0.8189602728 0.01090495201 0)
(0.8182381249 0.08600634259 0)
(3.182623441 0.01361094004 0)
(0.6691038295 0.08344426667 0)
(3.331756704 0.01585535282 0)
(0.6082283902 0.08617012325 0)
(3.392757165 0.01361118757 0)
(0.6088602413 0.01091319215 0)
(3.391488925 0.08690105547 0)
(3.540594997 0.0182877946 0)
(0.4594050033 0.0817122054 0)
(3.600730168 0.08910327601 0)
(0.3992698316 0.01089672399 0)
(0.3989343669 0.08645518676 0)
(3.601065633 0.01354481324 0)
(3.748945029 0.0153853511 0)
(0.2510549709 0.0846146489 0)
(3.811360441 0.01219921768 0)
(0.1886395589 0.08780078232 0)
(0.2295896049 0.01210815132 0)
(3.770410395 0.08789184868 0)
(2.343318777 0.08618594112 0)
(1.656681223 0.01381405888 0)
(2.134084258 0.08530867885 0)
(1.865913935 0.0146877832 0)
(3.830847439 0.0828555141 0)
(0.169152561 0.0171444859 0)
(1.925393278 0.08554936852 0)
(2.074604705 0.01445311198 0)
(1.716012055 0.08528724593 0)
(2.283987945 0.01471275407 0)
(1.506162422 0.08512279169 0)
(2.493837578 0.01487720831 0)
(1.29666651 0.08488116423 0)
(2.70333349 0.01511883577 0)
(1.088311215 0.01585987516 0)
(2.911688785 0.08414012484 0)
(0.8785523478 0.01596378221 0)
(3.12128751 0.08524164676 0)
(0.6686933332 0.01611561406 0)
(3.331756688 0.08349786229 0)
(3.983341682 0.06120012505 0)
(0.01665831755 0.03879987495 0)
(0.4596436877 0.01648233028 0)
(3.540356312 0.08351766972 0)
(3.932521865 0.02593704267 0)
(0.06747813467 0.07406295733 0)
(0.3489470378 0.02464404508 0)
(3.651052962 0.07535595492 0)
(3.444355348 0.07579197159 0)
(0.5556446524 0.02420802841 0)
(3.721493519 0.07630561649 0)
(0.2785064812 0.02369438351 0)
(3.234969606 0.07566269411 0)
(0.7650303937 0.02433730589 0)
(3.026059422 0.07559019826 0)
(0.9739405782 0.02440980174 0)
(3.8607571 0.02463102061 0)
(0.1392428997 0.07536897939 0)
(2.819053761 0.07615901344 0)
(1.180946239 0.02384098656 0)
(2.610647781 0.0761186866 0)
(1.389352219 0.0238813134 0)
(2.401040356 0.07598310497 0)
(1.598959644 0.02401689503 0)
(2.189409542 0.07479824341 0)
(1.810590458 0.02520175659 0)
(1.984449506 0.07464931768 0)
(3.988048958 0.01956450671 0)
(0.01195104228 0.08043549329 0)
(3.6878867 0.02765018061 0)
(0.3121133003 0.07234981939 0)
(0.1051714772 0.02764691318 0)
(3.894828523 0.07235308682 0)
(0.9394963417 0.07179011659 0)
(3.060503658 0.02820988341 0)
(3.478587753 0.02863483571 0)
(0.521412247 0.07136516429 0)
(0.7303725265 0.07116870902 0)
(3.269627474 0.02883129098 0)
(1.565146037 0.07247368355 0)
(2.434853963 0.02752631645 0)
(1.147756997 0.07247663132 0)
(2.852243003 0.02752336868 0)
(1.355956749 0.07238671046 0)
(2.644043251 0.02761328954 0)
(2.017892537 0.02674924431 0)
(1.773994084 0.07271332512 0)
(2.226005916 0.02728667488 0)
(0.04043333868 0.01746764845 0)
(3.959566661 0.08253235155 0)
(3.959566661 0.01746764845 0)
(3.952906814 0.03877414907 0)
(0.04043333868 0.08253235155 0)
(0.04709318603 0.06122585093 0)
(3.237045569 0.02994538097 0)
(3.208028444 0.03234985046 0)
(0.762954431 0.07005461903 0)
(0.7891912714 0.06916264585 0)
(3.691216032 0.07606823758 0)
(0.3087839677 0.02393176242 0)
(0.9720173303 0.07002694305 0)
(0.9980861502 0.06928453618 0)
(3.02798267 0.02997305695 0)
(3.00191385 0.03071546382 0)
(0.1084028656 0.07595431782 0)
(3.891597134 0.02404568218 0)
(2.402092923 0.03009914651 0)
(2.370723398 0.0315364527 0)
(1.597907077 0.06990085349 0)
(1.629276602 0.0684635473 0)
(0.5536253523 0.0701483112 0)
(0.5794770912 0.06928653906 0)
(3.446374648 0.0298516888 0)
(3.421417388 0.03049406001 0)
(0.3449498521 0.07030058764 0)
(0.3722988669 0.06970873909 0)
(3.655050148 0.02969941236 0)
(3.627701133 0.03029126091 0)
(2.46310888 0.02951656574 0)
(2.45015692 0.05242284491 0)
(2.476382563 0.05272200721 0)
(1.53689112 0.07048343426 0)
(1.54984308 0.04757715509 0)
(1.523617437 0.04727799279 0)
(3.089494273 0.03051192859 0)
(3.074643667 0.05200524864 0)
(3.100374047 0.04927217922 0)
(0.9103075356 0.06835224665 0)
(0.9253233008 0.04780544723 0)
(0.8986296545 0.0472191736 0)
(1.180102038 0.07002042242 0)
(1.210590347 0.06894350821 0)
(2.819897962 0.02997957758 0)
(2.789409653 0.03105649179 0)
(3.299050597 0.03092317001 0)
(3.285249121 0.0534417105 0)
(3.310080066 0.05408437488 0)
(0.7007433222 0.06809700201 0)
(0.7147508795 0.0465582895 0)
(0.6893328388 0.04332473422 0)
(3.717093434 0.02976085803 0)
(0.2829065658 0.07023914197 0)
(0.8978811708 0.01730572302 0)
(3.102051215 0.08277700094 0)
(2.611403356 0.03017281879 0)
(2.580166303 0.0306334197 0)
(1.388596644 0.06982718121 0)
(1.419833697 0.0693665803 0)
(2.880622951 0.03053992226 0)
(2.867024986 0.05148078869 0)
(2.892416087 0.05164020918 0)
(2.893253385 0.08333306452 0)
(1.119377049 0.06946007774 0)
(1.132975014 0.04851921131 0)
(1.107583913 0.04835979082 0)
(1.106746615 0.01666693548 0)
(1.745991276 0.0708178474 0)
(1.757905363 0.04744999926 0)
(1.73259104 0.04876696787 0)
(2.254008724 0.0291821526 0)
(2.242094637 0.05255000074 0)
(2.26740896 0.05123303213 0)
(3.86410708 0.06947211023 0)
(0.1358929203 0.03052788977 0)
(2.67251702 0.02975398389 0)
(2.659875436 0.05232100389 0)
(2.686701928 0.05259676927 0)
(1.32748298 0.07024601611 0)
(1.340124564 0.04767899611 0)
(1.313298072 0.04740323073 0)
(3.508225491 0.03170990358 0)
(3.494144575 0.05327707761 0)
(3.519664042 0.05628913766 0)
(0.4917745093 0.06829009642 0)
(0.5058554249 0.04672292239 0)
(0.4803359579 0.04371086234 0)
(1.806656268 0.06986012525 0)
(1.835864912 0.06698132182 0)
(2.193343732 0.03013987475 0)
(2.164131635 0.03301505419 0)
(2.045312353 0.0286204542 0)
(2.033769968 0.04988556009 0)
(2.058679186 0.04883343368 0)
(3.978666526 0.07900069909 0)
(0.02133347353 0.02099930091 0)
(0.6889922992 0.01945342203 0)
(3.311622046 0.07874029025 0)
(2.163314804 0.07222553423 0)
(1.836680986 0.02776799796 0)
(1.984610965 0.02682901289 0)
(1.953899149 0.02947715813 0)
(1.627434536 0.0266342945 0)
(2.372565464 0.0733657055 0)
(2.58240946 0.073421827 0)
(1.41759054 0.026578173 0)
(3.835296586 0.02781797919 0)
(0.1647034141 0.07218202081 0)
(3.209376539 0.07402172295 0)
(0.7942193353 0.02585638383 0)
(2.791516515 0.073638687 0)
(1.208483485 0.026361313 0)
(0.5843602647 0.02587124273 0)
(3.419083354 0.07424245548 0)
(1.955333519 0.07308104272 0)
(0.07549616872 0.03089461984 0)
(3.924503831 0.06910538016 0)
(2.998006715 0.07442447811 0)
(1.001993285 0.02557552189 0)
(3.745861285 0.07478871546 0)
(0.254138715 0.02521128454 0)
(3.519901159 0.08027194836 0)
(0.4800988408 0.01972805164 0)
(0.3696142228 0.02404807071 0)
(3.630385777 0.07595192929 0)
(2.677748679 0.07698645131 0)
(1.322251321 0.02301354869 0)
(1.740415998 0.02384782124 0)
(2.259584002 0.07615217876 0)
(3.637286111 0.05336098909 0)
(3.613195101 0.04686723809 0)
(0.3627138894 0.04663901091 0)
(0.3868048985 0.05313276191 0)
(2.052305872 0.08212589855 0)
(1.531437553 0.02208404589 0)
(2.468562447 0.07791595411 0)
(3.813758193 0.08125882656 0)
(3.821470566 0.06682434976 0)
(3.805365706 0.06667165686 0)
(3.811487904 0.05202268232 0)
(3.795181072 0.05304288493 0)
(3.801318291 0.03863934059 0)
(3.785405284 0.03985186339 0)
(3.778573722 0.05380837364 0)
(3.768438904 0.04123780941 0)
(3.829136595 0.05086865865 0)
(3.792110283 0.02496950297 0)
(0.1862418069 0.01874117344 0)
(0.178529434 0.03317565024 0)
(0.1946342941 0.03332834314 0)
(0.1885120964 0.04797731768 0)
(0.2048189277 0.04695711507 0)
(0.1986817085 0.06136065941 0)
(0.2145947155 0.06014813661 0)
(0.221426278 0.04619162636 0)
(0.231561096 0.05876219059 0)
(0.1708634052 0.04913134135 0)
(0.2078897167 0.07503049703 0)
(3.557954072 0.08175683267 0)
(3.549951754 0.06826282573 0)
(3.566760732 0.06817189768 0)
(3.559331306 0.05413943321 0)
(3.575961097 0.05530804526 0)
(3.568372549 0.0404445722 0)
(3.584346748 0.04126507614 0)
(3.583252592 0.07072675435 0)
(3.551227017 0.03500845359 0)
(3.560965013 0.02531808216 0)
(3.575823393 0.02860437712 0)
(0.4420459279 0.01824316733 0)
(0.4500482458 0.03173717427 0)
(0.4332392676 0.03182810232 0)
(0.4406686938 0.04586056679 0)
(0.4240389028 0.04469195474 0)
(0.4316274511 0.0595554278 0)
(0.4156532524 0.05873492386 0)
(0.4167474077 0.02927324565 0)
(0.4487729828 0.06499154641 0)
(0.4390349872 0.07468191784 0)
(0.4241766072 0.07139562288 0)
(0.2356431947 0.08390226692 0)
(3.764356805 0.01609773308 0)
(1.071364464 0.01751611757 0)
(1.079260383 0.03051900924 0)
(1.062867131 0.03069157955 0)
(1.069995811 0.04436692383 0)
(1.053690082 0.04314112525 0)
(1.061032098 0.05774924709 0)
(1.044702702 0.05723065819 0)
(1.037617593 0.04212429203 0)
(1.076932709 0.05887295322 0)
(1.067983935 0.07139440998 0)
(1.027908495 0.05706107633 0)
(2.928635536 0.08248388243 0)
(2.920739617 0.06948099076 0)
(2.937132869 0.06930842045 0)
(2.930004189 0.05563307617 0)
(2.946309918 0.05685887475 0)
(2.938967902 0.04225075291 0)
(2.955297298 0.04276934181 0)
(2.962382407 0.05787570797 0)
(2.923067291 0.04112704678 0)
(2.932016065 0.02860559002 0)
(2.972091505 0.04293892367 0)
(3.348626137 0.01777658468 0)
(3.340600677 0.03099008114 0)
(3.357251651 0.03118155959 0)
(3.349937796 0.045070416 0)
(3.366653209 0.04360971442 0)
(3.359262867 0.05850725576 0)
(3.375720864 0.05787740659 0)
(3.382851876 0.04273911548 0)
(3.343354449 0.05934813271 0)
(3.352535452 0.07295404912 0)
(3.392369089 0.05780412055 0)
(0.651447357 0.01782052429 0)
(0.6594768199 0.03103637182 0)
(0.6427705609 0.03119988023 0)
(0.6500741978 0.04509265439 0)
(0.6333410444 0.04361638445 0)
(0.640978512 0.05861628778 0)
(0.6245213698 0.05725169596 0)
(0.617146448 0.04262283786 0)
(0.6571104944 0.05967204205 0)
(0.6479877634 0.07173664792 0)
(0.607871547 0.05680114959 0)
(3.138605189 0.0176091559 0)
(3.130644768 0.03070738808 0)
(3.147144364 0.03091108215 0)
(3.139903534 0.04469701995 0)
(3.156454576 0.04331474695 0)
(3.149174385 0.05808231782 0)
(3.165605801 0.05750789813 0)
(3.172607747 0.0423916724 0)
(3.132915851 0.05927608147 0)
(3.142431348 0.07253471259 0)
(3.182317759 0.05746710723 0)
(0.8614665761 0.01765409343 0)
(0.8694281971 0.03075307629 0)
(0.852877047 0.03092921948 0)
(0.8601019051 0.04471479674 0)
(0.8435354905 0.04332345307 0)
(0.8510704043 0.05818133069 0)
(0.8346499741 0.05681319687 0)
(0.8273937832 0.04226448164 0)
(0.8671504403 0.05922568139 0)
(0.8581243732 0.07185426356 0)
(0.8179092211 0.05634466571 0)
(0.2656143839 0.04842928177 0)
(3.734385616 0.05157071823 0)
(0.6320298576 0.07104884207 0)
(0.8420604249 0.07281674664 0)
(1.280488436 0.08299409404 0)
(1.288258308 0.07028118409 0)
(1.272215412 0.07000674515 0)
(1.279239294 0.0565293031 0)
(1.26318073 0.05760690337 0)
(1.270108647 0.04324599332 0)
(1.25374404 0.04367775864 0)
(1.247159646 0.0587073923 0)
(1.286159253 0.0421678282 0)
(1.276911281 0.03093047691 0)
(1.236884438 0.04365304042 0)
(2.719511564 0.01700590596 0)
(2.711741692 0.02971881591 0)
(2.727784588 0.02999325485 0)
(2.720760706 0.0434706969 0)
(2.73681927 0.04239309663 0)
(2.729891353 0.05675400668 0)
(2.74625596 0.05632224136 0)
(2.752840354 0.0412926077 0)
(2.713840747 0.0578321718 0)
(2.723088719 0.06906952309 0)
(2.763115562 0.05634695958 0)
(3.367126411 0.07096252637 0)
(2.509793516 0.01676024579 0)
(2.502108758 0.02929656119 0)
(2.517943153 0.0296019375 0)
(2.51101106 0.04292791927 0)
(2.526937316 0.04187421235 0)
(2.520376033 0.05604139697 0)
(2.536483985 0.05575240246 0)
(2.542868865 0.0407645541 0)
(2.528668064 0.06872479779 0)
(2.50445766 0.05706624461 0)
(2.553372444 0.0558255744 0)
(1.490206484 0.08323975421 0)
(1.497891242 0.07070343881 0)
(1.482056847 0.0703980625 0)
(1.48898894 0.05707208073 0)
(1.473062684 0.05812578765 0)
(1.479623967 0.04395860303 0)
(1.463516015 0.04424759754 0)
(1.457131135 0.0592354459 0)
(1.471331936 0.03127520221 0)
(1.49554234 0.04293375539 0)
(1.446627556 0.0441744256 0)
(3.157021893 0.07071543344 0)
(2.299786836 0.01659402793 0)
(2.292212953 0.0289705734 0)
(2.307858934 0.02932543464 0)
(2.301184125 0.04267363906 0)
(2.316792427 0.04152863201 0)
(2.310441154 0.05574229291 0)
(2.326070692 0.05485804021 0)
(2.334630895 0.03810427609 0)
(2.318595997 0.06831390813 0)
(2.34334081 0.05512271686 0)
(2.304398346 0.06952726483 0)
(1.700213164 0.08340597207 0)
(1.707787047 0.0710294266 0)
(1.692141066 0.07067456536 0)
(1.698815875 0.05732636094 0)
(1.683207573 0.05847136799 0)
(1.689558846 0.04425770709 0)
(1.673929308 0.04514195979 0)
(1.665369105 0.06189572391 0)
(1.681404003 0.03168609187 0)
(1.65665919 0.04487728314 0)
(1.695601654 0.03047273517 0)
(1.053246094 0.07038980663 0)
(2.946753906 0.02961019337 0)
(1.260626112 0.03011034021 0)
(2.739373888 0.06988965979 0)
(2.089197909 0.01586406715 0)
(2.082518247 0.02843857859 0)
(2.098609998 0.02690041982 0)
(2.091562956 0.0418521001 0)
(2.10720361 0.04064034938 0)
(2.10080621 0.05524751053 0)
(2.116831115 0.05483830851 0)
(2.108995955 0.06805623759 0)
(2.122923515 0.03976686225 0)
(2.13387622 0.0543687355 0)
(2.094682277 0.06934231325 0)
(1.910802026 0.08413773276 0)
(1.917483737 0.07156255716 0)
(1.901389906 0.07309689487 0)
(1.908440079 0.05814140579 0)
(1.892793681 0.05935087879 0)
(1.899192345 0.04473844449 0)
(1.883163917 0.04515059527 0)
(1.924853029 0.0567900641 0)
(1.891003378 0.03193293974 0)
(1.877069346 0.06022401567 0)
(1.866115122 0.04561928326 0)
(1.905316141 0.03064724135 0)
(3.428511071 0.05206714706 0)
(0.5714889292 0.04793285294 0)
(2.514604496 0.07025728983 0)
(1.485395504 0.02974271017 0)
(2.085217601 0.0574342705 0)
(3.759767925 0.05689713777 0)
(0.2402320751 0.04310286223 0)
(2.118801608 0.08753331963 0)
(2.124550298 0.07133695196 0)
(1.881199038 0.01246346697 0)
(1.87544756 0.02865539024 0)
(1.701828566 0.01741998776 0)
(2.298171434 0.08258001224 0)
(1.911269728 0.01719420818 0)
(2.088514326 0.08251788742 0)
(1.671561521 0.01220390375 0)
(1.666602141 0.02821213032 0)
(2.328438479 0.08779609625 0)
(2.333397859 0.07178786968 0)
(0.61583337 0.07182579062 0)
(0.01454051848 0.06092873634 0)
(3.985459482 0.03907126366 0)
(0.4089947951 0.0740779576 0)
(3.591005205 0.0259220424 0)
(3.562722436 0.01047672601 0)
(0.4372775643 0.08952327399 0)
(3.350248887 0.0864713967 0)
(0.6466920568 0.09035527019 0)
(0.8567327275 0.09032317863 0)
(3.140300842 0.08726912017 0)
(1.066553007 0.09036504105 0)
(2.933446993 0.009634958952 0)
(1.882896261 0.08635876506 0)
(2.11710152 0.01363968411 0)
(3.221526595 0.05269444344 0)
(0.7810086806 0.04751422506 0)
(2.295125684 0.05730461806 0)
(1.704874316 0.04269538194 0)
(1.278481032 0.01071904635 0)
(2.721518968 0.08928095365 0)
(1.488570386 0.01378731205 0)
(2.511429614 0.08621268795 0)
(1.673692199 0.08650672155 0)
(2.326307801 0.01349327845 0)
(1.463357433 0.0862231628 0)
(1.461664276 0.01220502821 0)
(1.456552043 0.02787652639 0)
(2.536642567 0.0137768372 0)
(2.538335724 0.08779497179 0)
(2.543447957 0.07212347361 0)
(1.253362642 0.08608716102 0)
(2.746637358 0.01391283898 0)
(1.252404213 0.01118479019 0)
(1.247112254 0.0266819659 0)
(2.747595787 0.08881520981 0)
(2.752887746 0.0733180341 0)
(3.009924584 0.0525718456 0)
(0.9900754165 0.0474281544 0)
(2.957108331 0.01116369511 0)
(2.961876022 0.02631452624 0)
(1.042891669 0.08883630489 0)
(1.038123978 0.07368547376 0)
(1.04275303 0.01348080678 0)
(2.95724697 0.08651919322 0)
(3.167014711 0.08894466986 0)
(3.171877738 0.07395831865 0)
(0.8333490452 0.01360773144 0)
(0.8334402294 0.08673581748 0)
(0.8263135693 0.07152349478 0)
(3.167690897 0.01292790133 0)
(3.162713582 0.02976042121 0)
(0.8370356971 0.02839517613 0)
(0.6255875038 0.08584024816 0)
(3.377783118 0.01281613433 0)
(3.372955595 0.02997652766 0)
(0.6222168825 0.01281613433 0)
(0.6270518146 0.02995370156 0)
(3.377125172 0.08897432629 0)
(3.381940055 0.07414762586 0)
(3.910416907 0.0455849231 0)
(0.08958309293 0.0544150769 0)
(1.047511928 0.02967583605 0)
(2.952488072 0.07032416395 0)
(2.024422235 0.07670511214 0)
(0.4126060121 0.08741188061 0)
(3.587121954 0.08699947107 0)
(0.4128780458 0.01300052893 0)
(3.587393988 0.01258811939 0)
(0.5992387419 0.04133674859 0)
(2.805179263 0.05291473622 0)
(1.194820737 0.04708526378 0)
(3.797157862 0.01240677918 0)
(0.2028421384 0.08759322082 0)
(1.016973384 0.04032578306 0)
(2.983026616 0.05967421694 0)
(0.2161400948 0.01075045912 0)
(0.2216150873 0.02275348901 0)
(3.783859905 0.08924954088 0)
(3.778384913 0.07724651099 0)
(0.8093357215 0.04085870539 0)
(1.915120822 0.04336942206 0)
(1.932675569 0.04092155372 0)
(3.39811961 0.04252097111 0)
(0.1817019258 0.06324583461 0)
(3.818298074 0.03675416539 0)
(1.648308347 0.05900730086 0)
(2.351691653 0.04099269914 0)
(3.595646276 0.05578212563 0)
(0.4043537245 0.04421787437 0)
(3.671608682 0.05393006689 0)
(0.3283913183 0.04606993311 0)
(3.70394733 0.05254761297 0)
(0.2960526695 0.04745238703 0)
(1.505316005 0.0557142045 0)
(2.494683995 0.0442857955 0)
(0.5374477 0.04675585209 0)
(3.4625523 0.05324414791 0)
(1.580335709 0.04703900967 0)
(2.419664291 0.05296099033 0)
(3.190550533 0.04090450327 0)
(0.9556182134 0.04688282272 0)
(3.044378978 0.05310107999 0)
(2.597926305 0.05332813541 0)
(1.402073695 0.04667186459 0)
(2.704371583 0.04478282999 0)
(1.295628417 0.05521717001 0)
(1.162491227 0.04656485914 0)
(2.837508773 0.05343514086 0)
(2.91222065 0.05353969013 0)
(1.08777935 0.04646030987 0)
(1.257346229 0.07083880021 0)
(2.742653771 0.02916119979 0)
(0.7470129796 0.04678898285 0)
(3.253019773 0.05310511639 0)
(0.8777476679 0.04582648665 0)
(0.8857403654 0.06564122999 0)
(3.121774271 0.04731378168 0)
(0.6679152592 0.04550529288 0)
(0.6759279331 0.06512080998 0)
(3.332883692 0.04602910202 0)
(2.435554778 0.07670737749 0)
(1.564445222 0.02329262251 0)
(1.228673998 0.06056833649 0)
(2.771326002 0.03943166351 0)
(2.005223894 0.05315819511 0)
(1.788047581 0.04524891313 0)
(2.211952419 0.05475108687 0)
(2.386514219 0.05274762723 0)
(1.613485781 0.04725237277 0)
(1.370829909 0.04665466948 0)
(2.629170091 0.05334533052 0)
(2.140679378 0.03391098068 0)
(1.859314076 0.06608217167 0)
(1.438443409 0.06126884209 0)
(2.561556591 0.03873115791 0)
(2.28504365 0.04356821434 0)
(1.71495635 0.05643178566 0)
(1.767074199 0.02364769849 0)
(2.232925801 0.07635230151 0)
(0.4007695721 0.0256072483 0)
(3.599230428 0.0743927517 0)
(0.457515131 0.04679657893 0)
(0.4691279489 0.06482145246 0)
(3.542484869 0.05320342107 0)
(3.530872051 0.03517854754 0)
(3.060120136 0.07623057862 0)
(0.9398768168 0.02375195528 0)
(2.532642622 0.02877725116 0)
(1.467357378 0.07122274884 0)
(2.176033793 0.05217149892 0)
(1.823964866 0.04782682713 0)
(3.388468748 0.02822926608 0)
(2.075476787 0.04272983212 0)
(3.476321297 0.07603896958 0)
(0.5236787031 0.02396103042 0)
(2.362709163 0.05431402316 0)
(1.637290837 0.04568597684 0)
(1.677380863 0.07209327274 0)
(2.322619137 0.02790672726 0)
(3.267252499 0.07608596685 0)
(0.7327529592 0.02389638302 0)
(3.749508885 0.0411546048 0)
(0.2504911146 0.0588453952 0)
(0.60751263 0.02529520558 0)
(1.966681611 0.05158947981 0)
(3.775524717 0.02461907289 0)
(0.2244752829 0.07538092711 0)
(2.153298253 0.05266617627 0)
(1.846693455 0.0473226503 0)
(2.854969036 0.07706252855 0)
(1.145030964 0.02293747145 0)
(3.111416961 0.03166515922 0)
(3.840461867 0.06656626689 0)
(3.850785382 0.04785818826 0)
(3.878748688 0.04732416853 0)
(0.1595381334 0.03343373311 0)
(0.1492146181 0.05214181174 0)
(0.1212513123 0.05267583147 0)
(3.321407822 0.03242830668 0)
(1.515452904 0.06896543902 0)
(2.484547096 0.03103456098 0)
(0.8889823219 0.03158577069 0)
(1.098131632 0.0319234697 0)
(2.901868368 0.0680765303 0)
(1.305818121 0.06870370831 0)
(2.694181879 0.03129629169 0)
(2.904657546 0.03390130154 0)
(1.095342454 0.06609869846 0)
(3.178058032 0.02794196946 0)
(2.644263458 0.07646191205 0)
(1.355736542 0.02353808795 0)
(3.608205864 0.0285105636 0)
(0.3917941355 0.0714894364 0)
(2.065840108 0.02968487159 0)
(0.81768946 0.02508390337 0)
(1.724971453 0.06950132598 0)
(2.275028547 0.03049867402 0)
(0.8091607386 0.07081414498 0)
(2.781831751 0.05539374596 0)
(1.218168249 0.04460625404 0)
(2.572866495 0.05401107844 0)
(1.427133505 0.04598892156 0)
(2.113061079 0.02727764823 0)
(1.886935861 0.07271814677 0)
(1.032234061 0.0277025468 0)
(2.967765939 0.0722974532 0)
(3.200740942 0.05661398593 0)
(0.5991604438 0.07108717485 0)
(3.763888138 0.07497048472 0)
(0.2361118619 0.02502951528 0)
(1.018655272 0.07146023383 0)
(2.981344728 0.02853976617 0)
(1.933073887 0.07112174877 0)
(2.064718092 0.06779687208 0)
(1.856979529 0.03081133015 0)
(2.143013026 0.06917474725 0)
(2.352297462 0.07109225077 0)
(1.647702538 0.02890774923 0)
(2.101675362 0.07947251658 0)
(1.898298742 0.02048664162 0)
(0.1939935514 0.07493509202 0)
(3.806006449 0.02506490798 0)
(1.688634978 0.02041326316 0)
(2.311365022 0.07958673684 0)
(3.6203662 0.01491545008 0)
(0.3796338003 0.08508454992 0)
(3.599299576 0.04015732726 0)
(0.4007004236 0.05984267274 0)
(2.362688263 0.01504393925 0)
(1.637311737 0.08495606075 0)
(2.728942926 0.08029538076 0)
(1.271057074 0.01970461924 0)
(0.6760053884 0.03145647206 0)
(1.944419461 0.05383017454 0)
(2.562223618 0.07121436479 0)
(1.437776382 0.02878563521 0)
(1.242909051 0.0730439964 0)
(2.757090949 0.0269560036 0)
(0.7980154682 0.08474407608 0)
(3.78883431 0.0679607332 0)
(0.2111656899 0.0320392668 0)
(2.989660256 0.04288804324 0)
(1.010339744 0.05711195676 0)
(3.20183898 0.01509953133 0)
(1.228414452 0.02815478133 0)
(2.771585548 0.07184521867 0)
(3.409779818 0.05700636555 0)
(1.919864827 0.0286925756 0)
(0.5882213158 0.08487389894 0)
(2.573479366 0.01458598798 0)
(1.426520634 0.08541401202 0)
(1.724392271 0.03183218589 0)
(2.275607729 0.06816781411 0)
(3.412388664 0.01480945385 0)
(1.874411542 0.07398927042 0)
(2.125583902 0.02600584985 0)
(1.218142218 0.08537564039 0)
(2.781857782 0.01462435961 0)
(1.844929718 0.0832458264 0)
(2.155067978 0.01675198281 0)
(0.8013211267 0.0569388774 0)
(0.5914473506 0.05728889301 0)
(2.475838482 0.01508566701 0)
(1.524161518 0.08491433299 0)
(3.190286541 0.07258495428 0)
(2.33498638 0.02375410425 0)
(1.66501362 0.07624589575 0)
(2.522666305 0.078870182 0)
(1.477333695 0.021129818 0)
(3.533450851 0.06805176168 0)
(0.4665491486 0.03194823832 0)
(3.400064828 0.07282096454 0)
(1.733761466 0.08512128386 0)
(2.266238534 0.01487871614 0)
(1.710413511 0.02979247031 0)
(2.289586489 0.07020752969 0)
(0.2103522542 0.01923363031 0)
(3.789647746 0.08076636969 0)
(2.057272448 0.01455168755 0)
(2.546644346 0.02648182743 0)
(1.453355654 0.07351817257 0)
(0.02158824044 0.08780097665 0)
(3.97841176 0.01219902335 0)
(2.499982938 0.07121774104 0)
(1.500017062 0.02878225896 0)
(1.942736245 0.01519213851 0)
(1.941550649 0.08496616878 0)
(2.079738171 0.06998488771 0)
(0.02706766813 0.0728224342 0)
(3.972932332 0.0271775658 0)
(1.007256534 0.08492909954 0)
(2.992743466 0.01507090046 0)
(2.707843111 0.06959683962 0)
(1.292156889 0.03040316038 0)
(2.360163925 0.08612877948 0)
(1.639836075 0.01387122052 0)
(0.03072660093 0.05026096377 0)
(0.049151011 0.0368939505 0)
(3.969273399 0.04973903623 0)
(3.950848989 0.0631060495 0)
(3.151027097 0.07950508145 0)
(3.102704119 0.01557487034 0)
(1.060641378 0.08053324591 0)
(2.939358622 0.01946675409 0)
(0.2421624162 0.07184181968 0)
(3.757837584 0.02815818032 0)
(3.312333327 0.0158413659 0)
(3.80158157 0.07941707933 0)
(0.19841843 0.02058292067 0)
(2.569842946 0.08612593917 0)
(1.430157054 0.01387406083 0)
(3.819663358 0.02266261057 0)
(0.1803366415 0.07733738943 0)
(1.314909283 0.08476617773 0)
(2.685090717 0.01523382227 0)
(1.220884203 0.01365732275 0)
(2.779115797 0.08634267725 0)
(3.98864801 0.08865953344 0)
(0.01135198969 0.01134046656 0)
(3.361032112 0.0799218719 0)
(1.515001981 0.03034371384 0)
(2.484998019 0.06965628616 0)
(0.8968736789 0.08345273659 0)
(0.6872647144 0.08333241573 0)
(3.197447573 0.08667427647 0)
(3.407247793 0.0867928951 0)
(2.150917999 0.08534179207 0)
(1.849079309 0.01465342226 0)
(0.8510972387 0.08153114288 0)
(3.737597586 0.02926027597 0)
(0.2624024141 0.07073972403 0)
(3.113598875 0.06619575019 0)
(3.57330794 0.08000533766 0)
(0.42669206 0.01999466234 0)
(2.919011009 0.02755933239 0)
(1.080988991 0.07244066761 0)
(3.363632669 0.01969051764 0)
(0.6363731824 0.01969470118 0)
(0.8039040727 0.01335346319 0)
(1.01203238 0.01315454202 0)
(2.98796762 0.08684545798 0)
(0.5940556035 0.01325670154 0)
(3.153712432 0.02000040936 0)
(2.893632604 0.01611429335 0)
(1.106367396 0.08388570665 0)
(0.3853126584 0.01604364106 0)
(0.384928161 0.03494810121 0)
(3.614687342 0.08395635894 0)
(3.615071839 0.06505189879 0)
(0.8466053234 0.01951834855 0)
(0.4786972915 0.08296475086 0)
(3.521302708 0.01703524914 0)
(1.056627758 0.0194842932 0)
(2.943372242 0.0805157068 0)
(0.6399774582 0.08079196266 0)
(3.756017546 0.08728543041 0)
(0.2439824544 0.01271456959 0)
(0.1490937114 0.01622122176 0)
(3.850906289 0.08377877824 0)
(3.12963181 0.07348417121 0)
(3.328072553 0.06566299121 0)
(0.8711698814 0.07245371905 0)
(2.694127243 0.06837924705 0)
(1.305872757 0.03162075295 0)
(3.088345106 0.0675536176 0)
(0.9116548935 0.0324463824 0)
(2.880891686 0.06632510237 0)
(1.119108314 0.03367489763 0)
(1.075544117 0.08196751934 0)
(2.924455883 0.01803248066 0)
(1.266209633 0.08086205536 0)
(2.733790367 0.01913794464 0)
(3.806237604 0.09039022659 0)
(0.1937623957 0.009609773407 0)
(3.570314866 0.01861264692 0)
(0.4296851336 0.08138735308 0)
(3.29102155 0.07430628011 0)
(0.7089784497 0.02569371989 0)
(3.564456542 0.09106536258 0)
(0.4355434576 0.00893463742 0)
(3.340492112 0.07321297176 0)
(0.6611760136 0.07250350875 0)
(1.065093717 0.008595371984 0)
(2.934906283 0.09140462802 0)
(0.645060815 0.008740533664 0)
(3.354939185 0.008740533664 0)
(3.968339452 0.06711565228 0)
(0.03166054834 0.03288434772 0)
(0.8652916067 0.08252751019 0)
(0.855132893 0.008664086905 0)
(3.145737663 0.009298647237 0)
(0.2264601836 0.09014725098 0)
(3.773539816 0.009852749024 0)
(2.523887228 0.01890194337 0)
(1.476112772 0.08109805663 0)
(3.827355243 0.01147678262 0)
(0.1726447574 0.08852321738 0)
(0.500299947 0.02607937961 0)
(3.499700053 0.07392062039 0)
(3.727080004 0.01377955203 0)
(0.2729199962 0.08622044797 0)
(0.00984750167 0.09021201999 0)
(3.990152498 0.009787980011 0)
(2.313762921 0.01867701024 0)
(1.686237079 0.08132298976 0)
(1.274254752 0.09144591794 0)
(2.725745248 0.008554082057 0)
(1.718863358 0.04343890303 0)
(2.281136642 0.05656109697 0)
(3.222429846 0.01751867693 0)
(0.7775701543 0.08248132307 0)
(2.563075005 0.02477874675 0)
(1.436924995 0.07522125325 0)
(3.933616519 0.04898045596 0)
(0.0663834815 0.05101954404 0)
(1.509536836 0.04231129106 0)
(2.490463164 0.05768870894 0)
(0.5680638285 0.08269955648 0)
(3.431936171 0.01730044352 0)
(0.8429934777 0.08286863809 0)
(2.515766987 0.008284109705 0)
(1.484233013 0.09171589029 0)
(0.655209613 0.08269861685 0)
(2.7726054 0.02508114999 0)
(1.2273946 0.07491885001 0)
(1.050139084 0.08075384767 0)
(2.949860916 0.01924615233 0)
(3.192219886 0.02598135891 0)
(2.305892758 0.008377821231 0)
(1.694107242 0.09162217877 0)
(1.018248159 0.02480469618 0)
(2.981751841 0.07519530382 0)
(0.06051736959 0.01705124376 0)
(3.93948263 0.08294875624 0)
(2.322600823 0.07811944766 0)
(1.677399177 0.02188055234 0)
(0.9867103673 0.0822133231 0)
(3.013289633 0.0177866769 0)
(2.046779071 0.06506937531 0)
(0.4464578207 0.08218178873 0)
(3.553542179 0.01781821127 0)
(1.195482454 0.08225385866 0)
(2.804517546 0.01774614134 0)
(0.3591045514 0.08285393724 0)
(3.640895449 0.01714606276 0)
(1.904281856 0.09171439681 0)
(1.900602562 0.08426646872 0)
(2.095718121 0.008285775195 0)
(2.099397008 0.01573309699 0)
(1.935060674 0.02569741656 0)
(2.595615372 0.01798948275 0)
(1.404384628 0.08201051725 0)
(2.305740941 0.09075241227 0)
(1.694259059 0.009247587727 0)
(0.08768338214 0.07610808801 0)
(3.912316618 0.02389191199 0)
(2.386687193 0.01814360775 0)
(1.613312807 0.08185639225 0)
(3.670268457 0.07633856485 0)
(0.329731543 0.02366143515 0)
(2.11289359 0.07792204472 0)
(1.887111708 0.02206458817 0)
(1.300068088 0.04238622213 0)
(2.699931912 0.05761377787 0)
(2.071774696 0.05557505586 0)
(2.210504097 0.07647540795 0)
(1.789495903 0.02352459205 0)
(2.09603383 0.09075066948 0)
(1.903946717 0.008890233453 0)
(1.891978458 0.08174106323 0)
(2.108019893 0.01825747477 0)
(1.283044791 0.02149282025 0)
(2.716955209 0.07850717975 0)
(3.403382929 0.02803504608 0)
(2.177264935 0.01815178802 0)
(1.822735065 0.08184821198 0)
(2.348236984 0.02589919817 0)
(1.651763016 0.07410080183 0)
(3.579732766 0.01870541363 0)
(0.4202672342 0.08129458637 0)
(1.259326349 0.01944748467 0)
(2.740673651 0.08055251533 0)
(3.160236133 0.08067284535 0)
(3.370325553 0.08083566298 0)
(3.772886765 0.06571326502 0)
(0.227113235 0.03428673498 0)
(3.411543905 0.04190925884 0)
(2.532498009 0.07864670854 0)
(1.467501991 0.02135329146 0)
(1.895052152 0.09051939213 0.001)
(2.104947694 0.0094804936 0.001)
(2.315033888 0.008917119896 0.001)
(1.684966112 0.0910828801 0.001)
(2.525454591 0.08934881116 0.001)
(1.474545409 0.01065118884 0.001)
(1.264929533 0.09101476932 0.001)
(2.735070467 0.008985230682 0.001)
(1.055792302 0.09032440714 0.001)
(2.944207698 0.009675592859 0.001)
(0.8451648477 0.008883886519 0.001)
(3.154239225 0.09024072334 0.001)
(0.6360168864 0.09153213523 0.001)
(3.365207356 0.008564951515 0.001)
(3.574884111 0.09134803266 0.001)
(0.4251158888 0.008651967337 0.001)
(0.2151350662 0.08772421958 0.001)
(3.784864934 0.01227578042 0.001)
(1.893943003 0.0105116549 0.001)
(2.106057379 0.08948585869 0.001)
(2.315840927 0.0895321515 0.001)
(1.684159073 0.0104678485 0.001)
(2.52516471 0.008941035559 0.001)
(1.47483529 0.09105896444 0.001)
(1.26543209 0.009555707812 0.001)
(2.73456791 0.09044429219 0.001)
(1.055179849 0.008846078369 0.001)
(2.944820151 0.09115392163 0.001)
(0.8453760177 0.09039084535 0.001)
(3.154834397 0.008883670928 0.001)
(0.6347914928 0.008565279177 0.001)
(3.364404014 0.09017196449 0.001)
(3.574530194 0.009900915441 0.001)
(0.4254698059 0.09009908456 0.001)
(0.2044219691 0.01004201594 0.001)
(3.795578031 0.08995798406 0.001)
(1.296617681 0.01570679837 0.001)
(2.703382319 0.08429320163 0.001)
(1.507067308 0.01511001697 0.001)
(2.492932692 0.08488998303 0.001)
(2.281925132 0.08409350184 0.001)
(1.718074868 0.01590649816 0.001)
(1.926127581 0.01420365684 0.001)
(2.072588394 0.08409976798 0.001)
(1.865842164 0.08456325295 0.001)
(2.134154016 0.01543407397 0.001)
(1.656862916 0.0866329587 0.001)
(2.343137084 0.0133670413 0.001)
(2.553009602 0.08599350408 0.001)
(1.446990398 0.01400649592 0.001)
(2.553528419 0.0134613407 0.001)
(1.446471581 0.0865386593 0.001)
(1.236657386 0.08666276856 0.001)
(2.763342614 0.01333723144 0.001)
(2.762593305 0.08622948059 0.001)
(1.237406695 0.01377051941 0.001)
(1.089141738 0.08386975706 0.001)
(2.910858262 0.01613024294 0.001)
(1.027899786 0.08661650412 0.001)
(2.972100214 0.01338349588 0.001)
(2.972542029 0.08648010303 0.001)
(1.027457971 0.01351989697 0.001)
(0.8790432698 0.08327020629 0.001)
(3.121886585 0.0156972639 0.001)
(3.181507306 0.08676470514 0.001)
(0.8189602728 0.01090495201 0.001)
(0.8182381249 0.08600634259 0.001)
(3.182623441 0.01361094004 0.001)
(0.6691038295 0.08344426667 0.001)
(3.331756704 0.01585535282 0.001)
(0.6082283902 0.08617012325 0.001)
(3.392757165 0.01361118757 0.001)
(0.6088602413 0.01091319215 0.001)
(3.391488925 0.08690105547 0.001)
(3.540594997 0.0182877946 0.001)
(0.4594050033 0.0817122054 0.001)
(3.600730168 0.08910327601 0.001)
(0.3992698316 0.01089672399 0.001)
(0.3989343669 0.08645518676 0.001)
(3.601065633 0.01354481324 0.001)
(3.748945029 0.0153853511 0.001)
(0.2510549709 0.0846146489 0.001)
(3.811360441 0.01219921768 0.001)
(0.1886395589 0.08780078232 0.001)
(0.2295896049 0.01210815132 0.001)
(3.770410395 0.08789184868 0.001)
(2.343318777 0.08618594112 0.001)
(1.656681223 0.01381405888 0.001)
(2.134084258 0.08530867885 0.001)
(1.865913935 0.0146877832 0.001)
(3.830847439 0.0828555141 0.001)
(0.169152561 0.0171444859 0.001)
(1.925393278 0.08554936852 0.001)
(2.074604705 0.01445311198 0.001)
(1.716012055 0.08528724593 0.001)
(2.283987945 0.01471275407 0.001)
(1.506162422 0.08512279169 0.001)
(2.493837578 0.01487720831 0.001)
(1.29666651 0.08488116423 0.001)
(2.70333349 0.01511883577 0.001)
(1.088311215 0.01585987516 0.001)
(2.911688785 0.08414012484 0.001)
(0.8785523478 0.01596378221 0.001)
(3.12128751 0.08524164676 0.001)
(0.6686933332 0.01611561406 0.001)
(3.331756688 0.08349786229 0.001)
(3.983341682 0.06120012505 0.001)
(0.01665831755 0.03879987495 0.001)
(0.4596436877 0.01648233028 0.001)
(3.540356312 0.08351766972 0.001)
(3.932521865 0.02593704267 0.001)
(0.06747813467 0.07406295733 0.001)
(0.3489470378 0.02464404508 0.001)
(3.651052962 0.07535595492 0.001)
(3.444355348 0.07579197159 0.001)
(0.5556446524 0.02420802841 0.001)
(3.721493519 0.07630561649 0.001)
(0.2785064812 0.02369438351 0.001)
(3.234969606 0.07566269411 0.001)
(0.7650303937 0.02433730589 0.001)
(3.026059422 0.07559019826 0.001)
(0.9739405782 0.02440980174 0.001)
(3.8607571 0.02463102061 0.001)
(0.1392428997 0.07536897939 0.001)
(2.819053761 0.07615901344 0.001)
(1.180946239 0.02384098656 0.001)
(2.610647781 0.0761186866 0.001)
(1.389352219 0.0238813134 0.001)
(2.401040356 0.07598310497 0.001)
(1.598959644 0.02401689503 0.001)
(2.189409542 0.07479824341 0.001)
(1.810590458 0.02520175659 0.001)
(1.984449506 0.07464931768 0.001)
(3.988048958 0.01956450671 0.001)
(0.01195104228 0.08043549329 0.001)
(3.6878867 0.02765018061 0.001)
(0.3121133003 0.07234981939 0.001)
(0.1051714772 0.02764691318 0.001)
(3.894828523 0.07235308682 0.001)
(0.9394963417 0.07179011659 0.001)
(3.060503658 0.02820988341 0.001)
(3.478587753 0.02863483571 0.001)
(0.521412247 0.07136516429 0.001)
(0.7303725265 0.07116870902 0.001)
(3.269627474 0.02883129098 0.001)
(1.565146037 0.07247368355 0.001)
(2.434853963 0.02752631645 0.001)
(1.147756997 0.07247663132 0.001)
(2.852243003 0.02752336868 0.001)
(1.355956749 0.07238671046 0.001)
(2.644043251 0.02761328954 0.001)
(2.017892537 0.02674924431 0.001)
(1.773994084 0.07271332512 0.001)
(2.226005916 0.02728667488 0.001)
(0.04043333868 0.01746764845 0.001)
(3.959566661 0.08253235155 0.001)
(3.959566661 0.01746764845 0.001)
(3.952906814 0.03877414907 0.001)
(0.04043333868 0.08253235155 0.001)
(0.04709318603 0.06122585093 0.001)
(3.237045569 0.02994538097 0.001)
(3.208028444 0.03234985046 0.001)
(0.762954431 0.07005461903 0.001)
(0.7891912714 0.06916264585 0.001)
(3.691216032 0.07606823758 0.001)
(0.3087839677 0.02393176242 0.001)
(0.9720173303 0.07002694305 0.001)
(0.9980861502 0.06928453618 0.001)
(3.02798267 0.02997305695 0.001)
(3.00191385 0.03071546382 0.001)
(0.1084028656 0.07595431782 0.001)
(3.891597134 0.02404568218 0.001)
(2.402092923 0.03009914651 0.001)
(2.370723398 0.0315364527 0.001)
(1.597907077 0.06990085349 0.001)
(1.629276602 0.0684635473 0.001)
(0.5536253523 0.0701483112 0.001)
(0.5794770912 0.06928653906 0.001)
(3.446374648 0.0298516888 0.001)
(3.421417388 0.03049406001 0.001)
(0.3449498521 0.07030058764 0.001)
(0.3722988669 0.06970873909 0.001)
(3.655050148 0.02969941236 0.001)
(3.627701133 0.03029126091 0.001)
(2.46310888 0.02951656574 0.001)
(2.45015692 0.05242284491 0.001)
(2.476382563 0.05272200721 0.001)
(1.53689112 0.07048343426 0.001)
(1.54984308 0.04757715509 0.001)
(1.523617437 0.04727799279 0.001)
(3.089494273 0.03051192859 0.001)
(3.074643667 0.05200524864 0.001)
(3.100374047 0.04927217922 0.001)
(0.9103075356 0.06835224665 0.001)
(0.9253233008 0.04780544723 0.001)
(0.8986296545 0.0472191736 0.001)
(1.180102038 0.07002042242 0.001)
(1.210590347 0.06894350821 0.001)
(2.819897962 0.02997957758 0.001)
(2.789409653 0.03105649179 0.001)
(3.299050597 0.03092317001 0.001)
(3.285249121 0.0534417105 0.001)
(3.310080066 0.05408437488 0.001)
(0.7007433222 0.06809700201 0.001)
(0.7147508795 0.0465582895 0.001)
(0.6893328388 0.04332473422 0.001)
(3.717093434 0.02976085803 0.001)
(0.2829065658 0.07023914197 0.001)
(0.8978811708 0.01730572302 0.001)
(3.102051215 0.08277700094 0.001)
(2.611403356 0.03017281879 0.001)
(2.580166303 0.0306334197 0.001)
(1.388596644 0.06982718121 0.001)
(1.419833697 0.0693665803 0.001)
(2.880622951 0.03053992226 0.001)
(2.867024986 0.05148078869 0.001)
(2.892416087 0.05164020918 0.001)
(2.893253385 0.08333306452 0.001)
(1.119377049 0.06946007774 0.001)
(1.132975014 0.04851921131 0.001)
(1.107583913 0.04835979082 0.001)
(1.106746615 0.01666693548 0.001)
(1.745991276 0.0708178474 0.001)
(1.757905363 0.04744999926 0.001)
(1.73259104 0.04876696787 0.001)
(2.254008724 0.0291821526 0.001)
(2.242094637 0.05255000074 0.001)
(2.26740896 0.05123303213 0.001)
(3.86410708 0.06947211023 0.001)
(0.1358929203 0.03052788977 0.001)
(2.67251702 0.02975398389 0.001)
(2.659875436 0.05232100389 0.001)
(2.686701928 0.05259676927 0.001)
(1.32748298 0.07024601611 0.001)
(1.340124564 0.04767899611 0.001)
(1.313298072 0.04740323073 0.001)
(3.508225491 0.03170990358 0.001)
(3.494144575 0.05327707761 0.001)
(3.519664042 0.05628913766 0.001)
(0.4917745093 0.06829009642 0.001)
(0.5058554249 0.04672292239 0.001)
(0.4803359579 0.04371086234 0.001)
(1.806656268 0.06986012525 0.001)
(1.835864912 0.06698132182 0.001)
(2.193343732 0.03013987475 0.001)
(2.164131635 0.03301505419 0.001)
(2.045312353 0.0286204542 0.001)
(2.033769968 0.04988556009 0.001)
(2.058679186 0.04883343368 0.001)
(3.978666526 0.07900069909 0.001)
(0.02133347353 0.02099930091 0.001)
(0.6889922992 0.01945342203 0.001)
(3.311622046 0.07874029025 0.001)
(2.163314804 0.07222553423 0.001)
(1.836680986 0.02776799796 0.001)
(1.984610965 0.02682901289 0.001)
(1.953899149 0.02947715813 0.001)
(1.627434536 0.0266342945 0.001)
(2.372565464 0.0733657055 0.001)
(2.58240946 0.073421827 0.001)
(1.41759054 0.026578173 0.001)
(3.835296586 0.02781797919 0.001)
(0.1647034141 0.07218202081 0.001)
(3.209376539 0.07402172295 0.001)
(0.7942193353 0.02585638383 0.001)
(2.791516515 0.073638687 0.001)
(1.208483485 0.026361313 0.001)
(0.5843602647 0.02587124273 0.001)
(3.419083354 0.07424245548 0.001)
(1.955333519 0.07308104272 0.001)
(0.07549616872 0.03089461984 0.001)
(3.924503831 0.06910538016 0.001)
(2.998006715 0.07442447811 0.001)
(1.001993285 0.02557552189 0.001)
(3.745861285 0.07478871546 0.001)
(0.254138715 0.02521128454 0.001)
(3.519901159 0.08027194836 0.001)
(0.4800988408 0.01972805164 0.001)
(0.3696142228 0.02404807071 0.001)
(3.630385777 0.07595192929 0.001)
(2.677748679 0.07698645131 0.001)
(1.322251321 0.02301354869 0.001)
(1.740415998 0.02384782124 0.001)
(2.259584002 0.07615217876 0.001)
(3.637286111 0.05336098909 0.001)
(3.613195101 0.04686723809 0.001)
(0.3627138894 0.04663901091 0.001)
(0.3868048985 0.05313276191 0.001)
(2.052305872 0.08212589855 0.001)
(1.531437553 0.02208404589 0.001)
(2.468562447 0.07791595411 0.001)
(3.813758193 0.08125882656 0.001)
(3.821470566 0.06682434976 0.001)
(3.805365706 0.06667165686 0.001)
(3.811487904 0.05202268232 0.001)
(3.795181072 0.05304288493 0.001)
(3.801318291 0.03863934059 0.001)
(3.785405284 0.03985186339 0.001)
(3.778573722 0.05380837364 0.001)
(3.768438904 0.04123780941 0.001)
(3.829136595 0.05086865865 0.001)
(3.792110283 0.02496950297 0.001)
(0.1862418069 0.01874117344 0.001)
(0.178529434 0.03317565024 0.001)
(0.1946342941 0.03332834314 0.001)
(0.1885120964 0.04797731768 0.001)
(0.2048189277 0.04695711507 0.001)
(0.1986817085 0.06136065941 0.001)
(0.2145947155 0.06014813661 0.001)
(0.221426278 0.04619162636 0.001)
(0.231561096 0.05876219059 0.001)
(0.1708634052 0.04913134135 0.001)
(0.2078897167 0.07503049703 0.001)
(3.557954072 0.08175683267 0.001)
(3.549951754 0.06826282573 0.001)
(3.566760732 0.06817189768 0.001)
(3.559331306 0.05413943321 0.001)
(3.575961097 0.05530804526 0.001)
(3.568372549 0.0404445722 0.001)
(3.584346748 0.04126507614 0.001)
(3.583252592 0.07072675435 0.001)
(3.551227017 0.03500845359 0.001)
(3.560965013 0.02531808216 0.001)
(3.575823393 0.02860437712 0.001)
(0.4420459279 0.01824316733 0.001)
(0.4500482458 0.03173717427 0.001)
(0.4332392676 0.03182810232 0.001)
(0.4406686938 0.04586056679 0.001)
(0.4240389028 0.04469195474 0.001)
(0.4316274511 0.0595554278 0.001)
(0.4156532524 0.05873492386 0.001)
(0.4167474077 0.02927324565 0.001)
(0.4487729828 0.06499154641 0.001)
(0.4390349872 0.07468191784 0.001)
(0.4241766072 0.07139562288 0.001)
(0.2356431947 0.08390226692 0.001)
(3.764356805 0.01609773308 0.001)
(1.071364464 0.01751611757 0.001)
(1.079260383 0.03051900924 0.001)
(1.062867131 0.03069157955 0.001)
(1.069995811 0.04436692383 0.001)
(1.053690082 0.04314112525 0.001)
(1.061032098 0.05774924709 0.001)
(1.044702702 0.05723065819 0.001)
(1.037617593 0.04212429203 0.001)
(1.076932709 0.05887295322 0.001)
(1.067983935 0.07139440998 0.001)
(1.027908495 0.05706107633 0.001)
(2.928635536 0.08248388243 0.001)
(2.920739617 0.06948099076 0.001)
(2.937132869 0.06930842045 0.001)
(2.930004189 0.05563307617 0.001)
(2.946309918 0.05685887475 0.001)
(2.938967902 0.04225075291 0.001)
(2.955297298 0.04276934181 0.001)
(2.962382407 0.05787570797 0.001)
(2.923067291 0.04112704678 0.001)
(2.932016065 0.02860559002 0.001)
(2.972091505 0.04293892367 0.001)
(3.348626137 0.01777658468 0.001)
(3.340600677 0.03099008114 0.001)
(3.357251651 0.03118155959 0.001)
(3.349937796 0.045070416 0.001)
(3.366653209 0.04360971442 0.001)
(3.359262867 0.05850725576 0.001)
(3.375720864 0.05787740659 0.001)
(3.382851876 0.04273911548 0.001)
(3.343354449 0.05934813271 0.001)
(3.352535452 0.07295404912 0.001)
(3.392369089 0.05780412055 0.001)
(0.651447357 0.01782052429 0.001)
(0.6594768199 0.03103637182 0.001)
(0.6427705609 0.03119988023 0.001)
(0.6500741978 0.04509265439 0.001)
(0.6333410444 0.04361638445 0.001)
(0.640978512 0.05861628778 0.001)
(0.6245213698 0.05725169596 0.001)
(0.617146448 0.04262283786 0.001)
(0.6571104944 0.05967204205 0.001)
(0.6479877634 0.07173664792 0.001)
(0.607871547 0.05680114959 0.001)
(3.138605189 0.0176091559 0.001)
(3.130644768 0.03070738808 0.001)
(3.147144364 0.03091108215 0.001)
(3.139903534 0.04469701995 0.001)
(3.156454576 0.04331474695 0.001)
(3.149174385 0.05808231782 0.001)
(3.165605801 0.05750789813 0.001)
(3.172607747 0.0423916724 0.001)
(3.132915851 0.05927608147 0.001)
(3.142431348 0.07253471259 0.001)
(3.182317759 0.05746710723 0.001)
(0.8614665761 0.01765409343 0.001)
(0.8694281971 0.03075307629 0.001)
(0.852877047 0.03092921948 0.001)
(0.8601019051 0.04471479674 0.001)
(0.8435354905 0.04332345307 0.001)
(0.8510704043 0.05818133069 0.001)
(0.8346499741 0.05681319687 0.001)
(0.8273937832 0.04226448164 0.001)
(0.8671504403 0.05922568139 0.001)
(0.8581243732 0.07185426356 0.001)
(0.8179092211 0.05634466571 0.001)
(0.2656143839 0.04842928177 0.001)
(3.734385616 0.05157071823 0.001)
(0.6320298576 0.07104884207 0.001)
(0.8420604249 0.07281674664 0.001)
(1.280488436 0.08299409404 0.001)
(1.288258308 0.07028118409 0.001)
(1.272215412 0.07000674515 0.001)
(1.279239294 0.0565293031 0.001)
(1.26318073 0.05760690337 0.001)
(1.270108647 0.04324599332 0.001)
(1.25374404 0.04367775864 0.001)
(1.247159646 0.0587073923 0.001)
(1.286159253 0.0421678282 0.001)
(1.276911281 0.03093047691 0.001)
(1.236884438 0.04365304042 0.001)
(2.719511564 0.01700590596 0.001)
(2.711741692 0.02971881591 0.001)
(2.727784588 0.02999325485 0.001)
(2.720760706 0.0434706969 0.001)
(2.73681927 0.04239309663 0.001)
(2.729891353 0.05675400668 0.001)
(2.74625596 0.05632224136 0.001)
(2.752840354 0.0412926077 0.001)
(2.713840747 0.0578321718 0.001)
(2.723088719 0.06906952309 0.001)
(2.763115562 0.05634695958 0.001)
(3.367126411 0.07096252637 0.001)
(2.509793516 0.01676024579 0.001)
(2.502108758 0.02929656119 0.001)
(2.517943153 0.0296019375 0.001)
(2.51101106 0.04292791927 0.001)
(2.526937316 0.04187421235 0.001)
(2.520376033 0.05604139697 0.001)
(2.536483985 0.05575240246 0.001)
(2.542868865 0.0407645541 0.001)
(2.528668064 0.06872479779 0.001)
(2.50445766 0.05706624461 0.001)
(2.553372444 0.0558255744 0.001)
(1.490206484 0.08323975421 0.001)
(1.497891242 0.07070343881 0.001)
(1.482056847 0.0703980625 0.001)
(1.48898894 0.05707208073 0.001)
(1.473062684 0.05812578765 0.001)
(1.479623967 0.04395860303 0.001)
(1.463516015 0.04424759754 0.001)
(1.457131135 0.0592354459 0.001)
(1.471331936 0.03127520221 0.001)
(1.49554234 0.04293375539 0.001)
(1.446627556 0.0441744256 0.001)
(3.157021893 0.07071543344 0.001)
(2.299786836 0.01659402793 0.001)
(2.292212953 0.0289705734 0.001)
(2.307858934 0.02932543464 0.001)
(2.301184125 0.04267363906 0.001)
(2.316792427 0.04152863201 0.001)
(2.310441154 0.05574229291 0.001)
(2.326070692 0.05485804021 0.001)
(2.334630895 0.03810427609 0.001)
(2.318595997 0.06831390813 0.001)
(2.34334081 0.05512271686 0.001)
(2.304398346 0.06952726483 0.001)
(1.700213164 0.08340597207 0.001)
(1.707787047 0.0710294266 0.001)
(1.692141066 0.07067456536 0.001)
(1.698815875 0.05732636094 0.001)
(1.683207573 0.05847136799 0.001)
(1.689558846 0.04425770709 0.001)
(1.673929308 0.04514195979 0.001)
(1.665369105 0.06189572391 0.001)
(1.681404003 0.03168609187 0.001)
(1.65665919 0.04487728314 0.001)
(1.695601654 0.03047273517 0.001)
(1.053246094 0.07038980663 0.001)
(2.946753906 0.02961019337 0.001)
(1.260626112 0.03011034021 0.001)
(2.739373888 0.06988965979 0.001)
(2.089197909 0.01586406715 0.001)
(2.082518247 0.02843857859 0.001)
(2.098609998 0.02690041982 0.001)
(2.091562956 0.0418521001 0.001)
(2.10720361 0.04064034938 0.001)
(2.10080621 0.05524751053 0.001)
(2.116831115 0.05483830851 0.001)
(2.108995955 0.06805623759 0.001)
(2.122923515 0.03976686225 0.001)
(2.13387622 0.0543687355 0.001)
(2.094682277 0.06934231325 0.001)
(1.910802026 0.08413773276 0.001)
(1.917483737 0.07156255716 0.001)
(1.901389906 0.07309689487 0.001)
(1.908440079 0.05814140579 0.001)
(1.892793681 0.05935087879 0.001)
(1.899192345 0.04473844449 0.001)
(1.883163917 0.04515059527 0.001)
(1.924853029 0.0567900641 0.001)
(1.891003378 0.03193293974 0.001)
(1.877069346 0.06022401567 0.001)
(1.866115122 0.04561928326 0.001)
(1.905316141 0.03064724135 0.001)
(3.428511071 0.05206714706 0.001)
(0.5714889292 0.04793285294 0.001)
(2.514604496 0.07025728983 0.001)
(1.485395504 0.02974271017 0.001)
(2.085217601 0.0574342705 0.001)
(3.759767925 0.05689713777 0.001)
(0.2402320751 0.04310286223 0.001)
(2.118801608 0.08753331963 0.001)
(2.124550298 0.07133695196 0.001)
(1.881199038 0.01246346697 0.001)
(1.87544756 0.02865539024 0.001)
(1.701828566 0.01741998776 0.001)
(2.298171434 0.08258001224 0.001)
(1.911269728 0.01719420818 0.001)
(2.088514326 0.08251788742 0.001)
(1.671561521 0.01220390375 0.001)
(1.666602141 0.02821213032 0.001)
(2.328438479 0.08779609625 0.001)
(2.333397859 0.07178786968 0.001)
(0.61583337 0.07182579062 0.001)
(0.01454051848 0.06092873634 0.001)
(3.985459482 0.03907126366 0.001)
(0.4089947951 0.0740779576 0.001)
(3.591005205 0.0259220424 0.001)
(3.562722436 0.01047672601 0.001)
(0.4372775643 0.08952327399 0.001)
(3.350248887 0.0864713967 0.001)
(0.6466920568 0.09035527019 0.001)
(0.8567327275 0.09032317863 0.001)
(3.140300842 0.08726912017 0.001)
(1.066553007 0.09036504105 0.001)
(2.933446993 0.009634958952 0.001)
(1.882896261 0.08635876506 0.001)
(2.11710152 0.01363968411 0.001)
(3.221526595 0.05269444344 0.001)
(0.7810086806 0.04751422506 0.001)
(2.295125684 0.05730461806 0.001)
(1.704874316 0.04269538194 0.001)
(1.278481032 0.01071904635 0.001)
(2.721518968 0.08928095365 0.001)
(1.488570386 0.01378731205 0.001)
(2.511429614 0.08621268795 0.001)
(1.673692199 0.08650672155 0.001)
(2.326307801 0.01349327845 0.001)
(1.463357433 0.0862231628 0.001)
(1.461664276 0.01220502821 0.001)
(1.456552043 0.02787652639 0.001)
(2.536642567 0.0137768372 0.001)
(2.538335724 0.08779497179 0.001)
(2.543447957 0.07212347361 0.001)
(1.253362642 0.08608716102 0.001)
(2.746637358 0.01391283898 0.001)
(1.252404213 0.01118479019 0.001)
(1.247112254 0.0266819659 0.001)
(2.747595787 0.08881520981 0.001)
(2.752887746 0.0733180341 0.001)
(3.009924584 0.0525718456 0.001)
(0.9900754165 0.0474281544 0.001)
(2.957108331 0.01116369511 0.001)
(2.961876022 0.02631452624 0.001)
(1.042891669 0.08883630489 0.001)
(1.038123978 0.07368547376 0.001)
(1.04275303 0.01348080678 0.001)
(2.95724697 0.08651919322 0.001)
(3.167014711 0.08894466986 0.001)
(3.171877738 0.07395831865 0.001)
(0.8333490452 0.01360773144 0.001)
(0.8334402294 0.08673581748 0.001)
(0.8263135693 0.07152349478 0.001)
(3.167690897 0.01292790133 0.001)
(3.162713582 0.02976042121 0.001)
(0.8370356971 0.02839517613 0.001)
(0.6255875038 0.08584024816 0.001)
(3.377783118 0.01281613433 0.001)
(3.372955595 0.02997652766 0.001)
(0.6222168825 0.01281613433 0.001)
(0.6270518146 0.02995370156 0.001)
(3.377125172 0.08897432629 0.001)
(3.381940055 0.07414762586 0.001)
(3.910416907 0.0455849231 0.001)
(0.08958309293 0.0544150769 0.001)
(1.047511928 0.02967583605 0.001)
(2.952488072 0.07032416395 0.001)
(2.024422235 0.07670511214 0.001)
(0.4126060121 0.08741188061 0.001)
(3.587121954 0.08699947107 0.001)
(0.4128780458 0.01300052893 0.001)
(3.587393988 0.01258811939 0.001)
(0.5992387419 0.04133674859 0.001)
(2.805179263 0.05291473622 0.001)
(1.194820737 0.04708526378 0.001)
(3.797157862 0.01240677918 0.001)
(0.2028421384 0.08759322082 0.001)
(1.016973384 0.04032578306 0.001)
(2.983026616 0.05967421694 0.001)
(0.2161400948 0.01075045912 0.001)
(0.2216150873 0.02275348901 0.001)
(3.783859905 0.08924954088 0.001)
(3.778384913 0.07724651099 0.001)
(0.8093357215 0.04085870539 0.001)
(1.915120822 0.04336942206 0.001)
(1.932675569 0.04092155372 0.001)
(3.39811961 0.04252097111 0.001)
(0.1817019258 0.06324583461 0.001)
(3.818298074 0.03675416539 0.001)
(1.648308347 0.05900730086 0.001)
(2.351691653 0.04099269914 0.001)
(3.595646276 0.05578212563 0.001)
(0.4043537245 0.04421787437 0.001)
(3.671608682 0.05393006689 0.001)
(0.3283913183 0.04606993311 0.001)
(3.70394733 0.05254761297 0.001)
(0.2960526695 0.04745238703 0.001)
(1.505316005 0.0557142045 0.001)
(2.494683995 0.0442857955 0.001)
(0.5374477 0.04675585209 0.001)
(3.4625523 0.05324414791 0.001)
(1.580335709 0.04703900967 0.001)
(2.419664291 0.05296099033 0.001)
(3.190550533 0.04090450327 0.001)
(0.9556182134 0.04688282272 0.001)
(3.044378978 0.05310107999 0.001)
(2.597926305 0.05332813541 0.001)
(1.402073695 0.04667186459 0.001)
(2.704371583 0.04478282999 0.001)
(1.295628417 0.05521717001 0.001)
(1.162491227 0.04656485914 0.001)
(2.837508773 0.05343514086 0.001)
(2.91222065 0.05353969013 0.001)
(1.08777935 0.04646030987 0.001)
(1.257346229 0.07083880021 0.001)
(2.742653771 0.02916119979 0.001)
(0.7470129796 0.04678898285 0.001)
(3.253019773 0.05310511639 0.001)
(0.8777476679 0.04582648665 0.001)
(0.8857403654 0.06564122999 0.001)
(3.121774271 0.04731378168 0.001)
(0.6679152592 0.04550529288 0.001)
(0.6759279331 0.06512080998 0.001)
(3.332883692 0.04602910202 0.001)
(2.435554778 0.07670737749 0.001)
(1.564445222 0.02329262251 0.001)
(1.228673998 0.06056833649 0.001)
(2.771326002 0.03943166351 0.001)
(2.005223894 0.05315819511 0.001)
(1.788047581 0.04524891313 0.001)
(2.211952419 0.05475108687 0.001)
(2.386514219 0.05274762723 0.001)
(1.613485781 0.04725237277 0.001)
(1.370829909 0.04665466948 0.001)
(2.629170091 0.05334533052 0.001)
(2.140679378 0.03391098068 0.001)
(1.859314076 0.06608217167 0.001)
(1.438443409 0.06126884209 0.001)
(2.561556591 0.03873115791 0.001)
(2.28504365 0.04356821434 0.001)
(1.71495635 0.05643178566 0.001)
(1.767074199 0.02364769849 0.001)
(2.232925801 0.07635230151 0.001)
(0.4007695721 0.0256072483 0.001)
(3.599230428 0.0743927517 0.001)
(0.457515131 0.04679657893 0.001)
(0.4691279489 0.06482145246 0.001)
(3.542484869 0.05320342107 0.001)
(3.530872051 0.03517854754 0.001)
(3.060120136 0.07623057862 0.001)
(0.9398768168 0.02375195528 0.001)
(2.532642622 0.02877725116 0.001)
(1.467357378 0.07122274884 0.001)
(2.176033793 0.05217149892 0.001)
(1.823964866 0.04782682713 0.001)
(3.388468748 0.02822926608 0.001)
(2.075476787 0.04272983212 0.001)
(3.476321297 0.07603896958 0.001)
(0.5236787031 0.02396103042 0.001)
(2.362709163 0.05431402316 0.001)
(1.637290837 0.04568597684 0.001)
(1.677380863 0.07209327274 0.001)
(2.322619137 0.02790672726 0.001)
(3.267252499 0.07608596685 0.001)
(0.7327529592 0.02389638302 0.001)
(3.749508885 0.0411546048 0.001)
(0.2504911146 0.0588453952 0.001)
(0.60751263 0.02529520558 0.001)
(1.966681611 0.05158947981 0.001)
(3.775524717 0.02461907289 0.001)
(0.2244752829 0.07538092711 0.001)
(2.153298253 0.05266617627 0.001)
(1.846693455 0.0473226503 0.001)
(2.854969036 0.07706252855 0.001)
(1.145030964 0.02293747145 0.001)
(3.111416961 0.03166515922 0.001)
(3.840461867 0.06656626689 0.001)
(3.850785382 0.04785818826 0.001)
(3.878748688 0.04732416853 0.001)
(0.1595381334 0.03343373311 0.001)
(0.1492146181 0.05214181174 0.001)
(0.1212513123 0.05267583147 0.001)
(3.321407822 0.03242830668 0.001)
(1.515452904 0.06896543902 0.001)
(2.484547096 0.03103456098 0.001)
(0.8889823219 0.03158577069 0.001)
(1.098131632 0.0319234697 0.001)
(2.901868368 0.0680765303 0.001)
(1.305818121 0.06870370831 0.001)
(2.694181879 0.03129629169 0.001)
(2.904657546 0.03390130154 0.001)
(1.095342454 0.06609869846 0.001)
(3.178058032 0.02794196946 0.001)
(2.644263458 0.07646191205 0.001)
(1.355736542 0.02353808795 0.001)
(3.608205864 0.0285105636 0.001)
(0.3917941355 0.0714894364 0.001)
(2.065840108 0.02968487159 0.001)
(0.81768946 0.02508390337 0.001)
(1.724971453 0.06950132598 0.001)
(2.275028547 0.03049867402 0.001)
(0.8091607386 0.07081414498 0.001)
(2.781831751 0.05539374596 0.001)
(1.218168249 0.04460625404 0.001)
(2.572866495 0.05401107844 0.001)
(1.427133505 0.04598892156 0.001)
(2.113061079 0.02727764823 0.001)
(1.886935861 0.07271814677 0.001)
(1.032234061 0.0277025468 0.001)
(2.967765939 0.0722974532 0.001)
(3.200740942 0.05661398593 0.001)
(0.5991604438 0.07108717485 0.001)
(3.763888138 0.07497048472 0.001)
(0.2361118619 0.02502951528 0.001)
(1.018655272 0.07146023383 0.001)
(2.981344728 0.02853976617 0.001)
(1.933073887 0.07112174877 0.001)
(2.064718092 0.06779687208 0.001)
(1.856979529 0.03081133015 0.001)
(2.143013026 0.06917474725 0.001)
(2.352297462 0.07109225077 0.001)
(1.647702538 0.02890774923 0.001)
(2.101675362 0.07947251658 0.001)
(1.898298742 0.02048664162 0.001)
(0.1939935514 0.07493509202 0.001)
(3.806006449 0.02506490798 0.001)
(1.688634978 0.02041326316 0.001)
(2.311365022 0.07958673684 0.001)
(3.6203662 0.01491545008 0.001)
(0.3796338003 0.08508454992 0.001)
(3.599299576 0.04015732726 0.001)
(0.4007004236 0.05984267274 0.001)
(2.362688263 0.01504393925 0.001)
(1.637311737 0.08495606075 0.001)
(2.728942926 0.08029538076 0.001)
(1.271057074 0.01970461924 0.001)
(0.6760053884 0.03145647206 0.001)
(1.944419461 0.05383017454 0.001)
(2.562223618 0.07121436479 0.001)
(1.437776382 0.02878563521 0.001)
(1.242909051 0.0730439964 0.001)
(2.757090949 0.0269560036 0.001)
(0.7980154682 0.08474407608 0.001)
(3.78883431 0.0679607332 0.001)
(0.2111656899 0.0320392668 0.001)
(2.989660256 0.04288804324 0.001)
(1.010339744 0.05711195676 0.001)
(3.20183898 0.01509953133 0.001)
(1.228414452 0.02815478133 0.001)
(2.771585548 0.07184521867 0.001)
(3.409779818 0.05700636555 0.001)
(1.919864827 0.0286925756 0.001)
(0.5882213158 0.08487389894 0.001)
(2.573479366 0.01458598798 0.001)
(1.426520634 0.08541401202 0.001)
(1.724392271 0.03183218589 0.001)
(2.275607729 0.06816781411 0.001)
(3.412388664 0.01480945385 0.001)
(1.874411542 0.07398927042 0.001)
(2.125583902 0.02600584985 0.001)
(1.218142218 0.08537564039 0.001)
(2.781857782 0.01462435961 0.001)
(1.844929718 0.0832458264 0.001)
(2.155067978 0.01675198281 0.001)
(0.8013211267 0.0569388774 0.001)
(0.5914473506 0.05728889301 0.001)
(2.475838482 0.01508566701 0.001)
(1.524161518 0.08491433299 0.001)
(3.190286541 0.07258495428 0.001)
(2.33498638 0.02375410425 0.001)
(1.66501362 0.07624589575 0.001)
(2.522666305 0.078870182 0.001)
(1.477333695 0.021129818 0.001)
(3.533450851 0.06805176168 0.001)
(0.4665491486 0.03194823832 0.001)
(3.400064828 0.07282096454 0.001)
(1.733761466 0.08512128386 0.001)
(2.266238534 0.01487871614 0.001)
(1.710413511 0.02979247031 0.001)
(2.289586489 0.07020752969 0.001)
(0.2103522542 0.01923363031 0.001)
(3.789647746 0.08076636969 0.001)
(2.057272448 0.01455168755 0.001)
(2.546644346 0.02648182743 0.001)
(1.453355654 0.07351817257 0.001)
(0.02158824044 0.08780097665 0.001)
(3.97841176 0.01219902335 0.001)
(2.499982938 0.07121774104 0.001)
(1.500017062 0.02878225896 0.001)
(1.942736245 0.01519213851 0.001)
(1.941550649 0.08496616878 0.001)
(2.079738171 0.06998488771 0.001)
(0.02706766813 0.0728224342 0.001)
(3.972932332 0.0271775658 0.001)
(1.007256534 0.08492909954 0.001)
(2.992743466 0.01507090046 0.001)
(2.707843111 0.06959683962 0.001)
(1.292156889 0.03040316038 0.001)
(2.360163925 0.08612877948 0.001)
(1.639836075 0.01387122052 0.001)
(0.03072660093 0.05026096377 0.001)
(0.049151011 0.0368939505 0.001)
(3.969273399 0.04973903623 0.001)
(3.950848989 0.0631060495 0.001)
(3.151027097 0.07950508145 0.001)
(3.102704119 0.01557487034 0.001)
(1.060641378 0.08053324591 0.001)
(2.939358622 0.01946675409 0.001)
(0.2421624162 0.07184181968 0.001)
(3.757837584 0.02815818032 0.001)
(3.312333327 0.0158413659 0.001)
(3.80158157 0.07941707933 0.001)
(0.19841843 0.02058292067 0.001)
(2.569842946 0.08612593917 0.001)
(1.430157054 0.01387406083 0.001)
(3.819663358 0.02266261057 0.001)
(0.1803366415 0.07733738943 0.001)
(1.314909283 0.08476617773 0.001)
(2.685090717 0.01523382227 0.001)
(1.220884203 0.01365732275 0.001)
(2.779115797 0.08634267725 0.001)
(3.98864801 0.08865953344 0.001)
(0.01135198969 0.01134046656 0.001)
(3.361032112 0.0799218719 0.001)
(1.515001981 0.03034371384 0.001)
(2.484998019 0.06965628616 0.001)
(0.8968736789 0.08345273659 0.001)
(0.6872647144 0.08333241573 0.001)
(3.197447573 0.08667427647 0.001)
(3.407247793 0.0867928951 0.001)
(2.150917999 0.08534179207 0.001)
(1.849079309 0.01465342226 0.001)
(0.8510972387 0.08153114288 0.001)
(3.737597586 0.02926027597 0.001)
(0.2624024141 0.07073972403 0.001)
(3.113598875 0.06619575019 0.001)
(3.57330794 0.08000533766 0.001)
(0.42669206 0.01999466234 0.001)
(2.919011009 0.02755933239 0.001)
(1.080988991 0.07244066761 0.001)
(3.363632669 0.01969051764 0.001)
(0.6363731824 0.01969470118 0.001)
(0.8039040727 0.01335346319 0.001)
(1.01203238 0.01315454202 0.001)
(2.98796762 0.08684545798 0.001)
(0.5940556035 0.01325670154 0.001)
(3.153712432 0.02000040936 0.001)
(2.893632604 0.01611429335 0.001)
(1.106367396 0.08388570665 0.001)
(0.3853126584 0.01604364106 0.001)
(0.384928161 0.03494810121 0.001)
(3.614687342 0.08395635894 0.001)
(3.615071839 0.06505189879 0.001)
(0.8466053234 0.01951834855 0.001)
(0.4786972915 0.08296475086 0.001)
(3.521302708 0.01703524914 0.001)
(1.056627758 0.0194842932 0.001)
(2.943372242 0.0805157068 0.001)
(0.6399774582 0.08079196266 0.001)
(3.756017546 0.08728543041 0.001)
(0.2439824544 0.01271456959 0.001)
(0.1490937114 0.01622122176 0.001)
(3.850906289 0.08377877824 0.001)
(3.12963181 0.07348417121 0.001)
(3.328072553 0.06566299121 0.001)
(0.8711698814 0.07245371905 0.001)
(2.694127243 0.06837924705 0.001)
(1.305872757 0.03162075295 0.001)
(3.088345106 0.0675536176 0.001)
(0.9116548935 0.0324463824 0.001)
(2.880891686 0.06632510237 0.001)
(1.119108314 0.03367489763 0.001)
(1.075544117 0.08196751934 0.001)
(2.924455883 0.01803248066 0.001)
(1.266209633 0.08086205536 0.001)
(2.733790367 0.01913794464 0.001)
(3.806237604 0.09039022659 0.001)
(0.1937623957 0.009609773407 0.001)
(3.570314866 0.01861264692 0.001)
(0.4296851336 0.08138735308 0.001)
(3.29102155 0.07430628011 0.001)
(0.7089784497 0.02569371989 0.001)
(3.564456542 0.09106536258 0.001)
(0.4355434576 0.00893463742 0.001)
(3.340492112 0.07321297176 0.001)
(0.6611760136 0.07250350875 0.001)
(1.065093717 0.008595371984 0.001)
(2.934906283 0.09140462802 0.001)
(0.645060815 0.008740533664 0.001)
(3.354939185 0.008740533664 0.001)
(3.968339452 0.06711565228 0.001)
(0.03166054834 0.03288434772 0.001)
(0.8652916067 0.08252751019 0.001)
(0.855132893 0.008664086905 0.001)
(3.145737663 0.009298647237 0.001)
(0.2264601836 0.09014725098 0.001)
(3.773539816 0.009852749024 0.001)
(2.523887228 0.01890194337 0.001)
(1.476112772 0.08109805663 0.001)
(3.827355243 0.01147678262 0.001)
(0.1726447574 0.08852321738 0.001)
(0.500299947 0.02607937961 0.001)
(3.499700053 0.07392062039 0.001)
(3.727080004 0.01377955203 0.001)
(0.2729199962 0.08622044797 0.001)
(0.00984750167 0.09021201999 0.001)
(3.990152498 0.009787980011 0.001)
(2.313762921 0.01867701024 0.001)
(1.686237079 0.08132298976 0.001)
(1.274254752 0.09144591794 0.001)
(2.725745248 0.008554082057 0.001)
(1.718863358 0.04343890303 0.001)
(2.281136642 0.05656109697 0.001)
(3.222429846 0.01751867693 0.001)
(0.7775701543 0.08248132307 0.001)
(2.563075005 0.02477874675 0.001)
(1.436924995 0.07522125325 0.001)
(3.933616519 0.04898045596 0.001)
(0.0663834815 0.05101954404 0.001)
(1.509536836 0.04231129106 0.001)
(2.490463164 0.05768870894 0.001)
(0.5680638285 0.08269955648 0.001)
(3.431936171 0.01730044352 0.001)
(0.8429934777 0.08286863809 0.001)
(2.515766987 0.008284109705 0.001)
(1.484233013 0.09171589029 0.001)
(0.655209613 0.08269861685 0.001)
(2.7726054 0.02508114999 0.001)
(1.2273946 0.07491885001 0.001)
(1.050139084 0.08075384767 0.001)
(2.949860916 0.01924615233 0.001)
(3.192219886 0.02598135891 0.001)
(2.305892758 0.008377821231 0.001)
(1.694107242 0.09162217877 0.001)
(1.018248159 0.02480469618 0.001)
(2.981751841 0.07519530382 0.001)
(0.06051736959 0.01705124376 0.001)
(3.93948263 0.08294875624 0.001)
(2.322600823 0.07811944766 0.001)
(1.677399177 0.02188055234 0.001)
(0.9867103673 0.0822133231 0.001)
(3.013289633 0.0177866769 0.001)
(2.046779071 0.06506937531 0.001)
(0.4464578207 0.08218178873 0.001)
(3.553542179 0.01781821127 0.001)
(1.195482454 0.08225385866 0.001)
(2.804517546 0.01774614134 0.001)
(0.3591045514 0.08285393724 0.001)
(3.640895449 0.01714606276 0.001)
(1.904281856 0.09171439681 0.001)
(1.900602562 0.08426646872 0.001)
(2.095718121 0.008285775195 0.001)
(2.099397008 0.01573309699 0.001)
(1.935060674 0.02569741656 0.001)
(2.595615372 0.01798948275 0.001)
(1.404384628 0.08201051725 0.001)
(2.305740941 0.09075241227 0.001)
(1.694259059 0.009247587727 0.001)
(0.08768338214 0.07610808801 0.001)
(3.912316618 0.02389191199 0.001)
(2.386687193 0.01814360775 0.001)
(1.613312807 0.08185639225 0.001)
(3.670268457 0.07633856485 0.001)
(0.329731543 0.02366143515 0.001)
(2.11289359 0.07792204472 0.001)
(1.887111708 0.02206458817 0.001)
(1.300068088 0.04238622213 0.001)
(2.699931912 0.05761377787 0.001)
(2.071774696 0.05557505586 0.001)
(2.210504097 0.07647540795 0.001)
(1.789495903 0.02352459205 0.001)
(2.09603383 0.09075066948 0.001)
(1.903946717 0.008890233453 0.001)
(1.891978458 0.08174106323 0.001)
(2.108019893 0.01825747477 0.001)
(1.283044791 0.02149282025 0.001)
(2.716955209 0.07850717975 0.001)
(3.403382929 0.02803504608 0.001)
(2.177264935 0.01815178802 0.001)
(1.822735065 0.08184821198 0.001)
(2.348236984 0.02589919817 0.001)
(1.651763016 0.07410080183 0.001)
(3.579732766 0.01870541363 0.001)
(0.4202672342 0.08129458637 0.001)
(1.259326349 0.01944748467 0.001)
(2.740673651 0.08055251533 0.001)
(3.160236133 0.08067284535 0.001)
(3.370325553 0.08083566298 0.001)
(3.772886765 0.06571326502 0.001)
(0.227113235 0.03428673498 0.001)
(3.411543905 0.04190925884 0.001)
(2.532498009 0.07864670854 0.001)
(1.467501991 0.02135329146 0.001)
)


// ************************************************************************* //
