/*--------------------------------*- C++ -*----------------------------------*\
| =========                 |                                                 |
| \\      /  F ield         | OpenFOAM: The Open Source CFD Toolbox           |
|  \\    /   O peration     | Version:  2412                                  |
|   \\  /    A nd           | Website:  www.openfoam.com                      |
|    \\/     M anipulation  |                                                 |
\*---------------------------------------------------------------------------*/
FoamFile
{
    version     2.0;
    format      ascii;
    arch        "LSB;label=32;scalar=64";
    class       vectorField;
    location    "constant/polyMesh";
    object      points;
}
// * * * * * * * * * * * * * * * * * * * * * * * * * * * * * * * * * * * * * //


3862
(
(0 0 0)
(2 0 0)
(2 2 0)
(0 2 0)
(0 0 0.001)
(2 0 0.001)
(2 2 0.001)
(0 2 0.001)
(0.05 0 0)
(0.1 0 0)
(0.15 0 0)
(0.2 0 0)
(0.25 0 0)
(0.3 0 0)
(0.35 0 0)
(0.4 0 0)
(0.45 0 0)
(0.5 0 0)
(0.55 0 0)
(0.6 0 0)
(0.65 0 0)
(0.7 0 0)
(0.75 0 0)
(0.8 0 0)
(0.85 0 0)
(0.9 0 0)
(0.95 0 0)
(1 0 0)
(1.05 0 0)
(1.1 0 0)
(1.15 0 0)
(1.2 0 0)
(1.25 0 0)
(1.3 0 0)
(1.35 0 0)
(1.4 0 0)
(1.45 0 0)
(1.5 0 0)
(1.55 0 0)
(1.6 0 0)
(1.65 0 0)
(1.7 0 0)
(1.75 0 0)
(1.8 0 0)
(1.85 0 0)
(1.9 0 0)
(1.95 0 0)
(2 0.05 0)
(2 0.1 0)
(2 0.15 0)
(2 0.2 0)
(2 0.25 0)
(2 0.3 0)
(2 0.35 0)
(2 0.4 0)
(2 0.45 0)
(2 0.5 0)
(2 0.55 0)
(2 0.6 0)
(2 0.65 0)
(2 0.7 0)
(2 0.75 0)
(2 0.8 0)
(2 0.85 0)
(2 0.9 0)
(2 0.95 0)
(2 1 0)
(2 1.05 0)
(2 1.1 0)
(2 1.15 0)
(2 1.2 0)
(2 1.25 0)
(2 1.3 0)
(2 1.35 0)
(2 1.4 0)
(2 1.45 0)
(2 1.5 0)
(2 1.55 0)
(2 1.6 0)
(2 1.65 0)
(2 1.7 0)
(2 1.75 0)
(2 1.8 0)
(2 1.85 0)
(2 1.9 0)
(2 1.95 0)
(1.95 2 0)
(1.9 2 0)
(1.85 2 0)
(1.8 2 0)
(1.75 2 0)
(1.7 2 0)
(1.65 2 0)
(1.6 2 0)
(1.55 2 0)
(1.5 2 0)
(1.45 2 0)
(1.4 2 0)
(1.35 2 0)
(1.3 2 0)
(1.25 2 0)
(1.2 2 0)
(1.15 2 0)
(1.1 2 0)
(1.05 2 0)
(1 2 0)
(0.95 2 0)
(0.9 2 0)
(0.85 2 0)
(0.8 2 0)
(0.75 2 0)
(0.7 2 0)
(0.65 2 0)
(0.6 2 0)
(0.55 2 0)
(0.5 2 0)
(0.45 2 0)
(0.4 2 0)
(0.35 2 0)
(0.3 2 0)
(0.25 2 0)
(0.2 2 0)
(0.15 2 0)
(0.1 2 0)
(0.05 2 0)
(0 1.95 0)
(0 1.9 0)
(0 1.85 0)
(0 1.8 0)
(0 1.75 0)
(0 1.7 0)
(0 1.65 0)
(0 1.6 0)
(0 1.55 0)
(0 1.5 0)
(0 1.45 0)
(0 1.4 0)
(0 1.35 0)
(0 1.3 0)
(0 1.25 0)
(0 1.2 0)
(0 1.15 0)
(0 1.1 0)
(0 1.05 0)
(0 1 0)
(0 0.95 0)
(0 0.9 0)
(0 0.85 0)
(0 0.8 0)
(0 0.75 0)
(0 0.7 0)
(0 0.65 0)
(0 0.6 0)
(0 0.55 0)
(0 0.5 0)
(0 0.45 0)
(0 0.4 0)
(0 0.35 0)
(0 0.3 0)
(0 0.25 0)
(0 0.2 0)
(0 0.15 0)
(0 0.1 0)
(0 0.05 0)
(0.05 0 0.001)
(0.1 0 0.001)
(0.15 0 0.001)
(0.2 0 0.001)
(0.25 0 0.001)
(0.3 0 0.001)
(0.35 0 0.001)
(0.4 0 0.001)
(0.45 0 0.001)
(0.5 0 0.001)
(0.55 0 0.001)
(0.6 0 0.001)
(0.65 0 0.001)
(0.7 0 0.001)
(0.75 0 0.001)
(0.8 0 0.001)
(0.85 0 0.001)
(0.9 0 0.001)
(0.95 0 0.001)
(1 0 0.001)
(1.05 0 0.001)
(1.1 0 0.001)
(1.15 0 0.001)
(1.2 0 0.001)
(1.25 0 0.001)
(1.3 0 0.001)
(1.35 0 0.001)
(1.4 0 0.001)
(1.45 0 0.001)
(1.5 0 0.001)
(1.55 0 0.001)
(1.6 0 0.001)
(1.65 0 0.001)
(1.7 0 0.001)
(1.75 0 0.001)
(1.8 0 0.001)
(1.85 0 0.001)
(1.9 0 0.001)
(1.95 0 0.001)
(2 0.05 0.001)
(2 0.1 0.001)
(2 0.15 0.001)
(2 0.2 0.001)
(2 0.25 0.001)
(2 0.3 0.001)
(2 0.35 0.001)
(2 0.4 0.001)
(2 0.45 0.001)
(2 0.5 0.001)
(2 0.55 0.001)
(2 0.6 0.001)
(2 0.65 0.001)
(2 0.7 0.001)
(2 0.75 0.001)
(2 0.8 0.001)
(2 0.85 0.001)
(2 0.9 0.001)
(2 0.95 0.001)
(2 1 0.001)
(2 1.05 0.001)
(2 1.1 0.001)
(2 1.15 0.001)
(2 1.2 0.001)
(2 1.25 0.001)
(2 1.3 0.001)
(2 1.35 0.001)
(2 1.4 0.001)
(2 1.45 0.001)
(2 1.5 0.001)
(2 1.55 0.001)
(2 1.6 0.001)
(2 1.65 0.001)
(2 1.7 0.001)
(2 1.75 0.001)
(2 1.8 0.001)
(2 1.85 0.001)
(2 1.9 0.001)
(2 1.95 0.001)
(1.95 2 0.001)
(1.9 2 0.001)
(1.85 2 0.001)
(1.8 2 0.001)
(1.75 2 0.001)
(1.7 2 0.001)
(1.65 2 0.001)
(1.6 2 0.001)
(1.55 2 0.001)
(1.5 2 0.001)
(1.45 2 0.001)
(1.4 2 0.001)
(1.35 2 0.001)
(1.3 2 0.001)
(1.25 2 0.001)
(1.2 2 0.001)
(1.15 2 0.001)
(1.1 2 0.001)
(1.05 2 0.001)
(1 2 0.001)
(0.95 2 0.001)
(0.9 2 0.001)
(0.85 2 0.001)
(0.8 2 0.001)
(0.75 2 0.001)
(0.7 2 0.001)
(0.65 2 0.001)
(0.6 2 0.001)
(0.55 2 0.001)
(0.5 2 0.001)
(0.45 2 0.001)
(0.4 2 0.001)
(0.35 2 0.001)
(0.3 2 0.001)
(0.25 2 0.001)
(0.2 2 0.001)
(0.15 2 0.001)
(0.1 2 0.001)
(0.05 2 0.001)
(0 1.95 0.001)
(0 1.9 0.001)
(0 1.85 0.001)
(0 1.8 0.001)
(0 1.75 0.001)
(0 1.7 0.001)
(0 1.65 0.001)
(0 1.6 0.001)
(0 1.55 0.001)
(0 1.5 0.001)
(0 1.45 0.001)
(0 1.4 0.001)
(0 1.35 0.001)
(0 1.3 0.001)
(0 1.25 0.001)
(0 1.2 0.001)
(0 1.15 0.001)
(0 1.1 0.001)
(0 1.05 0.001)
(0 1 0.001)
(0 0.95 0.001)
(0 0.9 0.001)
(0 0.85 0.001)
(0 0.8 0.001)
(0 0.75 0.001)
(0 0.7 0.001)
(0 0.65 0.001)
(0 0.6 0.001)
(0 0.55 0.001)
(0 0.5 0.001)
(0 0.45 0.001)
(0 0.4 0.001)
(0 0.35 0.001)
(0 0.3 0.001)
(0 0.25 0.001)
(0 0.2 0.001)
(0 0.15 0.001)
(0 0.1 0.001)
(0 0.05 0.001)
(1.955460203 0.9769310359 0)
(0.9752986345 0.04586978182 0)
(0.975 1.95669873 0)
(0.04330127019 1.025 0)
(1.223809255 0.04507995966 0)
(1.955153391 1.223123208 0)
(0.04460965013 0.7725539439 0)
(1.225 1.95669873 0)
(0.725 1.95669873 0)
(0.7261208128 0.0466506224 0)
(1.95669873 0.725 0)
(0.04489742752 1.277760855 0)
(1.954508214 1.476950838 0)
(1.475 0.04590656153 0)
(0.04413786707 0.5259772771 0)
(1.475 1.95669873 0)
(1.949745546 0.5263803983 0)
(0.525 0.04590656153 0)
(0.0424252888 1.475 0)
(0.525 1.95669873 0)
(1.675 0.04601572807 0)
(1.95669873 1.675 0)
(0.325 1.95669873 0)
(0.3250631951 0.0451929039 0)
(0.04330127019 1.675 0)
(1.675 1.95669873 0)
(1.95669873 0.325 0)
(0.04330127019 0.325 0)
(1.955560027 1.825513963 0)
(0.175 1.95669873 0)
(0.0477228672 0.1783323678 0)
(1.954425597 0.1779420954 0)
(1.825 1.95669873 0)
(1.824986804 0.04405719856 0)
(0.04445650226 1.825655077 0)
(0.1751229452 0.04595597964 0)
(1.125 0.04330127019 0)
(1.372941571 0.04383955293 0)
(0.03948183076 1.124108033 0)
(0.04330127019 1.375 0)
(1.952349456 1.129414094 0)
(1.955052919 1.379765509 0)
(1.375 1.95669873 0)
(1.125 1.95669873 0)
(0.04801581699 0.8750359229 0)
(0.04516596123 0.619873516 0)
(0.04751206705 0.4322299738 0)
(1.954968871 0.8205643748 0)
(0.825 1.95669873 0)
(0.425 1.95669873 0)
(0.625 1.95669873 0)
(0.8251721232 0.04694116573 0)
(1.575 1.95669873 0)
(1.957740184 0.425 0)
(0.04330127019 1.575 0)
(1.955314143 0.6280433209 0)
(1.952323542 1.570981286 0)
(0.625 0.04596094401 0)
(1.575 0.04596094401 0)
(0.425 0.04590656153 0)
(1.954715138 1.920408719 0)
(0.07693375673 1.957815185 0)
(0.0430091423 0.07479347509 0)
(1.92315273 0.04504807935 0)
(1.874591349 1.956934665 0)
(1.849931892 1.913436782 0)
(1.799988649 1.913404013 0)
(1.824986757 1.870103835 0)
(1.774995901 1.870098556 0)
(1.79999711 1.826796588 0)
(1.749998835 1.826795592 0)
(1.774999324 1.783494039 0)
(1.724999693 1.783493826 0)
(1.749999836 1.740192473 0)
(1.699999922 1.740192424 0)
(1.72499996 1.696891132 0)
(1.67499998 1.69689112 0)
(1.69999999 1.653589844 0)
(1.649999995 1.653589841 0)
(1.674999998 1.61028857 0)
(1.624999999 1.610288569 0)
(1.649999999 1.566987298 0)
(1.6 1.566987298 0)
(1.625 1.523686028 0)
(1.575 1.523686028 0)
(1.6 1.480384758 0)
(1.55 1.480384758 0)
(1.575 1.437083488 0)
(1.525 1.437083488 0)
(1.55 1.393782217 0)
(1.5 1.393782217 0)
(1.525 1.350480947 0)
(1.475 1.350480947 0)
(1.5 1.307179677 0)
(1.45 1.307179677 0)
(1.475 1.263878407 0)
(1.425 1.263878407 0)
(1.45 1.220577137 0)
(1.4 1.220577137 0)
(1.425 1.177275866 0)
(1.375 1.177275866 0)
(1.4 1.133974596 0)
(1.35 1.133974596 0)
(1.375 1.090673326 0)
(1.325 1.090673326 0)
(1.3 1.133974596 0)
(1.275 1.090673326 0)
(1.25 1.133974596 0)
(1.225 1.090673326 0)
(1.2 1.133974596 0)
(1.175 1.090673326 0)
(1.15 1.133974596 0)
(1.125 1.090673326 0)
(1.1 1.133974596 0)
(1.075 1.090673326 0)
(1.05 1.133974596 0)
(1.025 1.090673326 0)
(1 1.133974596 0)
(1.05 1.047372056 0)
(1 1.047372056 0)
(1.3 1.047372056 0)
(1.025 1.004070786 0)
(0.975 1.004070786 0)
(1 0.9607695155 0)
(0.95 0.9607695155 0)
(0.975 0.9174682453 0)
(0.925 0.9174682453 0)
(0.9 0.9607695155 0)
(0.875 0.9174682453 0)
(0.85 0.9607695155 0)
(0.825 0.9174682453 0)
(0.9 0.8741669751 0)
(0.8 0.9607695155 0)
(0.775 0.9174682453 0)
(1.075 1.177275866 0)
(0.75 0.9607695155 0)
(1.45 1.393782217 0)
(0.725 0.9174682453 0)
(0.7 0.9607695155 0)
(0.675 0.9174682453 0)
(0.7 0.8741669751 0)
(0.65 0.8741669751 0)
(0.675 0.8308657049 0)
(0.65 0.9607695155 0)
(0.675 1.004070786 0)
(0.625 0.8308657049 0)
(0.65 0.7875644347 0)
(0.625 1.004070786 0)
(0.65 1.047372056 0)
(0.6 1.047372056 0)
(0.625 1.090673326 0)
(0.6 0.7875644347 0)
(0.625 0.7442631645 0)
(0.575 1.090673326 0)
(0.6 1.133974596 0)
(1.425 1.090673326 0)
(0.575 0.7442631645 0)
(0.6 0.7009618943 0)
(0.65 0.7009618943 0)
(0.625 0.6576606241 0)
(0.675 0.6576606241 0)
(0.65 0.6143593539 0)
(0.7 0.6143593539 0)
(0.6 0.6143593539 0)
(0.55 1.047372056 0)
(0.55 1.133974596 0)
(0.575 1.177275866 0)
(0.675 0.5710580838 0)
(0.725 0.5710580838 0)
(0.525 1.177275866 0)
(0.55 1.220577137 0)
(0.6 1.220577137 0)
(0.575 1.263878407 0)
(0.625 1.263878407 0)
(0.6 1.307179677 0)
(0.65 1.307179677 0)
(0.625 1.350480947 0)
(0.675 1.350480947 0)
(0.575 1.350480947 0)
(0.65 1.393782217 0)
(0.7 1.393782217 0)
(0.675 1.437083488 0)
(0.725 1.437083488 0)
(1.525 1.523686028 0)
(0.5 1.220577137 0)
(1.5 1.220577137 0)
(0.7 0.5277568136 0)
(0.75 0.5277568136 0)
(0.7 1.480384758 0)
(0.75 1.480384758 0)
(0.65 1.480384758 0)
(0.475 1.177275866 0)
(1.025 0.9174682453 0)
(0.725 0.4844555434 0)
(0.775 0.4844555434 0)
(0.675 0.4844555434 0)
(0.8 0.5277568136 0)
(0.825 0.4844555434 0)
(0.85 0.5277568136 0)
(0.875 0.4844555434 0)
(0.9 0.5277568136 0)
(0.925 0.4844555434 0)
(0.95 0.5277568136 0)
(0.975 0.4844555434 0)
(1 0.5277568136 0)
(1.025 0.4844555434 0)
(1.05 0.5277568136 0)
(1.075 0.4844555434 0)
(1.1 0.5277568136 0)
(1.125 0.4844555434 0)
(1.15 0.5277568136 0)
(1.175 0.4844555434 0)
(1.2 0.5277568136 0)
(1.225 0.4844555434 0)
(1.25 0.5277568136 0)
(1.275 0.4844555434 0)
(1.3 0.5277568136 0)
(1.325 0.4844555434 0)
(1.35 0.5277568136 0)
(1.375 0.4844555434 0)
(1.4 0.5277568136 0)
(1.425 0.4844555434 0)
(1.45 0.5277568136 0)
(1.475 0.4844555434 0)
(1.425 0.5710580838 0)
(1.475 0.5710580838 0)
(1.275 0.5710580838 0)
(1.45 0.6143593539 0)
(1.5 0.6143593539 0)
(1.475 0.6576606241 0)
(1.525 0.6576606241 0)
(0.675 1.523686028 0)
(0.625 1.523686028 0)
(0.45 1.220577137 0)
(1.55 0.6143593539 0)
(0.55 0.7875644347 0)
(0.525 0.7442631645 0)
(0.5 0.7875644347 0)
(0.475 0.7442631645 0)
(0.45 0.7875644347 0)
(0.9 0.4411542732 0)
(1.05 0.4411542732 0)
(1.3 0.4411542732 0)
(0.425 1.177275866 0)
(1.575 1.350480947 0)
(0.425 0.7442631645 0)
(1.575 0.6576606241 0)
(1.55 0.7009618943 0)
(0.775 1.437083488 0)
(0.8 1.480384758 0)
(0.7 0.4411542732 0)
(0.65 0.4411542732 0)
(1.45 0.4411542732 0)
(1.5 0.4411542732 0)
(1.225 1.177275866 0)
(1.599999999 1.653589839 0)
(0.65 1.566987298 0)
(0.6 1.566987298 0)
(1.6 0.7009618943 0)
(1.575 0.7442631645 0)
(0.4 1.220577137 0)
(1.6 0.6143593539 0)
(0.4 0.7875644347 0)
(0.825 1.437083488 0)
(0.85 1.480384758 0)
(0.825 1.523686028 0)
(0.875 1.523686028 0)
(0.9 1.480384758 0)
(0.925 1.523686028 0)
(0.9 1.566987298 0)
(0.95 1.566987298 0)
(0.975 1.523686028 0)
(1 1.566987298 0)
(1.025 1.523686028 0)
(1.05 1.566987298 0)
(1.075 1.523686028 0)
(1.1 1.566987298 0)
(1.125 0.5710580838 0)
(0.675 0.397853003 0)
(0.625 0.397853003 0)
(0.375 0.7442631645 0)
(0.4 0.7009618943 0)
(1.475 0.397853003 0)
(1.525 0.397853003 0)
(0.375 1.177275866 0)
(0.675 1.263878407 0)
(1.125 1.523686028 0)
(1.15 1.566987298 0)
(0.925 1.610288568 0)
(1.075 1.610288568 0)
(1.625 0.7442631645 0)
(1.6 0.7875644347 0)
(1.55 0.7875644347 0)
(0.625 1.610288568 0)
(0.575 1.610288568 0)
(0.55 1.566987298 0)
(0.525 1.610288568 0)
(0.5 1.566987298 0)
(0.475 1.610288568 0)
(0.45 1.566987298 0)
(0.425 1.610288568 0)
(0.4 1.566987298 0)
(0.375 1.610288568 0)
(1.575 0.8308657049 0)
(1.625 0.8308657049 0)
(1.6 0.8741669751 0)
(1.65 1.480384758 0)
(1.65 0.8741669751 0)
(1.625 0.9174682453 0)
(0.35 1.566987298 0)
(0.35 0.7875644347 0)
(0.375 0.8308657049 0)
(0.35 1.220577137 0)
(0.35 0.7009618943 0)
(0.375 0.6576606241 0)
(0.975 0.5710580838 0)
(1.525 0.8308657049 0)
(0.65 0.3545517328 0)
(0.6 0.3545517328 0)
(0.575 0.397853003 0)
(0.55 0.3545517328 0)
(0.525 0.397853003 0)
(0.5 0.3545517328 0)
(0.475 0.397853003 0)
(0.45 0.3545517328 0)
(0.425 0.397853003 0)
(0.4 0.3545517328 0)
(0.375 0.397853003 0)
(0.35 0.3545517328 0)
(1.5 0.3545517328 0)
(1.55 0.3545517328 0)
(1.1 1.480384758 0)
(1.15 1.480384758 0)
(1.575 0.397853003 0)
(1.6 0.3545517328 0)
(1.625 0.397853003 0)
(1.65 0.3545517328 0)
(0.7 0.3545517328 0)
(0.375 1.523686028 0)
(0.825 1.004070786 0)
(0.6 1.653589838 0)
(0.65 1.653589838 0)
(0.4 1.653589838 0)
(0.35 1.653589838 0)
(1.675 0.397853003 0)
(0.325 0.397853003 0)
(0.325 0.6576606241 0)
(0.325 0.8308657049 0)
(0.35 0.8741669751 0)
(0.325 1.523686028 0)
(0.325 1.177275866 0)
(1.675 0.9174682453 0)
(1.65 0.9607695155 0)
(0.725 0.6576606241 0)
(0.3 0.8741669751 0)
(1.7 0.9607695155 0)
(1.675 1.004070786 0)
(0.375 0.3112504626 0)
(0.325 0.3112504626 0)
(0.575 0.3112504626 0)
(1.525 0.3112504626 0)
(1.475 0.3112504626 0)
(1.7 0.3545517328 0)
(1.7 0.8741669751 0)
(0.3 1.220577137 0)
(1.125 1.437083488 0)
(1.175 1.437083488 0)
(0.375 1.696891109 0)
(0.325 1.696891109 0)
(1.675 0.3112504626 0)
(1.725 0.3112504626 0)
(1.725 1.004070786 0)
(1.7 1.047372056 0)
(0.375 1.263878407 0)
(0.35 1.133974596 0)
(0.3 1.133974596 0)
(0.625 1.696891109 0)
(0.675 1.696891109 0)
(1.425 0.6576606241 0)
(0.675 1.090673326 0)
(1.375 1.263878407 0)
(1.725 0.397853003 0)
(1.724999998 1.61028857 0)
(0.275 0.8308657049 0)
(0.45 0.4411542732 0)
(1.15 1.393782217 0)
(1.1 1.393782217 0)
(1.65 1.047372056 0)
(1.675 1.090673326 0)
(1.725 1.090673326 0)
(1.7 1.133974596 0)
(0.35 0.2679491924 0)
(0.3 0.2679491924 0)
(1.5 0.2679491924 0)
(1.449956992 0.2679738636 0)
(1.7 0.2679491924 0)
(1.75 0.2679491924 0)
(1.75 1.133974596 0)
(1.725 1.177275866 0)
(0.25 0.8741669751 0)
(1.649999984 1.740192388 0)
(0.475 0.8308657049 0)
(1.2 1.480384758 0)
(1.225 1.437083488 0)
(1.25 1.480384758 0)
(1.15 0.4411542732 0)
(1.4 1.047372056 0)
(0.425 1.696891109 0)
(1.75 0.9607695155 0)
(1.7 0.4411542732 0)
(1.75 0.4411542732 0)
(1.2 1.047372056 0)
(0.3 1.566987298 0)
(0.275 1.523686028 0)
(0.3 1.480384758 0)
(0.25 1.480384758 0)
(0.2514370864 1.567817 0)
(1.725 0.4844555434 0)
(0.275 0.3112504626 0)
(0.25 0.2679491924 0)
(0.35 0.6143593539 0)
(0.3 0.6143593539 0)
(0.275 0.6576606241 0)
(0.25 0.6143593539 0)
(1 0.8741669751 0)
(1.05 0.8741669751 0)
(1.025 0.8308657049 0)
(1.075 0.8308657049 0)
(1.05 0.7875644347 0)
(1.1 0.7875644347 0)
(1.125 0.8308657049 0)
(1.15 0.7875644347 0)
(1.175 0.8308657049 0)
(1.2 0.7875644347 0)
(1.225 0.8308657049 0)
(1 0.7875644347 0)
(0.8 1.393782217 0)
(0.85 1.393782217 0)
(0.825 1.350480947 0)
(0.875 1.350480947 0)
(0.85 1.307179677 0)
(0.9 1.307179677 0)
(0.875 0.5710580838 0)
(0.475 0.3112504626 0)
(0.8 0.8741669751 0)
(0.4 0.6143593539 0)
(0.875 1.263878407 0)
(0.475 1.523686028 0)
(0.675 0.3112504626 0)
(0.725 0.3112504626 0)
(0.7 0.2679491924 0)
(0.75 0.2679491924 0)
(0.325 0.9174682453 0)
(0.375 0.9174682453 0)
(1.25 0.7875644347 0)
(1.275 0.8308657049 0)
(1.45 1.047372056 0)
(1.65 0.7009618943 0)
(0.275 1.437083488 0)
(0.325 1.437083488 0)
(1.425 1.004070786 0)
(0.875 1.610288568 0)
(0.9 1.653589838 0)
(0.65 1.740192379 0)
(0.7 1.740192379 0)
(0.6 1.740192379 0)
(0.4 1.740192379 0)
(0.225 0.6576606241 0)
(1.775 1.090673326 0)
(1.775 0.397853003 0)
(0.225 1.437083488 0)
(0.225 0.3112504626 0)
(0.225 0.8308657049 0)
(1.774999966 1.696891128 0)
(0.275 0.2246479222 0)
(1.725 0.2246479222 0)
(1.675 0.2246479222 0)
(1.775 0.2246479222 0)
(0.225 0.2246479222 0)
(1.775 1.177275866 0)
(1.75 1.220577137 0)
(1.775 0.4844555434 0)
(1.75 0.5277568136 0)
(1.125 1.350480947 0)
(1.175 1.350480947 0)
(0.275 0.5710580838 0)
(0.225 0.5710580838 0)
(1.075 1.350480947 0)
(1.025 0.7442631645 0)
(0.975 0.7442631645 0)
(1.25 0.8741669751 0)
(1.3 0.8741669751 0)
(1.325 0.8308657049 0)
(0.55 0.4411542732 0)
(0.775 0.3112504626 0)
(0.8 0.2679491924 0)
(0.775 0.2246479222 0)
(0.825 0.2246479222 0)
(0.85 0.2679491924 0)
(0.875 0.2246479222 0)
(0.9 0.2679491924 0)
(0.925 0.2246493926 0)
(0.95 0.2679494375 0)
(0.975 0.2246530292 0)
(1 0.2679500844 0)
(1.025 0.2246522727 0)
(1.05 0.2679500662 0)
(1.075 0.2246487929 0)
(1.1 0.2679494832 0)
(1.125 0.2246481158 0)
(1.15 0.2679492732 0)
(1.175 0.224647968 0)
(1.2 0.2679492135 0)
(1.225 0.2246479334 0)
(1.249978602 0.2679615519 0)
(1.274358873 0.2233909219 0)
(1.15 0.8741669751 0)
(1.175 0.7442631645 0)
(1.7 1.220577137 0)
(1.725 1.263878407 0)
(1.775 1.263878407 0)
(1.75 1.307179677 0)
(1.424949824 0.3113039537 0)
(0.7 1.653589838 0)
(0.6 0.9607695155 0)
(1.625 1.090673326 0)
(1.275 1.437083488 0)
(1.3 1.480384758 0)
(1.275 1.523686028 0)
(1.325 1.523686028 0)
(1.3 1.566987298 0)
(1.35 1.566987298 0)
(1.325 1.610288568 0)
(1.375 1.610288568 0)
(1.35 1.653589838 0)
(1.3 1.653589838 0)
(1.325 1.696891109 0)
(1.275 1.696891109 0)
(1.375 1.696891109 0)
(1.3 1.740192379 0)
(1.25 1.740192379 0)
(0.25 1.393782217 0)
(1.275 1.783493649 0)
(1.225 1.783493649 0)
(1.325 1.783493649 0)
(1.2 1.740192379 0)
(1.175 1.783493649 0)
(0.675 1.783493649 0)
(0.725 1.783493649 0)
(1.474992832 0.2246520341 0)
(1.6 0.4411542732 0)
(0.75 1.740192379 0)
(0.775 1.783493649 0)
(0.35 0.9607695155 0)
(0.3 0.9607695155 0)
(0.4 0.9607695155 0)
(1.475 1.004070786 0)
(0.1999389264 1.478101222 0)
(1.8 1.307179677 0)
(1.775 1.350480947 0)
(1.8 0.5277568136 0)
(1.775 0.5710580838 0)
(0.2 0.8741669751 0)
(0.25 0.1813466521 0)
(0.3 0.1813466521 0)
(1.75 0.1813466521 0)
(0.9 0.1813466521 0)
(1.050038221 0.1813729401 0)
(1.8 0.2679491924 0)
(1.824999406 1.783493992 0)
(1.8 0.1813466521 0)
(0.2 0.1813466521 0)
(0.175 0.2246479222 0)
(0.2 1.393782217 0)
(1.224996434 0.3112525261 0)
(0.35 0.4411542732 0)
(0.25 0.5277568136 0)
(0.2 0.5277568136 0)
(0.225 0.4844555434 0)
(0.45 1.740192379 0)
(0.425 1.783493649 0)
(0.375 1.783493649 0)
(0.475 1.783493649 0)
(0.975 0.3112506521 0)
(0.925 1.263878407 0)
(1.35 0.8741669751 0)
(1.5 0.7875644347 0)
(0.95 1.653589838 0)
(0.925 1.696891109 0)
(0.975 1.696891109 0)
(0.95 1.740192379 0)
(1 1.740192379 0)
(0.975 1.783493649 0)
(1.025 1.783493649 0)
(0.925 1.350480947 0)
(1.15 1.307179677 0)
(1.2 1.307179677 0)
(1 1.480384758 0)
(1.524998805 0.2246486076 0)
(0.45 1.133974596 0)
(1.075 1.004070786 0)
(0.825 1.263878407 0)
(0.85 1.220577137 0)
(0.475 1.263878407 0)
(0.5 0.7009618943 0)
(0.8 1.220577137 0)
(0.825 1.177275866 0)
(0.7 0.7875644347 0)
(1.05 1.740192379 0)
(0.95 1.047372056 0)
(1.725 1.350480947 0)
(1.75 1.393782217 0)
(1.8 1.393782217 0)
(1.775 1.437083488 0)
(0.6 1.480384758 0)
(1.424948629 0.2246773906 0)
(0.225 1.350480947 0)
(1.475 1.090673326 0)
(1.675 0.7442631645 0)
(1.7 0.7009618943 0)
(1.725 0.7442631645 0)
(1.75 0.7009618943 0)
(1.775 0.7442631645 0)
(1.8 0.7009618943 0)
(1.375 1.523686028 0)
(1.45 0.9607695155 0)
(1.699999755 1.826795061 0)
(0.925 1.783493649 0)
(1.274974441 0.3112652206 0)
(1.3 1.826794919 0)
(1.35 1.826794919 0)
(0.175 1.350480947 0)
(0.2 1.307179677 0)
(1.825 0.7442631645 0)
(1.8 0.7875644347 0)
(1.825 0.4844555434 0)
(0.175 0.4844555434 0)
(0.175 0.8308657049 0)
(1.825 0.5710580838 0)
(0.1740879793 0.5715497672 0)
(0.8 0.1813466521 0)
(0.75 0.1813466521 0)
(1.449990243 0.1813522488 0)
(1.398829235 0.1807474638 0)
(1.199732479 0.1815011149 0)
(1.825 1.263878407 0)
(1.824944005 1.437115816 0)
(1.799990667 1.480390146 0)
(1.125 0.3112505245 0)
(0.2 0.4411542732 0)
(0.875 0.3112504626 0)
(1.325 0.9174682453 0)
(1.7 0.5277568136 0)
(0.775 1.177275866 0)
(0.375 0.5710580838 0)
(0.425 0.5710580838 0)
(1.575 0.5710580838 0)
(0.8 1.133974596 0)
(0.8 0.4411542732 0)
(1 0.7009618943 0)
(0.95 0.7009618943 0)
(0.925 0.7442631645 0)
(1.05 0.7009618943 0)
(0.9 0.7009618943 0)
(0.875 0.7442631645 0)
(0.85 0.7009618943 0)
(0.825 0.7442631645 0)
(1.25 1.653589838 0)
(0.85 1.133974596 0)
(1.675 1.263878407 0)
(1.65 1.220577137 0)
(0.85 1.653589838 0)
(1.325 1.437083488 0)
(1.3 1.393782217 0)
(0.375 1.004070786 0)
(0.425 1.004070786 0)
(0.45 0.9607695155 0)
(1.6 1.047372056 0)
(0.275 1.350480947 0)
(1.575 0.9174682453 0)
(0.25 0.7009618943 0)
(0.2 0.7009618943 0)
(1.475 0.8308657049 0)
(1.45 0.7875644347 0)
(1.2 1.826794919 0)
(1.15 1.826794919 0)
(0.95 1.826794919 0)
(0.9 1.826794919 0)
(0.7 1.826794919 0)
(0.65 1.826794919 0)
(0.4 1.826794919 0)
(0.35 1.826794919 0)
(1.85 1.307179677 0)
(1.85 0.7009618943 0)
(0.15 1.393782217 0)
(1.849933117 1.480423373 0)
(1.824987297 1.523693362 0)
(1.85 0.7875644347 0)
(1.825 0.8308657049 0)
(0.15 1.307179677 0)
(0.175 1.263878407 0)
(0.15 0.8741669751 0)
(0.175 0.9174682453 0)
(0.275 0.137955311 0)
(0.325 0.1379237804 0)
(1.775 0.1367958301 0)
(1.825 0.1365875714 0)
(1.85 0.1811036836 0)
(1.725 0.1378371232 0)
(1.423733067 0.1371345086 0)
(1.372871871 0.1356025946 0)
(1.474787218 0.1377879128 0)
(0.7754989584 0.1383334556 0)
(0.7266522977 0.1375695266 0)
(0.125 0.9174682453 0)
(0.15 0.9607695155 0)
(0.15 0.1813466521 0)
(0.125 0.2246479222 0)
(0.15 0.4411542732 0)
(1.874895224 0.1377014262 0)
(1.249995146 0.3545545364 0)
(1.299994931 0.3545546597 0)
(1.749998445 1.480385656 0)
(1.373549855 0.2238982256 0)
(0.175 0.397853003 0)
(0.35 0.1813263851 0)
(0.375 0.1379151475 0)
(0.4 0.1813215685 0)
(0.425 0.1379129059 0)
(0.45 0.1813203921 0)
(0.475 0.1379123362 0)
(0.5 0.1813201011 0)
(0.525 0.1379121928 0)
(0.55 0.1813200287 0)
(0.575 0.1379121568 0)
(0.6 0.1813200107 0)
(0.525 0.2246390599 0)
(0.625 0.1380187375 0)
(0.475 1.696891109 0)
(0.425 0.224639365 0)
(0.225 0.397853003 0)
(1.025 0.6576606241 0)
(0.2 0.9607695155 0)
(0.175 1.004070786 0)
(0.225 1.004070786 0)
(0.2 1.047372056 0)
(0.15 1.047372056 0)
(0.175 1.090673326 0)
(0.8250581855 0.1380467829 0)
(1.15 1.740192379 0)
(1.199999284 0.3545521467 0)
(0.1749557918 0.6576351005 0)
(0.149992632 0.7009576404 0)
(1.175 1.263878407 0)
(1.225 1.263878407 0)
(1.125 1.263878407 0)
(0.625 0.4844555434 0)
(0.2752395144 1.610426852 0)
(0.2267165199 1.611279602 0)
(0.2503260057 1.653778058 0)
(0.2003404209 1.653786381 0)
(0.2251110711 1.696955236 0)
(0.1750752487 1.696934554 0)
(0.2000310533 1.740210307 0)
(0.1735141816 1.60479032 0)
(0.150017717 1.740202608 0)
(0.1750081284 1.783498342 0)
(0.2250065303 1.783497419 0)
(0.2000024431 1.82679633 0)
(0.1500017619 1.826795936 0)
(1.675 0.6576606241 0)
(0.775 1.263878407 0)
(1.375 1.783493649 0)
(1.4 1.826794919 0)
(1.425 1.783493649 0)
(1.45 1.826794919 0)
(1.475 1.783493649 0)
(1.5 1.826794919 0)
(1.525 1.783493649 0)
(1.5 1.740192379 0)
(1.55 1.826794919 0)
(0.85 0.7875644347 0)
(1.375 1.004070786 0)
(1.525 0.4844555434 0)
(1.849724405 1.393698537 0)
(1.05 1.393782217 0)
(1.025 1.350480947 0)
(1 1.393782217 0)
(1.075 0.9174682453 0)
(0.8 0.7875644347 0)
(1.05 1.307179677 0)
(0.45 0.6143593539 0)
(0.475 0.5710580838 0)
(0.7 1.566987298 0)
(0.8 1.740192379 0)
(1.25 1.307179677 0)
(0.725 1.350480947 0)
(1.7 1.393782217 0)
(1.675 1.350480947 0)
(1.25 1.566987298 0)
(1.775 1.004070786 0)
(1.8 0.9607695155 0)
(1.825 1.004070786 0)
(1.85 0.9607695155 0)
(0.775 0.7442631645 0)
(0.6 0.8741669751 0)
(1.175 1.696891109 0)
(0.2500014956 1.826795783 0)
(0.65 0.2679491924 0)
(0.4 0.5277568136 0)
(0.35 0.5277568136 0)
(0.5 0.6143593539 0)
(0.525 0.5710580838 0)
(1.625 1.263878407 0)
(1.425 0.397853003 0)
(1.075 0.6576606241 0)
(1.125 1.696891109 0)
(0.325 1.090673326 0)
(1.55 1.740192379 0)
(1.525 1.696891109 0)
(1.475 1.696891109 0)
(1.5 1.653589838 0)
(1.775 0.9174682453 0)
(1.6 1.220577137 0)
(0.5 0.5277568136 0)
(0.825 1.610288568 0)
(0.925 0.6576606241 0)
(1.575 1.090673326 0)
(0.4 1.047372056 0)
(0.45 1.047372056 0)
(1.5 0.8741669751 0)
(1.45 0.8741669751 0)
(0.8 1.653589838 0)
(0.675 0.2246479222 0)
(1.35 1.393782217 0)
(1.375 1.437083488 0)
(1.325 1.350480947 0)
(1.325 1.870096189 0)
(1.275 1.263878407 0)
(0.15 0.2679491924 0)
(0.325 1.783493649 0)
(0.925 1.870096189 0)
(0.675 1.870096189 0)
(1.175 1.870096189 0)
(1.125 1.870096189 0)
(1.275 1.870096189 0)
(1.425 1.870096189 0)
(0.875 1.870096189 0)
(1.324930627 0.3112655934 0)
(1.525 1.870096189 0)
(0.2250006564 1.870096568 0)
(0.2750003587 1.870096397 0)
(0.375 1.870096189 0)
(0.725 1.870096189 0)
(0.975 1.870096189 0)
(0.625 1.870096189 0)
(0.6 1.826794919 0)
(0.575 1.870096189 0)
(1.575 1.870096189 0)
(1.6 1.826794919 0)
(1.625 1.870096189 0)
(0.425 1.870096189 0)
(0.1264307055 0.8316917231 0)
(1.874060626 1.003528438 0)
(1.849843438 1.047281665 0)
(1.907111515 1.048135475 0)
(1.875 1.090673326 0)
(0.1258923029 0.3982108358 0)
(1.874986736 1.523693686 0)
(1.849995672 1.566989797 0)
(0.175 0.1380453819 0)
(0.1262374401 0.1387598182 0)
(1.749986804 0.09402391483 0)
(1.874986441 1.870104018 0)
(0.125 0.4844555434 0)
(1.875006252 1.263878407 0)
(1.850001042 1.220577137 0)
(1.89925083 1.306746512 0)
(0.126147446 1.091335804 0)
(0.150191241 1.134085009 0)
(0.2000318735 1.133992998 0)
(0.125 0.6576606241 0)
(0.09279605038 0.7009241942 0)
(0.1262970041 1.263129581 0)
(0.1009393736 0.9602271678 0)
(1.224999072 0.3978535392 0)
(1.349987593 0.3545794505 0)
(1.799997162 1.566988937 0)
(1.824998806 1.610289258 0)
(1.873817564 1.609606951 0)
(1.849802728 1.653476351 0)
(0.3 0.4411542732 0)
(1.15 1.220577137 0)
(1.45 1.653589838 0)
(1.475 1.610288568 0)
(0.55 1.826794919 0)
(0.525 1.870096189 0)
(1.65 1.393782217 0)
(0.55 0.5277568136 0)
(1.45 0.7009618943 0)
(1.4 0.7009618943 0)
(1.375 0.6576606241 0)
(1.35 0.7009618943 0)
(1.325 0.6576606241 0)
(1.3 0.7009618943 0)
(1.275 0.6576606241 0)
(1.375 0.7442631645 0)
(1 1.307179677 0)
(1.025 1.263878407 0)
(1.625 1.177275866 0)
(1.575 1.177275866 0)
(0.825 1.090673326 0)
(0.775 1.090673326 0)
(1.375 1.350480947 0)
(1.775 0.6576606241 0)
(0.275 1.090673326 0)
(1.625 0.5710580838 0)
(1 1.653589838 0)
(1.375 0.9174682453 0)
(0.1501487171 0.3546113716 0)
(1.35 0.6143593539 0)
(1.525 1.610288568 0)
(1.6 0.5277568136 0)
(0.875 1.090673326 0)
(0.9 1.133974596 0)
(0.225 1.263878407 0)
(1.1 0.7009618943 0)
(1.125 0.6576606241 0)
(1.05 0.6143593539 0)
(1.749997425 1.913398946 0)
(1.1 1.826794919 0)
(1.075 1.870096189 0)
(1.775 0.8308657049 0)
(1.575 1.263878407 0)
(1.15 1.653589838 0)
(0.85 1.826794919 0)
(0.825 1.870096189 0)
(1.55 1.047372056 0)
(1.575 1.004070786 0)
(1.7 0.7875644347 0)
(0.775 1.610288568 0)
(0.25 0.7875644347 0)
(0.3 1.047372056 0)
(1.5 0.9607695155 0)
(1.25 0.7009618943 0)
(1.225 0.6576606241 0)
(0.1502161674 1.220452332 0)
(0.1019285104 1.221283431 0)
(0.174998772 0.7442624555 0)
(1.375 0.8308657049 0)
(1.3 1.91339746 0)
(0.9 1.91339746 0)
(0.2500001692 1.913397557 0)
(1.873569294 0.8316917231 0)
(1.849761549 0.8743046448 0)
(1.898014461 0.8744881415 0)
(0.1259129539 1.697418203 0)
(0.100677349 1.740589311 0)
(0.1012142868 0.2672481236 0)
(1.9065139 0.7918092485 0)
(0.09322924978 1.304705216 0)
(0.09289758549 0.3530166743 0)
(0.09289584342 1.048320506 0)
(1.907073717 1.652295148 0)
(1.875 1.696891109 0)
(1.906746392 0.9567366223 0)
(0.07621188562 0.2240873764 0)
(0.1059336212 1.138300371 0)
(1.699997801 0.09368485019 0)
(1.674999633 0.1378341285 0)
(1.649999572 0.09352046355 0)
(1.624999868 0.1378062316 0)
(1.599999907 0.09347928561 0)
(1.574999962 0.1377947191 0)
(1.599999972 0.1812650166 0)
(1.549999978 0.09336391422 0)
(1.900615361 0.1806209127 0)
(1.875 0.2246479222 0)
(1.924451133 0.2240182192 0)
(1.898694235 0.2671431731 0)
(0.1502267309 0.09394870743 0)
(0.2002992519 0.09338251283 0)
(0.09262146674 0.09552729154 0)
(0.2252437736 0.04747439857 0)
(0.3001839399 0.09344741134 0)
(0.4 0.09345705722 0)
(0.8 0.09474411167 0)
(0.8504357167 0.09368264472 0)
(0.8753549168 0.04774091763 0)
(0.9005385295 0.09380826433 0)
(0.5 0.09345646983 0)
(1.448683201 0.09260076687 0)
(0.6 0.09358985077 0)
(0.6510701796 0.09271432645 0)
(1.90088413 1.221001482 0)
(1.875147529 1.177346591 0)
(1.925 1.177275866 0)
(1.849994882 0.0940202501 0)
(1.89975394 0.09294998503 0)
(1.900557917 1.479436077 0)
(1.924838594 1.523841531 0)
(1.924861403 1.431913952 0)
(1.951451451 0.270251345 0)
(0.04804961761 0.2711970785 0)
(0.07636340104 0.9184103754 0)
(0.04851688799 0.9660615625 0)
(0.125 0.05144284149 0)
(0.6760252464 0.04727558938 0)
(0.7013103811 0.09312133347 0)
(0.7753645141 0.04909934357 0)
(1.624999913 0.04649607021 0)
(1.524999997 0.04776816522 0)
(0.575 0.04779506243 0)
(1.724961957 0.04773631265 0)
(1.874748614 0.04756408721 0)
(1.953659638 0.08417152833 0)
(1.799971456 0.08944082073 0)
(1.774984503 0.04587637446 0)
(1.925144095 1.263878407 0)
(1.945839221 1.30470747 0)
(1.499745066 0.09257878375 0)
(1.423367282 0.04536989082 0)
(1.397611249 0.0895298282 0)
(1.346362491 0.08660452009 0)
(1.320610393 0.1328578202 0)
(1.293526088 0.08901283807 0)
(1.271239139 0.1348129422 0)
(1.346482389 0.1783323428 0)
(1.245451128 0.09187491371 0)
(0.55 0.09276204902 0)
(0.475 0.04777270964 0)
(0.45 0.09273634005 0)
(0.3750075232 0.04768782032 0)
(0.350042443 0.09260402011 0)
(0.2502945683 0.09360153797 0)
(0.8754042597 0.1377521543 0)
(0.9254597052 0.1378007958 0)
(0.9505464084 0.0935282685 0)
(0.9754597441 0.13782327 0)
(1.000666722 0.09313960482 0)
(1.025495309 0.04731309754 0)
(1.050846913 0.09377753538 0)
(1.325 0.2243509034 0)
(1.349742779 0.267799919 0)
(1.39974195 0.2680972194 0)
(0.65 0.1813466521 0)
(0.625 0.224643482 0)
(1.324997087 0.3978581104 0)
(1.575 1.696891109 0)
(1.1749999 0.3978530607 0)
(1.425 1.610288568 0)
(1.45 1.566987298 0)
(1.25 1.220577137 0)
(1.3 1.220577137 0)
(1.199999829 0.4411543722 0)
(1.124999983 0.3978530126 0)
(1.54999979 0.1812913832 0)
(0.4 0.2679477662 0)
(1.1 1.220577137 0)
(0.5 1.826794919 0)
(0.475 1.870096189 0)
(1.774999328 1.610288957 0)
(1.749999415 1.566987636 0)
(1.699999902 1.566987355 0)
(1.35 1.307179677 0)
(1.849998686 1.826795678 0)
(1.875374132 1.78334787 0)
(0.25 0.3545517328 0)
(1.649999959 1.826794943 0)
(1.674999952 1.870096217 0)
(1.62499999 1.783493655 0)
(0.275 0.4844555434 0)
(0.2500053122 1.133977663 0)
(1.824973906 1.090658261 0)
(1.824967116 1.696872197 0)
(1.275 1.177275866 0)
(0.525 1.783493649 0)
(0.375 0.2246386999 0)
(0.45 0.2679475285 0)
(1.901316424 1.826412598 0)
(1.925514064 1.871806126 0)
(1.925005125 1.781554771 0)
(1.90026744 1.740192379 0)
(1.951995011 1.733623066 0)
(0.5 1.740192379 0)
(0.525 1.696891109 0)
(1.4 1.566987298 0)
(1.425 1.523686028 0)
(1.4 1.480384758 0)
(1.45 1.480384758 0)
(1.900381163 1.915134108 0)
(0.575 1.783493649 0)
(1.625 1.350480947 0)
(1.425 1.696891109 0)
(1.799994275 1.740189368 0)
(1.4 1.740192379 0)
(0.575 0.5710580838 0)
(0.2750728461 1.696933166 0)
(0.875 1.783493649 0)
(0.9 1.740192379 0)
(0.1247829957 1.783562461 0)
(0.09870571302 1.826616584 0)
(0.1247845792 1.870066636 0)
(0.075 1.870096189 0)
(0.07522028426 1.781897697 0)
(0.048147242 1.733930584 0)
(0.275 0.397853003 0)
(0.525 0.4844555434 0)
(0.8 1.826794919 0)
(0.25 0.9607695155 0)
(0.975 1.263878407 0)
(1 1.220577137 0)
(1.825 0.6576606241 0)
(1.873914566 0.6570339487 0)
(1.907106295 0.7005598297 0)
(1.674999884 1.783493716 0)
(0.2000247862 0.3545616726 0)
(1.425 1.437083488 0)
(1.025 0.3112505474 0)
(1 0.3545517785 0)
(0.95 0.354551772 0)
(0.975 0.3978530067 0)
(1.05 0.3545517546 0)
(0.925 0.3978530101 0)
(0.85 1.047372056 0)
(1.125 1.177275866 0)
(1 0.6143593539 0)
(0.5 1.653589838 0)
(1.575 0.3112504626 0)
(1.65 0.2679491924 0)
(1.624999995 0.2246343163 0)
(1.525 0.7442631645 0)
(1.1 1.740192379 0)
(1.075 1.696891109 0)
(0.9 0.3545517405 0)
(0.3 1.393782217 0)
(0.35 1.393782217 0)
(0.375 1.437083488 0)
(0.4 1.393782217 0)
(0.425 1.437083488 0)
(0.45 1.393782217 0)
(0.475 1.437083488 0)
(0.425 1.350480947 0)
(0.475 1.350480947 0)
(0.325 1.350480947 0)
(0.3 1.307179677 0)
(0.5 1.393782217 0)
(0.525 1.437083488 0)
(0.5 1.480384758 0)
(0.525 1.523686028 0)
(1.4 1.653589838 0)
(1.35 0.9607695155 0)
(1.3 0.9607695155 0)
(0.55 1.653589838 0)
(0.325 0.2246430074 0)
(0.825 0.3112504626 0)
(0.8 0.3545517328 0)
(0.85 0.3545517341 0)
(0.45 1.480384758 0)
(1.8 0.4411542732 0)
(1.825 0.397853003 0)
(1.8 0.3545517328 0)
(1.85 0.3545517328 0)
(1.876340607 0.3996851236 0)
(1.907442647 0.353218767 0)
(0.1003195737 0.4406083999 0)
(0.0751070107 0.4819906324 0)
(0.09900302005 0.5276006726 0)
(0.07158181554 0.5727116865 0)
(0.120798456 0.5730992832 0)
(0.825 0.8308657049 0)
(0.775 0.8308657049 0)
(1.025 1.437083488 0)
(1.5 1.566987298 0)
(0.300075996 1.653633715 0)
(0.7 1.307179677 0)
(0.95 0.441154275 0)
(0.925 1.090673326 0)
(0.2750013376 1.783494421 0)
(0.1012661389 0.1815843561 0)
(1.85 0.5277568136 0)
(1.875304948 0.4851203964 0)
(1.873531647 0.57021033 0)
(1.45 1.740192379 0)
(0.7 0.7009618943 0)
(1.025 1.177275866 0)
(0.975 1.177275866 0)
(0.95 1.220577137 0)
(0.9 1.220577137 0)
(0.425 0.9174682453 0)
(0.475 0.9174682453 0)
(0.5 0.9607695155 0)
(0.525 0.9174682453 0)
(0.375 1.350480947 0)
(1.625 1.95669873 0)
(1.625 0.3112504626 0)
(0.875 0.8308657049 0)
(1.7 1.307179677 0)
(1.475 0.7442631645 0)
(1.225 1.870096189 0)
(0.5 0.8741669751 0)
(0.625 0.5710580838 0)
(0.55 0.6143593539 0)
(0.625 1.437083488 0)
(0.3 0.3545517328 0)
(1.799995651 1.133972085 0)
(1.17420109 0.04513907576 0)
(1.149843263 0.08813184202 0)
(0.04338575531 1.325323913 0)
(0.04292727002 1.073679456 0)
(1.624999993 1.696891113 0)
(0.525 1.090673326 0)
(0.75 0.4411542732 0)
(1.525 0.5710580838 0)
(1.099999997 0.4411542748 0)
(1.075 0.397853003 0)
(0.725 1.263878407 0)
(0.7 1.220577137 0)
(1.675 1.437083488 0)
(1.675 1.177275866 0)
(1.675 0.4844555434 0)
(0.8500770742 0.1812980143 0)
(1.25 1.826794919 0)
(0.875 1.696891109 0)
(1.75 0.7875644347 0)
(1.65 0.5277568136 0)
(1.075 1.263878407 0)
(0.1253222928 1.956884806 0)
(0.3250525851 1.610318928 0)
(0.625 1.783493649 0)
(1.873841716 1.349824679 0)
(1.6 1.133974596 0)
(1.55 1.133974596 0)
(1.699999939 0.1812767334 0)
(1.649999901 0.1812440581 0)
(1.57499976 0.2246229514 0)
(1.1 1.307179677 0)
(1.35 1.480384758 0)
(1.825 0.3112504626 0)
(0.1247593786 1.349988379 0)
(0.09257651327 1.397264869 0)
(0.1269652794 1.438461576 0)
(0.125 0.7442631645 0)
(0.04429635279 0.1234975224 0)
(0.225 0.9174682453 0)
(0.04553418013 1.625598306 0)
(0.08710309049 1.599874143 0)
(0.0866859654 1.549979024 0)
(0.1293705083 1.574592399 0)
(0.1304808806 1.519685117 0)
(0.1736036079 1.550884148 0)
(0.08285142802 1.498753161 0)
(1.274999403 0.3978534965 0)
(1.349999515 0.4411551244 0)
(0.3 0.7009618943 0)
(0.45 1.826794919 0)
(1.175 1.95669873 0)
(0.475 1.95669873 0)
(0.35 1.480384758 0)
(0.275 0.9174682453 0)
(0.425 0.8308657049 0)
(1.953541596 0.580792439 0)
(0.85 0.8741669751 0)
(0.925 0.8308657049 0)
(0.675 0.7442631645 0)
(0.525 1.263878407 0)
(0.65 1.220577137 0)
(0.675 1.177275866 0)
(0.725 1.177275866 0)
(1.25 0.6143593539 0)
(1.2 0.6143593539 0)
(0.45 0.7009618943 0)
(0.6 0.4411542732 0)
(0.575 0.4844555434 0)
(0.975 1.610288568 0)
(0.75 0.3545517328 0)
(0.725 1.696891109 0)
(1.075 1.437083488 0)
(0.775 1.350480947 0)
(1.799969557 1.04735448 0)
(1.225 1.350480947 0)
(1.10000637 0.1813512108 0)
(1.075318289 0.1378680154 0)
(1.125159471 0.1368710569 0)
(0.1489815759 0.5281529372 0)
(0.1497347507 0.6142062122 0)
(1.149999861 0.3545518233 0)
(0.75 0.7875644347 0)
(1.599999959 0.267942763 0)
(0.55 1.740192379 0)
(0.775 1.95669873 0)
(1.25 1.047372056 0)
(1.225 1.004070786 0)
(1.175 1.004070786 0)
(1.2 0.9607695155 0)
(1.15 0.9607695155 0)
(1.175 0.9174682453 0)
(1.225 0.9174682453 0)
(1.1 1.047372056 0)
(0.875 1.437083488 0)
(0.925 1.437083488 0)
(0.9 1.393782217 0)
(0.95 1.393782217 0)
(1.175 1.523686028 0)
(1.2 1.566987298 0)
(1.225 1.523686028 0)
(1.225 1.610288568 0)
(0.375 1.95669873 0)
(0.725 1.004070786 0)
(0.775 1.004070786 0)
(0.75 1.047372056 0)
(0.8 1.047372056 0)
(0.725 1.090673326 0)
(0.875 1.004070786 0)
(1.65 0.4411542732 0)
(1.325 0.7442631645 0)
(1.95669873 1.075 0)
(1.956439034 1.025147202 0)
(1.425 1.95669873 0)
(1.075 1.95669873 0)
(0.04330127019 0.375 0)
(0.75 1.393782217 0)
(1.025 1.610288568 0)
(0.425 1.523686028 0)
(1.625 1.004070786 0)
(1.248338065 0.179556698 0)
(0.975 1.437083488 0)
(1.799961324 1.653567955 0)
(0.7 1.133974596 0)
(1.724999571 1.956698978 0)
(0.04603495004 0.8201626859 0)
(1.525 1.263878407 0)
(0.8 1.307179677 0)
(0.75 1.307179677 0)
(1.898978836 1.566884822 0)
(1.956267761 0.6762506204 0)
(0.04254399207 1.524788698 0)
(1.225 0.5710580838 0)
(1.55 0.4411542732 0)
(1.75 0.3545517328 0)
(0.775 1.696891109 0)
(1.875 0.7442631645 0)
(1.948962751 0.8740738218 0)
(0.675 1.95669873 0)
(0.575 1.95669873 0)
(1.05 1.480384758 0)
(1.2 1.393782217 0)
(1.275 1.610288568 0)
(1.45 1.133974596 0)
(1.475 1.177275866 0)
(1.35 1.047372056 0)
(1.325 1.004070786 0)
(1.05 0.9607695155 0)
(1.1 0.9607695155 0)
(1.125 0.9174682453 0)
(0.95 0.8741669751 0)
(1.05 1.220577137 0)
(0.7 1.047372056 0)
(0.725 1.523686028 0)
(0.925 0.5710580838 0)
(0.9 0.6143593539 0)
(0.85 0.6143593539 0)
(1.4 0.6143593539 0)
(1.375 0.5710580838 0)
(1.65 0.6143593539 0)
(1.675 0.5710580838 0)
(1.7 0.6143593539 0)
(1.65 1.133974596 0)
(0.95 0.7875644347 0)
(1.2 0.8741669751 0)
(1.275 0.9174682453 0)
(1.149983053 0.1811774747 0)
(1.175 0.1380453819 0)
(1.1 0.8741669751 0)
(1.575 0.4844555434 0)
(0.475 0.2246359398 0)
(0.5 0.267945441 0)
(0.55 0.2679470901 0)
(0.525 0.311249487 0)
(1.25 0.9607695155 0)
(1.275 1.004070786 0)
(1.95669873 0.375 0)
(1.125 1.004070786 0)
(0.04362705519 0.7243728944 0)
(0.04330127019 0.675 0)
(0.6 1.393782217 0)
(0.85 0.4411542732 0)
(1.3 0.6143593539 0)
(1.125 0.7442631645 0)
(0.875 1.177275866 0)
(1.95669873 0.475 0)
(1.909375002 0.4466218578 0)
(1.95618769 0.772522142 0)
(0.04327495405 1.424544145 0)
(0.1997964203 0.6144115236 0)
(0.975 0.8308657049 0)
(1.850100395 1.740164486 0)
(1.955224729 0.927426655 0)
(0.725 0.8308657049 0)
(0.95 1.307179677 0)
(0.6 0.5277568136 0)
(1.025 1.696891109 0)
(0.05098340416 1.223698156 0)
(0.04047393326 1.17171059 0)
(0.5 1.133974596 0)
(1.175 0.5710580838 0)
(0.8 0.7009618943 0)
(0.575 1.004070786 0)
(0.425 1.263878407 0)
(0.9 0.7875644347 0)
(1.6 0.9607695155 0)
(1.955962363 1.625532394 0)
(1.774997607 1.956700111 0)
(0.55 0.7009618943 0)
(0.325 0.5710580838 0)
(1.4 0.9607695155 0)
(1.25 1.393782217 0)
(1.375 1.870096189 0)
(0.575 1.696891109 0)
(0.75 0.8741669751 0)
(0.625 0.9174682453 0)
(0.575 0.8308657049 0)
(0.65 1.133974596 0)
(0.75 0.6143593539 0)
(0.775 0.6576606241 0)
(0.775 0.5710580838 0)
(0.95 1.480384758 0)
(0.625 0.3112504626 0)
(0.75 0.7009618943 0)
(0.1752266912 1.436904184 0)
(0.75 1.220577137 0)
(0.75 1.133974596 0)
(0.1015656928 0.8754325093 0)
(0.975 0.6576606241 0)
(1.525 1.95669873 0)
(1.025 1.95669873 0)
(0.45 1.653589838 0)
(0.45 0.8741669751 0)
(1.075 0.7442631645 0)
(0.45 0.5277568136 0)
(0.425 0.4844555434 0)
(0.4 0.4411542732 0)
(0.55 0.8741669751 0)
(1.55 0.8741669751 0)
(0.22509897 0.137613008 0)
(1.8 0.6143593539 0)
(0.25 0.4411542732 0)
(0.925 1.004070786 0)
(0.475 1.004070786 0)
(0.125 1.004070786 0)
(0.875 0.3978530057 0)
(1.325 0.5710580838 0)
(1.5 0.5277568136 0)
(1.55 0.5277568136 0)
(1.65 0.7875644347 0)
(0.55 1.307179677 0)
(0.2750008854 1.177276378 0)
(0.1501089543 1.6540717 0)
(0.09573021711 1.653053552 0)
(1.15 1.047372056 0)
(0.625 1.177275866 0)
(0.775 1.523686028 0)
(0.85 1.566987298 0)
(1.225 1.696891109 0)
(0.375 0.4844555434 0)
(1.475 1.870096189 0)
(0.975 1.350480947 0)
(1.625 1.437083488 0)
(1.699999741 1.480384907 0)
(1.6 1.393782217 0)
(0.4 1.133974596 0)
(1.625 0.6576606241 0)
(0.675 1.610288568 0)
(1.599999994 1.740192382 0)
(0.525 0.8308657049 0)
(1.075 0.3112506848 0)
(1.174999263 0.3112509179 0)
(1.15 0.7009618943 0)
(1.35 1.740192379 0)
(0.25 1.307179677 0)
(1.2 1.220577137 0)
(0.3 0.5277568136 0)
(1.82476102 1.350357622 0)
(1.725 0.5710580838 0)
(0.3250000598 1.870096224 0)
(1.897233917 0.5277289854 0)
(1.125 1.783493649 0)
(0.65 0.5277568136 0)
(0.425 0.3112499476 0)
(0.725 0.397853003 0)
(0.2250061976 1.090676904 0)
(0.725 0.7442631645 0)
(0.825 0.3978530037 0)
(1.724999698 1.437083662 0)
(1.449991637 0.354560648 0)
(0.3 0.7875644347 0)
(0.925 0.3112505429 0)
(0.575 1.523686028 0)
(1.749994926 1.047369126 0)
(1.399988176 0.3545914616 0)
(0.425 0.6576606241 0)
(0.1749649068 1.870091732 0)
(1.1 1.653589838 0)
(0.8 1.566987298 0)
(0.4 1.480384758 0)
(0.775 0.3978530031 0)
(0.575 0.6576606241 0)
(0.2500371397 1.740213822 0)
(0.825 0.5710580838 0)
(1.574999998 1.78349365 0)
(1.825 0.2246074275 0)
(1.5 0.7009618943 0)
(1.6 1.307179677 0)
(0.975 1.090673326 0)
(1.499961482 0.1812962614 0)
(0.375 1.090673326 0)
(0.219033671 1.526203455 0)
(0.525 0.6576606241 0)
(1.675 0.8308657049 0)
(0.4 0.8741669751 0)
(1.800000174 1.220577137 0)
(1.625 0.4844555434 0)
(1.725 0.6576606241 0)
(1.85183676 0.4424816996 0)
(1.3 1.307179677 0)
(1.2 1.653589838 0)
(1.275 1.350480947 0)
(1.05 1.653589838 0)
(1.775 0.3112504626 0)
(0.475 0.4844555434 0)
(0.325 0.4844555434 0)
(1.075 0.5710580838 0)
(1.1 0.6143593539 0)
(1.799960258 0.87418992 0)
(0.95 0.6143593539 0)
(0.5 1.047372056 0)
(0.9 1.047372056 0)
(0.725 1.610288568 0)
(0.8 0.6143593539 0)
(0.2000360279 1.220556336 0)
(0.225 1.177275866 0)
(0.475 0.6576606241 0)
(1.724998645 1.870096972 0)
(1.749993427 1.653586264 0)
(0.825 0.6576606241 0)
(0.725 0.2246479222 0)
(1.849782373 0.2678081068 0)
(1.175 1.610288568 0)
(0.5 0.4411542732 0)
(0.2500010329 1.047372652 0)
(1.725 0.9174682453 0)
(0.55 0.9607695155 0)
(0.575 1.437083488 0)
(1.425 0.7442631645 0)
(0.575 0.2246364773 0)
(1.125 1.610288568 0)
(1.025 0.5710580838 0)
(0.875 0.6576606241 0)
(0.35 1.047372056 0)
(1.849574369 0.6141136157 0)
(0.575 0.9174682453 0)
(0.55 1.480384758 0)
(0.475 1.090673326 0)
(0.2 0.2679491924 0)
(0.325 0.7442631645 0)
(0.2249997953 0.7442630463 0)
(0.1999997612 0.7875642968 0)
(1.524915583 0.1373521624 0)
(0.525 1.004070786 0)
(1 1.826794919 0)
(1.025 1.870096189 0)
(1.525 0.9174682453 0)
(1.55 1.307179677 0)
(1.425 1.350480947 0)
(1.4 1.307179677 0)
(1.4 1.393782217 0)
(1.5 1.047372056 0)
(1.825024066 1.177287235 0)
(0.325 1.004070786 0)
(1.75 0.6143593539 0)
(0.95 1.133974596 0)
(1.749993376 0.8741707992 0)
(0.2500061522 1.220573755 0)
(0.35 1.740192379 0)
(1.225 0.7442631645 0)
(0.425 1.090673326 0)
(0.325 1.263878407 0)
(0.825 1.696891109 0)
(0.6756721431 0.1373528713 0)
(0.75 1.566987298 0)
(0.3000185539 1.740203091 0)
(1.724998896 0.8308663423 0)
(0.45 1.307179677 0)
(0.4 1.307179677 0)
(1.075 1.783493649 0)
(1.525 1.177275866 0)
(1.774995498 1.523688627 0)
(1.275 0.7442631645 0)
(1.025 0.3978530149 0)
(1.3 0.7875644347 0)
(0.75 1.653589838 0)
(1.525 1.004070786 0)
(1.55 0.9607695155 0)
(1.175 0.6576606241 0)
(1.2 0.7009618943 0)
(0.55 1.393782217 0)
(1.35 0.7875644347 0)
(0.5 1.307179677 0)
(0.2749999659 0.7442631448 0)
(1.15 0.6143593539 0)
(1.425 0.9174682453 0)
(1.824953635 0.9174950144 0)
(1.475 0.9174682453 0)
(0.925 1.177275866 0)
(1.875 0.9174682453 0)
(0.7003874068 0.1811519244 0)
(0.2750010254 1.263877843 0)
(1.4 0.8741669751 0)
(1.5 1.133974596 0)
(0.775 1.870096189 0)
(1.724998833 1.523686702 0)
(0.2750001722 1.004070885 0)
(1.249999717 0.4411544613 0)
(0.35 1.307179677 0)
(1.65 1.307179677 0)
(1.399999919 0.4411544151 0)
(0.125 0.3112504626 0)
(1.35 1.220577137 0)
(0.6 0.2679461945 0)
(1.850023525 1.133985349 0)
(1.549999754 0.2679440733 0)
(1.875 0.3112504626 0)
(0.525 1.350480947 0)
(1.674999746 1.523686175 0)
(1.325 1.177275866 0)
(1.175 1.177275866 0)
(1.325 1.263878407 0)
(1.425 0.8308657049 0)
(1.55 1.220577137 0)
(1 0.4411542761 0)
(1.9 1.133974596 0)
(1.525 1.090673326 0)
(0.1750792183 1.177273068 0)
(0.3000001975 1.826795033 0)
(1.05 1.826794919 0)
(1.905793372 0.6100093981 0)
(0.75 1.826794919 0)
(0.1750289172 0.3112620591 0)
(0.1270623041 1.178489719 0)
(1.475 1.437083488 0)
(1.55 1.653589839 0)
(0.825 1.783493649 0)
(0.85 1.740192379 0)
(0.1502382065 0.7877019633 0)
(1.4 0.7875644347 0)
(1.099999974 0.3545518005 0)
(1.325 1.95669873 0)
(0.2750000282 1.956698746 0)
(1.575 1.610288569 0)
(1.5 1.480384758 0)
(0.95 1.91339746 0)
(1 1.91339746 0)
(0.925 1.95669873 0)
(1.699999265 1.913397884 0)
(1.1 1.91339746 0)
(1.55 1.566987298 0)
(1.05 1.91339746 0)
(0.7 1.91339746 0)
(0.09385044367 0.7914220748 0)
(0.65 1.91339746 0)
(1.15 1.91339746 0)
(0.875 1.95669873 0)
(1.475 1.523686028 0)
(1.2 1.91339746 0)
(1.374995382 0.3978652608 0)
(1.275 1.95669873 0)
(1.25 1.91339746 0)
(0.3000001026 1.913397519 0)
(0.85 1.91339746 0)
(0.6 1.91339746 0)
(0.1003401048 1.913609623 0)
(0.04605286442 1.918559779 0)
(1.4 1.91339746 0)
(0.8 1.91339746 0)
(1.35 1.91339746 0)
(0.75 1.91339746 0)
(0.55 1.91339746 0)
(1.5 1.91339746 0)
(0.1999942887 1.913396796 0)
(1.45 1.91339746 0)
(1.64999987 1.913397535 0)
(0.3500000193 1.913397471 0)
(1.55 1.91339746 0)
(0.4000000032 1.913397461 0)
(0.1500676954 1.913458054 0)
(0.224999081 1.956698638 0)
(0.4500000005 1.91339746 0)
(1.599999978 1.913397472 0)
(0.5000000001 1.91339746 0)
(0.95 0.1813554741 0)
(1 0.1813667561 0)
(1.374890158 0.311272933 0)
(1.299830887 0.2676723517 0)
(1.100636181 0.09351847536 0)
(1.025388315 0.1375580203 0)
(1.27447012 0.04327764398 0)
(1.874793207 1.435940264 0)
(0.9252897482 0.04682453871 0)
(0.2751309128 0.0466193753 0)
(1.075535829 0.04767480907 0)
(0.1533523078 1.47609874 0)
(1.924715292 0.1333839358 0)
(0.09301947788 0.6141534772 0)
(1.899768386 1.389821918 0)
(1.222893547 0.1375208071 0)
(0.07630809171 0.04274421188 0)
(1.923476254 1.958970162 0)
(1.19748696 0.09335815663 0)
(0.750824494 0.09325306555 0)
(1.324228636 0.04121219599 0)
(1.297671477 0.1788836048 0)
(0.08212909024 1.450417795 0)
(1.922368362 1.345894519 0)
(0.08207693538 1.699998807 0)
(1.921519434 0.3999051497 0)
(0.08094811115 0.3999319157 0)
(1.918601374 1.699684799 0)
(0.07945043343 1.350456476 0)
(1.919363758 1.0008167 0)
(0.08170369413 1.00075906 0)
(1.91894464 0.7477592285 0)
(0.08077456061 0.747485391 0)
(1.918487398 0.6539005715 0)
(1.91823194 1.095439498 0)
(0.07929829663 1.104290695 0)
(0.08086811175 0.6546519979 0)
(0.1271653904 1.617276423 0)
(1.917631204 1.60506012 0)
(1.917857413 0.3053727495 0)
(0.08209255202 0.3055424678 0)
(0.08242885315 0.1435402712 0)
(1.966884507 1.42772606 0)
(0.08346711921 1.258115448 0)
(0.03377892567 0.4757912267 0)
(1.965531685 0.1277128 0)
(1.916789667 0.9100386972 0)
(1.967157846 1.873545762 0)
(0.03349364905 1.875 0)
(1.916405856 0.8385254619 0)
(0.0831795218 0.8387489832 0)
(1.96656501 1.17549114 0)
(0.2088610134 1.572194905 0)
(1.966655157 1.525 0)
(1.96666584 0.225 0)
(0.03333415972 0.225 0)
(1.916032264 0.5638663819 0)
(0.08397459622 1.182457352 0)
(1.917671629 0.4921703276 0)
(0.03457922121 0.9219015722 0)
(1.966512033 1.77813836 0)
(0.0335648057 1.778296671 0)
(1.965153974 1.268780162 0)
(0.1752818787 1.510194536 0)
(0.03048796853 0.575 0)
(1.96339746 0.03660254038 0)
(0.03660254038 0.03660254038 0)
(0.03660254038 1.96339746 0)
(1.96339746 1.96339746 0)
(0.1151557972 1.476683278 0)
(1.96498569 1.337974793 0)
(0.06913269046 1.147027249 0)
(1.955460203 0.9769310359 0.001)
(0.9752986345 0.04586978182 0.001)
(0.975 1.95669873 0.001)
(0.04330127019 1.025 0.001)
(1.223809255 0.04507995966 0.001)
(1.955153391 1.223123208 0.001)
(0.04460965013 0.7725539439 0.001)
(1.225 1.95669873 0.001)
(0.725 1.95669873 0.001)
(0.7261208128 0.0466506224 0.001)
(1.95669873 0.725 0.001)
(0.04489742752 1.277760855 0.001)
(1.954508214 1.476950838 0.001)
(1.475 0.04590656153 0.001)
(0.04413786707 0.5259772771 0.001)
(1.475 1.95669873 0.001)
(1.949745546 0.5263803983 0.001)
(0.525 0.04590656153 0.001)
(0.0424252888 1.475 0.001)
(0.525 1.95669873 0.001)
(1.675 0.04601572807 0.001)
(1.95669873 1.675 0.001)
(0.325 1.95669873 0.001)
(0.3250631951 0.0451929039 0.001)
(0.04330127019 1.675 0.001)
(1.675 1.95669873 0.001)
(1.95669873 0.325 0.001)
(0.04330127019 0.325 0.001)
(1.955560027 1.825513963 0.001)
(0.175 1.95669873 0.001)
(0.0477228672 0.1783323678 0.001)
(1.954425597 0.1779420954 0.001)
(1.825 1.95669873 0.001)
(1.824986804 0.04405719856 0.001)
(0.04445650226 1.825655077 0.001)
(0.1751229452 0.04595597964 0.001)
(1.125 0.04330127019 0.001)
(1.372941571 0.04383955293 0.001)
(0.03948183076 1.124108033 0.001)
(0.04330127019 1.375 0.001)
(1.952349456 1.129414094 0.001)
(1.955052919 1.379765509 0.001)
(1.375 1.95669873 0.001)
(1.125 1.95669873 0.001)
(0.04801581699 0.8750359229 0.001)
(0.04516596123 0.619873516 0.001)
(0.04751206705 0.4322299738 0.001)
(1.954968871 0.8205643748 0.001)
(0.825 1.95669873 0.001)
(0.425 1.95669873 0.001)
(0.625 1.95669873 0.001)
(0.8251721232 0.04694116573 0.001)
(1.575 1.95669873 0.001)
(1.957740184 0.425 0.001)
(0.04330127019 1.575 0.001)
(1.955314143 0.6280433209 0.001)
(1.952323542 1.570981286 0.001)
(0.625 0.04596094401 0.001)
(1.575 0.04596094401 0.001)
(0.425 0.04590656153 0.001)
(1.954715138 1.920408719 0.001)
(0.07693375673 1.957815185 0.001)
(0.0430091423 0.07479347509 0.001)
(1.92315273 0.04504807935 0.001)
(1.874591349 1.956934665 0.001)
(1.849931892 1.913436782 0.001)
(1.799988649 1.913404013 0.001)
(1.824986757 1.870103835 0.001)
(1.774995901 1.870098556 0.001)
(1.79999711 1.826796588 0.001)
(1.749998835 1.826795592 0.001)
(1.774999324 1.783494039 0.001)
(1.724999693 1.783493826 0.001)
(1.749999836 1.740192473 0.001)
(1.699999922 1.740192424 0.001)
(1.72499996 1.696891132 0.001)
(1.67499998 1.69689112 0.001)
(1.69999999 1.653589844 0.001)
(1.649999995 1.653589841 0.001)
(1.674999998 1.61028857 0.001)
(1.624999999 1.610288569 0.001)
(1.649999999 1.566987298 0.001)
(1.6 1.566987298 0.001)
(1.625 1.523686028 0.001)
(1.575 1.523686028 0.001)
(1.6 1.480384758 0.001)
(1.55 1.480384758 0.001)
(1.575 1.437083488 0.001)
(1.525 1.437083488 0.001)
(1.55 1.393782217 0.001)
(1.5 1.393782217 0.001)
(1.525 1.350480947 0.001)
(1.475 1.350480947 0.001)
(1.5 1.307179677 0.001)
(1.45 1.307179677 0.001)
(1.475 1.263878407 0.001)
(1.425 1.263878407 0.001)
(1.45 1.220577137 0.001)
(1.4 1.220577137 0.001)
(1.425 1.177275866 0.001)
(1.375 1.177275866 0.001)
(1.4 1.133974596 0.001)
(1.35 1.133974596 0.001)
(1.375 1.090673326 0.001)
(1.325 1.090673326 0.001)
(1.3 1.133974596 0.001)
(1.275 1.090673326 0.001)
(1.25 1.133974596 0.001)
(1.225 1.090673326 0.001)
(1.2 1.133974596 0.001)
(1.175 1.090673326 0.001)
(1.15 1.133974596 0.001)
(1.125 1.090673326 0.001)
(1.1 1.133974596 0.001)
(1.075 1.090673326 0.001)
(1.05 1.133974596 0.001)
(1.025 1.090673326 0.001)
(1 1.133974596 0.001)
(1.05 1.047372056 0.001)
(1 1.047372056 0.001)
(1.3 1.047372056 0.001)
(1.025 1.004070786 0.001)
(0.975 1.004070786 0.001)
(1 0.9607695155 0.001)
(0.95 0.9607695155 0.001)
(0.975 0.9174682453 0.001)
(0.925 0.9174682453 0.001)
(0.9 0.9607695155 0.001)
(0.875 0.9174682453 0.001)
(0.85 0.9607695155 0.001)
(0.825 0.9174682453 0.001)
(0.9 0.8741669751 0.001)
(0.8 0.9607695155 0.001)
(0.775 0.9174682453 0.001)
(1.075 1.177275866 0.001)
(0.75 0.9607695155 0.001)
(1.45 1.393782217 0.001)
(0.725 0.9174682453 0.001)
(0.7 0.9607695155 0.001)
(0.675 0.9174682453 0.001)
(0.7 0.8741669751 0.001)
(0.65 0.8741669751 0.001)
(0.675 0.8308657049 0.001)
(0.65 0.9607695155 0.001)
(0.675 1.004070786 0.001)
(0.625 0.8308657049 0.001)
(0.65 0.7875644347 0.001)
(0.625 1.004070786 0.001)
(0.65 1.047372056 0.001)
(0.6 1.047372056 0.001)
(0.625 1.090673326 0.001)
(0.6 0.7875644347 0.001)
(0.625 0.7442631645 0.001)
(0.575 1.090673326 0.001)
(0.6 1.133974596 0.001)
(1.425 1.090673326 0.001)
(0.575 0.7442631645 0.001)
(0.6 0.7009618943 0.001)
(0.65 0.7009618943 0.001)
(0.625 0.6576606241 0.001)
(0.675 0.6576606241 0.001)
(0.65 0.6143593539 0.001)
(0.7 0.6143593539 0.001)
(0.6 0.6143593539 0.001)
(0.55 1.047372056 0.001)
(0.55 1.133974596 0.001)
(0.575 1.177275866 0.001)
(0.675 0.5710580838 0.001)
(0.725 0.5710580838 0.001)
(0.525 1.177275866 0.001)
(0.55 1.220577137 0.001)
(0.6 1.220577137 0.001)
(0.575 1.263878407 0.001)
(0.625 1.263878407 0.001)
(0.6 1.307179677 0.001)
(0.65 1.307179677 0.001)
(0.625 1.350480947 0.001)
(0.675 1.350480947 0.001)
(0.575 1.350480947 0.001)
(0.65 1.393782217 0.001)
(0.7 1.393782217 0.001)
(0.675 1.437083488 0.001)
(0.725 1.437083488 0.001)
(1.525 1.523686028 0.001)
(0.5 1.220577137 0.001)
(1.5 1.220577137 0.001)
(0.7 0.5277568136 0.001)
(0.75 0.5277568136 0.001)
(0.7 1.480384758 0.001)
(0.75 1.480384758 0.001)
(0.65 1.480384758 0.001)
(0.475 1.177275866 0.001)
(1.025 0.9174682453 0.001)
(0.725 0.4844555434 0.001)
(0.775 0.4844555434 0.001)
(0.675 0.4844555434 0.001)
(0.8 0.5277568136 0.001)
(0.825 0.4844555434 0.001)
(0.85 0.5277568136 0.001)
(0.875 0.4844555434 0.001)
(0.9 0.5277568136 0.001)
(0.925 0.4844555434 0.001)
(0.95 0.5277568136 0.001)
(0.975 0.4844555434 0.001)
(1 0.5277568136 0.001)
(1.025 0.4844555434 0.001)
(1.05 0.5277568136 0.001)
(1.075 0.4844555434 0.001)
(1.1 0.5277568136 0.001)
(1.125 0.4844555434 0.001)
(1.15 0.5277568136 0.001)
(1.175 0.4844555434 0.001)
(1.2 0.5277568136 0.001)
(1.225 0.4844555434 0.001)
(1.25 0.5277568136 0.001)
(1.275 0.4844555434 0.001)
(1.3 0.5277568136 0.001)
(1.325 0.4844555434 0.001)
(1.35 0.5277568136 0.001)
(1.375 0.4844555434 0.001)
(1.4 0.5277568136 0.001)
(1.425 0.4844555434 0.001)
(1.45 0.5277568136 0.001)
(1.475 0.4844555434 0.001)
(1.425 0.5710580838 0.001)
(1.475 0.5710580838 0.001)
(1.275 0.5710580838 0.001)
(1.45 0.6143593539 0.001)
(1.5 0.6143593539 0.001)
(1.475 0.6576606241 0.001)
(1.525 0.6576606241 0.001)
(0.675 1.523686028 0.001)
(0.625 1.523686028 0.001)
(0.45 1.220577137 0.001)
(1.55 0.6143593539 0.001)
(0.55 0.7875644347 0.001)
(0.525 0.7442631645 0.001)
(0.5 0.7875644347 0.001)
(0.475 0.7442631645 0.001)
(0.45 0.7875644347 0.001)
(0.9 0.4411542732 0.001)
(1.05 0.4411542732 0.001)
(1.3 0.4411542732 0.001)
(0.425 1.177275866 0.001)
(1.575 1.350480947 0.001)
(0.425 0.7442631645 0.001)
(1.575 0.6576606241 0.001)
(1.55 0.7009618943 0.001)
(0.775 1.437083488 0.001)
(0.8 1.480384758 0.001)
(0.7 0.4411542732 0.001)
(0.65 0.4411542732 0.001)
(1.45 0.4411542732 0.001)
(1.5 0.4411542732 0.001)
(1.225 1.177275866 0.001)
(1.599999999 1.653589839 0.001)
(0.65 1.566987298 0.001)
(0.6 1.566987298 0.001)
(1.6 0.7009618943 0.001)
(1.575 0.7442631645 0.001)
(0.4 1.220577137 0.001)
(1.6 0.6143593539 0.001)
(0.4 0.7875644347 0.001)
(0.825 1.437083488 0.001)
(0.85 1.480384758 0.001)
(0.825 1.523686028 0.001)
(0.875 1.523686028 0.001)
(0.9 1.480384758 0.001)
(0.925 1.523686028 0.001)
(0.9 1.566987298 0.001)
(0.95 1.566987298 0.001)
(0.975 1.523686028 0.001)
(1 1.566987298 0.001)
(1.025 1.523686028 0.001)
(1.05 1.566987298 0.001)
(1.075 1.523686028 0.001)
(1.1 1.566987298 0.001)
(1.125 0.5710580838 0.001)
(0.675 0.397853003 0.001)
(0.625 0.397853003 0.001)
(0.375 0.7442631645 0.001)
(0.4 0.7009618943 0.001)
(1.475 0.397853003 0.001)
(1.525 0.397853003 0.001)
(0.375 1.177275866 0.001)
(0.675 1.263878407 0.001)
(1.125 1.523686028 0.001)
(1.15 1.566987298 0.001)
(0.925 1.610288568 0.001)
(1.075 1.610288568 0.001)
(1.625 0.7442631645 0.001)
(1.6 0.7875644347 0.001)
(1.55 0.7875644347 0.001)
(0.625 1.610288568 0.001)
(0.575 1.610288568 0.001)
(0.55 1.566987298 0.001)
(0.525 1.610288568 0.001)
(0.5 1.566987298 0.001)
(0.475 1.610288568 0.001)
(0.45 1.566987298 0.001)
(0.425 1.610288568 0.001)
(0.4 1.566987298 0.001)
(0.375 1.610288568 0.001)
(1.575 0.8308657049 0.001)
(1.625 0.8308657049 0.001)
(1.6 0.8741669751 0.001)
(1.65 1.480384758 0.001)
(1.65 0.8741669751 0.001)
(1.625 0.9174682453 0.001)
(0.35 1.566987298 0.001)
(0.35 0.7875644347 0.001)
(0.375 0.8308657049 0.001)
(0.35 1.220577137 0.001)
(0.35 0.7009618943 0.001)
(0.375 0.6576606241 0.001)
(0.975 0.5710580838 0.001)
(1.525 0.8308657049 0.001)
(0.65 0.3545517328 0.001)
(0.6 0.3545517328 0.001)
(0.575 0.397853003 0.001)
(0.55 0.3545517328 0.001)
(0.525 0.397853003 0.001)
(0.5 0.3545517328 0.001)
(0.475 0.397853003 0.001)
(0.45 0.3545517328 0.001)
(0.425 0.397853003 0.001)
(0.4 0.3545517328 0.001)
(0.375 0.397853003 0.001)
(0.35 0.3545517328 0.001)
(1.5 0.3545517328 0.001)
(1.55 0.3545517328 0.001)
(1.1 1.480384758 0.001)
(1.15 1.480384758 0.001)
(1.575 0.397853003 0.001)
(1.6 0.3545517328 0.001)
(1.625 0.397853003 0.001)
(1.65 0.3545517328 0.001)
(0.7 0.3545517328 0.001)
(0.375 1.523686028 0.001)
(0.825 1.004070786 0.001)
(0.6 1.653589838 0.001)
(0.65 1.653589838 0.001)
(0.4 1.653589838 0.001)
(0.35 1.653589838 0.001)
(1.675 0.397853003 0.001)
(0.325 0.397853003 0.001)
(0.325 0.6576606241 0.001)
(0.325 0.8308657049 0.001)
(0.35 0.8741669751 0.001)
(0.325 1.523686028 0.001)
(0.325 1.177275866 0.001)
(1.675 0.9174682453 0.001)
(1.65 0.9607695155 0.001)
(0.725 0.6576606241 0.001)
(0.3 0.8741669751 0.001)
(1.7 0.9607695155 0.001)
(1.675 1.004070786 0.001)
(0.375 0.3112504626 0.001)
(0.325 0.3112504626 0.001)
(0.575 0.3112504626 0.001)
(1.525 0.3112504626 0.001)
(1.475 0.3112504626 0.001)
(1.7 0.3545517328 0.001)
(1.7 0.8741669751 0.001)
(0.3 1.220577137 0.001)
(1.125 1.437083488 0.001)
(1.175 1.437083488 0.001)
(0.375 1.696891109 0.001)
(0.325 1.696891109 0.001)
(1.675 0.3112504626 0.001)
(1.725 0.3112504626 0.001)
(1.725 1.004070786 0.001)
(1.7 1.047372056 0.001)
(0.375 1.263878407 0.001)
(0.35 1.133974596 0.001)
(0.3 1.133974596 0.001)
(0.625 1.696891109 0.001)
(0.675 1.696891109 0.001)
(1.425 0.6576606241 0.001)
(0.675 1.090673326 0.001)
(1.375 1.263878407 0.001)
(1.725 0.397853003 0.001)
(1.724999998 1.61028857 0.001)
(0.275 0.8308657049 0.001)
(0.45 0.4411542732 0.001)
(1.15 1.393782217 0.001)
(1.1 1.393782217 0.001)
(1.65 1.047372056 0.001)
(1.675 1.090673326 0.001)
(1.725 1.090673326 0.001)
(1.7 1.133974596 0.001)
(0.35 0.2679491924 0.001)
(0.3 0.2679491924 0.001)
(1.5 0.2679491924 0.001)
(1.449956992 0.2679738636 0.001)
(1.7 0.2679491924 0.001)
(1.75 0.2679491924 0.001)
(1.75 1.133974596 0.001)
(1.725 1.177275866 0.001)
(0.25 0.8741669751 0.001)
(1.649999984 1.740192388 0.001)
(0.475 0.8308657049 0.001)
(1.2 1.480384758 0.001)
(1.225 1.437083488 0.001)
(1.25 1.480384758 0.001)
(1.15 0.4411542732 0.001)
(1.4 1.047372056 0.001)
(0.425 1.696891109 0.001)
(1.75 0.9607695155 0.001)
(1.7 0.4411542732 0.001)
(1.75 0.4411542732 0.001)
(1.2 1.047372056 0.001)
(0.3 1.566987298 0.001)
(0.275 1.523686028 0.001)
(0.3 1.480384758 0.001)
(0.25 1.480384758 0.001)
(0.2514370864 1.567817 0.001)
(1.725 0.4844555434 0.001)
(0.275 0.3112504626 0.001)
(0.25 0.2679491924 0.001)
(0.35 0.6143593539 0.001)
(0.3 0.6143593539 0.001)
(0.275 0.6576606241 0.001)
(0.25 0.6143593539 0.001)
(1 0.8741669751 0.001)
(1.05 0.8741669751 0.001)
(1.025 0.8308657049 0.001)
(1.075 0.8308657049 0.001)
(1.05 0.7875644347 0.001)
(1.1 0.7875644347 0.001)
(1.125 0.8308657049 0.001)
(1.15 0.7875644347 0.001)
(1.175 0.8308657049 0.001)
(1.2 0.7875644347 0.001)
(1.225 0.8308657049 0.001)
(1 0.7875644347 0.001)
(0.8 1.393782217 0.001)
(0.85 1.393782217 0.001)
(0.825 1.350480947 0.001)
(0.875 1.350480947 0.001)
(0.85 1.307179677 0.001)
(0.9 1.307179677 0.001)
(0.875 0.5710580838 0.001)
(0.475 0.3112504626 0.001)
(0.8 0.8741669751 0.001)
(0.4 0.6143593539 0.001)
(0.875 1.263878407 0.001)
(0.475 1.523686028 0.001)
(0.675 0.3112504626 0.001)
(0.725 0.3112504626 0.001)
(0.7 0.2679491924 0.001)
(0.75 0.2679491924 0.001)
(0.325 0.9174682453 0.001)
(0.375 0.9174682453 0.001)
(1.25 0.7875644347 0.001)
(1.275 0.8308657049 0.001)
(1.45 1.047372056 0.001)
(1.65 0.7009618943 0.001)
(0.275 1.437083488 0.001)
(0.325 1.437083488 0.001)
(1.425 1.004070786 0.001)
(0.875 1.610288568 0.001)
(0.9 1.653589838 0.001)
(0.65 1.740192379 0.001)
(0.7 1.740192379 0.001)
(0.6 1.740192379 0.001)
(0.4 1.740192379 0.001)
(0.225 0.6576606241 0.001)
(1.775 1.090673326 0.001)
(1.775 0.397853003 0.001)
(0.225 1.437083488 0.001)
(0.225 0.3112504626 0.001)
(0.225 0.8308657049 0.001)
(1.774999966 1.696891128 0.001)
(0.275 0.2246479222 0.001)
(1.725 0.2246479222 0.001)
(1.675 0.2246479222 0.001)
(1.775 0.2246479222 0.001)
(0.225 0.2246479222 0.001)
(1.775 1.177275866 0.001)
(1.75 1.220577137 0.001)
(1.775 0.4844555434 0.001)
(1.75 0.5277568136 0.001)
(1.125 1.350480947 0.001)
(1.175 1.350480947 0.001)
(0.275 0.5710580838 0.001)
(0.225 0.5710580838 0.001)
(1.075 1.350480947 0.001)
(1.025 0.7442631645 0.001)
(0.975 0.7442631645 0.001)
(1.25 0.8741669751 0.001)
(1.3 0.8741669751 0.001)
(1.325 0.8308657049 0.001)
(0.55 0.4411542732 0.001)
(0.775 0.3112504626 0.001)
(0.8 0.2679491924 0.001)
(0.775 0.2246479222 0.001)
(0.825 0.2246479222 0.001)
(0.85 0.2679491924 0.001)
(0.875 0.2246479222 0.001)
(0.9 0.2679491924 0.001)
(0.925 0.2246493926 0.001)
(0.95 0.2679494375 0.001)
(0.975 0.2246530292 0.001)
(1 0.2679500844 0.001)
(1.025 0.2246522727 0.001)
(1.05 0.2679500662 0.001)
(1.075 0.2246487929 0.001)
(1.1 0.2679494832 0.001)
(1.125 0.2246481158 0.001)
(1.15 0.2679492732 0.001)
(1.175 0.224647968 0.001)
(1.2 0.2679492135 0.001)
(1.225 0.2246479334 0.001)
(1.249978602 0.2679615519 0.001)
(1.274358873 0.2233909219 0.001)
(1.15 0.8741669751 0.001)
(1.175 0.7442631645 0.001)
(1.7 1.220577137 0.001)
(1.725 1.263878407 0.001)
(1.775 1.263878407 0.001)
(1.75 1.307179677 0.001)
(1.424949824 0.3113039537 0.001)
(0.7 1.653589838 0.001)
(0.6 0.9607695155 0.001)
(1.625 1.090673326 0.001)
(1.275 1.437083488 0.001)
(1.3 1.480384758 0.001)
(1.275 1.523686028 0.001)
(1.325 1.523686028 0.001)
(1.3 1.566987298 0.001)
(1.35 1.566987298 0.001)
(1.325 1.610288568 0.001)
(1.375 1.610288568 0.001)
(1.35 1.653589838 0.001)
(1.3 1.653589838 0.001)
(1.325 1.696891109 0.001)
(1.275 1.696891109 0.001)
(1.375 1.696891109 0.001)
(1.3 1.740192379 0.001)
(1.25 1.740192379 0.001)
(0.25 1.393782217 0.001)
(1.275 1.783493649 0.001)
(1.225 1.783493649 0.001)
(1.325 1.783493649 0.001)
(1.2 1.740192379 0.001)
(1.175 1.783493649 0.001)
(0.675 1.783493649 0.001)
(0.725 1.783493649 0.001)
(1.474992832 0.2246520341 0.001)
(1.6 0.4411542732 0.001)
(0.75 1.740192379 0.001)
(0.775 1.783493649 0.001)
(0.35 0.9607695155 0.001)
(0.3 0.9607695155 0.001)
(0.4 0.9607695155 0.001)
(1.475 1.004070786 0.001)
(0.1999389264 1.478101222 0.001)
(1.8 1.307179677 0.001)
(1.775 1.350480947 0.001)
(1.8 0.5277568136 0.001)
(1.775 0.5710580838 0.001)
(0.2 0.8741669751 0.001)
(0.25 0.1813466521 0.001)
(0.3 0.1813466521 0.001)
(1.75 0.1813466521 0.001)
(0.9 0.1813466521 0.001)
(1.050038221 0.1813729401 0.001)
(1.8 0.2679491924 0.001)
(1.824999406 1.783493992 0.001)
(1.8 0.1813466521 0.001)
(0.2 0.1813466521 0.001)
(0.175 0.2246479222 0.001)
(0.2 1.393782217 0.001)
(1.224996434 0.3112525261 0.001)
(0.35 0.4411542732 0.001)
(0.25 0.5277568136 0.001)
(0.2 0.5277568136 0.001)
(0.225 0.4844555434 0.001)
(0.45 1.740192379 0.001)
(0.425 1.783493649 0.001)
(0.375 1.783493649 0.001)
(0.475 1.783493649 0.001)
(0.975 0.3112506521 0.001)
(0.925 1.263878407 0.001)
(1.35 0.8741669751 0.001)
(1.5 0.7875644347 0.001)
(0.95 1.653589838 0.001)
(0.925 1.696891109 0.001)
(0.975 1.696891109 0.001)
(0.95 1.740192379 0.001)
(1 1.740192379 0.001)
(0.975 1.783493649 0.001)
(1.025 1.783493649 0.001)
(0.925 1.350480947 0.001)
(1.15 1.307179677 0.001)
(1.2 1.307179677 0.001)
(1 1.480384758 0.001)
(1.524998805 0.2246486076 0.001)
(0.45 1.133974596 0.001)
(1.075 1.004070786 0.001)
(0.825 1.263878407 0.001)
(0.85 1.220577137 0.001)
(0.475 1.263878407 0.001)
(0.5 0.7009618943 0.001)
(0.8 1.220577137 0.001)
(0.825 1.177275866 0.001)
(0.7 0.7875644347 0.001)
(1.05 1.740192379 0.001)
(0.95 1.047372056 0.001)
(1.725 1.350480947 0.001)
(1.75 1.393782217 0.001)
(1.8 1.393782217 0.001)
(1.775 1.437083488 0.001)
(0.6 1.480384758 0.001)
(1.424948629 0.2246773906 0.001)
(0.225 1.350480947 0.001)
(1.475 1.090673326 0.001)
(1.675 0.7442631645 0.001)
(1.7 0.7009618943 0.001)
(1.725 0.7442631645 0.001)
(1.75 0.7009618943 0.001)
(1.775 0.7442631645 0.001)
(1.8 0.7009618943 0.001)
(1.375 1.523686028 0.001)
(1.45 0.9607695155 0.001)
(1.699999755 1.826795061 0.001)
(0.925 1.783493649 0.001)
(1.274974441 0.3112652206 0.001)
(1.3 1.826794919 0.001)
(1.35 1.826794919 0.001)
(0.175 1.350480947 0.001)
(0.2 1.307179677 0.001)
(1.825 0.7442631645 0.001)
(1.8 0.7875644347 0.001)
(1.825 0.4844555434 0.001)
(0.175 0.4844555434 0.001)
(0.175 0.8308657049 0.001)
(1.825 0.5710580838 0.001)
(0.1740879793 0.5715497672 0.001)
(0.8 0.1813466521 0.001)
(0.75 0.1813466521 0.001)
(1.449990243 0.1813522488 0.001)
(1.398829235 0.1807474638 0.001)
(1.199732479 0.1815011149 0.001)
(1.825 1.263878407 0.001)
(1.824944005 1.437115816 0.001)
(1.799990667 1.480390146 0.001)
(1.125 0.3112505245 0.001)
(0.2 0.4411542732 0.001)
(0.875 0.3112504626 0.001)
(1.325 0.9174682453 0.001)
(1.7 0.5277568136 0.001)
(0.775 1.177275866 0.001)
(0.375 0.5710580838 0.001)
(0.425 0.5710580838 0.001)
(1.575 0.5710580838 0.001)
(0.8 1.133974596 0.001)
(0.8 0.4411542732 0.001)
(1 0.7009618943 0.001)
(0.95 0.7009618943 0.001)
(0.925 0.7442631645 0.001)
(1.05 0.7009618943 0.001)
(0.9 0.7009618943 0.001)
(0.875 0.7442631645 0.001)
(0.85 0.7009618943 0.001)
(0.825 0.7442631645 0.001)
(1.25 1.653589838 0.001)
(0.85 1.133974596 0.001)
(1.675 1.263878407 0.001)
(1.65 1.220577137 0.001)
(0.85 1.653589838 0.001)
(1.325 1.437083488 0.001)
(1.3 1.393782217 0.001)
(0.375 1.004070786 0.001)
(0.425 1.004070786 0.001)
(0.45 0.9607695155 0.001)
(1.6 1.047372056 0.001)
(0.275 1.350480947 0.001)
(1.575 0.9174682453 0.001)
(0.25 0.7009618943 0.001)
(0.2 0.7009618943 0.001)
(1.475 0.8308657049 0.001)
(1.45 0.7875644347 0.001)
(1.2 1.826794919 0.001)
(1.15 1.826794919 0.001)
(0.95 1.826794919 0.001)
(0.9 1.826794919 0.001)
(0.7 1.826794919 0.001)
(0.65 1.826794919 0.001)
(0.4 1.826794919 0.001)
(0.35 1.826794919 0.001)
(1.85 1.307179677 0.001)
(1.85 0.7009618943 0.001)
(0.15 1.393782217 0.001)
(1.849933117 1.480423373 0.001)
(1.824987297 1.523693362 0.001)
(1.85 0.7875644347 0.001)
(1.825 0.8308657049 0.001)
(0.15 1.307179677 0.001)
(0.175 1.263878407 0.001)
(0.15 0.8741669751 0.001)
(0.175 0.9174682453 0.001)
(0.275 0.137955311 0.001)
(0.325 0.1379237804 0.001)
(1.775 0.1367958301 0.001)
(1.825 0.1365875714 0.001)
(1.85 0.1811036836 0.001)
(1.725 0.1378371232 0.001)
(1.423733067 0.1371345086 0.001)
(1.372871871 0.1356025946 0.001)
(1.474787218 0.1377879128 0.001)
(0.7754989584 0.1383334556 0.001)
(0.7266522977 0.1375695266 0.001)
(0.125 0.9174682453 0.001)
(0.15 0.9607695155 0.001)
(0.15 0.1813466521 0.001)
(0.125 0.2246479222 0.001)
(0.15 0.4411542732 0.001)
(1.874895224 0.1377014262 0.001)
(1.249995146 0.3545545364 0.001)
(1.299994931 0.3545546597 0.001)
(1.749998445 1.480385656 0.001)
(1.373549855 0.2238982256 0.001)
(0.175 0.397853003 0.001)
(0.35 0.1813263851 0.001)
(0.375 0.1379151475 0.001)
(0.4 0.1813215685 0.001)
(0.425 0.1379129059 0.001)
(0.45 0.1813203921 0.001)
(0.475 0.1379123362 0.001)
(0.5 0.1813201011 0.001)
(0.525 0.1379121928 0.001)
(0.55 0.1813200287 0.001)
(0.575 0.1379121568 0.001)
(0.6 0.1813200107 0.001)
(0.525 0.2246390599 0.001)
(0.625 0.1380187375 0.001)
(0.475 1.696891109 0.001)
(0.425 0.224639365 0.001)
(0.225 0.397853003 0.001)
(1.025 0.6576606241 0.001)
(0.2 0.9607695155 0.001)
(0.175 1.004070786 0.001)
(0.225 1.004070786 0.001)
(0.2 1.047372056 0.001)
(0.15 1.047372056 0.001)
(0.175 1.090673326 0.001)
(0.8250581855 0.1380467829 0.001)
(1.15 1.740192379 0.001)
(1.199999284 0.3545521467 0.001)
(0.1749557918 0.6576351005 0.001)
(0.149992632 0.7009576404 0.001)
(1.175 1.263878407 0.001)
(1.225 1.263878407 0.001)
(1.125 1.263878407 0.001)
(0.625 0.4844555434 0.001)
(0.2752395144 1.610426852 0.001)
(0.2267165199 1.611279602 0.001)
(0.2503260057 1.653778058 0.001)
(0.2003404209 1.653786381 0.001)
(0.2251110711 1.696955236 0.001)
(0.1750752487 1.696934554 0.001)
(0.2000310533 1.740210307 0.001)
(0.1735141816 1.60479032 0.001)
(0.150017717 1.740202608 0.001)
(0.1750081284 1.783498342 0.001)
(0.2250065303 1.783497419 0.001)
(0.2000024431 1.82679633 0.001)
(0.1500017619 1.826795936 0.001)
(1.675 0.6576606241 0.001)
(0.775 1.263878407 0.001)
(1.375 1.783493649 0.001)
(1.4 1.826794919 0.001)
(1.425 1.783493649 0.001)
(1.45 1.826794919 0.001)
(1.475 1.783493649 0.001)
(1.5 1.826794919 0.001)
(1.525 1.783493649 0.001)
(1.5 1.740192379 0.001)
(1.55 1.826794919 0.001)
(0.85 0.7875644347 0.001)
(1.375 1.004070786 0.001)
(1.525 0.4844555434 0.001)
(1.849724405 1.393698537 0.001)
(1.05 1.393782217 0.001)
(1.025 1.350480947 0.001)
(1 1.393782217 0.001)
(1.075 0.9174682453 0.001)
(0.8 0.7875644347 0.001)
(1.05 1.307179677 0.001)
(0.45 0.6143593539 0.001)
(0.475 0.5710580838 0.001)
(0.7 1.566987298 0.001)
(0.8 1.740192379 0.001)
(1.25 1.307179677 0.001)
(0.725 1.350480947 0.001)
(1.7 1.393782217 0.001)
(1.675 1.350480947 0.001)
(1.25 1.566987298 0.001)
(1.775 1.004070786 0.001)
(1.8 0.9607695155 0.001)
(1.825 1.004070786 0.001)
(1.85 0.9607695155 0.001)
(0.775 0.7442631645 0.001)
(0.6 0.8741669751 0.001)
(1.175 1.696891109 0.001)
(0.2500014956 1.826795783 0.001)
(0.65 0.2679491924 0.001)
(0.4 0.5277568136 0.001)
(0.35 0.5277568136 0.001)
(0.5 0.6143593539 0.001)
(0.525 0.5710580838 0.001)
(1.625 1.263878407 0.001)
(1.425 0.397853003 0.001)
(1.075 0.6576606241 0.001)
(1.125 1.696891109 0.001)
(0.325 1.090673326 0.001)
(1.55 1.740192379 0.001)
(1.525 1.696891109 0.001)
(1.475 1.696891109 0.001)
(1.5 1.653589838 0.001)
(1.775 0.9174682453 0.001)
(1.6 1.220577137 0.001)
(0.5 0.5277568136 0.001)
(0.825 1.610288568 0.001)
(0.925 0.6576606241 0.001)
(1.575 1.090673326 0.001)
(0.4 1.047372056 0.001)
(0.45 1.047372056 0.001)
(1.5 0.8741669751 0.001)
(1.45 0.8741669751 0.001)
(0.8 1.653589838 0.001)
(0.675 0.2246479222 0.001)
(1.35 1.393782217 0.001)
(1.375 1.437083488 0.001)
(1.325 1.350480947 0.001)
(1.325 1.870096189 0.001)
(1.275 1.263878407 0.001)
(0.15 0.2679491924 0.001)
(0.325 1.783493649 0.001)
(0.925 1.870096189 0.001)
(0.675 1.870096189 0.001)
(1.175 1.870096189 0.001)
(1.125 1.870096189 0.001)
(1.275 1.870096189 0.001)
(1.425 1.870096189 0.001)
(0.875 1.870096189 0.001)
(1.324930627 0.3112655934 0.001)
(1.525 1.870096189 0.001)
(0.2250006564 1.870096568 0.001)
(0.2750003587 1.870096397 0.001)
(0.375 1.870096189 0.001)
(0.725 1.870096189 0.001)
(0.975 1.870096189 0.001)
(0.625 1.870096189 0.001)
(0.6 1.826794919 0.001)
(0.575 1.870096189 0.001)
(1.575 1.870096189 0.001)
(1.6 1.826794919 0.001)
(1.625 1.870096189 0.001)
(0.425 1.870096189 0.001)
(0.1264307055 0.8316917231 0.001)
(1.874060626 1.003528438 0.001)
(1.849843438 1.047281665 0.001)
(1.907111515 1.048135475 0.001)
(1.875 1.090673326 0.001)
(0.1258923029 0.3982108358 0.001)
(1.874986736 1.523693686 0.001)
(1.849995672 1.566989797 0.001)
(0.175 0.1380453819 0.001)
(0.1262374401 0.1387598182 0.001)
(1.749986804 0.09402391483 0.001)
(1.874986441 1.870104018 0.001)
(0.125 0.4844555434 0.001)
(1.875006252 1.263878407 0.001)
(1.850001042 1.220577137 0.001)
(1.89925083 1.306746512 0.001)
(0.126147446 1.091335804 0.001)
(0.150191241 1.134085009 0.001)
(0.2000318735 1.133992998 0.001)
(0.125 0.6576606241 0.001)
(0.09279605038 0.7009241942 0.001)
(0.1262970041 1.263129581 0.001)
(0.1009393736 0.9602271678 0.001)
(1.224999072 0.3978535392 0.001)
(1.349987593 0.3545794505 0.001)
(1.799997162 1.566988937 0.001)
(1.824998806 1.610289258 0.001)
(1.873817564 1.609606951 0.001)
(1.849802728 1.653476351 0.001)
(0.3 0.4411542732 0.001)
(1.15 1.220577137 0.001)
(1.45 1.653589838 0.001)
(1.475 1.610288568 0.001)
(0.55 1.826794919 0.001)
(0.525 1.870096189 0.001)
(1.65 1.393782217 0.001)
(0.55 0.5277568136 0.001)
(1.45 0.7009618943 0.001)
(1.4 0.7009618943 0.001)
(1.375 0.6576606241 0.001)
(1.35 0.7009618943 0.001)
(1.325 0.6576606241 0.001)
(1.3 0.7009618943 0.001)
(1.275 0.6576606241 0.001)
(1.375 0.7442631645 0.001)
(1 1.307179677 0.001)
(1.025 1.263878407 0.001)
(1.625 1.177275866 0.001)
(1.575 1.177275866 0.001)
(0.825 1.090673326 0.001)
(0.775 1.090673326 0.001)
(1.375 1.350480947 0.001)
(1.775 0.6576606241 0.001)
(0.275 1.090673326 0.001)
(1.625 0.5710580838 0.001)
(1 1.653589838 0.001)
(1.375 0.9174682453 0.001)
(0.1501487171 0.3546113716 0.001)
(1.35 0.6143593539 0.001)
(1.525 1.610288568 0.001)
(1.6 0.5277568136 0.001)
(0.875 1.090673326 0.001)
(0.9 1.133974596 0.001)
(0.225 1.263878407 0.001)
(1.1 0.7009618943 0.001)
(1.125 0.6576606241 0.001)
(1.05 0.6143593539 0.001)
(1.749997425 1.913398946 0.001)
(1.1 1.826794919 0.001)
(1.075 1.870096189 0.001)
(1.775 0.8308657049 0.001)
(1.575 1.263878407 0.001)
(1.15 1.653589838 0.001)
(0.85 1.826794919 0.001)
(0.825 1.870096189 0.001)
(1.55 1.047372056 0.001)
(1.575 1.004070786 0.001)
(1.7 0.7875644347 0.001)
(0.775 1.610288568 0.001)
(0.25 0.7875644347 0.001)
(0.3 1.047372056 0.001)
(1.5 0.9607695155 0.001)
(1.25 0.7009618943 0.001)
(1.225 0.6576606241 0.001)
(0.1502161674 1.220452332 0.001)
(0.1019285104 1.221283431 0.001)
(0.174998772 0.7442624555 0.001)
(1.375 0.8308657049 0.001)
(1.3 1.91339746 0.001)
(0.9 1.91339746 0.001)
(0.2500001692 1.913397557 0.001)
(1.873569294 0.8316917231 0.001)
(1.849761549 0.8743046448 0.001)
(1.898014461 0.8744881415 0.001)
(0.1259129539 1.697418203 0.001)
(0.100677349 1.740589311 0.001)
(0.1012142868 0.2672481236 0.001)
(1.9065139 0.7918092485 0.001)
(0.09322924978 1.304705216 0.001)
(0.09289758549 0.3530166743 0.001)
(0.09289584342 1.048320506 0.001)
(1.907073717 1.652295148 0.001)
(1.875 1.696891109 0.001)
(1.906746392 0.9567366223 0.001)
(0.07621188562 0.2240873764 0.001)
(0.1059336212 1.138300371 0.001)
(1.699997801 0.09368485019 0.001)
(1.674999633 0.1378341285 0.001)
(1.649999572 0.09352046355 0.001)
(1.624999868 0.1378062316 0.001)
(1.599999907 0.09347928561 0.001)
(1.574999962 0.1377947191 0.001)
(1.599999972 0.1812650166 0.001)
(1.549999978 0.09336391422 0.001)
(1.900615361 0.1806209127 0.001)
(1.875 0.2246479222 0.001)
(1.924451133 0.2240182192 0.001)
(1.898694235 0.2671431731 0.001)
(0.1502267309 0.09394870743 0.001)
(0.2002992519 0.09338251283 0.001)
(0.09262146674 0.09552729154 0.001)
(0.2252437736 0.04747439857 0.001)
(0.3001839399 0.09344741134 0.001)
(0.4 0.09345705722 0.001)
(0.8 0.09474411167 0.001)
(0.8504357167 0.09368264472 0.001)
(0.8753549168 0.04774091763 0.001)
(0.9005385295 0.09380826433 0.001)
(0.5 0.09345646983 0.001)
(1.448683201 0.09260076687 0.001)
(0.6 0.09358985077 0.001)
(0.6510701796 0.09271432645 0.001)
(1.90088413 1.221001482 0.001)
(1.875147529 1.177346591 0.001)
(1.925 1.177275866 0.001)
(1.849994882 0.0940202501 0.001)
(1.89975394 0.09294998503 0.001)
(1.900557917 1.479436077 0.001)
(1.924838594 1.523841531 0.001)
(1.924861403 1.431913952 0.001)
(1.951451451 0.270251345 0.001)
(0.04804961761 0.2711970785 0.001)
(0.07636340104 0.9184103754 0.001)
(0.04851688799 0.9660615625 0.001)
(0.125 0.05144284149 0.001)
(0.6760252464 0.04727558938 0.001)
(0.7013103811 0.09312133347 0.001)
(0.7753645141 0.04909934357 0.001)
(1.624999913 0.04649607021 0.001)
(1.524999997 0.04776816522 0.001)
(0.575 0.04779506243 0.001)
(1.724961957 0.04773631265 0.001)
(1.874748614 0.04756408721 0.001)
(1.953659638 0.08417152833 0.001)
(1.799971456 0.08944082073 0.001)
(1.774984503 0.04587637446 0.001)
(1.925144095 1.263878407 0.001)
(1.945839221 1.30470747 0.001)
(1.499745066 0.09257878375 0.001)
(1.423367282 0.04536989082 0.001)
(1.397611249 0.0895298282 0.001)
(1.346362491 0.08660452009 0.001)
(1.320610393 0.1328578202 0.001)
(1.293526088 0.08901283807 0.001)
(1.271239139 0.1348129422 0.001)
(1.346482389 0.1783323428 0.001)
(1.245451128 0.09187491371 0.001)
(0.55 0.09276204902 0.001)
(0.475 0.04777270964 0.001)
(0.45 0.09273634005 0.001)
(0.3750075232 0.04768782032 0.001)
(0.350042443 0.09260402011 0.001)
(0.2502945683 0.09360153797 0.001)
(0.8754042597 0.1377521543 0.001)
(0.9254597052 0.1378007958 0.001)
(0.9505464084 0.0935282685 0.001)
(0.9754597441 0.13782327 0.001)
(1.000666722 0.09313960482 0.001)
(1.025495309 0.04731309754 0.001)
(1.050846913 0.09377753538 0.001)
(1.325 0.2243509034 0.001)
(1.349742779 0.267799919 0.001)
(1.39974195 0.2680972194 0.001)
(0.65 0.1813466521 0.001)
(0.625 0.224643482 0.001)
(1.324997087 0.3978581104 0.001)
(1.575 1.696891109 0.001)
(1.1749999 0.3978530607 0.001)
(1.425 1.610288568 0.001)
(1.45 1.566987298 0.001)
(1.25 1.220577137 0.001)
(1.3 1.220577137 0.001)
(1.199999829 0.4411543722 0.001)
(1.124999983 0.3978530126 0.001)
(1.54999979 0.1812913832 0.001)
(0.4 0.2679477662 0.001)
(1.1 1.220577137 0.001)
(0.5 1.826794919 0.001)
(0.475 1.870096189 0.001)
(1.774999328 1.610288957 0.001)
(1.749999415 1.566987636 0.001)
(1.699999902 1.566987355 0.001)
(1.35 1.307179677 0.001)
(1.849998686 1.826795678 0.001)
(1.875374132 1.78334787 0.001)
(0.25 0.3545517328 0.001)
(1.649999959 1.826794943 0.001)
(1.674999952 1.870096217 0.001)
(1.62499999 1.783493655 0.001)
(0.275 0.4844555434 0.001)
(0.2500053122 1.133977663 0.001)
(1.824973906 1.090658261 0.001)
(1.824967116 1.696872197 0.001)
(1.275 1.177275866 0.001)
(0.525 1.783493649 0.001)
(0.375 0.2246386999 0.001)
(0.45 0.2679475285 0.001)
(1.901316424 1.826412598 0.001)
(1.925514064 1.871806126 0.001)
(1.925005125 1.781554771 0.001)
(1.90026744 1.740192379 0.001)
(1.951995011 1.733623066 0.001)
(0.5 1.740192379 0.001)
(0.525 1.696891109 0.001)
(1.4 1.566987298 0.001)
(1.425 1.523686028 0.001)
(1.4 1.480384758 0.001)
(1.45 1.480384758 0.001)
(1.900381163 1.915134108 0.001)
(0.575 1.783493649 0.001)
(1.625 1.350480947 0.001)
(1.425 1.696891109 0.001)
(1.799994275 1.740189368 0.001)
(1.4 1.740192379 0.001)
(0.575 0.5710580838 0.001)
(0.2750728461 1.696933166 0.001)
(0.875 1.783493649 0.001)
(0.9 1.740192379 0.001)
(0.1247829957 1.783562461 0.001)
(0.09870571302 1.826616584 0.001)
(0.1247845792 1.870066636 0.001)
(0.075 1.870096189 0.001)
(0.07522028426 1.781897697 0.001)
(0.048147242 1.733930584 0.001)
(0.275 0.397853003 0.001)
(0.525 0.4844555434 0.001)
(0.8 1.826794919 0.001)
(0.25 0.9607695155 0.001)
(0.975 1.263878407 0.001)
(1 1.220577137 0.001)
(1.825 0.6576606241 0.001)
(1.873914566 0.6570339487 0.001)
(1.907106295 0.7005598297 0.001)
(1.674999884 1.783493716 0.001)
(0.2000247862 0.3545616726 0.001)
(1.425 1.437083488 0.001)
(1.025 0.3112505474 0.001)
(1 0.3545517785 0.001)
(0.95 0.354551772 0.001)
(0.975 0.3978530067 0.001)
(1.05 0.3545517546 0.001)
(0.925 0.3978530101 0.001)
(0.85 1.047372056 0.001)
(1.125 1.177275866 0.001)
(1 0.6143593539 0.001)
(0.5 1.653589838 0.001)
(1.575 0.3112504626 0.001)
(1.65 0.2679491924 0.001)
(1.624999995 0.2246343163 0.001)
(1.525 0.7442631645 0.001)
(1.1 1.740192379 0.001)
(1.075 1.696891109 0.001)
(0.9 0.3545517405 0.001)
(0.3 1.393782217 0.001)
(0.35 1.393782217 0.001)
(0.375 1.437083488 0.001)
(0.4 1.393782217 0.001)
(0.425 1.437083488 0.001)
(0.45 1.393782217 0.001)
(0.475 1.437083488 0.001)
(0.425 1.350480947 0.001)
(0.475 1.350480947 0.001)
(0.325 1.350480947 0.001)
(0.3 1.307179677 0.001)
(0.5 1.393782217 0.001)
(0.525 1.437083488 0.001)
(0.5 1.480384758 0.001)
(0.525 1.523686028 0.001)
(1.4 1.653589838 0.001)
(1.35 0.9607695155 0.001)
(1.3 0.9607695155 0.001)
(0.55 1.653589838 0.001)
(0.325 0.2246430074 0.001)
(0.825 0.3112504626 0.001)
(0.8 0.3545517328 0.001)
(0.85 0.3545517341 0.001)
(0.45 1.480384758 0.001)
(1.8 0.4411542732 0.001)
(1.825 0.397853003 0.001)
(1.8 0.3545517328 0.001)
(1.85 0.3545517328 0.001)
(1.876340607 0.3996851236 0.001)
(1.907442647 0.353218767 0.001)
(0.1003195737 0.4406083999 0.001)
(0.0751070107 0.4819906324 0.001)
(0.09900302005 0.5276006726 0.001)
(0.07158181554 0.5727116865 0.001)
(0.120798456 0.5730992832 0.001)
(0.825 0.8308657049 0.001)
(0.775 0.8308657049 0.001)
(1.025 1.437083488 0.001)
(1.5 1.566987298 0.001)
(0.300075996 1.653633715 0.001)
(0.7 1.307179677 0.001)
(0.95 0.441154275 0.001)
(0.925 1.090673326 0.001)
(0.2750013376 1.783494421 0.001)
(0.1012661389 0.1815843561 0.001)
(1.85 0.5277568136 0.001)
(1.875304948 0.4851203964 0.001)
(1.873531647 0.57021033 0.001)
(1.45 1.740192379 0.001)
(0.7 0.7009618943 0.001)
(1.025 1.177275866 0.001)
(0.975 1.177275866 0.001)
(0.95 1.220577137 0.001)
(0.9 1.220577137 0.001)
(0.425 0.9174682453 0.001)
(0.475 0.9174682453 0.001)
(0.5 0.9607695155 0.001)
(0.525 0.9174682453 0.001)
(0.375 1.350480947 0.001)
(1.625 1.95669873 0.001)
(1.625 0.3112504626 0.001)
(0.875 0.8308657049 0.001)
(1.7 1.307179677 0.001)
(1.475 0.7442631645 0.001)
(1.225 1.870096189 0.001)
(0.5 0.8741669751 0.001)
(0.625 0.5710580838 0.001)
(0.55 0.6143593539 0.001)
(0.625 1.437083488 0.001)
(0.3 0.3545517328 0.001)
(1.799995651 1.133972085 0.001)
(1.17420109 0.04513907576 0.001)
(1.149843263 0.08813184202 0.001)
(0.04338575531 1.325323913 0.001)
(0.04292727002 1.073679456 0.001)
(1.624999993 1.696891113 0.001)
(0.525 1.090673326 0.001)
(0.75 0.4411542732 0.001)
(1.525 0.5710580838 0.001)
(1.099999997 0.4411542748 0.001)
(1.075 0.397853003 0.001)
(0.725 1.263878407 0.001)
(0.7 1.220577137 0.001)
(1.675 1.437083488 0.001)
(1.675 1.177275866 0.001)
(1.675 0.4844555434 0.001)
(0.8500770742 0.1812980143 0.001)
(1.25 1.826794919 0.001)
(0.875 1.696891109 0.001)
(1.75 0.7875644347 0.001)
(1.65 0.5277568136 0.001)
(1.075 1.263878407 0.001)
(0.1253222928 1.956884806 0.001)
(0.3250525851 1.610318928 0.001)
(0.625 1.783493649 0.001)
(1.873841716 1.349824679 0.001)
(1.6 1.133974596 0.001)
(1.55 1.133974596 0.001)
(1.699999939 0.1812767334 0.001)
(1.649999901 0.1812440581 0.001)
(1.57499976 0.2246229514 0.001)
(1.1 1.307179677 0.001)
(1.35 1.480384758 0.001)
(1.825 0.3112504626 0.001)
(0.1247593786 1.349988379 0.001)
(0.09257651327 1.397264869 0.001)
(0.1269652794 1.438461576 0.001)
(0.125 0.7442631645 0.001)
(0.04429635279 0.1234975224 0.001)
(0.225 0.9174682453 0.001)
(0.04553418013 1.625598306 0.001)
(0.08710309049 1.599874143 0.001)
(0.0866859654 1.549979024 0.001)
(0.1293705083 1.574592399 0.001)
(0.1304808806 1.519685117 0.001)
(0.1736036079 1.550884148 0.001)
(0.08285142802 1.498753161 0.001)
(1.274999403 0.3978534965 0.001)
(1.349999515 0.4411551244 0.001)
(0.3 0.7009618943 0.001)
(0.45 1.826794919 0.001)
(1.175 1.95669873 0.001)
(0.475 1.95669873 0.001)
(0.35 1.480384758 0.001)
(0.275 0.9174682453 0.001)
(0.425 0.8308657049 0.001)
(1.953541596 0.580792439 0.001)
(0.85 0.8741669751 0.001)
(0.925 0.8308657049 0.001)
(0.675 0.7442631645 0.001)
(0.525 1.263878407 0.001)
(0.65 1.220577137 0.001)
(0.675 1.177275866 0.001)
(0.725 1.177275866 0.001)
(1.25 0.6143593539 0.001)
(1.2 0.6143593539 0.001)
(0.45 0.7009618943 0.001)
(0.6 0.4411542732 0.001)
(0.575 0.4844555434 0.001)
(0.975 1.610288568 0.001)
(0.75 0.3545517328 0.001)
(0.725 1.696891109 0.001)
(1.075 1.437083488 0.001)
(0.775 1.350480947 0.001)
(1.799969557 1.04735448 0.001)
(1.225 1.350480947 0.001)
(1.10000637 0.1813512108 0.001)
(1.075318289 0.1378680154 0.001)
(1.125159471 0.1368710569 0.001)
(0.1489815759 0.5281529372 0.001)
(0.1497347507 0.6142062122 0.001)
(1.149999861 0.3545518233 0.001)
(0.75 0.7875644347 0.001)
(1.599999959 0.267942763 0.001)
(0.55 1.740192379 0.001)
(0.775 1.95669873 0.001)
(1.25 1.047372056 0.001)
(1.225 1.004070786 0.001)
(1.175 1.004070786 0.001)
(1.2 0.9607695155 0.001)
(1.15 0.9607695155 0.001)
(1.175 0.9174682453 0.001)
(1.225 0.9174682453 0.001)
(1.1 1.047372056 0.001)
(0.875 1.437083488 0.001)
(0.925 1.437083488 0.001)
(0.9 1.393782217 0.001)
(0.95 1.393782217 0.001)
(1.175 1.523686028 0.001)
(1.2 1.566987298 0.001)
(1.225 1.523686028 0.001)
(1.225 1.610288568 0.001)
(0.375 1.95669873 0.001)
(0.725 1.004070786 0.001)
(0.775 1.004070786 0.001)
(0.75 1.047372056 0.001)
(0.8 1.047372056 0.001)
(0.725 1.090673326 0.001)
(0.875 1.004070786 0.001)
(1.65 0.4411542732 0.001)
(1.325 0.7442631645 0.001)
(1.95669873 1.075 0.001)
(1.956439034 1.025147202 0.001)
(1.425 1.95669873 0.001)
(1.075 1.95669873 0.001)
(0.04330127019 0.375 0.001)
(0.75 1.393782217 0.001)
(1.025 1.610288568 0.001)
(0.425 1.523686028 0.001)
(1.625 1.004070786 0.001)
(1.248338065 0.179556698 0.001)
(0.975 1.437083488 0.001)
(1.799961324 1.653567955 0.001)
(0.7 1.133974596 0.001)
(1.724999571 1.956698978 0.001)
(0.04603495004 0.8201626859 0.001)
(1.525 1.263878407 0.001)
(0.8 1.307179677 0.001)
(0.75 1.307179677 0.001)
(1.898978836 1.566884822 0.001)
(1.956267761 0.6762506204 0.001)
(0.04254399207 1.524788698 0.001)
(1.225 0.5710580838 0.001)
(1.55 0.4411542732 0.001)
(1.75 0.3545517328 0.001)
(0.775 1.696891109 0.001)
(1.875 0.7442631645 0.001)
(1.948962751 0.8740738218 0.001)
(0.675 1.95669873 0.001)
(0.575 1.95669873 0.001)
(1.05 1.480384758 0.001)
(1.2 1.393782217 0.001)
(1.275 1.610288568 0.001)
(1.45 1.133974596 0.001)
(1.475 1.177275866 0.001)
(1.35 1.047372056 0.001)
(1.325 1.004070786 0.001)
(1.05 0.9607695155 0.001)
(1.1 0.9607695155 0.001)
(1.125 0.9174682453 0.001)
(0.95 0.8741669751 0.001)
(1.05 1.220577137 0.001)
(0.7 1.047372056 0.001)
(0.725 1.523686028 0.001)
(0.925 0.5710580838 0.001)
(0.9 0.6143593539 0.001)
(0.85 0.6143593539 0.001)
(1.4 0.6143593539 0.001)
(1.375 0.5710580838 0.001)
(1.65 0.6143593539 0.001)
(1.675 0.5710580838 0.001)
(1.7 0.6143593539 0.001)
(1.65 1.133974596 0.001)
(0.95 0.7875644347 0.001)
(1.2 0.8741669751 0.001)
(1.275 0.9174682453 0.001)
(1.149983053 0.1811774747 0.001)
(1.175 0.1380453819 0.001)
(1.1 0.8741669751 0.001)
(1.575 0.4844555434 0.001)
(0.475 0.2246359398 0.001)
(0.5 0.267945441 0.001)
(0.55 0.2679470901 0.001)
(0.525 0.311249487 0.001)
(1.25 0.9607695155 0.001)
(1.275 1.004070786 0.001)
(1.95669873 0.375 0.001)
(1.125 1.004070786 0.001)
(0.04362705519 0.7243728944 0.001)
(0.04330127019 0.675 0.001)
(0.6 1.393782217 0.001)
(0.85 0.4411542732 0.001)
(1.3 0.6143593539 0.001)
(1.125 0.7442631645 0.001)
(0.875 1.177275866 0.001)
(1.95669873 0.475 0.001)
(1.909375002 0.4466218578 0.001)
(1.95618769 0.772522142 0.001)
(0.04327495405 1.424544145 0.001)
(0.1997964203 0.6144115236 0.001)
(0.975 0.8308657049 0.001)
(1.850100395 1.740164486 0.001)
(1.955224729 0.927426655 0.001)
(0.725 0.8308657049 0.001)
(0.95 1.307179677 0.001)
(0.6 0.5277568136 0.001)
(1.025 1.696891109 0.001)
(0.05098340416 1.223698156 0.001)
(0.04047393326 1.17171059 0.001)
(0.5 1.133974596 0.001)
(1.175 0.5710580838 0.001)
(0.8 0.7009618943 0.001)
(0.575 1.004070786 0.001)
(0.425 1.263878407 0.001)
(0.9 0.7875644347 0.001)
(1.6 0.9607695155 0.001)
(1.955962363 1.625532394 0.001)
(1.774997607 1.956700111 0.001)
(0.55 0.7009618943 0.001)
(0.325 0.5710580838 0.001)
(1.4 0.9607695155 0.001)
(1.25 1.393782217 0.001)
(1.375 1.870096189 0.001)
(0.575 1.696891109 0.001)
(0.75 0.8741669751 0.001)
(0.625 0.9174682453 0.001)
(0.575 0.8308657049 0.001)
(0.65 1.133974596 0.001)
(0.75 0.6143593539 0.001)
(0.775 0.6576606241 0.001)
(0.775 0.5710580838 0.001)
(0.95 1.480384758 0.001)
(0.625 0.3112504626 0.001)
(0.75 0.7009618943 0.001)
(0.1752266912 1.436904184 0.001)
(0.75 1.220577137 0.001)
(0.75 1.133974596 0.001)
(0.1015656928 0.8754325093 0.001)
(0.975 0.6576606241 0.001)
(1.525 1.95669873 0.001)
(1.025 1.95669873 0.001)
(0.45 1.653589838 0.001)
(0.45 0.8741669751 0.001)
(1.075 0.7442631645 0.001)
(0.45 0.5277568136 0.001)
(0.425 0.4844555434 0.001)
(0.4 0.4411542732 0.001)
(0.55 0.8741669751 0.001)
(1.55 0.8741669751 0.001)
(0.22509897 0.137613008 0.001)
(1.8 0.6143593539 0.001)
(0.25 0.4411542732 0.001)
(0.925 1.004070786 0.001)
(0.475 1.004070786 0.001)
(0.125 1.004070786 0.001)
(0.875 0.3978530057 0.001)
(1.325 0.5710580838 0.001)
(1.5 0.5277568136 0.001)
(1.55 0.5277568136 0.001)
(1.65 0.7875644347 0.001)
(0.55 1.307179677 0.001)
(0.2750008854 1.177276378 0.001)
(0.1501089543 1.6540717 0.001)
(0.09573021711 1.653053552 0.001)
(1.15 1.047372056 0.001)
(0.625 1.177275866 0.001)
(0.775 1.523686028 0.001)
(0.85 1.566987298 0.001)
(1.225 1.696891109 0.001)
(0.375 0.4844555434 0.001)
(1.475 1.870096189 0.001)
(0.975 1.350480947 0.001)
(1.625 1.437083488 0.001)
(1.699999741 1.480384907 0.001)
(1.6 1.393782217 0.001)
(0.4 1.133974596 0.001)
(1.625 0.6576606241 0.001)
(0.675 1.610288568 0.001)
(1.599999994 1.740192382 0.001)
(0.525 0.8308657049 0.001)
(1.075 0.3112506848 0.001)
(1.174999263 0.3112509179 0.001)
(1.15 0.7009618943 0.001)
(1.35 1.740192379 0.001)
(0.25 1.307179677 0.001)
(1.2 1.220577137 0.001)
(0.3 0.5277568136 0.001)
(1.82476102 1.350357622 0.001)
(1.725 0.5710580838 0.001)
(0.3250000598 1.870096224 0.001)
(1.897233917 0.5277289854 0.001)
(1.125 1.783493649 0.001)
(0.65 0.5277568136 0.001)
(0.425 0.3112499476 0.001)
(0.725 0.397853003 0.001)
(0.2250061976 1.090676904 0.001)
(0.725 0.7442631645 0.001)
(0.825 0.3978530037 0.001)
(1.724999698 1.437083662 0.001)
(1.449991637 0.354560648 0.001)
(0.3 0.7875644347 0.001)
(0.925 0.3112505429 0.001)
(0.575 1.523686028 0.001)
(1.749994926 1.047369126 0.001)
(1.399988176 0.3545914616 0.001)
(0.425 0.6576606241 0.001)
(0.1749649068 1.870091732 0.001)
(1.1 1.653589838 0.001)
(0.8 1.566987298 0.001)
(0.4 1.480384758 0.001)
(0.775 0.3978530031 0.001)
(0.575 0.6576606241 0.001)
(0.2500371397 1.740213822 0.001)
(0.825 0.5710580838 0.001)
(1.574999998 1.78349365 0.001)
(1.825 0.2246074275 0.001)
(1.5 0.7009618943 0.001)
(1.6 1.307179677 0.001)
(0.975 1.090673326 0.001)
(1.499961482 0.1812962614 0.001)
(0.375 1.090673326 0.001)
(0.219033671 1.526203455 0.001)
(0.525 0.6576606241 0.001)
(1.675 0.8308657049 0.001)
(0.4 0.8741669751 0.001)
(1.800000174 1.220577137 0.001)
(1.625 0.4844555434 0.001)
(1.725 0.6576606241 0.001)
(1.85183676 0.4424816996 0.001)
(1.3 1.307179677 0.001)
(1.2 1.653589838 0.001)
(1.275 1.350480947 0.001)
(1.05 1.653589838 0.001)
(1.775 0.3112504626 0.001)
(0.475 0.4844555434 0.001)
(0.325 0.4844555434 0.001)
(1.075 0.5710580838 0.001)
(1.1 0.6143593539 0.001)
(1.799960258 0.87418992 0.001)
(0.95 0.6143593539 0.001)
(0.5 1.047372056 0.001)
(0.9 1.047372056 0.001)
(0.725 1.610288568 0.001)
(0.8 0.6143593539 0.001)
(0.2000360279 1.220556336 0.001)
(0.225 1.177275866 0.001)
(0.475 0.6576606241 0.001)
(1.724998645 1.870096972 0.001)
(1.749993427 1.653586264 0.001)
(0.825 0.6576606241 0.001)
(0.725 0.2246479222 0.001)
(1.849782373 0.2678081068 0.001)
(1.175 1.610288568 0.001)
(0.5 0.4411542732 0.001)
(0.2500010329 1.047372652 0.001)
(1.725 0.9174682453 0.001)
(0.55 0.9607695155 0.001)
(0.575 1.437083488 0.001)
(1.425 0.7442631645 0.001)
(0.575 0.2246364773 0.001)
(1.125 1.610288568 0.001)
(1.025 0.5710580838 0.001)
(0.875 0.6576606241 0.001)
(0.35 1.047372056 0.001)
(1.849574369 0.6141136157 0.001)
(0.575 0.9174682453 0.001)
(0.55 1.480384758 0.001)
(0.475 1.090673326 0.001)
(0.2 0.2679491924 0.001)
(0.325 0.7442631645 0.001)
(0.2249997953 0.7442630463 0.001)
(0.1999997612 0.7875642968 0.001)
(1.524915583 0.1373521624 0.001)
(0.525 1.004070786 0.001)
(1 1.826794919 0.001)
(1.025 1.870096189 0.001)
(1.525 0.9174682453 0.001)
(1.55 1.307179677 0.001)
(1.425 1.350480947 0.001)
(1.4 1.307179677 0.001)
(1.4 1.393782217 0.001)
(1.5 1.047372056 0.001)
(1.825024066 1.177287235 0.001)
(0.325 1.004070786 0.001)
(1.75 0.6143593539 0.001)
(0.95 1.133974596 0.001)
(1.749993376 0.8741707992 0.001)
(0.2500061522 1.220573755 0.001)
(0.35 1.740192379 0.001)
(1.225 0.7442631645 0.001)
(0.425 1.090673326 0.001)
(0.325 1.263878407 0.001)
(0.825 1.696891109 0.001)
(0.6756721431 0.1373528713 0.001)
(0.75 1.566987298 0.001)
(0.3000185539 1.740203091 0.001)
(1.724998896 0.8308663423 0.001)
(0.45 1.307179677 0.001)
(0.4 1.307179677 0.001)
(1.075 1.783493649 0.001)
(1.525 1.177275866 0.001)
(1.774995498 1.523688627 0.001)
(1.275 0.7442631645 0.001)
(1.025 0.3978530149 0.001)
(1.3 0.7875644347 0.001)
(0.75 1.653589838 0.001)
(1.525 1.004070786 0.001)
(1.55 0.9607695155 0.001)
(1.175 0.6576606241 0.001)
(1.2 0.7009618943 0.001)
(0.55 1.393782217 0.001)
(1.35 0.7875644347 0.001)
(0.5 1.307179677 0.001)
(0.2749999659 0.7442631448 0.001)
(1.15 0.6143593539 0.001)
(1.425 0.9174682453 0.001)
(1.824953635 0.9174950144 0.001)
(1.475 0.9174682453 0.001)
(0.925 1.177275866 0.001)
(1.875 0.9174682453 0.001)
(0.7003874068 0.1811519244 0.001)
(0.2750010254 1.263877843 0.001)
(1.4 0.8741669751 0.001)
(1.5 1.133974596 0.001)
(0.775 1.870096189 0.001)
(1.724998833 1.523686702 0.001)
(0.2750001722 1.004070885 0.001)
(1.249999717 0.4411544613 0.001)
(0.35 1.307179677 0.001)
(1.65 1.307179677 0.001)
(1.399999919 0.4411544151 0.001)
(0.125 0.3112504626 0.001)
(1.35 1.220577137 0.001)
(0.6 0.2679461945 0.001)
(1.850023525 1.133985349 0.001)
(1.549999754 0.2679440733 0.001)
(1.875 0.3112504626 0.001)
(0.525 1.350480947 0.001)
(1.674999746 1.523686175 0.001)
(1.325 1.177275866 0.001)
(1.175 1.177275866 0.001)
(1.325 1.263878407 0.001)
(1.425 0.8308657049 0.001)
(1.55 1.220577137 0.001)
(1 0.4411542761 0.001)
(1.9 1.133974596 0.001)
(1.525 1.090673326 0.001)
(0.1750792183 1.177273068 0.001)
(0.3000001975 1.826795033 0.001)
(1.05 1.826794919 0.001)
(1.905793372 0.6100093981 0.001)
(0.75 1.826794919 0.001)
(0.1750289172 0.3112620591 0.001)
(0.1270623041 1.178489719 0.001)
(1.475 1.437083488 0.001)
(1.55 1.653589839 0.001)
(0.825 1.783493649 0.001)
(0.85 1.740192379 0.001)
(0.1502382065 0.7877019633 0.001)
(1.4 0.7875644347 0.001)
(1.099999974 0.3545518005 0.001)
(1.325 1.95669873 0.001)
(0.2750000282 1.956698746 0.001)
(1.575 1.610288569 0.001)
(1.5 1.480384758 0.001)
(0.95 1.91339746 0.001)
(1 1.91339746 0.001)
(0.925 1.95669873 0.001)
(1.699999265 1.913397884 0.001)
(1.1 1.91339746 0.001)
(1.55 1.566987298 0.001)
(1.05 1.91339746 0.001)
(0.7 1.91339746 0.001)
(0.09385044367 0.7914220748 0.001)
(0.65 1.91339746 0.001)
(1.15 1.91339746 0.001)
(0.875 1.95669873 0.001)
(1.475 1.523686028 0.001)
(1.2 1.91339746 0.001)
(1.374995382 0.3978652608 0.001)
(1.275 1.95669873 0.001)
(1.25 1.91339746 0.001)
(0.3000001026 1.913397519 0.001)
(0.85 1.91339746 0.001)
(0.6 1.91339746 0.001)
(0.1003401048 1.913609623 0.001)
(0.04605286442 1.918559779 0.001)
(1.4 1.91339746 0.001)
(0.8 1.91339746 0.001)
(1.35 1.91339746 0.001)
(0.75 1.91339746 0.001)
(0.55 1.91339746 0.001)
(1.5 1.91339746 0.001)
(0.1999942887 1.913396796 0.001)
(1.45 1.91339746 0.001)
(1.64999987 1.913397535 0.001)
(0.3500000193 1.913397471 0.001)
(1.55 1.91339746 0.001)
(0.4000000032 1.913397461 0.001)
(0.1500676954 1.913458054 0.001)
(0.224999081 1.956698638 0.001)
(0.4500000005 1.91339746 0.001)
(1.599999978 1.913397472 0.001)
(0.5000000001 1.91339746 0.001)
(0.95 0.1813554741 0.001)
(1 0.1813667561 0.001)
(1.374890158 0.311272933 0.001)
(1.299830887 0.2676723517 0.001)
(1.100636181 0.09351847536 0.001)
(1.025388315 0.1375580203 0.001)
(1.27447012 0.04327764398 0.001)
(1.874793207 1.435940264 0.001)
(0.9252897482 0.04682453871 0.001)
(0.2751309128 0.0466193753 0.001)
(1.075535829 0.04767480907 0.001)
(0.1533523078 1.47609874 0.001)
(1.924715292 0.1333839358 0.001)
(0.09301947788 0.6141534772 0.001)
(1.899768386 1.389821918 0.001)
(1.222893547 0.1375208071 0.001)
(0.07630809171 0.04274421188 0.001)
(1.923476254 1.958970162 0.001)
(1.19748696 0.09335815663 0.001)
(0.750824494 0.09325306555 0.001)
(1.324228636 0.04121219599 0.001)
(1.297671477 0.1788836048 0.001)
(0.08212909024 1.450417795 0.001)
(1.922368362 1.345894519 0.001)
(0.08207693538 1.699998807 0.001)
(1.921519434 0.3999051497 0.001)
(0.08094811115 0.3999319157 0.001)
(1.918601374 1.699684799 0.001)
(0.07945043343 1.350456476 0.001)
(1.919363758 1.0008167 0.001)
(0.08170369413 1.00075906 0.001)
(1.91894464 0.7477592285 0.001)
(0.08077456061 0.747485391 0.001)
(1.918487398 0.6539005715 0.001)
(1.91823194 1.095439498 0.001)
(0.07929829663 1.104290695 0.001)
(0.08086811175 0.6546519979 0.001)
(0.1271653904 1.617276423 0.001)
(1.917631204 1.60506012 0.001)
(1.917857413 0.3053727495 0.001)
(0.08209255202 0.3055424678 0.001)
(0.08242885315 0.1435402712 0.001)
(1.966884507 1.42772606 0.001)
(0.08346711921 1.258115448 0.001)
(0.03377892567 0.4757912267 0.001)
(1.965531685 0.1277128 0.001)
(1.916789667 0.9100386972 0.001)
(1.967157846 1.873545762 0.001)
(0.03349364905 1.875 0.001)
(1.916405856 0.8385254619 0.001)
(0.0831795218 0.8387489832 0.001)
(1.96656501 1.17549114 0.001)
(0.2088610134 1.572194905 0.001)
(1.966655157 1.525 0.001)
(1.96666584 0.225 0.001)
(0.03333415972 0.225 0.001)
(1.916032264 0.5638663819 0.001)
(0.08397459622 1.182457352 0.001)
(1.917671629 0.4921703276 0.001)
(0.03457922121 0.9219015722 0.001)
(1.966512033 1.77813836 0.001)
(0.0335648057 1.778296671 0.001)
(1.965153974 1.268780162 0.001)
(0.1752818787 1.510194536 0.001)
(0.03048796853 0.575 0.001)
(1.96339746 0.03660254038 0.001)
(0.03660254038 0.03660254038 0.001)
(0.03660254038 1.96339746 0.001)
(1.96339746 1.96339746 0.001)
(0.1151557972 1.476683278 0.001)
(1.96498569 1.337974793 0.001)
(0.06913269046 1.147027249 0.001)
)


// ************************************************************************* //
