/*--------------------------------*- C++ -*----------------------------------*\
| =========                 |                                                 |
| \\      /  F ield         | OpenFOAM: The Open Source CFD Toolbox           |
|  \\    /   O peration     | Version:  2412                                  |
|   \\  /    A nd           | Website:  www.openfoam.com                      |
|    \\/     M anipulation  |                                                 |
\*---------------------------------------------------------------------------*/
FoamFile
{
    version     2.0;
    format      ascii;
    arch        "LSB;label=32;scalar=64";
    note        "nPoints:5290  nCells:5100  nFaces:17944  nInternalFaces:7556";
    class       labelList;
    location    "constant/polyMesh";
    object      neighbour;
}
// * * * * * * * * * * * * * * * * * * * * * * * * * * * * * * * * * * * * * //


7556
(
15
272
1719
27
110
2968
73
111
130
96
109
1416
16
243
4909
17
244
4910
7
279
2278
131
4835
79
280
297
70
170
544
71
189
1527
92
266
1805
75
286
2972
76
287
1333
99
261
2251
4890
4920
327
4934
328
4935
25
269
309
120
248
1345
121
241
3702
129
233
4034
134
225
4174
135
226
3659
69
168
2176
119
4876
77
186
346
33
4998
125
231
1555
126
232
2097
145
176
5023
146
177
5022
132
260
1350
221
246
222
245
295
188
251
325
147
238
38
161
39
3418
149
138
140
1549
150
169
43
162
44
1584
152
115
153
3570
47
163
48
1370
154
116
155
2032
157
164
1778
143
190
3045
53
165
1699
166
4235
55
167
56
1720
158
119
257
282
78
142
315
77
93
5017
123
196
3734
124
197
3091
180
181
1434
182
183
3137
90
223
4614
91
224
67
199
334
200
336
114
201
332
240
5089
1456
4956
1503
4957
106
211
4849
273
352
144
229
340
4862
4924
4861
4926
4989
216
1828
4901
4948
105
149
4870
234
294
1532
235
293
3309
202
203
204
205
505
206
207
208
209
210
211
212
213
617
192
220
2290
103
358
102
356
4875
4916
281
4854
219
249
4021
250
291
4632
248
4878
214
281
2720
215
282
2262
4886
4915
198
3791
4991
172
269
173
174
3606
175
194
2033
318
350
317
351
262
284
550
263
285
679
5047
194
4879
4835
4922
148
174
299
151
277
283
175
300
172
309
173
301
268
288
581
267
289
578
4857
4911
4917
4912
4918
239
4394
4999
351
444
350
2768
5018
5019
274
278
1461
275
292
3652
4908
4951
131
254
1633
349
4931
276
290
4337
4907
4979
4906
4980
181
184
4958
183
185
4959
197
209
156
210
4849
203
329
159
213
331
205
330
196
206
194
300
271
1341
270
3188
148
1885
1415
1998
151
2297
1317
153
2298
3031
155
2386
3233
157
2002
3596
159
2407
963
161
191
3708
1997
307
1781
308
2091
165
3697
2002
167
848
3046
4904
4985
216
316
4863
5002
187
2974
4853
2298
2386
2820
2294
231
4898
232
4899
230
320
3564
247
319
1978
214
3168
1293
215
1815
2130
307
1584
308
1370
277
4855
4868
4834
5094
4885
4995
224
355
223
357
2064
4855
242
349
3311
264
5070
317
318
4960
4961
202
329
204
330
212
331
2248
2090
1505
4584
3373
317
3318
318
1998
2090
3236
3318
2294
3229
4958
4959
1317
270
4866
4895
271
4865
4896
344
4867
277
2873
255
4372
256
683
3061
3373
4887
5004
4888
5005
252
255
4892
253
256
4893
4879
4994
311
4963
4897
4900
4884
5009
290
4937
4936
4997
258
1331
4862
259
1780
4861
240
4839
4962
4992
1415
4881
5095
298
4901
271
2247
270
2771
4893
4967
4892
4964
1139
5001
4928
275
4939
274
4941
353
4953
1381
5016
1718
4890
265
4833
4078
973
347
4959
327
5061
328
5062
4858
5093
4981
5012
268
4944
267
4945
4971
4994
273
4834
4990
5012
4946
4943
4996
4995
5011
325
4942
4940
4875
5045
4886
5044
5007
5009
5008
5010
1797
3144
321
346
4917
5035
4918
5036
5004
5013
5005
5014
4914
5037
4913
5038
4938
4951
5033
4919
5039
4979
5031
4980
5030
4985
5029
303
1127
4905
298
1145
3341
339
358
341
343
356
324
326
3843
1136
4984
332
333
335
336
334
337
503
4955
347
4889
323
345
4844
359
360
338
339
340
341
342
343
4453
316
1632
4933
5048
4932
5049
322
2297
4840
360
4843
3768
4843
5079
360
3564
4000
1770
337
335
333
2450
2407
1505
1632
2248
3332
357
1997
1885
2877
2450
355
4006
3787
4851
4856
348
359
4847
4876
4837
5015
4930
4869
4871
4873
5097
354
4952
4954
5079
356
358
361
4878
5072
369
4891
364
366
1016
371
4638
370
377
367
3709
368
4304
384
1318
371
3475
372
4754
4231
404
374
406
4218
375
4002
376
3963
378
3212
384
3464
403
1802
395
418
405
434
595
385
389
796
385
401
3807
408
409
421
3701
390
394
1387
411
419
389
423
721
1399
415
4033
392
413
1716
394
4005
412
416
4408
398
4721
400
428
420
426
4432
402
400
410
4430
402
479
1556
409
513
406
1844
408
513
4733
417
430
4728
1846
1845
417
1848
420
1847
415
4004
419
3983
441
443
3090
3565
423
2451
3027
434
1846
3613
3983
429
4754
430
525
4649
3565
427
454
1296
431
435
1417
428
4450
448
3809
1847
443
4780
4770
436
974
462
478
3436
477
482
3956
4710
4292
463
1300
458
633
4696
450
460
1493
463
696
1328
442
494
1377
454
1073
446
2236
1318
445
4442
991
3225
507
988
471
1089
2410
477
816
3333
4742
4779
458
4506
468
502
2568
538
542
3714
462
483
4066
4780
573
1689
2786
465
484
1875
468
564
3230
4712
470
532
4288
559
4437
508
569
2122
672
4655
675
1375
4802
603
2402
485
533
2898
514
577
1596
4184
491
516
1530
977
1993
472
4180
473
792
538
681
591
795
2007
488
521
1324
489
537
4090
3595
480
3178
563
4721
481
4066
488
4054
483
1411
816
1886
492
2316
492
536
705
560
4611
4643
3970
556
4116
553
603
4563
493
2003
3096
636
712
499
2920
736
3968
4648
571
842
4140
597
647
979
607
810
2841
521
3146
503
537
2035
518
534
2909
507
2169
1620
506
652
1509
604
1678
618
4144
1979
559
987
511
533
3096
691
2840
4333
569
4319
601
864
1810
531
630
685
536
620
1800
542
681
532
711
2320
651
783
548
560
4765
628
3007
3190
4583
912
4642
4646
534
558
2778
574
789
3818
974
4292
613
616
4710
1050
4141
4152
531
606
1802
546
678
1075
545
947
3211
608
3354
3745
1379
557
589
2422
2379
4470
3320
624
700
1390
594
3922
4707
562
4518
4734
3817
550
580
3070
565
3362
637
4228
677
1255
568
591
3794
2772
3982
572
604
881
581
680
877
2810
620
630
705
1089
4636
588
626
1572
703
871
1548
700
1447
669
2077
691
4181
4319
4735
596
756
3409
3977
4767
613
766
610
1276
788
1011
567
574
3978
694
712
2140
4586
2275
636
694
998
4350
4700
725
858
4538
4752
1184
749
779
1694
688
918
1063
2551
4554
587
679
639
674
3306
807
1088
3019
732
3399
4282
757
1049
2747
627
634
3042
3371
4481
4647
598
658
862
602
1721
590
3071
601
2328
1517
2037
4680
646
817
2146
3679
4611
4709
4278
4708
608
616
676
3897
668
4386
725
2089
643
663
1303
622
623
3119
4537
699
3710
4618
4519
640
760
966
702
2744
4517
4628
1006
659
4689
4782
611
1980
714
865
635
834
1991
4562
751
869
4884
2266
3570
4889
3954
641
3803
1041
4601
654
666
951
842
1326
4259
4417
1654
2049
661
3030
715
1872
645
651
777
895
1801
655
3783
779
3725
682
2038
4468
4140
632
1050
2844
652
2689
4385
4771
650
4134
755
3104
1161
762
924
662
823
2824
643
3175
763
1697
847
892
1316
1681
4361
1854
820
882
3377
717
830
718
889
2941
3190
825
895
2997
824
1358
2639
663
1578
2778
2843
1344
4237
4376
655
2048
2782
715
803
4027
664
2988
3173
739
3474
4659
4758
1382
4215
4437
666
1685
1008
2598
2153
674
1987
678
748
807
1168
832
899
925
885
4571
688
3984
774
1295
3342
911
947
2928
764
812
797
3643
4377
4349
4661
4814
880
1656
1038
4418
4591
2401
757
4423
3852
873
1575
962
2274
1177
1301
4617
775
1597
734
735
3663
710
882
1508
4569
717
718
743
728
936
3295
4682
1001
1354
4746
787
3408
4600
1981
709
900
1762
1886
2402
723
839
4434
874
1128
1156
1055
3706
3640
1282
3334
3608
1036
1284
710
3729
991
995
1015
775
1008
2836
2958
4156
4599
4681
818
3434
3699
860
1586
3431
985
4241
3857
958
2972
4297
790
4510
1376
771
929
1255
1287
2783
853
905
2322
769
2977
4363
1413
1427
927
1429
3417
4271
4577
776
1460
1519
1680
731
797
906
760
801
1705
907
3569
2215
2819
4182
2787
2970
3972
2276
4030
869
4328
2441
3026
4698
844
3778
1892
2503
912
4808
741
3795
4544
1000
2291
4041
924
2929
773
794
1338
3699
4019
767
3327
3805
777
949
818
1513
4418
910
1100
1900
773
1277
1747
782
970
1964
1069
1798
1801
3071
809
1087
2400
813
3865
1014
2785
5003
763
956
2835
789
831
3978
936
1210
2954
4509
4475
1457
2216
4661
2362
4159
4465
1809
960
1004
3348
966
3474
3669
1125
1132
1412
1435
4887
1160
3807
1112
2870
811
813
3830
875
2802
920
1524
2043
1075
3761
910
972
1487
3151
1458
5026
2316
853
3651
2745
950
1139
2770
2941
781
1300
1328
826
3844
980
3568
830
1368
821
845
2508
814
4102
4160
1398
3814
4069
979
2826
866
5002
2456
1314
4513
1281
1439
4457
819
2455
856
1055
1866
804
3961
977
3354
1413
2774
4548
942
3399
4420
1167
1490
1554
967
1078
1895
996
1601
854
3591
4456
1712
2029
953
4051
867
1673
4508
3472
4183
4605
1292
1042
1080
4042
3343
3635
1150
1315
2395
3592
816
1688
4328
2138
3599
908
921
3870
834
1201
3391
1085
2410
900
2460
875
1522
1177
3283
3586
824
1791
4447
3536
3725
1144
2068
998
1070
1820
1349
3188
3548
1007
1446
1529
1475
871
3431
927
1551
852
928
3299
2783
1497
2076
2393
837
1326
4219
846
4230
1133
1985
4433
3234
4023
859
975
1833
859
898
1796
1319
1841
1842
5004
1228
1332
1022
3988
2766
4296
870
1515
1720
2365
954
1410
3124
1162
2717
3948
965
1312
3432
960
1506
3322
3485
3629
1098
1104
4346
1002
2118
881
1678
2085
862
2163
1166
928
1729
896
1087
1222
2268
1172
1247
1583
3118
3918
1422
4062
1028
3850
3985
4155
940
1120
1166
4908
1420
1744
1299
1052
2115
3482
1830
3866
1551
3870
3252
902
1696
2672
1572
2037
1327
1414
1762
935
1083
4416
1020
3024
2679
2457
1021
2223
3960
923
1394
3018
1654
3030
1042
1084
1393
888
926
4503
922
3871
949
1369
995
1472
2962
926
3802
4492
923
3229
1302
1310
2703
1371
1767
4267
2915
1274
3590
1319
1800
3600
1120
4315
1121
1143
1508
1419
1568
3410
1048
2120
984
2086
2122
1020
1096
3058
920
3782
2271
2272
970
1329
1272
3117
1135
3158
3159
4336
930
4157
4579
1251
1252
1475
988
1243
2688
1006
3934
3954
1346
1348
2973
1367
1675
4677
1436
1483
937
1017
1759
3651
978
4072
3602
4229
1744
3415
3184
3417
4226
1128
2827
1668
3438
1062
1526
1395
3367
3802
2069
2242
3652
1045
1431
2806
1823
2294
3803
2833
4433
2243
1182
3257
1101
1603
3412
986
1102
1604
4266
4307
1003
1107
3313
1863
4197
1363
2004
2938
1043
1818
2677
1010
1025
1072
948
1157
2716
3415
1510
4784
1068
1978
2027
1355
2445
1126
1907
3895
980
3682
2204
2813
1313
1977
4122
1094
3731
1369
2146
2828
4387
5013
1083
4359
4413
1729
1122
1153
1159
1629
2171
1720
3365
4694
4753
4795
2580
3444
996
1228
3663
1090
1921
4317
1732
2900
3219
1270
1068
1279
2732
1017
3773
1146
1629
1093
2162
2384
1585
3420
4742
4549
1143
1551
3913
3401
1158
1512
3029
1067
1652
3175
1105
1130
4793
1056
2275
2078
4164
1227
2868
1493
1943
1246
1037
2159
2587
1040
1658
3382
3734
1024
1944
2020
1048
1091
1614
1019
2126
3884
4212
4228
3670
3719
4118
3890
1024
1094
1405
2173
4888
3208
4102
1610
3706
1230
2432
1330
2645
1271
1517
2659
2744
3969
4432
4283
2641
3440
3562
2669
4353
1992
3591
1149
2324
3912
1079
1696
3087
1397
3864
1448
4006
3475
4001
2887
1304
1495
3330
1366
3984
2133
1265
3942
1123
4255
2613
4026
4111
2016
1677
4278
1437
3064
4161
1180
3389
4281
1381
3072
1206
2548
3112
1564
2315
2414
1216
2577
3916
1222
3917
4011
3584
3585
4263
1225
1226
4268
1500
1569
1859
2231
4097
1469
2157
1877
3049
3344
3383
4123
2123
3272
3673
4028
4480
2061
3133
1045
1760
2123
1406
1137
1520
3202
1457
1624
4827
2295
2803
4363
4714
1115
2205
2905
2393
4446
1308
1496
3541
1253
1726
2374
1109
1140
1531
4091
4145
4256
1789
1920
3074
1223
1613
3587
1164
2342
3880
1080
2022
3642
2777
3884
3897
4509
1181
1647
2753
3691
3872
4094
1209
3575
4133
1854
1917
1426
1088
2443
1981
3958
1352
2670
4232
1970
3138
3723
3809
1289
3016
3985
1292
3066
3457
4592
1656
2376
4154
1100
2183
1118
2671
4850
1111
1528
4033
1492
2059
4252
4092
2670
3997
2302
3816
1203
2165
2559
3582
3019
4532
1773
1861
1257
2676
1500
2263
2289
2034
3063
3060
2271
3339
4490
2265
3388
1250
1481
2808
4374
4820
1373
1520
2277
3654
1254
2606
2430
4415
1378
3881
4049
2397
4364
1375
3842
1298
1529
4789
1232
2433
1775
2255
2435
1374
3231
1392
2395
5052
1427
3565
1310
4916
1728
1876
4390
2283
3859
3912
2207
2254
2345
2610
3627
1337
1606
3284
2349
2672
2229
2234
2815
1311
1582
2289
3933
4567
2503
3778
1534
1852
3842
3336
3436
1473
3632
2662
4377
4233
1380
3646
4502
1852
4234
1628
2644
4524
1480
1525
1410
2943
1322
3016
4155
1708
2030
3481
3798
2119
2961
1182
1824
2892
2134
1983
1984
1350
4231
4343
1451
1535
2279
1811
1452
2222
3416
4214
1579
1718
4234
4711
4792
1451
2303
3214
1346
2045
1238
1239
1442
1443
3039
2930
3720
3785
2913
3863
1942
3044
4813
1358
3481
5080
2439
4248
2396
4041
1478
3860
1353
2168
2168
4567
1530
3187
1313
4276
3044
3650
4798
2930
4299
1238
2141
2841
1834
2399
3626
1389
3119
3917
4009
4010
2204
2579
2585
1791
2597
2598
4262
4263
2603
3585
3586
2638
2642
3165
1222
2652
3589
2652
4016
4421
2669
1581
2554
2699
2745
2778
4682
2405
4429
1658
3986
3686
3214
3422
3488
2280
3857
2412
3898
4776
1725
1890
2483
1486
3500
3502
1486
2180
3779
1384
2177
4130
1384
1766
1888
1747
2516
3665
2886
3253
3507
2246
3509
3511
1902
2187
3256
3256
3260
4132
1902
4132
4287
2191
3668
3822
1489
1907
3742
1594
2005
3515
1908
2005
3104
1466
3104
3106
3107
3109
2147
2148
1402
1403
3264
2948
2949
3143
2006
2150
1788
1913
3195
1438
2009
2106
1598
4008
2005
3569
1600
2282
3265
3101
3149
3581
1467
2011
3633
1248
2011
2198
1467
1468
3120
1468
2012
1925
3123
3124
2012
3125
4012
1615
2423
3411
1569
1878
3160
1745
2201
3356
2594
2595
2158
3638
3645
3127
3584
3585
4013
1735
3161
3654
1736
1939
4307
1940
3525
2867
3752
4633
1234
2867
2341
2867
3827
2141
3223
2342
2911
3827
1362
2911
3880
1362
2912
3753
2636
1738
4389
1739
2060
2346
2869
3129
3161
3753
3756
3831
2912
3831
3756
3832
3863
2347
3757
3832
1377
4223
3589
4011
1473
2849
2074
2655
3176
1945
3533
1946
3534
1368
2210
1742
3349
1804
4395
4398
1941
1948
4112
1794
2120
1612
3003
3289
1309
1410
1925
1670
2685
3342
2261
3135
3786
3293
3539
4060
2384
3136
3678
2220
2221
3443
2924
3605
1285
2222
3443
1820
2223
3605
1614
1795
2027
2901
3139
4237
1962
3295
3839
4126
1771
2871
1617
2714
2715
1618
2400
1869
3004
4627
1422
3143
1462
3853
1963
2128
3094
1369
1424
1574
2926
3889
1546
3197
1365
4232
2361
2744
2919
2361
2933
1286
2068
2034
4615
1972
3676
1955
3023
3299
2363
3361
1474
1883
3204
1498
3649
4656
1827
3031
3305
1458
1482
1978
1349
1444
3595
3597
3020
3189
3191
2132
4781
1547
1683
3063
1628
3639
1504
2874
1396
3306
1756
3300
1432
1476
3392
1580
1691
1761
1765
1825
2374
2375
4113
1924
1985
4990
1449
3836
1874
2075
2945
1315
4389
4546
4414
4547
2873
3811
4141
1695
1793
3484
1763
2214
2829
1832
4469
3029
3414
3653
2036
3598
1920
1966
2036
4650
1508
3729
3771
1363
3568
1506
1553
2404
2972
2073
3777
1510
1780
2384
3780
3854
3678
3780
4778
2039
3895
4068
3022
3750
2246
3517
3687
3869
4094
1974
2239
2660
2247
3649
1479
3250
3312
1554
1692
3891
4159
4675
1416
1839
2284
1456
3085
3362
4064
4410
4899
3311
1391
1774
3482
1393
3416
3646
3765
3130
3204
1685
2779
1719
2875
3566
1691
1874
3287
4279
1838
1839
4917
1787
2102
4726
2572
3219
4501
4147
2653
2217
2218
3938
3341
3416
2077
2777
1385
2369
1605
3233
1737
3990
3853
3902
3914
2961
3126
3226
3800
4809
2160
3323
2347
1480
3723
3751
3790
3769
4121
2139
3745
4319
1588
2479
3352
1755
1671
2084
2446
4047
4253
1557
4004
1585
3375
4779
2047
2048
2160
2391
1441
2081
1609
4039
3470
2963
3387
2323
4242
1577
1578
1696
2295
4100
4394
2451
4003
1593
2538
3261
1644
1645
1647
2040
2041
1596
3574
1563
2107
2323
3048
3199
2056
3272
2057
2651
3161
2208
2620
3274
3883
3925
3926
3683
4207
2767
4907
3727
2375
3991
3473
4655
1805
2175
3218
3624
1708
2993
2151
2699
4375
2152
2169
2730
3730
2165
2731
2166
4513
4546
2740
2745
1682
3181
3977
4258
2291
3210
1471
1525
3336
1571
1661
1571
3053
2442
3227
3228
2267
4031
2742
4387
2133
4213
1717
2273
2562
3716
3908
3911
1771
2418
2952
2115
2614
1984
2344
1862
3324
2685
2687
1494
2703
3148
2132
3967
1872
2367
2962
4453
2916
4307
2975
4885
5042
4794
3605
3944
1869
1882
4361
1711
1712
2768
1823
3888
4206
3059
3563
1956
3808
3866
4173
2900
2964
2448
4632
3251
3665
2189
2536
3260
1488
2191
2542
2192
2193
2542
2194
3105
4205
3121
2424
3410
2204
2601
2602
3641
3670
3413
3479
4068
2667
3082
3676
2643
2710
1517
2711
3447
1868
3414
1622
3353
1688
1831
3685
4900
5048
3984
4384
1621
2514
3372
3813
4863
5043
2499
2520
2525
1905
2938
3515
3631
3861
4244
2021
3721
3828
3672
3694
1792
2665
3325
2690
2692
2696
3938
1543
3086
2668
2704
1962
1964
2708
2383
2708
2727
3546
1505
1620
1678
2028
2067
2812
4981
1507
2748
3549
3139
4376
3316
2176
2947
2326
2419
1877
2333
1662
2612
3922
3887
3931
1669
1776
2673
3331
3866
3964
3469
4215
2376
1694
2826
4465
3067
3999
2144
3319
2898
4302
3881
2720
2721
3086
4153
3788
3808
1870
3619
2371
2379
2773
4337
3713
3714
3735
3735
4364
1807
3735
2482
2506
3492
1597
2897
3407
2099
2103
3744
2103
2414
3321
1808
2506
2571
2079
2325
3858
2343
2430
3054
1709
4074
2083
3224
3830
1798
2965
4344
1969
3025
2935
3958
2935
3462
3091
3332
4021
4529
4851
2755
2838
3001
3330
4089
4245
5023
3701
4005
2889
2982
2983
2890
2983
2984
2521
2534
2998
1906
2984
3154
2190
2539
3193
2558
3516
2988
3035
2197
3266
4164
1920
3047
3877
2199
2332
2335
2054
2277
2336
2611
2612
4555
4117
1663
2161
2651
2869
1674
4427
2775
3808
2273
2781
3092
3043
3147
1687
2875
3455
2041
2654
3867
3906
2383
3037
2241
3929
3031
2460
2463
1722
2464
2465
1724
2478
2528
2888
3216
2530
2888
2891
2188
3467
3758
2981
2982
3153
1644
3823
2545
2653
2195
3105
3106
2896
2896
3577
3578
2010
2565
4071
1771
2581
2154
3433
2052
3692
4559
1604
1735
3162
2909
3385
2629
2630
1736
2631
2632
2241
3589
4016
3592
3644
1709
2028
2084
2228
3200
2701
2921
2689
4714
2770
2843
3139
2581
2712
2871
2712
4248
3594
4330
1748
1763
3008
2062
1622
3490
1764
1753
2756
2809
3603
4993
2032
2130
2269
2967
4338
4674
2131
2773
5030
4683
2238
2847
2848
2899
2817
3764
4324
2946
4163
4933
5020
1894
2181
3664
2308
3508
4238
1897
3235
3506
1898
1901
2996
3098
3406
3514
2188
2979
2980
1728
3259
4224
2098
2860
4440
2190
2860
2987
3262
2040
3263
2100
2987
3193
2894
1703
1786
4599
1787
2100
2314
2102
2314
3113
1909
3194
4619
2078
3266
2563
2850
3910
3747
2010
2333
3748
4081
1877
3748
4024
2042
2055
2110
3382
2340
4025
4109
2056
2609
3799
4111
2915
2996
2075
2101
3287
3799
4029
4608
2060
2926
3722
2287
3362
3591
1814
2352
2024
2350
2121
2678
1776
1817
1799
2227
3329
2100
4329
2931
3009
1817
2398
1829
3548
4422
3011
3768
2377
3843
4104
2679
3145
2444
4640
3769
3788
1981
3978
1982
2357
4571
1799
2445
2780
2781
2368
3042
3809
1750
4704
1760
3073
3686
3601
3707
4127
2275
2379
3096
3170
2533
2998
2089
3474
2002
3033
3236
3033
3046
3572
4902
2302
3615
4631
2978
3192
3764
1787
3193
2008
2319
2320
2046
2421
2082
2115
4211
1774
2018
4455
3931
2392
1777
2957
3084
3681
4869
1872
2129
3310
4073
2270
2937
4912
1830
3964
3965
3331
4424
3340
4322
1719
2067
5038
2463
3424
1729
2463
3901
2306
2477
2484
3242
1727
3428
1765
2514
2981
2538
2540
4257
2986
3034
4666
1772
3381
1856
2864
3179
2599
2600
2658
2429
4332
4246
4761
2635
4147
2613
4148
2642
2659
3588
1742
3819
4629
3558
3327
3834
3930
3760
2837
3001
2640
2688
4059
2246
2726
2760
2066
2733
3298
2741
3446
2709
2747
4423
2208
2757
3781
2296
2758
2735
3451
4431
1756
2789
4089
2795
2798
3308
2796
2797
2799
2804
3458
3774
2549
2807
2827
2830
2837
2838
2842
2848
3307
1834
4266
2233
2485
2845
4964
4983
2299
3421
3075
3179
1857
2338
3132
2213
4596
3201
4506
4696
2936
2967
2274
2820
3456
4606
4841
3614
4532
3615
3816
2408
4926
1897
2531
3098
2539
4474
2556
4258
2560
3909
2864
3050
4168
4055
3055
4712
3690
3927
2024
2061
2676
3041
2162
3539
2721
4989
3065
1982
2371
3725
4097
1993
2403
4621
2605
3068
3711
2307
2481
3352
1852
4668
2196
2582
2420
3669
2049
2574
2331
3037
3718
3795
4053
2202
2648
3358
1880
2743
2119
3131
1866
2213
4404
3002
2087
3457
2218
2219
3940
2698
2064
2722
3415
2723
3203
3358
2033
2753
3073
2754
2756
2761
3303
4195
2364
3070
3062
4584
2771
3998
3020
2851
3022
2380
2831
3404
3854
3404
4965
5027
3813
5091
2249
4943
4944
4000
4909
4924
4174
3374
4936
4002
3212
4770
2313
3154
3155
2099
2313
4070
2317
2897
2898
2045
2323
3177
2862
2013
2336
2390
2957
3381
2113
2391
2112
2665
3160
2431
3834
2999
4053
4544
2017
4647
3163
3338
2019
3829
3829
3830
4420
4070
4142
4391
3226
2270
2288
3087
2337
2355
2440
3968
4075
3027
4075
4648
4167
4279
4962
4251
4563
2980
3429
2013
3077
2019
2637
3180
4110
4731
2121
3134
3936
2356
2444
4199
4743
2359
3368
3932
4483
2093
4106
4951
2471
2473
2477
2479
2569
2178
2307
2179
2497
3245
2502
2504
2505
2509
3249
2182
2509
2507
2511
2182
2510
2513
2518
3573
3874
2185
3254
3903
2517
2520
2186
2985
3255
2189
2529
3256
2535
3741
3904
2536
3668
2190
2311
2544
2194
3103
2102
2104
2317
2861
3407
2104
2105
2556
2555
2557
3972
2105
2106
2106
2108
2561
2108
2563
3114
2109
3196
3910
2080
2387
2079
2418
3036
2567
2573
3197
2015
2197
2080
2388
2862
2052
3157
3409
3581
4205
4261
1963
2955
3265
2053
2586
3410
2389
3037
3824
2424
2426
2587
2589
2599
3356
2208
2615
2616
2621
2622
3278
2624
3277
4056
2623
2626
3278
2209
2211
2624
2624
2851
3750
2628
2629
3279
2630
3279
3280
3280
3281
2839
4333
2603
3283
3054
3797
2995
4046
3056
3337
2620
3781
3288
3935
2668
3283
4017
2668
4271
2259
2438
2673
2690
2691
3300
2692
3291
3674
2694
3291
3292
2692
2694
2748
2695
3292
3293
2695
4113
2027
4149
2705
3140
3288
2232
2705
3935
2664
2706
2816
2225
2707
3140
2243
2705
2707
2225
2850
3682
2229
2727
2749
2730
3909
2230
3298
3951
2230
2735
2737
2573
2739
3011
3953
2704
3953
4018
2232
2783
3151
3684
3961
1975
2496
2752
2853
2234
2749
2759
2235
3770
2688
4184
4059
4184
3030
2370
3206
2086
3149
2844
3562
4152
2372
4378
2822
2823
3309
2824
4020
4447
2825
2834
3309
2232
2243
3485
3850
4727
3207
4257
4355
2196
2854
2855
2808
3315
3781
3621
3622
5009
2094
2095
4886
2975
3346
3817
3856
2542
2545
2149
3875
2281
3035
3035
3354
2557
2787
3380
3915
3122
3861
2337
3142
3626
2338
3076
3076
3217
2113
3749
2081
2434
2343
2666
3060
2022
3339
4497
2394
3000
3800
2674
2121
2677
2684
2830
3532
3538
3086
3040
3681
3629
4119
4607
4612
4688
3787
2968
4649
3332
4116
4054
4126
3020
4738
3867
4367
2550
2893
2894
2895
2317
2318
2078
2320
4243
2321
2154
2863
2154
2953
2863
2328
2155
2328
3747
2329
2954
4553
2330
2423
3218
2424
3126
2595
4700
2111
2427
2429
2659
2711
4186
4037
4165
4352
2675
2085
4470
2125
2872
3088
2929
3931
4040
4119
2931
4514
3706
3063
3450
4529
3061
3205
3708
2295
2770
2785
2136
2373
2796
2136
3973
3688
4797
2861
3789
4153
4537
2419
3048
2206
2116
2207
3755
3796
2673
2257
3324
2684
4734
2124
3721
4373
2835
4877
3420
3465
4732
4941
4942
2251
2251
3152
5022
2310
2983
2312
2553
3407
4194
2555
2557
2321
2560
2562
2282
3911
2594
3272
2594
2608
3077
3878
2286
2206
2614
2905
2117
3052
2254
2255
2213
2392
2262
2350
4046
3986
2272
3339
3005
3058
2927
4384
2228
2359
2814
2713
4709
3485
4119
3233
2293
3210
3966
3897
2785
3460
2170
2171
4105
2800
2140
2814
3368
3208
3650
3310
4078
3232
3313
2843
2844
3440
4903
4939
3657
4561
2546
3108
3905
3105
2195
3109
2949
3111
2948
4133
2415
2950
2416
2950
2559
2949
2862
3269
2422
3156
2577
3121
3123
2586
2641
2596
4012
3553
3879
2286
3082
3707
2697
3169
4519
2559
2731
4062
2828
2731
2732
2732
2740
4628
3804
2236
2238
3021
3456
2370
3600
4151
3210
4906
4385
4392
4564
3477
4875
2878
2469
2471
3492
3493
2498
3499
2502
3503
2505
3097
2903
2517
3505
2308
2510
2512
2517
3507
2519
2521
2522
3511
3690
2570
2541
2541
2543
2544
3631
2546
2828
3492
3217
2576
3632
2390
3824
2335
2337
3860
2588
3520
2590
3519
2584
2590
3028
3221
4496
4171
2614
2623
2625
2625
2626
2627
2908
2432
2633
4436
3531
3532
3645
4138
3603
3644
3540
3937
3939
2923
3941
2923
2924
3941
4642
2924
3958
3442
3541
3980
3947
2264
3327
3767
2357
2680
2369
3542
2734
3956
3957
2616
2757
3561
2759
4276
3146
2536
2784
3401
3455
2788
3555
3172
3620
4818
4500
4393
5039
2245
3645
3855
2596
3655
4637
3237
4914
4932
5000
3153
3467
3691
2889
2890
3687
4730
4684
2313
3628
4391
2666
3056
3131
3137
4210
2350
2672
2682
2741
4101
3593
4645
2718
2264
3834
3166
3005
3328
2872
4670
2927
3088
2290
2929
3137
3696
3089
3450
4400
2368
5029
3450
4393
4154
3621
4163
3714
3736
2411
3422
2414
3794
2952
3047
3468
3177
4226
2325
2331
2389
3080
2917
2999
2671
4217
3184
3169
4233
4039
4873
4922
3417
3766
2447
4547
4910
3712
4945
3345
4946
3213
3736
4093
3377
3737
3900
2466
2468
4575
2476
2882
2482
2977
2889
3153
4094
3259
4412
2986
3155
3034
3155
4508
3173
4194
2897
3576
3782
2988
4349
3074
2565
3579
3047
3074
2326
3625
2388
2420
3269
3156
4552
2575
2990
4072
2389
3625
3434
2583
2584
3521
4209
3616
4452
2991
3075
3220
3438
4398
3862
4725
3862
4124
3206
3879
3480
3617
4029
4111
3926
2349
3000
4058
2438
2680
2681
3885
3761
4842
2700
2765
3945
2701
2702
4405
3004
3167
3185
3227
3007
2829
3008
3528
4038
2739
3705
4652
3013
3170
4032
2763
4520
3452
3761
3018
3171
2776
3965
3966
2768
3453
3043
4703
2371
3147
3306
2798
3777
2809
3023
3024
2382
3564
2448
3607
5044
2764
3461
2658
2700
2832
4897
5049
3616
3698
4131
4391
3199
3266
3746
4244
4239
2435
4211
3326
4125
3865
2439
4233
3842
4444
3010
4673
2442
3891
4495
3209
3710
3846
2971
4549
3234
3952
4264
4268
3981
4311
4489
3658
5005
3611
4069
5046
3614
3818
3898
2859
3489
2980
2981
3467
2951
3715
2951
3728
2565
3782
4108
3117
3198
2421
4196
4569
2901
3077
3078
4222
2592
4165
3078
4185
2429
2865
3412
3180
3160
3325
3222
3222
3752
3040
4027
3052
3083
3128
3627
2462
4613
4705
3200
2715
3167
3227
4449
4627
3142
2965
3059
4665
2782
3728
4342
3558
4397
2821
3093
3647
4201
3702
5092
4921
4966
2947
4967
3213
3320
3347
4169
3376
4169
2459
3376
3377
3873
4045
3737
2462
3424
3425
3900
3425
4107
3426
3901
3426
4107
2879
3348
3739
3738
3819
2880
3739
3349
3740
3819
3427
3239
3349
3428
2881
3241
3240
3350
3428
2882
3241
3351
3350
3490
3351
3353
3490
2883
3352
3353
3491
2483
2883
3491
2485
3494
3660
3660
2487
2884
3494
3242
3497
2489
3494
3496
2493
3495
2884
3244
3496
2496
3243
3497
3244
3246
3820
2615
3498
3496
3498
4308
2496
3245
3821
2885
3246
3247
3821
2885
3499
3247
3501
4050
3248
3501
3662
3502
4202
3504
3661
3662
2976
3251
3504
3097
4079
2942
3664
3505
3665
3506
3666
3506
3825
3350
2516
3505
3507
3509
3666
3874
3098
3874
3254
3406
3253
3510
2886
3510
4311
2527
3512
3513
2887
3667
2527
3216
4542
4260
2887
3257
3511
3517
2892
3257
2978
4316
2979
3258
3514
3258
3406
2985
2997
3260
3668
2892
3261
3262
3430
2986
3743
3823
3630
3100
3102
3102
3631
3106
3109
3110
3111
2948
3111
2893
3743
2894
3574
2895
3574
2895
3382
4551
2896
3264
2950
3112
3113
3194
3575
3577
3577
3176
3195
3115
3116
2989
3115
3717
2952
3036
4170
3036
3198
3730
4008
3267
3403
3401
4051
3270
3518
3322
3579
4080
2953
3119
3218
4204
3100
3633
3635
3582
3634
3635
3124
4009
3380
4082
2955
3285
3519
3518
3520
3270
2956
4010
3411
3522
3268
3312
3271
3520
3528
3049
4024
4025
2960
3126
3051
3383
4399
4473
3122
3583
4014
3637
3273
3271
3359
2956
3127
3559
4535
4531
2904
2921
3273
3079
3412
3162
3923
3039
3522
3879
3384
3587
3053
3384
4014
4055
4109
4110
4026
4399
2617
3495
2906
3274
2906
3498
4309
3274
3276
3523
3524
3276
4056
3523
3826
4056
3385
3534
2628
3385
3920
2908
2910
3280
4084
3282
4487
3282
3525
4181
4333
4454
2636
2911
3223
3923
4197
3384
3673
3617
4055
2912
3924
3553
4028
3165
3588
4013
4493
3739
4130
2997
3526
3677
2910
3284
3527
3285
4061
3296
3358
3528
3286
3527
3530
4127
3590
3569
3264
3287
3181
4767
3028
3521
3531
3359
3360
3833
3833
3821
3882
3247
3567
3882
3602
3798
2960
2961
3131
3288
4057
3554
2679
2869
3130
4017
4049
3000
3133
3201
2676
3057
3057
3041
3057
3677
3484
3526
3002
3201
3360
3361
3537
4139
3134
2687
3135
4441
3548
4144
3530
3286
3680
3291
3836
4315
3724
3724
3540
3837
3136
4060
2934
3944
4367
3273
4511
3003
3763
2870
3138
3140
3141
3295
3542
2710
3839
2746
4032
3543
2955
3543
3679
4643
2716
4759
2885
3779
3202
3328
2720
3168
3884
2928
2928
4872
3547
4061
3008
3296
3297
3006
3545
3551
3297
3364
3684
2729
3547
3556
3203
3776
3598
3009
3841
3389
4334
2736
3951
4523
2738
4087
4298
4334
4191
4589
3066
3594
4096
4837
4844
2790
3390
3390
3330
3770
3301
3550
3680
3301
3685
4065
2854
3497
3262
3014
3763
3003
3014
3302
3314
3015
3026
3849
3304
3461
3551
4190
3032
4272
4367
3017
3537
3016
3538
2766
4129
4650
4096
4331
3019
3059
5037
3188
3998
4396
3186
3804
3807
3472
4320
3471
3967
3400
2780
3329
4189
3340
3092
2938
3568
3066
4699
4326
3547
3557
3307
3550
2791
3392
2793
3393
2803
3390
3393
2795
3394
3392
3394
4117
2796
2801
3394
3999
2800
3395
2805
2939
3772
2803
3067
3395
3773
3773
4336
2939
3774
3397
4114
4065
3558
2996
3099
2874
3069
3974
3069
4915
2943
3559
4598
3141
3560
3560
3689
4115
4195
2852
4190
4357
4047
4494
3473
3095
3370
4331
5031
4020
4179
4463
4167
4179
2941
3023
3028
3461
3304
4485
3552
4129
2943
4359
4988
4997
3145
3343
4495
3312
3372
3313
3571
3571
4517
3571
3014
3372
2883
3403
2944
3267
3315
2944
3847
3241
3655
4067
3366
3533
3235
3825
2855
3555
3493
3285
4472
4556
4701
3611
3814
3815
4940
3347
3818
2984
3576
3783
4321
3078
3878
3222
4246
4639
3129
4160
3930
4327
4031
3062
3148
3789
4534
4576
4691
5084
5083
3426
3738
3738
3740
3239
3240
3240
3243
3903
4256
3378
3261
4145
3263
3267
3351
3322
4204
3719
3784
3859
3437
3994
3289
3356
2992
3275
3275
3671
4208
3750
3920
3281
3765
3785
3757
3863
3933
2985
3281
3441
3085
4609
3278
3689
4057
3883
3934
3926
4570
3945
3183
3618
4049
3942
3302
3763
4512
3294
3168
3801
3294
3013
3883
4570
3683
3956
3363
3890
3960
2966
4634
3864
4881
4117
3463
3776
3896
3979
3994
4065
3779
4052
4833
4985
4249
3118
3157
3636
3050
3125
3637
3704
3755
4817
4037
3535
3760
4602
3084
3381
3085
3697
4095
3172
4372
3367
4253
4492
4428
4484
3369
4543
3912
4401
3656
3623
3250
3268
3215
3514
3192
3259
3950
3716
4259
3624
4081
3159
3435
3080
3323
3158
3754
3081
3163
3695
3055
3081
3526
4456
3289
3446
4103
4670
3203
3296
3536
4356
3446
4582
3843
3835
3954
4562
3955
3302
4578
4086
4428
3365
3132
4388
3949
3388
4219
4521
4685
4430
3876
4067
4068
3379
3158
3435
4321
3478
4460
4149
3092
3064
3599
3734
4006
3731
4398
4392
4026
4109
4074
3165
4177
4753
4536
4213
3145
4550
3169
4335
3391
4591
3308
3971
3974
3607
5035
3447
4880
5075
3986
3718
3337
3554
3878
3221
3732
3093
4284
4461
3469
3864
4383
3209
4188
3183
3726
3453
4199
3688
4805
3975
4022
3252
3573
4475
3101
3630
3632
3515
3905
3108
3906
3848
3112
3906
3907
3176
3366
3116
3196
3858
3433
3122
3915
4261
3634
3916
4264
4014
4015
4247
4247
4294
4101
3135
3937
4017
3947
3167
3992
3328
4657
3598
4445
3971
3995
4283
4330
4495
4425
3711
5012
3378
3580
4347
4371
3180
3413
3413
3732
4212
3184
3766
3447
3387
4235
3596
4142
3465
3476
4773
4243
3802
3468
3877
3435
3195
4090
4146
4536
3723
3840
4688
3766
3767
3890
4466
3965
4166
4571
4498
4769
3429
4752
3908
4170
3876
3217
4038
3388
4745
3886
4986
3483
3810
4427
4777
5036
3693
4157
3612
3703
4796
3252
3664
3667
3718
4053
4187
3749
3827
3592
3704
4212
4772
3326
3840
3892
3365
3992
4008
3710
4188
3369
4680
5061
4316
3813
3466
4937
3427
3493
3820
3987
3820
3948
3500
4305
3501
3567
3491
3902
3509
3512
3510
4489
3690
3823
3910
3518
4134
3519
3521
3523
3524
3524
3533
3921
4488
3529
3529
3537
3552
3833
4270
3837
4624
3545
4515
3549
3550
3847
3448
3545
3449
3570
4031
3847
3393
3850
4379
3315
3403
4041
5014
4099
4961
4992
3476
4558
3713
3792
3793
4171
3695
3930
4382
3885
4408
4827
4874
4343
4379
3346
4920
3719
4146
3478
3479
3454
4379
4149
3916
4200
4351
3623
4913
5011
3423
3901
3579
4071
4325
3755
3797
4718
3531
3532
3538
3959
4491
3448
3449
3688
4342
4007
4007
4581
4594
4288
4727
3610
4979
4952
3423
3628
3744
4701
4108
4025
4098
4148
4351
4095
4515
4019
3772
3458
3772
3774
3601
4358
3601
4251
4277
4581
4157
4540
3777
3778
3988
3990
4930
4949
4347
4553
4081
3440
4103
3708
4870
3572
4948
4927
4093
3899
3737
4576
3740
4324
4145
4348
4169
3576
4108
4458
4071
3784
3463
3825
4110
3587
3673
4144
3527
4269
3938
3940
4646
3445
4251
4200
4221
4115
4128
4087
4088
4838
4911
4116
3868
4189
4464
3606
4101
3686
3841
4250
4479
4882
5073
3980
4220
4190
4304
4143
4980
3784
4462
4042
4214
3964
4424
4468
4904
4938
3694
3672
3798
4229
3617
4388
3553
4151
3993
4931
5086
4953
5085
3898
4788
3899
4744
3660
4050
4050
4202
3661
4052
3663
3573
3666
3667
3903
4526
3715
4242
4051
4365
4454
3949
3674
4057
3672
4303
3677
4270
4060
3991
3947
3679
3680
3685
3949
3682
3961
3724
3776
4086
3971
4061
3894
3896
3882
3894
4280
3996
3996
4275
4151
4814
4825
4153
4995
3979
5008
3875
3730
3909
3913
4386
3633
3917
3638
3919
3636
3639
3839
3946
4441
4678
3946
3957
4987
4218
4823
4177
4152
3643
4039
3939
3941
3943
4150
3975
4240
4507
4000
4925
4174
4043
4002
4005
4044
3657
3824
4232
4240
3852
4409
4442
4871
4034
4154
3860
4209
4293
3775
4371
4295
4009
4262
3919
4015
4013
4090
4239
3997
4480
3828
4480
4503
4085
4225
3840
4612
4020
4273
4331
4018
4787
4610
4021
3705
4641
3973
3915
4048
4100
3659
4143
3902
4079
3746
3828
3826
3996
4269
3835
3925
3934
3935
3838
3886
3955
3962
3775
3826
4254
4175
4204
3918
4458
4365
4046
3806
4366
4235
4378
4445
4325
3868
3927
3993
4003
4193
4323
4346
4085
4080
4201
3811
4507
4193
4918
4323
3875
4326
3908
4417
3753
3880
4118
4029
4533
3811
4240
3769
4225
4494
4220
3746
4625
4448
4512
4578
3817
4132
4306
3905
4274
4355
3792
4302
4386
4082
4481
3920
3921
4749
3760
4362
3785
3925
3927
4254
3976
4308
4309
3838
3937
3939
4313
3801
4354
4708
3962
3846
3959
4131
4768
4196
3936
4516
3806
4320
4446
4181
4265
4069
4099
4556
3794
4301
4501
3829
4124
4124
4707
4217
4502
3887
4225
4354
5045
4300
3889
4426
4183
4299
4502
4048
4043
4919
4044
3904
4295
4223
4223
3933
4269
4113
4402
3951
3944
3959
3955
3970
4583
4572
3867
4274
3976
4275
3983
4424
4499
4180
4425
3989
4067
4182
3857
4093
4072
4083
4222
4630
4120
4368
4161
4411
4327
4137
4492
4161
4322
3900
4706
4080
4054
3997
4076
4370
3888
4040
4352
3892
4201
3966
4166
4692
3979
4274
3994
4045
4486
4162
4588
4170
4553
4052
4122
4540
4012
4084
4626
3928
4147
4587
4022
4395
4112
4531
4125
4407
4139
4318
4318
4402
4810
4296
4341
4236
4329
4440
4198
4297
4104
4176
4227
4178
4097
4176
4499
4715
4075
4450
4207
4162
4336
4451
4451
4471
4662
4227
4088
4604
4606
5062
4593
4236
4308
3999
4340
4659
4340
4220
4133
4076
4295
4574
4935
4304
4439
4136
4136
4138
4198
4898
4344
4603
4198
4500
4123
4171
4186
4377
5078
4675
4173
4106
4257
4348
4380
4224
4412
4476
4210
4058
4073
4883
4720
4284
4125
4510
4513
4096
4273
4330
4226
4527
4207
4194
4339
4211
4189
4608
4616
4736
4339
4255
4221
4118
4401
4265
4816
4477
4635
4285
4130
4216
4435
4286
4653
4560
4277
4358
4394
5055
4247
4449
5025
4150
4294
4691
4577
4355
4426
4158
4923
5007
4183
4320
4178
4221
4423
4185
4158
4522
4580
4411
4196
4260
4478
4504
4262
4293
4461
4284
4518
4554
4350
4378
4452
4290
4614
4530
4538
4704
4406
4669
4415
4459
4317
4365
4689
5040
4528
4564
4230
4511
4595
4408
4237
4669
4218
4415
4425
4310
4636
4272
4245
4620
4371
4456
4217
4521
4525
4360
4412
4440
4357
4603
4717
4277
4305
4301
4556
4676
4261
4339
4372
4275
4309
4244
4366
4383
5010
4610
4250
4348
4457
4245
4541
4318
4458
4293
4521
4858
4807
4471
4363
4475
4452
4288
4381
4249
4349
4436
4327
4342
4356
4303
4366
4461
4368
4305
4542
4702
4545
4573
4531
4535
4487
4332
4436
4488
4493
4315
4656
4375
4463
4471
4663
4310
4359
4505
4443
4493
4594
5033
4463
4314
4653
4287
4306
4314
4565
4575
4691
4352
4369
4711
4718
4817
4679
4312
4511
4421
4413
4505
4630
4303
4453
4586
4610
4416
4447
4526
4455
4482
4316
4357
4489
4381
4362
4368
4364
4406
4501
4419
4420
4530
4488
4429
4411
4445
4354
4385
4634
4654
4387
4421
4638
4609
4516
4518
4785
4631
4559
4473
4399
4617
4663
4380
4369
4469
4530
4722
4528
4426
4460
4550
4401
4410
4558
4561
4494
4601
4427
4647
4404
4407
4384
4464
4587
4406
4541
4696
4960
4451
4422
4735
4414
4629
4410
4548
4693
4639
4723
4761
4597
4512
4595
4439
4466
4622
4635
4565
4486
4457
4591
4484
4545
4441
4459
4585
4450
4478
4604
4499
4574
4637
4934
4479
4504
4462
4543
4568
4621
4557
4729
4467
4524
4809
4820
4464
4525
4652
4641
4487
4460
4520
4506
4600
4491
4514
4515
4774
4476
4536
4673
4677
4714
4666
4681
4485
4484
4580
4523
4523
4671
4550
4614
4655
4522
4574
4497
4529
4572
4671
4730
4864
4660
4738
4577
4527
4542
4585
4638
4588
4552
4587
4644
4664
4589
4584
4593
4541
4651
4595
4573
4548
4602
4695
4623
4624
4640
4716
4585
4540
4619
4633
4719
4764
4557
4609
4658
4628
4685
4680
4554
4700
4569
4626
4731
4597
4826
4566
4590
4602
4631
4567
4695
4590
4640
4600
4669
4596
4684
4583
4618
4604
4629
4705
4698
4715
4756
4658
4603
4672
4704
4598
4593
4682
4634
4662
4734
4632
4597
4703
4726
4620
4630
4763
4784
4740
4760
4623
4812
4717
4706
4740
4646
4808
4617
4683
4622
4726
4675
4724
4636
4686
4644
4753
4772
4750
4722
4725
4653
4656
4749
4697
4810
4759
4651
4664
4821
4728
4690
4658
4686
4697
4758
4761
4670
4857
4768
4723
4764
4816
4699
4736
4804
4688
4716
4667
4687
4701
4794
4807
4762
4681
4687
4687
4771
4818
4677
4703
4735
4812
4770
4686
4747
4722
4769
4728
4808
4781
4782
4778
4799
4729
4818
4698
4702
4752
4760
4741
4736
4750
4822
4721
4793
4795
4720
4739
4744
4789
4760
4775
4813
4738
4774
4741
4806
4747
4762
4763
4762
4772
4747
4852
4783
4815
4754
4823
4745
4746
4748
4743
4745
4775
4755
4783
4755
4748
4791
4776
4764
4845
4766
4778
4811
4775
4799
4810
4777
4787
4790
4806
4765
4774
4784
4781
4819
4785
4811
4806
4795
4815
4826
4786
4791
4954
4823
4811
4828
4797
4788
4791
4803
4790
4819
4796
4798
4813
4802
4800
4800
4804
4824
4819
4803
4802
4816
4817
4824
4805
4822
4824
4830
4821
4830
4829
4832
4822
4828
4829
4832
4828
4831
4831
4832
4836
4894
4923
4894
4842
4842
4928
5041
4847
4848
4848
4976
4845
4852
4852
4850
4856
4883
5017
4987
4864
4864
4988
5055
4955
4958
4872
5098
4889
4891
4891
5076
4894
5077
4927
4925
5096
4909
4910
4903
5099
4997
5063
4986
4986
4987
4989
4993
4993
5069
4877
4996
5015
5088
5002
5056
5003
5003
5051
4982
5007
5011
5013
5014
4921
4965
4966
5022
5023
5025
5025
5026
5026
4949
5028
5087
5028
5029
4961
5078
5030
5031
5033
5035
5036
5042
5043
5044
5045
5046
5050
5050
5052
5052
5053
5053
5054
5054
5015
4982
5006
5098
5058
5058
5059
5060
5061
5062
5063
5064
5064
5065
5065
5066
5066
5067
5067
5068
5068
4977
5024
5051
5071
5071
4978
5021
5056
5074
5074
5069
4976
5037
5043
5038
5042
5078
5080
5000
5072
5081
5081
5082
5082
4970
5083
4974
5085
5041
4972
5084
4975
5086
5077
5076
5017
5092
5091
4990
5010
4998
5090
4992
5080
5040
5039
5046
5084
5088
5040
5055
5057
5020
5073
5008
5087
5027
5075
5049
5059
5048
5060
5034
5032
5075
5034
5073
5032
5089
5057
5072
5095
5096
5097
5088
5090
5093
5094
5097
5089
5094
5093
5099
5096
5095
5099
)


// ************************************************************************* //
