/*--------------------------------*- C++ -*----------------------------------*\
| =========                 |                                                 |
| \\      /  F ield         | OpenFOAM: The Open Source CFD Toolbox           |
|  \\    /   O peration     | Version:  2412                                  |
|   \\  /    A nd           | Website:  www.openfoam.com                      |
|    \\/     M anipulation  |                                                 |
\*---------------------------------------------------------------------------*/
FoamFile
{
    version     2.0;
    format      ascii;
    arch        "LSB;label=32;scalar=64";
    note        "nPoints:1962  nCells:1758  nFaces:6254  nInternalFaces:2536";
    class       labelList;
    location    "constant/polyMesh";
    object      neighbour;
}
// * * * * * * * * * * * * * * * * * * * * * * * * * * * * * * * * * * * * * //


2536
(
89
112
704
22
622
1587
23
623
1586
18
315
1111
19
316
1112
24
31
585
25
32
586
131
1064
1757
87
106
1626
88
107
1627
115
190
1189
30
94
1107
53
301
1351
54
302
1350
184
327
1242
185
328
1243
86
174
775
47
543
1492
109
1424
108
1425
81
95
1024
82
96
1025
928
1301
929
1300
149
155
150
154
134
1505
209
313
208
312
341
1256
191
1201
1259
1260
300
1263
38
266
1215
39
267
1216
145
393
1364
146
394
1365
143
1257
144
1258
78
283
1264
79
282
1265
162
337
142
1306
141
1307
90
462
1336
91
463
1335
284
614
120
215
423
81
274
1649
82
275
1648
171
205
328
170
206
327
831
1656
832
1655
207
317
193
404
194
248
195
247
203
291
204
292
251
739
192
273
272
293
294
305
147
339
148
340
196
458
197
457
302
1218
301
1219
286
750
285
751
270
306
271
307
159
278
158
279
240
263
170
1247
171
1248
148
487
1378
636
637
192
299
1220
155
819
1071
154
820
1072
265
829
1168
1365
1169
1364
516
737
625
1381
624
1382
103
1182
1416
115
221
305
257
510
233
474
234
475
101
135
312
100
136
313
167
551
1645
651
869
650
868
147
615
1691
299
468
110
1030
1143
111
1029
1144
457
458
194
813
195
812
238
698
237
697
263
496
166
261
1652
165
262
1651
1319
119
417
1498
118
418
1499
371
1659
372
1658
560
1197
231
266
953
232
267
954
138
273
464
163
1049
1097
164
1050
1098
137
346
785
160
802
1563
161
801
1564
412
571
413
572
472
1165
196
588
770
197
587
771
1465
1580
308
1444
309
1445
1124
1137
212
1171
593
747
594
748
1576
1636
1577
1635
201
1115
202
1116
458
770
457
771
189
188
177
1746
178
1745
193
216
1387
240
348
496
338
1480
1324
1325
172
350
490
173
351
491
200
210
199
211
1079
1609
1078
1610
524
957
462
729
463
728
249
876
250
877
1356
1502
175
671
1478
176
672
1479
1133
1134
224
1514
225
1515
804
1208
1343
1448
1344
1449
495
1643
494
1644
344
347
534
241
349
889
237
499
664
238
500
663
317
599
889
211
335
210
336
324
516
1632
272
1471
1611
229
228
191
755
1650
235
236
242
243
245
246
284
564
742
269
268
315
812
316
813
218
259
219
258
210
597
211
598
244
551
308
657
309
656
217
1721
214
900
1532
257
1263
314
762
329
873
220
1246
1402
1664
1403
1665
227
1477
527
618
404
835
1451
431
655
1342
1272
1642
1273
1641
392
473
607
349
767
320
921
321
546
239
1165
1383
757
1020
756
1019
413
1366
412
1367
358
377
1578
1579
922
1549
334
716
1441
380
379
403
1710
385
384
252
427
253
426
1410
1699
1411
1700
256
345
1424
1703
1425
1702
291
713
1717
292
712
1718
557
1730
1073
414
415
288
907
1208
1326
1711
1327
1712
660
383
830
1680
738
1333
1016
1015
332
597
333
598
664
697
663
698
467
670
760
1644
761
1643
410
544
610
411
545
611
335
374
336
373
322
542
636
323
541
637
297
1553
298
1552
517
699
1267
700
1266
557
580
926
950
1203
295
1385
1537
296
1384
1538
481
482
528
730
527
731
303
650
304
651
992
1685
991
1686
461
900
1599
654
653
312
434
313
435
755
529
759
530
758
1585
1584
342
1232
1623
343
1233
1622
348
550
1229
1230
405
320
606
986
321
676
989
760
761
1148
1312
355
1404
1489
354
1405
1490
613
612
1034
1058
332
838
985
333
839
984
550
544
545
441
473
346
1677
578
949
579
948
1401
1657
680
1215
681
1216
1245
1719
424
443
1228
1346
872
1198
567
768
566
769
353
383
988
358
1249
1527
1250
1526
357
796
987
377
461
361
379
362
380
680
972
681
971
365
843
982
366
844
983
414
415
370
722
980
369
723
981
385
384
528
1283
527
1284
611
610
656
1622
657
1623
873
1269
1580
881
882
426
981
1352
427
980
1353
1119
1487
1488
524
575
1447
447
987
1388
660
1632
664
1633
663
1634
617
936
1580
565
883
577
1439
576
1440
448
655
956
654
1670
653
1671
670
1637
494
760
495
761
699
1641
700
1642
1533
1590
710
730
1647
731
1646
520
609
1466
519
608
1467
1368
1418
1369
1417
824
823
1613
1612
459
564
959
581
731
582
730
755
1650
758
1651
759
1652
423
550
960
1279
1501
467
575
957
779
1260
780
1259
496
518
667
1347
1358
583
659
584
658
799
800
783
1306
784
1307
505
1505
540
801
539
802
565
510
1263
781
787
1256
1335
1432
1336
1431
645
1599
823
1661
824
1660
454
990
1418
453
976
1417
611
610
481
985
1453
482
984
1452
1401
580
1308
1312
1119
1398
1399
1220
1630
561
757
1444
562
756
1445
590
1220
470
814
978
710
606
921
1077
1383
1179
572
1164
571
1163
949
1728
948
1727
1386
1480
480
781
956
1518
485
784
486
783
672
966
671
965
639
1744
489
787
955
1549
493
973
492
977
779
780
1225
1224
558
1160
1484
559
1161
1483
537
1633
536
1634
503
799
504
800
536
970
537
969
1104
1542
508
801
509
802
964
1604
963
1603
1106
591
732
1183
592
733
1184
538
717
719
548
555
904
549
556
903
660
1187
1400
531
872
579
790
578
791
534
1063
1744
1408
1635
1409
1636
1179
532
626
913
533
627
912
1376
866
1270
865
1271
718
836
631
1199
630
1200
1185
644
772
1017
810
811
604
652
593
1609
594
1610
1458
1459
1017
1687
1166
1167
1209
1378
711
1082
1491
895
1438
894
1437
599
595
1202
1542
620
662
1608
621
661
1607
602
608
603
609
1501
1184
1511
1183
1510
629
763
684
868
683
869
734
922
1046
614
1757
854
1126
855
1127
596
607
878
765
816
1538
766
815
1537
1146
1147
809
1457
808
1456
1611
910
1199
911
1200
640
639
1706
1528
1646
1529
1647
1060
1504
1059
1503
1482
1481
1362
1487
1363
1488
754
950
1743
1217
1630
750
1412
751
1413
1556
1557
1450
1669
643
775
1265
1264
673
713
1095
1402
712
1094
1403
790
934
791
935
941
1010
734
920
1544
1123
993
877
876
642
689
641
690
1032
640
1743
638
1158
1310
1500
1680
691
1701
704
705
845
997
1111
998
1112
1332
1639
1331
1638
728
913
729
912
817
852
818
853
685
782
899
764
1337
1013
1473
1014
1474
635
773
1226
634
774
1227
952
1262
951
1261
1164
1163
1058
1299
1125
1099
720
1133
721
1134
829
896
694
847
739
833
827
1041
1368
828
1042
1369
1168
1415
1506
1169
1414
1507
946
945
725
741
1753
1754
1430
1233
1232
747
1559
748
1558
692
714
693
715
849
999
1520
848
1000
1521
704
1174
679
683
1081
678
684
1080
1721
1696
1697
716
1502
701
788
1012
702
789
1011
1209
1539
724
1073
1201
696
757
695
756
1257
1258
867
916
1447
925
924
886
927
701
871
1047
702
870
1048
833
1150
1509
1001
1489
1002
1490
1284
1298
1236
1238
1235
1237
845
1149
709
954
708
953
1270
1271
1273
1272
1006
1007
835
986
1009
737
847
735
903
935
736
904
934
884
1555
885
1554
1653
1124
1518
1521
1520
996
1522
995
1523
1596
785
846
805
834
1137
1598
887
1090
888
1089
890
1464
891
1463
822
906
1171
1246
1039
1091
1121
1040
1092
1122
852
853
841
1161
842
1160
1175
753
1659
752
1658
1320
1451
1601
1725
775
859
993
1027
1598
1401
1543
788
863
898
789
864
897
1103
1255
1519
822
858
1423
1394
1395
994
1021
1500
808
809
1042
1498
1041
1499
860
1099
1327
1326
763
1054
1214
1120
1302
945
1142
946
1141
1026
1311
780
1052
779
1053
1575
1574
1212
1492
890
1534
891
1535
908
927
1005
1274
1306
1615
1275
1307
1614
1124
1005
1062
1478
1479
1068
900
1342
1446
1321
826
825
1674
1631
930
1087
1573
931
1088
1572
857
1083
1361
856
1084
1360
1299
1495
819
1052
1127
820
1053
1126
1385
1384
878
896
1159
859
907
1054
1061
821
944
1593
1128
1234
1407
1205
1204
1385
1516
1384
1517
881
882
1198
1477
875
1044
874
1043
931
1433
930
1434
1436
1435
858
1536
840
1755
1756
1035
1109
1036
1110
1166
1287
1167
1288
1519
1500
1595
1397
1474
1396
1473
1388
1008
1028
923
1174
899
1151
1158
1265
1553
1264
1552
1100
1240
870
1156
871
1157
1524
1586
1525
1587
1221
941
1188
1096
991
1172
992
1173
997
1101
1194
998
1102
1193
1057
1056
898
1515
897
1514
1067
1192
1066
1191
1162
916
947
1468
1088
1365
1460
1087
1364
1461
1006
1380
1007
1379
1249
1327
1250
1326
993
1179
917
918
1191
1192
1054
1299
1029
1578
1030
1579
1437
1438
883
914
1459
915
1458
1257
1258
1064
1080
1620
1081
1621
920
1565
942
1030
943
1029
1653
1487
1488
1035
1085
1589
1036
1086
1588
1285
1592
1286
1591
1103
933
932
919
1024
1422
1494
1025
1421
1493
1180
1181
1005
1033
1583
1138
1597
1241
940
1187
939
1256
1359
1530
1574
1531
1575
1303
1304
1704
1705
1186
938
946
937
945
920
1074
1691
1722
1028
1313
938
1000
937
999
1055
1726
1567
1113
1715
1114
1716
1195
1196
1110
1211
1109
1210
1222
1223
1176
1465
1173
1172
1560
1657
1033
1213
1217
1044
1392
1043
1393
1045
1145
1475
1512
1467
1466
1282
1251
1547
1252
1548
1139
1140
1383
1107
1650
1105
1386
1415
1456
1414
1457
1661
1660
1671
1670
1411
1652
1410
1651
1633
1634
1622
1623
1642
1336
1370
1335
1371
1646
1641
1637
1207
1632
1409
1408
1269
1533
1647
1373
1372
1028
1176
1091
1261
1092
1262
1229
1230
1095
1094
1129
1243
1130
1242
1350
1561
1628
1351
1562
1629
1157
1156
1021
1108
1123
1451
1171
1630
1078
1154
1079
1155
1253
1531
1254
1530
1116
1281
1115
1280
1513
1055
1308
1334
1216
1419
1215
1420
1541
1131
1576
1709
1132
1577
1708
1429
1428
1357
1441
1234
1311
1185
1231
1346
1105
1616
1055
1255
1472
1078
1079
1226
1237
1581
1227
1238
1582
1322
1449
1323
1448
1180
1181
1178
1177
1239
1602
1276
1316
1067
1155
1066
1154
1069
1360
1070
1361
1065
1108
1695
1325
1324
1097
1195
1098
1196
1268
1069
1559
1070
1558
1108
1214
1151
1377
1125
1206
1093
1182
1339
1443
1442
1120
1677
1398
1399
1643
1648
1644
1649
1423
1175
1345
1135
1380
1663
1136
1379
1662
1203
1244
1094
1095
1128
1137
1098
1290
1097
1289
1293
1679
1294
1678
1439
1440
1144
1489
1143
1490
1251
1252
1159
1276
1212
1654
1631
1162
1356
1354
1608
1355
1607
1454
1105
1107
1293
1294
1235
1236
1132
1193
1131
1194
1328
1329
1152
1714
1153
1713
1690
1188
1344
1523
1343
1522
1333
1674
1211
1210
1598
1288
1404
1287
1405
1354
1355
1392
1393
1267
1273
1266
1272
1189
1231
1280
1331
1281
1332
1172
1177
1173
1178
1527
1526
1347
1446
1705
1704
1207
1706
1318
1513
1151
1310
1482
1481
1673
1672
1662
1663
1345
1305
1292
1291
1391
1734
1733
1276
1242
1243
1460
1461
1283
1376
1475
1221
1309
1330
1373
1372
1285
1286
1338
1205
1204
1508
1241
1297
1462
1317
1201
1268
1309
1472
1291
1292
1314
1315
1295
1296
1302
1386
1653
1433
1434
1513
1687
1735
1427
1426
1298
1476
1279
1244
1245
1389
1390
1334
1334
1400
1339
1338
1431
1655
1432
1656
1406
1469
1476
1468
1470
1714
1713
1464
1463
1240
1600
1328
1329
1319
1585
1584
1357
1692
1693
1261
1262
1357
1640
1597
1282
1333
1688
1311
1373
1392
1372
1393
1682
1681
1277
1278
1348
1396
1349
1397
1387
1325
1324
1412
1413
1345
1680
1526
1527
1478
1545
1479
1546
1322
1349
1323
1348
1300
1301
1512
1470
1469
1287
1288
1292
1295
1291
1296
1421
1422
1484
1483
1455
1624
1508
1315
1314
1540
1375
1473
1374
1474
1316
1454
1654
1316
1495
1320
1330
1406
1329
1328
1337
1338
1406
1669
1701
1654
1359
1729
1562
1561
1666
1555
1554
1339
1361
1443
1558
1360
1442
1559
1599
1545
1546
1597
1640
1486
1485
1753
1754
1463
1702
1464
1703
1684
1683
1698
1407
1491
1625
1534
1619
1535
1618
1494
1747
1493
1748
1731
1732
1398
1503
1399
1504
1382
1656
1381
1655
1471
1509
1583
1719
1514
1515
1431
1432
1590
1495
1421
1436
1422
1435
1502
1593
1442
1556
1443
1557
1561
1562
1492
1621
1620
1591
1592
1640
1675
1676
1568
1569
1662
1663
1627
1626
1690
1695
1528
1529
1445
1584
1444
1585
1532
1692
1693
1456
1506
1457
1507
1436
1648
1435
1649
1491
1518
1440
1439
1712
1711
1602
1536
1455
1628
1629
1505
1617
1552
1718
1553
1717
1472
1566
1734
1733
1496
1497
1543
1567
1617
1699
1700
1631
1658
1659
1720
1738
1674
1694
1540
1745
1746
1572
1573
1547
1551
1548
1550
1679
1678
1510
1572
1511
1573
1732
1731
1706
1510
1511
1701
1725
1624
1537
1579
1538
1578
1601
1685
1686
1605
1606
1613
1638
1612
1639
1732
1731
1551
1550
1536
1707
1547
1548
1594
1707
1677
1595
1695
1616
1657
1625
1722
1570
1571
1729
1618
1619
1741
1742
1672
1673
1565
1567
1588
1603
1589
1604
1625
1611
1720
1728
1727
1605
1683
1606
1684
1619
1618
1614
1615
1692
1703
1693
1702
1726
1676
1675
1736
1737
1601
1681
1682
1596
1688
1689
1690
1602
1688
1698
1723
1724
1607
1608
1672
1673
1664
1665
1684
1683
1687
1666
1668
1667
1738
1696
1697
1708
1709
1694
1742
1741
1689
1710
1752
1751
1667
1668
1669
1741
1742
1739
1740
1715
1716
1749
1750
1711
1712
1717
1718
1698
1735
1721
1740
1739
1728
1727
1733
1734
1710
1715
1716
1745
1746
1744
1738
1729
1736
1751
1737
1752
1730
1730
1743
1749
1750
1754
1753
1749
1755
1750
1756
1755
1756
)


// ************************************************************************* //
