/*--------------------------------*- C++ -*----------------------------------*\
| =========                 |                                                 |
| \\      /  F ield         | OpenFOAM: The Open Source CFD Toolbox           |
|  \\    /   O peration     | Version:  2412                                  |
|   \\  /    A nd           | Website:  www.openfoam.com                      |
|    \\/     M anipulation  |                                                 |
\*---------------------------------------------------------------------------*/
FoamFile
{
    version     2.0;
    format      ascii;
    arch        "LSB;label=32;scalar=64";
    class       vectorField;
    location    "constant/polyMesh";
    object      points;
}
// * * * * * * * * * * * * * * * * * * * * * * * * * * * * * * * * * * * * * //


1962
(
(0 0 0)
(3 0 0)
(3 0.2 0)
(0 0.2 0)
(0 0 0.001)
(3 0 0.001)
(3 0.2 0.001)
(0 0.2 0.001)
(0.02383143811 0 0)
(0.05736439778 0 0)
(0.1005296341 0 0)
(0.1340629021 0 0)
(0.1578945592 0 0)
(0.1817259785 0 0)
(0.2152589163 0 0)
(0.2584242067 0 0)
(0.2919575898 0 0)
(0.3157893247 0 0)
(0.3396208105 0 0)
(0.3731538419 0 0)
(0.4163191325 0 0)
(0.449852421 0 0)
(0.4736840901 0 0)
(0.4975156441 0 0)
(0.5310487662 0 0)
(0.5742140595 0 0)
(0.6077472518 0 0)
(0.6315788556 0 0)
(0.655410476 0 0)
(0.6889436929 0 0)
(0.7321089848 0 0)
(0.7656420843 0 0)
(0.789473621 0 0)
(0.8133052271 0 0)
(0.8468384295 0 0)
(0.8900036893 0 0)
(0.923536762 0 0)
(0.9473682752 0 0)
(0.9711997017 0 0)
(1.004732649 0 0)
(1.047897883 0 0)
(1.081431168 0 0)
(1.105262834 0 0)
(1.129094178 0 0)
(1.162627003 0 0)
(1.205792292 0 0)
(1.239325774 0 0)
(1.263157583 0 0)
(1.286988986 0 0)
(1.320521897 0 0)
(1.363687262 0 0)
(1.397220782 0 0)
(1.421052617 0 0)
(1.444884193 0 0)
(1.478417355 0 0)
(1.521582645 0 0)
(1.555115807 0 0)
(1.578947383 0 0)
(1.602779218 0 0)
(1.636312738 0 0)
(1.679478103 0 0)
(1.713011014 0 0)
(1.736842417 0 0)
(1.760674226 0 0)
(1.794207708 0 0)
(1.837372997 0 0)
(1.870905822 0 0)
(1.894737166 0 0)
(1.918568832 0 0)
(1.952102117 0 0)
(1.995267351 0 0)
(2.028800298 0 0)
(2.052631725 0 0)
(2.076463238 0 0)
(2.109996311 0 0)
(2.15316157 0 0)
(2.186694773 0 0)
(2.210526379 0 0)
(2.234357916 0 0)
(2.267891015 0 0)
(2.311056307 0 0)
(2.344589524 0 0)
(2.368421144 0 0)
(2.392252748 0 0)
(2.425785941 0 0)
(2.468951234 0 0)
(2.502484356 0 0)
(2.52631591 0 0)
(2.550147579 0 0)
(2.583680868 0 0)
(2.626846158 0 0)
(2.66037919 0 0)
(2.684210675 0 0)
(2.70804241 0 0)
(2.741575793 0 0)
(2.784741084 0 0)
(2.818274022 0 0)
(2.842105441 0 0)
(2.865937098 0 0)
(2.899470366 0 0)
(2.942635602 0 0)
(2.976168562 0 0)
(3 0.02305852702 0)
(3 0.05519949981 0)
(3 0.1 0)
(3 0.1448005002 0)
(3 0.176941473 0)
(2.976168562 0.2 0)
(2.942635602 0.2 0)
(2.899470366 0.2 0)
(2.865937098 0.2 0)
(2.842105441 0.2 0)
(2.818274022 0.2 0)
(2.784741084 0.2 0)
(2.741575793 0.2 0)
(2.70804241 0.2 0)
(2.684210675 0.2 0)
(2.66037919 0.2 0)
(2.626846158 0.2 0)
(2.583680868 0.2 0)
(2.550147579 0.2 0)
(2.52631591 0.2 0)
(2.502484356 0.2 0)
(2.468951234 0.2 0)
(2.425785941 0.2 0)
(2.392252748 0.2 0)
(2.368421144 0.2 0)
(2.344589524 0.2 0)
(2.311056307 0.2 0)
(2.267891015 0.2 0)
(2.234357916 0.2 0)
(2.210526379 0.2 0)
(2.186694773 0.2 0)
(2.15316157 0.2 0)
(2.109996311 0.2 0)
(2.076463238 0.2 0)
(2.052631725 0.2 0)
(2.028800298 0.2 0)
(1.995267351 0.2 0)
(1.952102117 0.2 0)
(1.918568832 0.2 0)
(1.894737166 0.2 0)
(1.870905822 0.2 0)
(1.837372997 0.2 0)
(1.794207708 0.2 0)
(1.760674226 0.2 0)
(1.736842417 0.2 0)
(1.713011014 0.2 0)
(1.679478103 0.2 0)
(1.636312738 0.2 0)
(1.602779218 0.2 0)
(1.578947383 0.2 0)
(1.555115807 0.2 0)
(1.521582645 0.2 0)
(1.478417355 0.2 0)
(1.444884193 0.2 0)
(1.421052617 0.2 0)
(1.397220782 0.2 0)
(1.363687262 0.2 0)
(1.320521897 0.2 0)
(1.286988986 0.2 0)
(1.263157583 0.2 0)
(1.239325774 0.2 0)
(1.205792292 0.2 0)
(1.162627003 0.2 0)
(1.129094178 0.2 0)
(1.105262834 0.2 0)
(1.081431168 0.2 0)
(1.047897883 0.2 0)
(1.004732649 0.2 0)
(0.9711997017 0.2 0)
(0.9473682752 0.2 0)
(0.923536762 0.2 0)
(0.8900036893 0.2 0)
(0.8468384295 0.2 0)
(0.8133052271 0.2 0)
(0.789473621 0.2 0)
(0.7656420843 0.2 0)
(0.7321089848 0.2 0)
(0.6889436929 0.2 0)
(0.655410476 0.2 0)
(0.6315788556 0.2 0)
(0.6077472518 0.2 0)
(0.5742140595 0.2 0)
(0.5310487662 0.2 0)
(0.4975156441 0.2 0)
(0.4736840901 0.2 0)
(0.449852421 0.2 0)
(0.4163191325 0.2 0)
(0.3731538419 0.2 0)
(0.3396208105 0.2 0)
(0.3157893247 0.2 0)
(0.2919575898 0.2 0)
(0.2584242067 0.2 0)
(0.2152589163 0.2 0)
(0.1817259785 0.2 0)
(0.1578945592 0.2 0)
(0.1340629021 0.2 0)
(0.1005296341 0.2 0)
(0.05736439778 0.2 0)
(0.02383143811 0.2 0)
(0 0.176941473 0)
(0 0.1448005002 0)
(0 0.1 0)
(0 0.05519949981 0)
(0 0.02305852702 0)
(0.02383143811 0 0.001)
(0.05736439778 0 0.001)
(0.1005296341 0 0.001)
(0.1340629021 0 0.001)
(0.1578945592 0 0.001)
(0.1817259785 0 0.001)
(0.2152589163 0 0.001)
(0.2584242067 0 0.001)
(0.2919575898 0 0.001)
(0.3157893247 0 0.001)
(0.3396208105 0 0.001)
(0.3731538419 0 0.001)
(0.4163191325 0 0.001)
(0.449852421 0 0.001)
(0.4736840901 0 0.001)
(0.4975156441 0 0.001)
(0.5310487662 0 0.001)
(0.5742140595 0 0.001)
(0.6077472518 0 0.001)
(0.6315788556 0 0.001)
(0.655410476 0 0.001)
(0.6889436929 0 0.001)
(0.7321089848 0 0.001)
(0.7656420843 0 0.001)
(0.789473621 0 0.001)
(0.8133052271 0 0.001)
(0.8468384295 0 0.001)
(0.8900036893 0 0.001)
(0.923536762 0 0.001)
(0.9473682752 0 0.001)
(0.9711997017 0 0.001)
(1.004732649 0 0.001)
(1.047897883 0 0.001)
(1.081431168 0 0.001)
(1.105262834 0 0.001)
(1.129094178 0 0.001)
(1.162627003 0 0.001)
(1.205792292 0 0.001)
(1.239325774 0 0.001)
(1.263157583 0 0.001)
(1.286988986 0 0.001)
(1.320521897 0 0.001)
(1.363687262 0 0.001)
(1.397220782 0 0.001)
(1.421052617 0 0.001)
(1.444884193 0 0.001)
(1.478417355 0 0.001)
(1.521582645 0 0.001)
(1.555115807 0 0.001)
(1.578947383 0 0.001)
(1.602779218 0 0.001)
(1.636312738 0 0.001)
(1.679478103 0 0.001)
(1.713011014 0 0.001)
(1.736842417 0 0.001)
(1.760674226 0 0.001)
(1.794207708 0 0.001)
(1.837372997 0 0.001)
(1.870905822 0 0.001)
(1.894737166 0 0.001)
(1.918568832 0 0.001)
(1.952102117 0 0.001)
(1.995267351 0 0.001)
(2.028800298 0 0.001)
(2.052631725 0 0.001)
(2.076463238 0 0.001)
(2.109996311 0 0.001)
(2.15316157 0 0.001)
(2.186694773 0 0.001)
(2.210526379 0 0.001)
(2.234357916 0 0.001)
(2.267891015 0 0.001)
(2.311056307 0 0.001)
(2.344589524 0 0.001)
(2.368421144 0 0.001)
(2.392252748 0 0.001)
(2.425785941 0 0.001)
(2.468951234 0 0.001)
(2.502484356 0 0.001)
(2.52631591 0 0.001)
(2.550147579 0 0.001)
(2.583680868 0 0.001)
(2.626846158 0 0.001)
(2.66037919 0 0.001)
(2.684210675 0 0.001)
(2.70804241 0 0.001)
(2.741575793 0 0.001)
(2.784741084 0 0.001)
(2.818274022 0 0.001)
(2.842105441 0 0.001)
(2.865937098 0 0.001)
(2.899470366 0 0.001)
(2.942635602 0 0.001)
(2.976168562 0 0.001)
(3 0.02305852702 0.001)
(3 0.05519949981 0.001)
(3 0.1 0.001)
(3 0.1448005002 0.001)
(3 0.176941473 0.001)
(2.976168562 0.2 0.001)
(2.942635602 0.2 0.001)
(2.899470366 0.2 0.001)
(2.865937098 0.2 0.001)
(2.842105441 0.2 0.001)
(2.818274022 0.2 0.001)
(2.784741084 0.2 0.001)
(2.741575793 0.2 0.001)
(2.70804241 0.2 0.001)
(2.684210675 0.2 0.001)
(2.66037919 0.2 0.001)
(2.626846158 0.2 0.001)
(2.583680868 0.2 0.001)
(2.550147579 0.2 0.001)
(2.52631591 0.2 0.001)
(2.502484356 0.2 0.001)
(2.468951234 0.2 0.001)
(2.425785941 0.2 0.001)
(2.392252748 0.2 0.001)
(2.368421144 0.2 0.001)
(2.344589524 0.2 0.001)
(2.311056307 0.2 0.001)
(2.267891015 0.2 0.001)
(2.234357916 0.2 0.001)
(2.210526379 0.2 0.001)
(2.186694773 0.2 0.001)
(2.15316157 0.2 0.001)
(2.109996311 0.2 0.001)
(2.076463238 0.2 0.001)
(2.052631725 0.2 0.001)
(2.028800298 0.2 0.001)
(1.995267351 0.2 0.001)
(1.952102117 0.2 0.001)
(1.918568832 0.2 0.001)
(1.894737166 0.2 0.001)
(1.870905822 0.2 0.001)
(1.837372997 0.2 0.001)
(1.794207708 0.2 0.001)
(1.760674226 0.2 0.001)
(1.736842417 0.2 0.001)
(1.713011014 0.2 0.001)
(1.679478103 0.2 0.001)
(1.636312738 0.2 0.001)
(1.602779218 0.2 0.001)
(1.578947383 0.2 0.001)
(1.555115807 0.2 0.001)
(1.521582645 0.2 0.001)
(1.478417355 0.2 0.001)
(1.444884193 0.2 0.001)
(1.421052617 0.2 0.001)
(1.397220782 0.2 0.001)
(1.363687262 0.2 0.001)
(1.320521897 0.2 0.001)
(1.286988986 0.2 0.001)
(1.263157583 0.2 0.001)
(1.239325774 0.2 0.001)
(1.205792292 0.2 0.001)
(1.162627003 0.2 0.001)
(1.129094178 0.2 0.001)
(1.105262834 0.2 0.001)
(1.081431168 0.2 0.001)
(1.047897883 0.2 0.001)
(1.004732649 0.2 0.001)
(0.9711997017 0.2 0.001)
(0.9473682752 0.2 0.001)
(0.923536762 0.2 0.001)
(0.8900036893 0.2 0.001)
(0.8468384295 0.2 0.001)
(0.8133052271 0.2 0.001)
(0.789473621 0.2 0.001)
(0.7656420843 0.2 0.001)
(0.7321089848 0.2 0.001)
(0.6889436929 0.2 0.001)
(0.655410476 0.2 0.001)
(0.6315788556 0.2 0.001)
(0.6077472518 0.2 0.001)
(0.5742140595 0.2 0.001)
(0.5310487662 0.2 0.001)
(0.4975156441 0.2 0.001)
(0.4736840901 0.2 0.001)
(0.449852421 0.2 0.001)
(0.4163191325 0.2 0.001)
(0.3731538419 0.2 0.001)
(0.3396208105 0.2 0.001)
(0.3157893247 0.2 0.001)
(0.2919575898 0.2 0.001)
(0.2584242067 0.2 0.001)
(0.2152589163 0.2 0.001)
(0.1817259785 0.2 0.001)
(0.1578945592 0.2 0.001)
(0.1340629021 0.2 0.001)
(0.1005296341 0.2 0.001)
(0.05736439778 0.2 0.001)
(0.02383143811 0.2 0.001)
(0 0.176941473 0.001)
(0 0.1448005002 0.001)
(0 0.1 0.001)
(0 0.05519949981 0.001)
(0 0.02305852702 0.001)
(1.881976123 0.1788765925 0)
(1.116743715 0.02079326532 0)
(1.724601545 0.1788887132 0)
(1.274872698 0.02075366226 0)
(0.1699566989 0.02342189874 0)
(2.830043301 0.1765781013 0)
(2.043209722 0.02101014125 0)
(0.9567902778 0.1789898588 0)
(2.674575736 0.02096476031 0)
(0.3254242637 0.1790352397 0)
(0.7772346814 0.1789025957 0)
(2.222765319 0.02109740431 0)
(2.514074765 0.178887301 0)
(0.4859252347 0.02111269897 0)
(1.568832085 0.1787127094 0)
(1.431799243 0.02123779804 0)
(0.6196959264 0.1785782124 0)
(2.380304074 0.02142178763 0)
(1.90834554 0.02331029979 0)
(1.095571145 0.1787971838 0)
(2.060701611 0.1802282581 0)
(0.9392983893 0.0197717419 0)
(0.1470065108 0.1811270079 0)
(2.852993489 0.01887299206 0)
(1.748758321 0.02063877639 0)
(1.250756848 0.1784407751 0)
(0.799957674 0.01674466725 0)
(2.200042326 0.1832553328 0)
(2.696479086 0.1805025655 0)
(0.3035209141 0.01949743446 0)
(2.53827293 0.02039373581 0)
(0.4617270695 0.1796062642 0)
(0.6431802701 0.02235725123 0)
(2.35681973 0.1776427488 0)
(1.409482831 0.1775171715 0)
(1.591432449 0.02193007374 0)
(1.810174249 0.1705219218 0)
(1.187358661 0.02925556248 0)
(1.968005813 0.1693782348 0)
(1.032119102 0.03070318039 0)
(0.2318651718 0.02988699501 0)
(2.768134828 0.170113005 0)
(1.651386029 0.1737153023 0)
(1.343261043 0.03324238658 0)
(0.86812661 0.175338602 0)
(2.13187339 0.02466139797 0)
(0.3966053629 0.02822071703 0)
(2.603394637 0.171779283 0)
(0.7105263389 0.1709594331 0)
(2.289473661 0.02904056688 0)
(2.449395789 0.1714353749 0)
(0.5506042111 0.02856462509 0)
(1.498017836 0.1713860755 0)
(2.721733906 0.02129005183 0)
(0.278266094 0.1787099482 0)
(2.883073375 0.1739851219 0)
(0.1169266252 0.02601487812 0)
(0.7561479508 0.02808315353 0)
(2.243852049 0.1719168465 0)
(0.5148359733 0.1745387495 0)
(2.485164027 0.02546125048 0)
(0.1934536355 0.1713792342 0)
(2.806546364 0.02862076577 0)
(1.536730395 0.02699827406 0)
(1.141340598 0.1757228798 0)
(1.854339143 0.0268295837 0)
(1.30399691 0.1742043309 0)
(1.698658072 0.02446063228 0)
(1.973684734 0.02904053002 0)
(1.026315266 0.17095947 0)
(0.8683835391 0.02930107038 0)
(2.131616461 0.1706989296 0)
(0.4012076583 0.1706671257 0)
(2.598792342 0.02933287429 0)
(2.922412417 0.02773272572 0)
(0.07758758306 0.1722672743 0)
(2.970767042 0.1237934469 0)
(0.02923295754 0.07620655309 0)
(2.975920403 0.03967829912 0)
(0.02407959683 0.1603217009 0)
(2.004940096 0.1660187263 0)
(1.988488634 0.142228425 0)
(1.961142094 0.1392093925 0)
(2.01897845 0.1392370131 0)
(2.002394372 0.1154350311 0)
(2.030694306 0.1123296022 0)
(2.015280523 0.08913913598 0)
(2.042598959 0.08547316187 0)
(2.059082032 0.1095021763 0)
(2.070933371 0.08248349057 0)
(2.087069243 0.105934934 0)
(1.984214853 0.08838881918 0)
(2.10033501 0.07911137587 0)
(2.116980874 0.1018870186 0)
(2.079164536 0.05196524949 0)
(2.074036598 0.131646021 0)
(2.027244228 0.06306913179 0)
(2.132075199 0.07551766982 0)
(2.148454715 0.09885531426 0)
(2.163665074 0.07335002374 0)
(2.178148888 0.09710424883 0)
(2.164627969 0.121312559 0)
(2.194477505 0.1192633709 0)
(2.206095878 0.09446981379 0)
(2.222843868 0.1165457757 0)
(2.234533355 0.09063007194 0)
(2.251716786 0.1136855291 0)
(2.2635799 0.08670928854 0)
(2.280987726 0.1103083336 0)
(2.292797299 0.08347962255 0)
(2.309879122 0.1066309836 0)
(2.321277685 0.0805901063 0)
(2.337918943 0.1040258718 0)
(2.347911344 0.07862897167 0)
(2.365058746 0.1014892828 0)
(2.375286134 0.06982231406 0)
(2.392909504 0.0967624535 0)
(2.40557602 0.06835722253 0)
(2.422674094 0.09392920441 0)
(2.380006235 0.1262259943 0)
(2.327544098 0.1285697964 0)
(2.331816563 0.05948333416 0)
(2.435731965 0.07028844432 0)
(2.452993807 0.09423390635 0)
(2.24753805 0.06513578369 0)
(2.439283315 0.119422871 0)
(2.470140063 0.1163044841 0)
(2.482046547 0.09280703343 0)
(2.49832071 0.1131196065 0)
(2.509693392 0.0891973469 0)
(2.525227462 0.1106297483 0)
(2.537081655 0.0856962609 0)
(2.552763693 0.1080376875 0)
(2.56499499 0.08281510203 0)
(2.581374531 0.1048213833 0)
(2.538888083 0.1321905878 0)
(2.487563284 0.1386798805 0)
(2.520223802 0.06625686617 0)
(2.594997687 0.08004142293 0)
(2.613178161 0.1072993783 0)
(2.626324932 0.07676058773 0)
(2.643568535 0.1001091988 0)
(2.654941909 0.07406705861 0)
(2.67097891 0.09642297769 0)
(2.660809654 0.1213878092 0)
(2.686626792 0.1177318167 0)
(2.698017655 0.09302972049 0)
(2.714228355 0.1149323491 0)
(2.726502481 0.08881971023 0)
(2.744756249 0.1125348195 0)
(2.756712836 0.08496450527 0)
(2.775001459 0.1089050525 0)
(2.786490509 0.0816882299 0)
(2.804238863 0.1052109744 0)
(2.815415768 0.07875116065 0)
(2.832536681 0.1018063017 0)
(2.84357597 0.07572594175 0)
(2.860342686 0.09811237706 0)
(2.849605835 0.1246172159 0)
(2.87837812 0.121902711 0)
(2.890111645 0.09366755803 0)
(2.793656252 0.130468622 0)
(2.767125799 0.05474958882 0)
(2.676539062 0.1428069251 0)
(2.649093787 0.1445389659 0)
(2.908823748 0.118529091 0)
(2.925126159 0.08643024801 0)
(0.9950807227 0.03399484286 0)
(1.011698055 0.05761430535 0)
(1.03995847 0.05913625225 0)
(0.9812835712 0.06074751585 0)
(0.9973353876 0.08437214793 0)
(0.9693043243 0.08763568244 0)
(0.9846742086 0.1108229413 0)
(0.9574010408 0.1145268381 0)
(0.9409177394 0.0904920378 0)
(0.929066591 0.1175155451 0)
(0.9129307123 0.094063941 0)
(1.014886096 0.1088920002 0)
(0.8996649903 0.1208886241 0)
(0.8830191185 0.09811279387 0)
(0.920835459 0.1480346127 0)
(0.9259633694 0.0683531563 0)
(0.9727482275 0.1369245478 0)
(0.8679247997 0.1244822989 0)
(0.8515452834 0.1011446493 0)
(0.8363349253 0.1266499682 0)
(0.8218511113 0.1028957437 0)
(0.8353720306 0.07868743366 0)
(0.8055224953 0.08073662663 0)
(0.7939041218 0.1055301846 0)
(0.7771561319 0.08345422392 0)
(0.765466645 0.1093699277 0)
(0.7482832144 0.08631447088 0)
(0.7364200999 0.1132907114 0)
(0.7190122737 0.08969166639 0)
(0.7072027015 0.1165203774 0)
(0.6901208778 0.09336901639 0)
(0.6787223147 0.1194098937 0)
(0.6620810571 0.09597412824 0)
(0.6520886556 0.1213710283 0)
(0.6349412542 0.09851071724 0)
(0.624713866 0.1301776859 0)
(0.6070904964 0.1032375465 0)
(0.5944239799 0.1316427775 0)
(0.5773259059 0.1060707956 0)
(0.6199937645 0.07377400571 0)
(0.6724559023 0.07143020355 0)
(0.6681834375 0.1405166658 0)
(0.5642680352 0.1297115557 0)
(0.547006193 0.1057660936 0)
(0.7524619504 0.1348642162 0)
(0.5607166853 0.08057712904 0)
(0.5298599365 0.08369551588 0)
(0.5179534527 0.1071929666 0)
(0.5016792895 0.08688039348 0)
(0.490306608 0.1108026531 0)
(0.4747725376 0.08937025174 0)
(0.4629183451 0.1143037391 0)
(0.447236307 0.09196231254 0)
(0.4350050101 0.117184898 0)
(0.4186254687 0.09517861668 0)
(0.4611119174 0.06780941223 0)
(0.5124367159 0.06132011952 0)
(0.4797761981 0.1337431338 0)
(0.4050023127 0.1199585771 0)
(0.386821839 0.09270062165 0)
(0.3736750684 0.1232394123 0)
(0.3564314654 0.09989080118 0)
(0.3450580907 0.1259329414 0)
(0.3290210896 0.1035770223 0)
(0.3391903462 0.07861219082 0)
(0.3133732079 0.08226818327 0)
(0.3019823454 0.1069702795 0)
(0.2857716446 0.08506765086 0)
(0.2734975186 0.1111802898 0)
(0.2552437507 0.08746518054 0)
(0.2432871643 0.1150354947 0)
(0.2249985407 0.09109494747 0)
(0.213509491 0.1183117701 0)
(0.1957611365 0.09478902564 0)
(0.1845842324 0.1212488393 0)
(0.1674633191 0.09819369825 0)
(0.1564240303 0.1242740583 0)
(0.139657314 0.1018876229 0)
(0.1503941645 0.07538278408 0)
(0.1216218796 0.07809728895 0)
(0.1098883553 0.106332442 0)
(0.2063437478 0.06953137804 0)
(0.2328742013 0.1452504112 0)
(0.3234609375 0.05719307491 0)
(0.3509062126 0.0554610341 0)
(0.09117625151 0.08147090897 0)
(0.07487384139 0.113569752 0)
(1.463223644 0.1737558525 0)
(1.478076322 0.1452779812 0)
(1.509101053 0.1412255011 0)
(1.489030727 0.1178912189 0)
(1.460566082 0.1220066081 0)
(1.471077677 0.09667588639 0)
(1.444061624 0.1003372616 0)
(1.517600242 0.1123790885 0)
(1.433317966 0.1250546776 0)
(1.417334289 0.1030537361 0)
(1.406306505 0.1286573752 0)
(1.389559719 0.1058041989 0)
(1.401801023 0.08014811458 0)
(1.377891332 0.1325835105 0)
(1.360071957 0.1086875784 0)
(1.454158853 0.07559567767 0)
(1.480879212 0.07155203371 0)
(1.537846215 0.1327882683 0)
(1.544780689 0.1055319508 0)
(1.563838282 0.1240934555 0)
(1.571264084 0.09857687647 0)
(1.590197366 0.1174207634 0)
(1.5976854 0.09227045612 0)
(1.617678 0.1122272575 0)
(1.625461909 0.08533193574 0)
(1.64617106 0.1051920926 0)
(1.608193063 0.1399979724 0)
(1.654340584 0.07800993564 0)
(1.674504629 0.09770008109 0)
(1.576332352 0.07277468971 0)
(1.525663184 0.08585036166 0)
(1.347928586 0.136234659 0)
(1.330108425 0.111127615 0)
(1.463702625 0.04721816893 0)
(1.492948932 0.04725070623 0)
(1.629891056 0.05529289184 0)
(1.340264249 0.08524453436 0)
(1.312109693 0.08710459302 0)
(1.300906141 0.1118892239 0)
(1.284862218 0.09007131074 0)
(1.273160713 0.1135630628 0)
(1.257554628 0.09279935954 0)
(1.245282813 0.1161766896 0)
(1.228946144 0.09543652117 0)
(1.216333848 0.1192417901 0)
(1.199379331 0.09743514809 0)
(1.23964528 0.06837318288 0)
(1.186877309 0.1229642208 0)
(1.169910873 0.1013954256 0)
(1.297407937 0.06310000946 0)
(1.15760608 0.1259611037 0)
(1.14085299 0.1032923529 0)
(1.128979014 0.128257171 0)
(1.11288762 0.1069316187 0)
(1.123114652 0.08014721259 0)
(1.101505122 0.1309138049 0)
(1.085305639 0.1095751076 0)
(1.073706244 0.1334659518 0)
(1.220633857 0.02555219027 0)
(1.682894504 0.07217906392 0)
(1.702245591 0.090831293 0)
(1.694491928 0.1172109579 0)
(1.72101834 0.1102966774 0)
(1.728950704 0.08418265338 0)
(1.747697442 0.1043108759 0)
(1.756054711 0.07745284152 0)
(1.775187282 0.09828240206 0)
(1.784014009 0.07031024903 0)
(1.804358645 0.09194449777 0)
(1.768193923 0.1248051656 0)
(1.813299671 0.06295666384 0)
(1.834324983 0.08573045161 0)
(1.825319791 0.1136884462 0)
(1.854892409 0.1089648801 0)
(1.86311458 0.08029436598 0)
(1.883035405 0.102917324 0)
(1.891306842 0.07467169943 0)
(1.909775993 0.09580064475 0)
(1.917914053 0.06955807336 0)
(1.900869629 0.1183867244 0)
(1.715041489 0.1360251057 0)
(1.936251058 0.08966546336 0)
(1.847440534 0.1365721666 0)
(1.210374749 0.1465846835 0)
(0.5909806556 0.02483968535 0)
(2.409019344 0.1751603147 0)
(2.168055318 0.02409891951 0)
(0.8319446818 0.1759010805 0)
(0.4309273071 0.02522690883 0)
(2.569072693 0.1747730912 0)
(1.378159237 0.02708008039 0)
(1.778321485 0.173974933 0)
(1.261682458 0.1402884196 0)
(1.736158626 0.05985890052 0)
(2.956571996 0.1761210912 0)
(0.04342800433 0.02387890876 0)
(1.436922481 0.05818000525 0)
(0.7886336067 0.05828089529 0)
(2.211366393 0.1417191046 0)
(0.2915257554 0.1339836745 0)
(2.708474245 0.06601632546 0)
(0.3609464836 0.1488586758 0)
(2.639053516 0.05114132418 0)
(1.117348022 0.1566877451 0)
(2.268038406 0.1318080587 0)
(0.7319615936 0.06819194124 0)
(2.919410513 0.1740863482 0)
(0.08058948698 0.02591365185 0)
(2.728136421 0.1369864449 0)
(0.2718635791 0.06301355508 0)
(1.943831192 0.06452549924 0)
(1.206405257 0.05451928396 0)
(0.5444059816 0.1744954599 0)
(2.455594018 0.02550454006 0)
(1.058410336 0.1115859701 0)
(1.16951354 0.05578070332 0)
(1.153876781 0.03301514881 0)
(1.074396026 0.08831624179 0)
(1.065774363 0.02461792773 0)
(1.935117922 0.1757172009 0)
(2.29753058 0.1684727144 0)
(0.7024694204 0.03152728563 0)
(0.5802219365 0.1545757818 0)
(2.419778064 0.04542421823 0)
(2.583189417 0.146590701 0)
(0.4168105833 0.05340929895 0)
(1.687444712 0.1412830121 0)
(0.1728568496 0.1501502161 0)
(2.82714315 0.04984978389 0)
(1.620181944 0.1791925383 0)
(0.6792726931 0.02992540793 0)
(2.320727307 0.1700745921 0)
(2.664919112 0.1610555754 0)
(0.3350808879 0.03894442461 0)
(1.667512958 0.02699790243 0)
(1.059791551 0.1629749739 0)
(2.572914014 0.02804106411 0)
(0.4270859861 0.1719589359 0)
(0.8945741885 0.03065143671 0)
(2.105425811 0.1693485633 0)
(0.8343845536 0.03305391193 0)
(2.165615446 0.1669460881 0)
(1.310771591 0.03579901578 0)
(2.007205125 0.03992572028 0)
(0.992793797 0.1600733768 0)
(0.2080564234 0.02897663666 0)
(2.791943577 0.1710233633 0)
(1.528658583 0.1631504214 0)
(1.421823494 0.1510512309 0)
(1.366479681 0.05121135843 0)
(0.5247793811 0.1509068102 0)
(2.475220619 0.04909318979 0)
(1.45745791 0.02154477606 0)
(0.8828476171 0.05221957304 0)
(2.117152383 0.147780427 0)
(0.9630285302 0.03680551684 0)
(2.036938689 0.1632930457 0)
(1.791686423 0.04077521024 0)
(0.110178073 0.1675862247 0)
(2.889821927 0.03241377531 0)
(1.789797164 0.1466882698 0)
(1.044332366 0.1397744058 0)
(0.3515365533 0.1793613279 0)
(2.648463447 0.02063867208 0)
(1.366462829 0.159307104 0)
(0.6729682546 0.1771917809 0)
(2.327031745 0.02280821906 0)
(0.03336085379 0.1209227002 0)
(2.966639146 0.07907729979 0)
(2.616481105 0.1411870485 0)
(0.3835188951 0.0588129515 0)
(1.872718075 0.05424158413 0)
(1.558678075 0.1538283445 0)
(1.582662273 0.1585809498 0)
(0.1454712534 0.1466193488 0)
(2.854528747 0.05338065125 0)
(1.313797846 0.1395159081 0)
(2.096055292 0.02547050741 0)
(0.9039447067 0.1745294696 0)
(0.3350590244 0.1539077497 0)
(0.3095071216 0.1593981132 0)
(2.664940976 0.04609225032 0)
(2.690492878 0.04060188681 0)
(1.90821301 0.1764026453 0)
(1.919755487 0.157108531 0)
(1.893641412 0.1582247138 0)
(1.865626927 0.158520793 0)
(1.0925533 0.02337024577 0)
(1.106461819 0.04320995063 0)
(1.081523381 0.0444231486 0)
(1.322051269 0.06100076294 0)
(1.224274636 0.1752214574 0)
(1.938249692 0.02301952531 0)
(1.617464242 0.02588175434 0)
(1.603333295 0.04389876151 0)
(1.578126623 0.04412994385 0)
(2.719631183 0.1795787649 0)
(0.2803688174 0.02042123507 0)
(1.698980785 0.1785425271 0)
(0.7486005166 0.177608077 0)
(2.251399483 0.02239192303 0)
(0.5145170825 0.02204205664 0)
(2.485482918 0.1779579434 0)
(0.8030616649 0.176020628 0)
(0.7880403533 0.1593786613 0)
(0.8126461085 0.1513286201 0)
(2.196938335 0.02397937201 0)
(2.211959647 0.04062133872 0)
(2.187353891 0.04867137994 0)
(1.04166234 0.08788342696 0)
(1.17321557 0.1732445358 0)
(1.393884222 0.05381372461 0)
(1.406405294 0.02465517433 0)
(1.750563308 0.175750803 0)
(1.734763712 0.1560955834 0)
(2.381264061 0.1763470249 0)
(2.367692692 0.1525473848 0)
(2.391488917 0.1514296828 0)
(2.426528782 0.1466600816 0)
(0.6187359391 0.02365297512 0)
(0.6323073081 0.04745261519 0)
(0.6085110825 0.04857031715 0)
(0.5734712177 0.05333991841 0)
(2.540509591 0.1754158764 0)
(0.4594904087 0.02458412356 0)
(1.988522943 0.05735408304 0)
(1.016208206 0.139313973 0)
(2.355927508 0.0214974779 0)
(2.36807397 0.04232362768 0)
(0.6440724916 0.1785025221 0)
(0.6319260304 0.1576763723 0)
(1.710384097 0.06686925801 0)
(2.296342652 0.1357021643 0)
(0.7036573482 0.06429783566 0)
(2.52556057 0.156009307 0)
(0.4744394298 0.04399069297 0)
(0.2376907092 0.06142911459 0)
(2.762309291 0.1385708854 0)
(1.877761036 0.1359499726 0)
(0.09886840579 0.1376924445 0)
(2.901131594 0.06230755549 0)
(2.353332569 0.1275422359 0)
(0.6466674308 0.07245776406 0)
(1.240375307 0.1560759985 0)
(1.822291383 0.03120028179 0)
(1.435246163 0.1754159159 0)
(1.395102559 0.1550920188 0)
(2.938751031 0.1454826977 0)
(0.06124896916 0.05451730225 0)
(1.448708945 0.1487603777 0)
(1.334405239 0.1647749403 0)
(0.695163659 0.1409059935 0)
(2.304836341 0.05909400652 0)
(1.284449645 0.1532611275 0)
(2.052579855 0.06122592589 0)
(0.9474188802 0.138772837 0)
(1.552006376 0.07910540576 0)
(1.535502991 0.05682006402 0)
(2.86693936 0.1492644608 0)
(2.839953452 0.1509930248 0)
(0.13306064 0.05073553919 0)
(0.1600465482 0.04900697519 0)
(0.7238210983 0.1386678176 0)
(2.276178902 0.06133218238 0)
(0.9325314864 0.1767292462 0)
(2.067468513 0.02327072702 0)
(0.1776113791 0.07259729709 0)
(2.822388621 0.1274027029 0)
(1.097633275 0.06778656262 0)
(2.64191556 0.1720367831 0)
(0.3580844398 0.02796321686 0)
(2.241950497 0.1416274961 0)
(0.7580495035 0.05837250381 0)
(0.9526860131 0.06485163187 0)
(2.047351922 0.1351553294 0)
(2.797556927 0.05534959612 0)
(0.2024430731 0.1446504039 0)
(1.248963763 0.02458422861 0)
(1.261145613 0.04451455571 0)
(1.899329326 0.04939096333 0)
(2.856299138 0.1754159063 0)
(0.143700862 0.0245840937 0)
(1.883395845 0.02562873849 0)
(2.220710557 0.1774340146 0)
(0.7792894433 0.02256598542 0)
(2.513115385 0.02369357165 0)
(0.4868846146 0.1763064283 0)
(0.1711099084 0.1760405394 0)
(2.828890092 0.02395946061 0)
(1.725777986 0.02140032525 0)
(1.276254427 0.1766641281 0)
(1.843100324 0.0567602613 0)
(1.638881741 0.1310745923 0)
(2.45818674 0.1416024614 0)
(0.5418132603 0.05839753856 0)
(0.2368415615 0.1751916354 0)
(2.763158438 0.02480836457 0)
(2.735931626 0.06269350259 0)
(0.2640683745 0.1373064974 0)
(2.681307762 0.06937170323 0)
(0.3186922378 0.1306282968 0)
(1.117723356 0.1822415617 0)
(1.56703163 0.02063887965 0)
(0.8517373189 0.05451662587 0)
(2.148262681 0.1454833735 0)
(2.709728199 0.1582717223 0)
(0.2902718015 0.0417282777 0)
(0.8194536349 0.05773511804 0)
(2.180546365 0.1422648802 0)
(2.871092638 0.07245814912 0)
(0.1289073616 0.1275418509 0)
(1.428155405 0.07927631326 0)
(1.923987371 0.1153541157 0)
(1.955175936 0.1105277543 0)
(1.666462399 0.1231109825 0)
(2.54801626 0.06088003866 0)
(0.4519837397 0.1391199613 0)
(1.498984167 0.09187672302 0)
(1.7610348 0.04676585479 0)
(0.05479428908 0.1475292134 0)
(2.945205711 0.05247078656 0)
(1.089290973 0.1560034787 0)
(2.408815141 0.1224050479 0)
(0.5911848587 0.07759495207 0)
(1.771272296 0.02163596828 0)
(1.741138019 0.1304651921 0)
(1.37085731 0.07808767521 0)
(1.153690348 0.07970527789 0)
(2.115403161 0.0505671457 0)
(0.8845968374 0.1494328223 0)
(0.1040392913 0.05107082194 0)
(2.895960709 0.1489291781 0)
(1.760462935 0.1512966578 0)
(0.4986219178 0.1528419071 0)
(2.501378082 0.0471580929 0)
(1.270373599 0.06913362283 0)
(2.51270313 0.1348320044 0)
(0.4872968696 0.06516799565 0)
(0.7840079852 0.1352410268 0)
(2.215992015 0.06475897286 0)
(1.380946605 0.1785506556 0)
(1.5908633 0.180192623 0)
(2.152088316 0.04740581839 0)
(0.847911684 0.1525941785 0)
(2.339913049 0.1551259884 0)
(0.6600869511 0.04487401164 0)
(1.505906579 0.02479613863 0)
(1.508233093 0.06674347902 0)
(1.138555203 0.05709660856 0)
(0.5931679388 0.17837076 0)
(2.406832061 0.02162923995 0)
(2.190008665 0.07522340017 0)
(0.8099913354 0.1247765973 0)
(2.064633028 0.1572993876 0)
(0.935367826 0.04271806259 0)
(1.858936984 0.1796343153 0)
(1.79705905 0.1193253101 0)
(0.4700242826 0.1574187547 0)
(2.529975717 0.0425812453 0)
(2.553762413 0.1524181188 0)
(0.4462375869 0.04758188121 0)
(2.635628024 0.1237721187 0)
(0.3643719763 0.0762278813 0)
(0.4228009887 0.1468412276 0)
(2.577199011 0.05315877244 0)
(1.14877357 0.1510405332 0)
(1.559319524 0.05776151917 0)
(1.926015469 0.04515647242 0)
(1.42136544 0.04324642925 0)
(1.602312691 0.06878028817 0)
(0.04176861864 0.1785738599 0)
(2.958231381 0.02142614011 0)
(0.4993010658 0.04187744153 0)
(2.500698934 0.1581225585 0)
(1.706578442 0.158976194 0)
(2.810069505 0.1557356496 0)
(0.1899304955 0.04426435038 0)
(1.819497496 0.1405430789 0)
(0.3013607244 0.1788745243 0)
(2.698639276 0.02112547568 0)
(2.034828894 0.04073556505 0)
(0.9651694584 0.1592630249 0)
(0.02386702672 0.04120124574 0)
(2.976132973 0.1587987543 0)
(2.234750446 0.04308987479 0)
(0.7652495545 0.1569101252 0)
(1.285909662 0.04069040666 0)
(2.39264172 0.04482973501 0)
(0.6073582797 0.155170265 0)
(1.177986527 0.1478802396 0)
(0.3892611288 0.1464239596 0)
(2.610738871 0.05357604035 0)
(1.138413463 0.01853807526 0)
(0.8676940573 0.07619854464 0)
(2.132305941 0.1238014167 0)
(1.235358754 0.04350868829 0)
(2.565934031 0.1292287501 0)
(0.4340659685 0.07077124994 0)
(1.661949452 0.05266093393 0)
(0.5065565603 0.1297772021 0)
(2.49344344 0.07022279786 0)
(1.47968668 0.02816195797 0)
(2.040081578 0.1851182831 0)
(0.9599118659 0.01490142941 0)
(1.690135949 0.0481307032 0)
(2.686325974 0.1613820915 0)
(0.3136740261 0.03861790852 0)
(1.957359561 0.0830845195 0)
(2.69869099 0.1374703838 0)
(0.3013090104 0.06252961621 0)
(1.261860382 0.1612673238 0)
(1.838803049 0.160774191 0)
(2.942021425 0.1106625567 0)
(0.05797857468 0.0893374433 0)
(2.316321812 0.1504332414 0)
(0.6836781879 0.04956675862 0)
(0.6462764857 0.1420871847 0)
(2.353723514 0.0579128153 0)
(1.065594821 0.06365408394 0)
(2.739369866 0.1639075959 0)
(0.2606301344 0.03609240406 0)
(1.098262638 0.09044279855 0)
(1.716516035 0.04306765557 0)
(0.8997418998 0.07271504994 0)
(2.100258093 0.1272847652 0)
(1.62976881 0.1555880849 0)
(1.978283178 0.1191578844 0)
(1.737649154 0.0383463025 0)
(1.129008744 0.03726516501 0)
(2.197793911 0.1641465281 0)
(0.8022060893 0.03585347165 0)
(1.443924043 0.03708985763 0)
(1.658763683 0.1479656995 0)
(1.211429043 0.07938742417 0)
(1.581145716 0.1374767053 0)
(0.2862400661 0.1567084088 0)
(2.713759934 0.04329159115 0)
(1.64140279 0.03311468756 0)
(0.7401318917 0.1558019338 0)
(2.259868108 0.04419806615 0)
(1.935157257 0.1363285464 0)
(0.6634879699 0.01840110803 0)
(2.33651203 0.181598892 0)
(2.980302357 0.01957203395 0)
(0.01969764302 0.1804279661 0)
(1.94982117 0.04481141768 0)
(0.3727898611 0.1690004696 0)
(2.627210139 0.03099953044 0)
(0.4484820587 0.1644128878 0)
(2.551517941 0.03558711224 0)
(1.6052927 0.1628911513 0)
(2.672349695 0.1810296283 0)
(0.3276503054 0.0189703717 0)
(1.546573439 0.1791382951 0)
(2.17934234 0.1819958903 0)
(0.8206576604 0.01800410971 0)
(1.29539253 0.01903587124 0)
(2.784181849 0.1527552871 0)
(0.2158181506 0.04724471293 0)
(1.906490621 0.1402991284 0)
(0.1910719303 0.01868184992 0)
(2.80892807 0.1813181501 0)
(0.9782557349 0.180331178 0)
(2.021743876 0.01966849156 0)
(0.216518778 0.1656565128 0)
(2.783481222 0.03434348723 0)
(1.183364145 0.08035671697 0)
(0.123527357 0.1489083036 0)
(2.876472643 0.05109169636 0)
(1.074444961 0.1807505914 0)
(2.083729915 0.1779933572 0)
(0.9162701863 0.02200872017 0)
(2.595513232 0.1261923354 0)
(0.4044867679 0.07380766462 0)
(2.476209205 0.1571120766 0)
(0.5237907951 0.04288792343 0)
(2.559306666 0.01680438243 0)
(0.4406933336 0.1831956176 0)
(0.9108186041 0.04822850607 0)
(2.089181505 0.1517736987 0)
(2.874802238 0.0172370236 0)
(0.1251977622 0.1827629764 0)
(2.268902025 0.160306772 0)
(0.7310979751 0.03969322795 0)
(0.5350405529 0.128837199 0)
(2.464959447 0.07116280102 0)
(2.980546177 0.180679959 0)
(0.01945382286 0.01932004105 0)
(1.51564677 0.04578993799 0)
(1.200274423 0.1711115023 0)
(1.287568348 0.1299056268 0)
(0.2594524173 0.1655278168 0)
(2.740547583 0.03447218316 0)
(2.021335567 0.1820701117 0)
(0.9786644333 0.01792988831 0)
(0.5691096314 0.175149191 0)
(2.430890369 0.02485080905 0)
(1.233302768 0.1346533317 0)
(1.019992497 0.07862731416 0)
(2.224995547 0.157429984 0)
(0.7750044534 0.04257001595 0)
(1.347256313 0.06174216455 0)
(1.678638408 0.1630222227 0)
(0.5520305699 0.1515333994 0)
(2.44796943 0.04846660059 0)
(1.117475944 0.05956419742 0)
(1.415072902 0.06436589304 0)
(0.6569023425 0.1589973499 0)
(2.343097657 0.04100265006 0)
(0.1559835067 0.16407836 0)
(2.844016493 0.03592163995 0)
(0.1345607438 0.1651803702 0)
(2.865439256 0.03481962975 0)
(1.55499303 0.03867761681 0)
(1.036293742 0.1170141523 0)
(1.943835715 0.1555483811 0)
(0.6818733558 0.1576125689 0)
(2.318126644 0.04238743111 0)
(0.994813403 0.1311852838 0)
(2.006017276 0.06882623231 0)
(2.057286562 0.04117846395 0)
(0.9427134377 0.158821536 0)
(1.056994027 0.04450691858 0)
(1.966239075 0.06120081144 0)
(1.353723368 0.1793876397 0)
(1.881976123 0.1788765925 0.001)
(1.116743715 0.02079326532 0.001)
(1.724601545 0.1788887132 0.001)
(1.274872698 0.02075366226 0.001)
(0.1699566989 0.02342189874 0.001)
(2.830043301 0.1765781013 0.001)
(2.043209722 0.02101014125 0.001)
(0.9567902778 0.1789898588 0.001)
(2.674575736 0.02096476031 0.001)
(0.3254242637 0.1790352397 0.001)
(0.7772346814 0.1789025957 0.001)
(2.222765319 0.02109740431 0.001)
(2.514074765 0.178887301 0.001)
(0.4859252347 0.02111269897 0.001)
(1.568832085 0.1787127094 0.001)
(1.431799243 0.02123779804 0.001)
(0.6196959264 0.1785782124 0.001)
(2.380304074 0.02142178763 0.001)
(1.90834554 0.02331029979 0.001)
(1.095571145 0.1787971838 0.001)
(2.060701611 0.1802282581 0.001)
(0.9392983893 0.0197717419 0.001)
(0.1470065108 0.1811270079 0.001)
(2.852993489 0.01887299206 0.001)
(1.748758321 0.02063877639 0.001)
(1.250756848 0.1784407751 0.001)
(0.799957674 0.01674466725 0.001)
(2.200042326 0.1832553328 0.001)
(2.696479086 0.1805025655 0.001)
(0.3035209141 0.01949743446 0.001)
(2.53827293 0.02039373581 0.001)
(0.4617270695 0.1796062642 0.001)
(0.6431802701 0.02235725123 0.001)
(2.35681973 0.1776427488 0.001)
(1.409482831 0.1775171715 0.001)
(1.591432449 0.02193007374 0.001)
(1.810174249 0.1705219218 0.001)
(1.187358661 0.02925556248 0.001)
(1.968005813 0.1693782348 0.001)
(1.032119102 0.03070318039 0.001)
(0.2318651718 0.02988699501 0.001)
(2.768134828 0.170113005 0.001)
(1.651386029 0.1737153023 0.001)
(1.343261043 0.03324238658 0.001)
(0.86812661 0.175338602 0.001)
(2.13187339 0.02466139797 0.001)
(0.3966053629 0.02822071703 0.001)
(2.603394637 0.171779283 0.001)
(0.7105263389 0.1709594331 0.001)
(2.289473661 0.02904056688 0.001)
(2.449395789 0.1714353749 0.001)
(0.5506042111 0.02856462509 0.001)
(1.498017836 0.1713860755 0.001)
(2.721733906 0.02129005183 0.001)
(0.278266094 0.1787099482 0.001)
(2.883073375 0.1739851219 0.001)
(0.1169266252 0.02601487812 0.001)
(0.7561479508 0.02808315353 0.001)
(2.243852049 0.1719168465 0.001)
(0.5148359733 0.1745387495 0.001)
(2.485164027 0.02546125048 0.001)
(0.1934536355 0.1713792342 0.001)
(2.806546364 0.02862076577 0.001)
(1.536730395 0.02699827406 0.001)
(1.141340598 0.1757228798 0.001)
(1.854339143 0.0268295837 0.001)
(1.30399691 0.1742043309 0.001)
(1.698658072 0.02446063228 0.001)
(1.973684734 0.02904053002 0.001)
(1.026315266 0.17095947 0.001)
(0.8683835391 0.02930107038 0.001)
(2.131616461 0.1706989296 0.001)
(0.4012076583 0.1706671257 0.001)
(2.598792342 0.02933287429 0.001)
(2.922412417 0.02773272572 0.001)
(0.07758758306 0.1722672743 0.001)
(2.970767042 0.1237934469 0.001)
(0.02923295754 0.07620655309 0.001)
(2.975920403 0.03967829912 0.001)
(0.02407959683 0.1603217009 0.001)
(2.004940096 0.1660187263 0.001)
(1.988488634 0.142228425 0.001)
(1.961142094 0.1392093925 0.001)
(2.01897845 0.1392370131 0.001)
(2.002394372 0.1154350311 0.001)
(2.030694306 0.1123296022 0.001)
(2.015280523 0.08913913598 0.001)
(2.042598959 0.08547316187 0.001)
(2.059082032 0.1095021763 0.001)
(2.070933371 0.08248349057 0.001)
(2.087069243 0.105934934 0.001)
(1.984214853 0.08838881918 0.001)
(2.10033501 0.07911137587 0.001)
(2.116980874 0.1018870186 0.001)
(2.079164536 0.05196524949 0.001)
(2.074036598 0.131646021 0.001)
(2.027244228 0.06306913179 0.001)
(2.132075199 0.07551766982 0.001)
(2.148454715 0.09885531426 0.001)
(2.163665074 0.07335002374 0.001)
(2.178148888 0.09710424883 0.001)
(2.164627969 0.121312559 0.001)
(2.194477505 0.1192633709 0.001)
(2.206095878 0.09446981379 0.001)
(2.222843868 0.1165457757 0.001)
(2.234533355 0.09063007194 0.001)
(2.251716786 0.1136855291 0.001)
(2.2635799 0.08670928854 0.001)
(2.280987726 0.1103083336 0.001)
(2.292797299 0.08347962255 0.001)
(2.309879122 0.1066309836 0.001)
(2.321277685 0.0805901063 0.001)
(2.337918943 0.1040258718 0.001)
(2.347911344 0.07862897167 0.001)
(2.365058746 0.1014892828 0.001)
(2.375286134 0.06982231406 0.001)
(2.392909504 0.0967624535 0.001)
(2.40557602 0.06835722253 0.001)
(2.422674094 0.09392920441 0.001)
(2.380006235 0.1262259943 0.001)
(2.327544098 0.1285697964 0.001)
(2.331816563 0.05948333416 0.001)
(2.435731965 0.07028844432 0.001)
(2.452993807 0.09423390635 0.001)
(2.24753805 0.06513578369 0.001)
(2.439283315 0.119422871 0.001)
(2.470140063 0.1163044841 0.001)
(2.482046547 0.09280703343 0.001)
(2.49832071 0.1131196065 0.001)
(2.509693392 0.0891973469 0.001)
(2.525227462 0.1106297483 0.001)
(2.537081655 0.0856962609 0.001)
(2.552763693 0.1080376875 0.001)
(2.56499499 0.08281510203 0.001)
(2.581374531 0.1048213833 0.001)
(2.538888083 0.1321905878 0.001)
(2.487563284 0.1386798805 0.001)
(2.520223802 0.06625686617 0.001)
(2.594997687 0.08004142293 0.001)
(2.613178161 0.1072993783 0.001)
(2.626324932 0.07676058773 0.001)
(2.643568535 0.1001091988 0.001)
(2.654941909 0.07406705861 0.001)
(2.67097891 0.09642297769 0.001)
(2.660809654 0.1213878092 0.001)
(2.686626792 0.1177318167 0.001)
(2.698017655 0.09302972049 0.001)
(2.714228355 0.1149323491 0.001)
(2.726502481 0.08881971023 0.001)
(2.744756249 0.1125348195 0.001)
(2.756712836 0.08496450527 0.001)
(2.775001459 0.1089050525 0.001)
(2.786490509 0.0816882299 0.001)
(2.804238863 0.1052109744 0.001)
(2.815415768 0.07875116065 0.001)
(2.832536681 0.1018063017 0.001)
(2.84357597 0.07572594175 0.001)
(2.860342686 0.09811237706 0.001)
(2.849605835 0.1246172159 0.001)
(2.87837812 0.121902711 0.001)
(2.890111645 0.09366755803 0.001)
(2.793656252 0.130468622 0.001)
(2.767125799 0.05474958882 0.001)
(2.676539062 0.1428069251 0.001)
(2.649093787 0.1445389659 0.001)
(2.908823748 0.118529091 0.001)
(2.925126159 0.08643024801 0.001)
(0.9950807227 0.03399484286 0.001)
(1.011698055 0.05761430535 0.001)
(1.03995847 0.05913625225 0.001)
(0.9812835712 0.06074751585 0.001)
(0.9973353876 0.08437214793 0.001)
(0.9693043243 0.08763568244 0.001)
(0.9846742086 0.1108229413 0.001)
(0.9574010408 0.1145268381 0.001)
(0.9409177394 0.0904920378 0.001)
(0.929066591 0.1175155451 0.001)
(0.9129307123 0.094063941 0.001)
(1.014886096 0.1088920002 0.001)
(0.8996649903 0.1208886241 0.001)
(0.8830191185 0.09811279387 0.001)
(0.920835459 0.1480346127 0.001)
(0.9259633694 0.0683531563 0.001)
(0.9727482275 0.1369245478 0.001)
(0.8679247997 0.1244822989 0.001)
(0.8515452834 0.1011446493 0.001)
(0.8363349253 0.1266499682 0.001)
(0.8218511113 0.1028957437 0.001)
(0.8353720306 0.07868743366 0.001)
(0.8055224953 0.08073662663 0.001)
(0.7939041218 0.1055301846 0.001)
(0.7771561319 0.08345422392 0.001)
(0.765466645 0.1093699277 0.001)
(0.7482832144 0.08631447088 0.001)
(0.7364200999 0.1132907114 0.001)
(0.7190122737 0.08969166639 0.001)
(0.7072027015 0.1165203774 0.001)
(0.6901208778 0.09336901639 0.001)
(0.6787223147 0.1194098937 0.001)
(0.6620810571 0.09597412824 0.001)
(0.6520886556 0.1213710283 0.001)
(0.6349412542 0.09851071724 0.001)
(0.624713866 0.1301776859 0.001)
(0.6070904964 0.1032375465 0.001)
(0.5944239799 0.1316427775 0.001)
(0.5773259059 0.1060707956 0.001)
(0.6199937645 0.07377400571 0.001)
(0.6724559023 0.07143020355 0.001)
(0.6681834375 0.1405166658 0.001)
(0.5642680352 0.1297115557 0.001)
(0.547006193 0.1057660936 0.001)
(0.7524619504 0.1348642162 0.001)
(0.5607166853 0.08057712904 0.001)
(0.5298599365 0.08369551588 0.001)
(0.5179534527 0.1071929666 0.001)
(0.5016792895 0.08688039348 0.001)
(0.490306608 0.1108026531 0.001)
(0.4747725376 0.08937025174 0.001)
(0.4629183451 0.1143037391 0.001)
(0.447236307 0.09196231254 0.001)
(0.4350050101 0.117184898 0.001)
(0.4186254687 0.09517861668 0.001)
(0.4611119174 0.06780941223 0.001)
(0.5124367159 0.06132011952 0.001)
(0.4797761981 0.1337431338 0.001)
(0.4050023127 0.1199585771 0.001)
(0.386821839 0.09270062165 0.001)
(0.3736750684 0.1232394123 0.001)
(0.3564314654 0.09989080118 0.001)
(0.3450580907 0.1259329414 0.001)
(0.3290210896 0.1035770223 0.001)
(0.3391903462 0.07861219082 0.001)
(0.3133732079 0.08226818327 0.001)
(0.3019823454 0.1069702795 0.001)
(0.2857716446 0.08506765086 0.001)
(0.2734975186 0.1111802898 0.001)
(0.2552437507 0.08746518054 0.001)
(0.2432871643 0.1150354947 0.001)
(0.2249985407 0.09109494747 0.001)
(0.213509491 0.1183117701 0.001)
(0.1957611365 0.09478902564 0.001)
(0.1845842324 0.1212488393 0.001)
(0.1674633191 0.09819369825 0.001)
(0.1564240303 0.1242740583 0.001)
(0.139657314 0.1018876229 0.001)
(0.1503941645 0.07538278408 0.001)
(0.1216218796 0.07809728895 0.001)
(0.1098883553 0.106332442 0.001)
(0.2063437478 0.06953137804 0.001)
(0.2328742013 0.1452504112 0.001)
(0.3234609375 0.05719307491 0.001)
(0.3509062126 0.0554610341 0.001)
(0.09117625151 0.08147090897 0.001)
(0.07487384139 0.113569752 0.001)
(1.463223644 0.1737558525 0.001)
(1.478076322 0.1452779812 0.001)
(1.509101053 0.1412255011 0.001)
(1.489030727 0.1178912189 0.001)
(1.460566082 0.1220066081 0.001)
(1.471077677 0.09667588639 0.001)
(1.444061624 0.1003372616 0.001)
(1.517600242 0.1123790885 0.001)
(1.433317966 0.1250546776 0.001)
(1.417334289 0.1030537361 0.001)
(1.406306505 0.1286573752 0.001)
(1.389559719 0.1058041989 0.001)
(1.401801023 0.08014811458 0.001)
(1.377891332 0.1325835105 0.001)
(1.360071957 0.1086875784 0.001)
(1.454158853 0.07559567767 0.001)
(1.480879212 0.07155203371 0.001)
(1.537846215 0.1327882683 0.001)
(1.544780689 0.1055319508 0.001)
(1.563838282 0.1240934555 0.001)
(1.571264084 0.09857687647 0.001)
(1.590197366 0.1174207634 0.001)
(1.5976854 0.09227045612 0.001)
(1.617678 0.1122272575 0.001)
(1.625461909 0.08533193574 0.001)
(1.64617106 0.1051920926 0.001)
(1.608193063 0.1399979724 0.001)
(1.654340584 0.07800993564 0.001)
(1.674504629 0.09770008109 0.001)
(1.576332352 0.07277468971 0.001)
(1.525663184 0.08585036166 0.001)
(1.347928586 0.136234659 0.001)
(1.330108425 0.111127615 0.001)
(1.463702625 0.04721816893 0.001)
(1.492948932 0.04725070623 0.001)
(1.629891056 0.05529289184 0.001)
(1.340264249 0.08524453436 0.001)
(1.312109693 0.08710459302 0.001)
(1.300906141 0.1118892239 0.001)
(1.284862218 0.09007131074 0.001)
(1.273160713 0.1135630628 0.001)
(1.257554628 0.09279935954 0.001)
(1.245282813 0.1161766896 0.001)
(1.228946144 0.09543652117 0.001)
(1.216333848 0.1192417901 0.001)
(1.199379331 0.09743514809 0.001)
(1.23964528 0.06837318288 0.001)
(1.186877309 0.1229642208 0.001)
(1.169910873 0.1013954256 0.001)
(1.297407937 0.06310000946 0.001)
(1.15760608 0.1259611037 0.001)
(1.14085299 0.1032923529 0.001)
(1.128979014 0.128257171 0.001)
(1.11288762 0.1069316187 0.001)
(1.123114652 0.08014721259 0.001)
(1.101505122 0.1309138049 0.001)
(1.085305639 0.1095751076 0.001)
(1.073706244 0.1334659518 0.001)
(1.220633857 0.02555219027 0.001)
(1.682894504 0.07217906392 0.001)
(1.702245591 0.090831293 0.001)
(1.694491928 0.1172109579 0.001)
(1.72101834 0.1102966774 0.001)
(1.728950704 0.08418265338 0.001)
(1.747697442 0.1043108759 0.001)
(1.756054711 0.07745284152 0.001)
(1.775187282 0.09828240206 0.001)
(1.784014009 0.07031024903 0.001)
(1.804358645 0.09194449777 0.001)
(1.768193923 0.1248051656 0.001)
(1.813299671 0.06295666384 0.001)
(1.834324983 0.08573045161 0.001)
(1.825319791 0.1136884462 0.001)
(1.854892409 0.1089648801 0.001)
(1.86311458 0.08029436598 0.001)
(1.883035405 0.102917324 0.001)
(1.891306842 0.07467169943 0.001)
(1.909775993 0.09580064475 0.001)
(1.917914053 0.06955807336 0.001)
(1.900869629 0.1183867244 0.001)
(1.715041489 0.1360251057 0.001)
(1.936251058 0.08966546336 0.001)
(1.847440534 0.1365721666 0.001)
(1.210374749 0.1465846835 0.001)
(0.5909806556 0.02483968535 0.001)
(2.409019344 0.1751603147 0.001)
(2.168055318 0.02409891951 0.001)
(0.8319446818 0.1759010805 0.001)
(0.4309273071 0.02522690883 0.001)
(2.569072693 0.1747730912 0.001)
(1.378159237 0.02708008039 0.001)
(1.778321485 0.173974933 0.001)
(1.261682458 0.1402884196 0.001)
(1.736158626 0.05985890052 0.001)
(2.956571996 0.1761210912 0.001)
(0.04342800433 0.02387890876 0.001)
(1.436922481 0.05818000525 0.001)
(0.7886336067 0.05828089529 0.001)
(2.211366393 0.1417191046 0.001)
(0.2915257554 0.1339836745 0.001)
(2.708474245 0.06601632546 0.001)
(0.3609464836 0.1488586758 0.001)
(2.639053516 0.05114132418 0.001)
(1.117348022 0.1566877451 0.001)
(2.268038406 0.1318080587 0.001)
(0.7319615936 0.06819194124 0.001)
(2.919410513 0.1740863482 0.001)
(0.08058948698 0.02591365185 0.001)
(2.728136421 0.1369864449 0.001)
(0.2718635791 0.06301355508 0.001)
(1.943831192 0.06452549924 0.001)
(1.206405257 0.05451928396 0.001)
(0.5444059816 0.1744954599 0.001)
(2.455594018 0.02550454006 0.001)
(1.058410336 0.1115859701 0.001)
(1.16951354 0.05578070332 0.001)
(1.153876781 0.03301514881 0.001)
(1.074396026 0.08831624179 0.001)
(1.065774363 0.02461792773 0.001)
(1.935117922 0.1757172009 0.001)
(2.29753058 0.1684727144 0.001)
(0.7024694204 0.03152728563 0.001)
(0.5802219365 0.1545757818 0.001)
(2.419778064 0.04542421823 0.001)
(2.583189417 0.146590701 0.001)
(0.4168105833 0.05340929895 0.001)
(1.687444712 0.1412830121 0.001)
(0.1728568496 0.1501502161 0.001)
(2.82714315 0.04984978389 0.001)
(1.620181944 0.1791925383 0.001)
(0.6792726931 0.02992540793 0.001)
(2.320727307 0.1700745921 0.001)
(2.664919112 0.1610555754 0.001)
(0.3350808879 0.03894442461 0.001)
(1.667512958 0.02699790243 0.001)
(1.059791551 0.1629749739 0.001)
(2.572914014 0.02804106411 0.001)
(0.4270859861 0.1719589359 0.001)
(0.8945741885 0.03065143671 0.001)
(2.105425811 0.1693485633 0.001)
(0.8343845536 0.03305391193 0.001)
(2.165615446 0.1669460881 0.001)
(1.310771591 0.03579901578 0.001)
(2.007205125 0.03992572028 0.001)
(0.992793797 0.1600733768 0.001)
(0.2080564234 0.02897663666 0.001)
(2.791943577 0.1710233633 0.001)
(1.528658583 0.1631504214 0.001)
(1.421823494 0.1510512309 0.001)
(1.366479681 0.05121135843 0.001)
(0.5247793811 0.1509068102 0.001)
(2.475220619 0.04909318979 0.001)
(1.45745791 0.02154477606 0.001)
(0.8828476171 0.05221957304 0.001)
(2.117152383 0.147780427 0.001)
(0.9630285302 0.03680551684 0.001)
(2.036938689 0.1632930457 0.001)
(1.791686423 0.04077521024 0.001)
(0.110178073 0.1675862247 0.001)
(2.889821927 0.03241377531 0.001)
(1.789797164 0.1466882698 0.001)
(1.044332366 0.1397744058 0.001)
(0.3515365533 0.1793613279 0.001)
(2.648463447 0.02063867208 0.001)
(1.366462829 0.159307104 0.001)
(0.6729682546 0.1771917809 0.001)
(2.327031745 0.02280821906 0.001)
(0.03336085379 0.1209227002 0.001)
(2.966639146 0.07907729979 0.001)
(2.616481105 0.1411870485 0.001)
(0.3835188951 0.0588129515 0.001)
(1.872718075 0.05424158413 0.001)
(1.558678075 0.1538283445 0.001)
(1.582662273 0.1585809498 0.001)
(0.1454712534 0.1466193488 0.001)
(2.854528747 0.05338065125 0.001)
(1.313797846 0.1395159081 0.001)
(2.096055292 0.02547050741 0.001)
(0.9039447067 0.1745294696 0.001)
(0.3350590244 0.1539077497 0.001)
(0.3095071216 0.1593981132 0.001)
(2.664940976 0.04609225032 0.001)
(2.690492878 0.04060188681 0.001)
(1.90821301 0.1764026453 0.001)
(1.919755487 0.157108531 0.001)
(1.893641412 0.1582247138 0.001)
(1.865626927 0.158520793 0.001)
(1.0925533 0.02337024577 0.001)
(1.106461819 0.04320995063 0.001)
(1.081523381 0.0444231486 0.001)
(1.322051269 0.06100076294 0.001)
(1.224274636 0.1752214574 0.001)
(1.938249692 0.02301952531 0.001)
(1.617464242 0.02588175434 0.001)
(1.603333295 0.04389876151 0.001)
(1.578126623 0.04412994385 0.001)
(2.719631183 0.1795787649 0.001)
(0.2803688174 0.02042123507 0.001)
(1.698980785 0.1785425271 0.001)
(0.7486005166 0.177608077 0.001)
(2.251399483 0.02239192303 0.001)
(0.5145170825 0.02204205664 0.001)
(2.485482918 0.1779579434 0.001)
(0.8030616649 0.176020628 0.001)
(0.7880403533 0.1593786613 0.001)
(0.8126461085 0.1513286201 0.001)
(2.196938335 0.02397937201 0.001)
(2.211959647 0.04062133872 0.001)
(2.187353891 0.04867137994 0.001)
(1.04166234 0.08788342696 0.001)
(1.17321557 0.1732445358 0.001)
(1.393884222 0.05381372461 0.001)
(1.406405294 0.02465517433 0.001)
(1.750563308 0.175750803 0.001)
(1.734763712 0.1560955834 0.001)
(2.381264061 0.1763470249 0.001)
(2.367692692 0.1525473848 0.001)
(2.391488917 0.1514296828 0.001)
(2.426528782 0.1466600816 0.001)
(0.6187359391 0.02365297512 0.001)
(0.6323073081 0.04745261519 0.001)
(0.6085110825 0.04857031715 0.001)
(0.5734712177 0.05333991841 0.001)
(2.540509591 0.1754158764 0.001)
(0.4594904087 0.02458412356 0.001)
(1.988522943 0.05735408304 0.001)
(1.016208206 0.139313973 0.001)
(2.355927508 0.0214974779 0.001)
(2.36807397 0.04232362768 0.001)
(0.6440724916 0.1785025221 0.001)
(0.6319260304 0.1576763723 0.001)
(1.710384097 0.06686925801 0.001)
(2.296342652 0.1357021643 0.001)
(0.7036573482 0.06429783566 0.001)
(2.52556057 0.156009307 0.001)
(0.4744394298 0.04399069297 0.001)
(0.2376907092 0.06142911459 0.001)
(2.762309291 0.1385708854 0.001)
(1.877761036 0.1359499726 0.001)
(0.09886840579 0.1376924445 0.001)
(2.901131594 0.06230755549 0.001)
(2.353332569 0.1275422359 0.001)
(0.6466674308 0.07245776406 0.001)
(1.240375307 0.1560759985 0.001)
(1.822291383 0.03120028179 0.001)
(1.435246163 0.1754159159 0.001)
(1.395102559 0.1550920188 0.001)
(2.938751031 0.1454826977 0.001)
(0.06124896916 0.05451730225 0.001)
(1.448708945 0.1487603777 0.001)
(1.334405239 0.1647749403 0.001)
(0.695163659 0.1409059935 0.001)
(2.304836341 0.05909400652 0.001)
(1.284449645 0.1532611275 0.001)
(2.052579855 0.06122592589 0.001)
(0.9474188802 0.138772837 0.001)
(1.552006376 0.07910540576 0.001)
(1.535502991 0.05682006402 0.001)
(2.86693936 0.1492644608 0.001)
(2.839953452 0.1509930248 0.001)
(0.13306064 0.05073553919 0.001)
(0.1600465482 0.04900697519 0.001)
(0.7238210983 0.1386678176 0.001)
(2.276178902 0.06133218238 0.001)
(0.9325314864 0.1767292462 0.001)
(2.067468513 0.02327072702 0.001)
(0.1776113791 0.07259729709 0.001)
(2.822388621 0.1274027029 0.001)
(1.097633275 0.06778656262 0.001)
(2.64191556 0.1720367831 0.001)
(0.3580844398 0.02796321686 0.001)
(2.241950497 0.1416274961 0.001)
(0.7580495035 0.05837250381 0.001)
(0.9526860131 0.06485163187 0.001)
(2.047351922 0.1351553294 0.001)
(2.797556927 0.05534959612 0.001)
(0.2024430731 0.1446504039 0.001)
(1.248963763 0.02458422861 0.001)
(1.261145613 0.04451455571 0.001)
(1.899329326 0.04939096333 0.001)
(2.856299138 0.1754159063 0.001)
(0.143700862 0.0245840937 0.001)
(1.883395845 0.02562873849 0.001)
(2.220710557 0.1774340146 0.001)
(0.7792894433 0.02256598542 0.001)
(2.513115385 0.02369357165 0.001)
(0.4868846146 0.1763064283 0.001)
(0.1711099084 0.1760405394 0.001)
(2.828890092 0.02395946061 0.001)
(1.725777986 0.02140032525 0.001)
(1.276254427 0.1766641281 0.001)
(1.843100324 0.0567602613 0.001)
(1.638881741 0.1310745923 0.001)
(2.45818674 0.1416024614 0.001)
(0.5418132603 0.05839753856 0.001)
(0.2368415615 0.1751916354 0.001)
(2.763158438 0.02480836457 0.001)
(2.735931626 0.06269350259 0.001)
(0.2640683745 0.1373064974 0.001)
(2.681307762 0.06937170323 0.001)
(0.3186922378 0.1306282968 0.001)
(1.117723356 0.1822415617 0.001)
(1.56703163 0.02063887965 0.001)
(0.8517373189 0.05451662587 0.001)
(2.148262681 0.1454833735 0.001)
(2.709728199 0.1582717223 0.001)
(0.2902718015 0.0417282777 0.001)
(0.8194536349 0.05773511804 0.001)
(2.180546365 0.1422648802 0.001)
(2.871092638 0.07245814912 0.001)
(0.1289073616 0.1275418509 0.001)
(1.428155405 0.07927631326 0.001)
(1.923987371 0.1153541157 0.001)
(1.955175936 0.1105277543 0.001)
(1.666462399 0.1231109825 0.001)
(2.54801626 0.06088003866 0.001)
(0.4519837397 0.1391199613 0.001)
(1.498984167 0.09187672302 0.001)
(1.7610348 0.04676585479 0.001)
(0.05479428908 0.1475292134 0.001)
(2.945205711 0.05247078656 0.001)
(1.089290973 0.1560034787 0.001)
(2.408815141 0.1224050479 0.001)
(0.5911848587 0.07759495207 0.001)
(1.771272296 0.02163596828 0.001)
(1.741138019 0.1304651921 0.001)
(1.37085731 0.07808767521 0.001)
(1.153690348 0.07970527789 0.001)
(2.115403161 0.0505671457 0.001)
(0.8845968374 0.1494328223 0.001)
(0.1040392913 0.05107082194 0.001)
(2.895960709 0.1489291781 0.001)
(1.760462935 0.1512966578 0.001)
(0.4986219178 0.1528419071 0.001)
(2.501378082 0.0471580929 0.001)
(1.270373599 0.06913362283 0.001)
(2.51270313 0.1348320044 0.001)
(0.4872968696 0.06516799565 0.001)
(0.7840079852 0.1352410268 0.001)
(2.215992015 0.06475897286 0.001)
(1.380946605 0.1785506556 0.001)
(1.5908633 0.180192623 0.001)
(2.152088316 0.04740581839 0.001)
(0.847911684 0.1525941785 0.001)
(2.339913049 0.1551259884 0.001)
(0.6600869511 0.04487401164 0.001)
(1.505906579 0.02479613863 0.001)
(1.508233093 0.06674347902 0.001)
(1.138555203 0.05709660856 0.001)
(0.5931679388 0.17837076 0.001)
(2.406832061 0.02162923995 0.001)
(2.190008665 0.07522340017 0.001)
(0.8099913354 0.1247765973 0.001)
(2.064633028 0.1572993876 0.001)
(0.935367826 0.04271806259 0.001)
(1.858936984 0.1796343153 0.001)
(1.79705905 0.1193253101 0.001)
(0.4700242826 0.1574187547 0.001)
(2.529975717 0.0425812453 0.001)
(2.553762413 0.1524181188 0.001)
(0.4462375869 0.04758188121 0.001)
(2.635628024 0.1237721187 0.001)
(0.3643719763 0.0762278813 0.001)
(0.4228009887 0.1468412276 0.001)
(2.577199011 0.05315877244 0.001)
(1.14877357 0.1510405332 0.001)
(1.559319524 0.05776151917 0.001)
(1.926015469 0.04515647242 0.001)
(1.42136544 0.04324642925 0.001)
(1.602312691 0.06878028817 0.001)
(0.04176861864 0.1785738599 0.001)
(2.958231381 0.02142614011 0.001)
(0.4993010658 0.04187744153 0.001)
(2.500698934 0.1581225585 0.001)
(1.706578442 0.158976194 0.001)
(2.810069505 0.1557356496 0.001)
(0.1899304955 0.04426435038 0.001)
(1.819497496 0.1405430789 0.001)
(0.3013607244 0.1788745243 0.001)
(2.698639276 0.02112547568 0.001)
(2.034828894 0.04073556505 0.001)
(0.9651694584 0.1592630249 0.001)
(0.02386702672 0.04120124574 0.001)
(2.976132973 0.1587987543 0.001)
(2.234750446 0.04308987479 0.001)
(0.7652495545 0.1569101252 0.001)
(1.285909662 0.04069040666 0.001)
(2.39264172 0.04482973501 0.001)
(0.6073582797 0.155170265 0.001)
(1.177986527 0.1478802396 0.001)
(0.3892611288 0.1464239596 0.001)
(2.610738871 0.05357604035 0.001)
(1.138413463 0.01853807526 0.001)
(0.8676940573 0.07619854464 0.001)
(2.132305941 0.1238014167 0.001)
(1.235358754 0.04350868829 0.001)
(2.565934031 0.1292287501 0.001)
(0.4340659685 0.07077124994 0.001)
(1.661949452 0.05266093393 0.001)
(0.5065565603 0.1297772021 0.001)
(2.49344344 0.07022279786 0.001)
(1.47968668 0.02816195797 0.001)
(2.040081578 0.1851182831 0.001)
(0.9599118659 0.01490142941 0.001)
(1.690135949 0.0481307032 0.001)
(2.686325974 0.1613820915 0.001)
(0.3136740261 0.03861790852 0.001)
(1.957359561 0.0830845195 0.001)
(2.69869099 0.1374703838 0.001)
(0.3013090104 0.06252961621 0.001)
(1.261860382 0.1612673238 0.001)
(1.838803049 0.160774191 0.001)
(2.942021425 0.1106625567 0.001)
(0.05797857468 0.0893374433 0.001)
(2.316321812 0.1504332414 0.001)
(0.6836781879 0.04956675862 0.001)
(0.6462764857 0.1420871847 0.001)
(2.353723514 0.0579128153 0.001)
(1.065594821 0.06365408394 0.001)
(2.739369866 0.1639075959 0.001)
(0.2606301344 0.03609240406 0.001)
(1.098262638 0.09044279855 0.001)
(1.716516035 0.04306765557 0.001)
(0.8997418998 0.07271504994 0.001)
(2.100258093 0.1272847652 0.001)
(1.62976881 0.1555880849 0.001)
(1.978283178 0.1191578844 0.001)
(1.737649154 0.0383463025 0.001)
(1.129008744 0.03726516501 0.001)
(2.197793911 0.1641465281 0.001)
(0.8022060893 0.03585347165 0.001)
(1.443924043 0.03708985763 0.001)
(1.658763683 0.1479656995 0.001)
(1.211429043 0.07938742417 0.001)
(1.581145716 0.1374767053 0.001)
(0.2862400661 0.1567084088 0.001)
(2.713759934 0.04329159115 0.001)
(1.64140279 0.03311468756 0.001)
(0.7401318917 0.1558019338 0.001)
(2.259868108 0.04419806615 0.001)
(1.935157257 0.1363285464 0.001)
(0.6634879699 0.01840110803 0.001)
(2.33651203 0.181598892 0.001)
(2.980302357 0.01957203395 0.001)
(0.01969764302 0.1804279661 0.001)
(1.94982117 0.04481141768 0.001)
(0.3727898611 0.1690004696 0.001)
(2.627210139 0.03099953044 0.001)
(0.4484820587 0.1644128878 0.001)
(2.551517941 0.03558711224 0.001)
(1.6052927 0.1628911513 0.001)
(2.672349695 0.1810296283 0.001)
(0.3276503054 0.0189703717 0.001)
(1.546573439 0.1791382951 0.001)
(2.17934234 0.1819958903 0.001)
(0.8206576604 0.01800410971 0.001)
(1.29539253 0.01903587124 0.001)
(2.784181849 0.1527552871 0.001)
(0.2158181506 0.04724471293 0.001)
(1.906490621 0.1402991284 0.001)
(0.1910719303 0.01868184992 0.001)
(2.80892807 0.1813181501 0.001)
(0.9782557349 0.180331178 0.001)
(2.021743876 0.01966849156 0.001)
(0.216518778 0.1656565128 0.001)
(2.783481222 0.03434348723 0.001)
(1.183364145 0.08035671697 0.001)
(0.123527357 0.1489083036 0.001)
(2.876472643 0.05109169636 0.001)
(1.074444961 0.1807505914 0.001)
(2.083729915 0.1779933572 0.001)
(0.9162701863 0.02200872017 0.001)
(2.595513232 0.1261923354 0.001)
(0.4044867679 0.07380766462 0.001)
(2.476209205 0.1571120766 0.001)
(0.5237907951 0.04288792343 0.001)
(2.559306666 0.01680438243 0.001)
(0.4406933336 0.1831956176 0.001)
(0.9108186041 0.04822850607 0.001)
(2.089181505 0.1517736987 0.001)
(2.874802238 0.0172370236 0.001)
(0.1251977622 0.1827629764 0.001)
(2.268902025 0.160306772 0.001)
(0.7310979751 0.03969322795 0.001)
(0.5350405529 0.128837199 0.001)
(2.464959447 0.07116280102 0.001)
(2.980546177 0.180679959 0.001)
(0.01945382286 0.01932004105 0.001)
(1.51564677 0.04578993799 0.001)
(1.200274423 0.1711115023 0.001)
(1.287568348 0.1299056268 0.001)
(0.2594524173 0.1655278168 0.001)
(2.740547583 0.03447218316 0.001)
(2.021335567 0.1820701117 0.001)
(0.9786644333 0.01792988831 0.001)
(0.5691096314 0.175149191 0.001)
(2.430890369 0.02485080905 0.001)
(1.233302768 0.1346533317 0.001)
(1.019992497 0.07862731416 0.001)
(2.224995547 0.157429984 0.001)
(0.7750044534 0.04257001595 0.001)
(1.347256313 0.06174216455 0.001)
(1.678638408 0.1630222227 0.001)
(0.5520305699 0.1515333994 0.001)
(2.44796943 0.04846660059 0.001)
(1.117475944 0.05956419742 0.001)
(1.415072902 0.06436589304 0.001)
(0.6569023425 0.1589973499 0.001)
(2.343097657 0.04100265006 0.001)
(0.1559835067 0.16407836 0.001)
(2.844016493 0.03592163995 0.001)
(0.1345607438 0.1651803702 0.001)
(2.865439256 0.03481962975 0.001)
(1.55499303 0.03867761681 0.001)
(1.036293742 0.1170141523 0.001)
(1.943835715 0.1555483811 0.001)
(0.6818733558 0.1576125689 0.001)
(2.318126644 0.04238743111 0.001)
(0.994813403 0.1311852838 0.001)
(2.006017276 0.06882623231 0.001)
(2.057286562 0.04117846395 0.001)
(0.9427134377 0.158821536 0.001)
(1.056994027 0.04450691858 0.001)
(1.966239075 0.06120081144 0.001)
(1.353723368 0.1793876397 0.001)
)


// ************************************************************************* //
