/*--------------------------------*- C++ -*----------------------------------*\
| =========                 |                                                 |
| \\      /  F ield         | OpenFOAM: The Open Source CFD Toolbox           |
|  \\    /   O peration     | Version:  2412                                  |
|   \\  /    A nd           | Website:  www.openfoam.com                      |
|    \\/     M anipulation  |                                                 |
\*---------------------------------------------------------------------------*/
FoamFile
{
    version     2.0;
    format      ascii;
    arch        "LSB;label=32;scalar=64";
    class       faceList;
    location    "constant/polyMesh";
    object      faces;
}
// * * * * * * * * * * * * * * * * * * * * * * * * * * * * * * * * * * * * * //


583
(
4(70 106 172 136)
4(106 111 177 172)
4(70 136 177 111)
4(93 64 130 159)
4(93 159 173 107)
4(64 107 173 130)
4(69 94 160 135)
4(90 69 135 156)
4(90 156 160 94)
4(70 119 185 136)
4(106 172 185 119)
4(64 130 183 117)
4(93 117 183 159)
4(94 160 184 118)
4(69 118 184 135)
4(96 74 140 162)
4(96 162 164 98)
4(74 98 164 140)
4(98 164 165 99)
4(98 71 137 164)
4(71 99 165 137)
4(96 120 186 162)
4(74 140 186 120)
4(95 66 132 161)
4(95 161 162 96)
4(66 96 162 132)
4(94 160 161 95)
4(94 66 132 160)
4(97 163 176 110)
4(97 80 146 163)
4(80 110 176 146)
4(97 163 165 99)
4(97 98 164 163)
4(106 75 141 172)
4(75 111 177 141)
4(103 102 168 169)
4(103 169 185 119)
4(102 119 185 168)
4(103 117 183 169)
4(102 168 183 117)
4(95 97 163 161)
4(95 161 176 110)
4(80 146 165 99)
4(107 115 181 173)
4(93 159 181 115)
4(90 116 182 156)
4(69 135 182 116)
4(96 97 163 162)
4(73 139 182 116)
4(113 116 182 179)
4(73 113 179 139)
4(73 139 194 128)
4(116 128 194 182)
4(70 103 169 136)
4(71 137 180 114)
4(98 114 180 164)
4(86 152 167 101)
4(86 83 149 152)
4(83 101 167 149)
4(84 150 153 87)
4(85 87 153 151)
4(84 85 151 150)
4(93 86 152 159)
4(93 159 167 101)
4(90 87 153 156)
4(87 91 157 153)
4(90 156 157 91)
4(13 41 138 72)
4(14 72 138 42)
4(20 48 139 73)
4(21 73 139 49)
4(78 105 171 144)
4(105 106 172 171)
4(78 144 172 106)
4(17 45 166 100)
4(18 100 166 46)
4(68 17 45 134)
4(68 134 166 100)
4(71 137 142 76)
4(31 76 142 59)
4(71 31 59 137)
4(67 76 142 133)
4(32 60 142 76)
4(32 67 133 60)
4(76 99 165 142)
4(82 102 168 148)
4(101 82 148 167)
4(101 167 168 102)
4(12 64 130 40)
4(11 39 130 64)
4(18 46 131 65)
4(19 65 131 47)
4(67 133 171 105)
4(67 33 61 133)
4(33 105 171 61)
4(67 77 143 133)
4(76 142 143 77)
4(82 148 174 108)
4(79 108 174 145)
4(82 79 145 148)
4(102 168 174 108)
4(86 89 155 152)
4(85 86 152 151)
4(85 151 155 89)
4(86 92 158 152)
4(89 155 158 92)
4(10 38 169 103)
4(11 103 169 39)
4(12 107 173 40)
4(27 55 140 74)
4(28 74 140 56)
4(78 67 133 144)
4(77 143 165 99)
4(77 80 146 143)
4(87 88 154 153)
4(84 150 154 88)
4(88 90 156 154)
4(88 154 160 94)
4(34 62 141 75)
4(35 75 141 63)
4(105 75 141 171)
4(79 78 144 145)
4(78 108 174 144)
4(84 110 176 150)
4(81 84 150 147)
4(81 147 176 110)
4(85 83 149 151)
4(10 70 136 38)
4(9 37 136 70)
4(64 103 169 130)
4(13 41 173 107)
4(72 107 173 138)
4(16 44 134 68)
4(25 53 132 66)
4(26 66 132 54)
4(34 62 171 105)
4(77 78 144 143)
4(77 143 145 79)
4(81 82 148 147)
4(82 83 149 148)
4(81 147 149 83)
4(65 100 166 131)
4(19 104 170 47)
4(65 131 170 104)
4(20 48 170 104)
4(73 104 170 139)
4(106 108 174 172)
4(81 79 145 147)
4(88 110 176 154)
4(85 109 175 151)
4(87 153 175 109)
4(89 109 175 155)
4(92 158 159 93)
4(88 154 161 95)
4(83 84 150 149)
4(23 51 135 69)
4(24 69 135 52)
4(30 58 137 71)
4(79 80 146 145)
4(80 146 147 81)
4(91 157 175 109)
4(72 138 195 129)
4(72 112 178 138)
4(112 129 195 178)
4(115 72 138 181)
4(115 181 195 129)
4(9 111 177 37)
4(8 36 177 111)
4(16 112 178 44)
4(15 43 178 112)
4(23 113 179 51)
4(22 50 179 113)
4(66 132 184 118)
4(30 114 180 58)
4(29 57 180 114)
4(66 120 186 132)
4(69 113 179 135)
4(68 112 178 134)
4(74 114 180 140)
4(101 117 183 167)
4(25 53 184 118)
4(24 118 184 52)
4(108 174 185 119)
4(27 55 186 120)
4(26 120 186 54)
4(0 4 188 122)
4(8 122 188 36)
4(1 5 187 121)
4(15 121 187 43)
4(3 123 189 7)
4(28 56 189 123)
4(35 63 188 122)
4(29 123 189 57)
4(2 6 190 124)
4(22 124 190 50)
4(21 49 190 124)
4(14 42 187 121)
4(92 158 181 115)
4(91 116 182 157)
4(111 122 188 177)
4(112 121 187 178)
4(113 124 190 179)
4(72 138 187 121)
4(75 141 188 122)
4(73 139 190 124)
4(74 140 189 123)
4(114 123 189 180)
4(91 125 191 157)
4(125 128 194 191)
4(91 157 194 128)
4(125 191 193 127)
4(109 127 193 175)
4(125 109 175 191)
4(65 125 191 131)
4(65 131 193 127)
4(89 127 193 155)
4(104 125 191 170)
4(100 126 192 166)
4(68 134 192 126)
4(89 155 192 126)
4(92 126 192 158)
4(100 166 193 127)
4(126 127 193 192)
4(104 128 194 170)
4(126 192 195 129)
4(92 129 195 158)
4(68 134 195 129)
3(70 111 106)
3(136 172 177)
3(93 107 64)
3(159 130 173)
3(90 94 69)
3(156 135 160)
3(106 119 70)
3(172 136 185)
3(64 117 93)
3(130 159 183)
3(94 118 69)
3(160 135 184)
3(96 98 74)
3(162 140 164)
3(98 99 71)
3(164 137 165)
3(74 120 96)
3(140 162 186)
3(95 96 66)
3(161 132 162)
3(94 95 66)
3(160 132 161)
3(97 110 80)
3(163 146 176)
3(97 99 98)
3(163 164 165)
3(106 111 75)
3(172 141 177)
3(103 119 102)
3(169 168 185)
3(102 117 103)
3(168 169 183)
3(95 110 97)
3(161 163 176)
3(80 99 97)
3(146 163 165)
3(93 115 107)
3(159 173 181)
3(69 116 90)
3(135 156 182)
3(95 97 96)
3(161 162 163)
3(73 116 113)
3(139 179 182)
3(73 128 116)
3(139 182 194)
3(70 119 103)
3(136 169 185)
3(97 98 96)
3(163 162 164)
3(71 114 98)
3(137 164 180)
3(86 101 83)
3(152 149 167)
3(84 87 85)
3(150 151 153)
3(93 101 86)
3(159 152 167)
3(90 91 87)
3(156 153 157)
3(13 72 14)
3(41 42 138)
3(20 73 21)
3(48 49 139)
3(78 106 105)
3(144 171 172)
3(17 100 18)
3(45 46 166)
3(68 100 17)
3(134 45 166)
3(71 76 31)
3(137 59 142)
3(32 76 67)
3(60 133 142)
3(71 99 76)
3(137 142 165)
3(101 102 82)
3(167 148 168)
3(11 64 12)
3(39 40 130)
3(18 65 19)
3(46 47 131)
3(67 105 33)
3(133 61 171)
3(76 77 67)
3(142 133 143)
3(82 108 79)
3(148 145 174)
3(102 108 82)
3(168 148 174)
3(85 89 86)
3(151 152 155)
3(89 92 86)
3(155 152 158)
3(10 103 11)
3(38 39 169)
3(64 107 12)
3(130 40 173)
3(27 74 28)
3(55 56 140)
3(78 105 67)
3(144 133 171)
3(77 99 80)
3(143 146 165)
3(84 88 87)
3(150 153 154)
3(88 94 90)
3(154 156 160)
3(31 76 32)
3(59 60 142)
3(34 75 35)
3(62 63 141)
3(105 106 75)
3(171 141 172)
3(79 108 78)
3(145 144 174)
3(81 110 84)
3(147 150 176)
3(85 86 83)
3(151 149 152)
3(9 70 10)
3(37 38 136)
3(70 103 10)
3(136 38 169)
3(11 103 64)
3(39 130 169)
3(13 107 72)
3(41 138 173)
3(16 68 17)
3(44 45 134)
3(25 66 26)
3(53 54 132)
3(34 105 75)
3(62 141 171)
3(77 79 78)
3(143 144 145)
3(81 83 82)
3(147 148 149)
3(88 90 87)
3(154 153 156)
3(18 100 65)
3(46 131 166)
3(65 104 19)
3(131 47 170)
3(20 104 73)
3(48 139 170)
3(32 67 33)
3(60 61 133)
3(33 105 34)
3(61 62 171)
3(77 78 67)
3(143 133 144)
3(78 108 106)
3(144 172 174)
3(81 82 79)
3(147 145 148)
3(83 101 82)
3(149 148 167)
3(84 110 88)
3(150 154 176)
3(87 109 85)
3(153 151 175)
3(85 109 89)
3(151 155 175)
3(92 93 86)
3(158 152 159)
3(88 95 94)
3(154 160 161)
3(76 99 77)
3(142 143 165)
3(81 84 83)
3(147 149 150)
3(84 85 83)
3(150 149 151)
3(88 110 95)
3(154 161 176)
3(12 107 13)
3(40 41 173)
3(23 69 24)
3(51 52 135)
3(30 71 31)
3(58 59 137)
3(19 104 20)
3(47 48 170)
3(77 80 79)
3(143 145 146)
3(80 81 79)
3(146 145 147)
3(91 109 87)
3(157 153 175)
3(80 110 81)
3(146 147 176)
3(72 129 112)
3(138 178 195)
3(115 129 72)
3(181 138 195)
3(103 117 64)
3(169 130 183)
3(8 111 9)
3(36 37 177)
3(15 112 16)
3(43 44 178)
3(22 113 23)
3(50 51 179)
3(66 118 94)
3(132 160 184)
3(29 114 30)
3(57 58 180)
3(30 114 71)
3(58 137 180)
3(96 120 66)
3(162 132 186)
3(23 113 69)
3(51 135 179)
3(16 112 68)
3(44 134 178)
3(9 111 70)
3(37 136 177)
3(98 114 74)
3(164 140 180)
3(93 117 101)
3(159 167 183)
3(25 118 66)
3(53 132 184)
3(69 118 24)
3(135 52 184)
3(108 119 106)
3(174 172 185)
3(27 120 74)
3(55 140 186)
3(66 120 26)
3(132 54 186)
3(0 122 8)
3(4 36 188)
3(1 121 15)
3(5 43 187)
3(28 123 3)
3(56 7 189)
3(35 122 0)
3(63 4 188)
3(3 123 29)
3(7 57 189)
3(2 124 22)
3(6 50 190)
3(21 124 2)
3(49 6 190)
3(14 121 1)
3(42 5 187)
3(107 115 72)
3(173 138 181)
3(92 115 93)
3(158 159 181)
3(90 116 91)
3(156 157 182)
3(113 116 69)
3(179 135 182)
3(101 117 102)
3(167 168 183)
3(24 118 25)
3(52 53 184)
3(102 119 108)
3(168 174 185)
3(8 122 111)
3(36 177 188)
3(15 121 112)
3(43 178 187)
3(22 124 113)
3(50 179 190)
3(26 120 27)
3(54 55 186)
3(72 121 14)
3(138 42 187)
3(75 122 35)
3(141 63 188)
3(73 124 21)
3(139 49 190)
3(74 123 28)
3(140 56 189)
3(29 123 114)
3(57 180 189)
3(91 128 125)
3(157 191 194)
3(125 127 109)
3(191 175 193)
3(65 127 125)
3(131 191 193)
3(109 127 89)
3(175 155 193)
3(65 125 104)
3(131 170 191)
3(68 126 100)
3(134 166 192)
3(91 125 109)
3(157 175 191)
3(89 126 92)
3(155 158 192)
3(100 127 65)
3(166 131 193)
3(89 127 126)
3(155 192 193)
3(126 127 100)
3(192 166 193)
3(125 128 104)
3(191 170 194)
3(104 128 73)
3(170 139 194)
3(113 124 73)
3(179 139 190)
3(111 122 75)
3(177 141 188)
3(112 121 72)
3(178 138 187)
3(126 129 92)
3(192 158 195)
3(68 129 126)
3(134 192 195)
3(114 123 74)
3(180 140 189)
3(112 129 68)
3(178 134 195)
3(116 128 91)
3(182 157 194)
3(92 129 115)
3(158 181 195)
4(13 14 42 41)
4(20 21 49 48)
4(17 18 46 45)
4(11 12 40 39)
4(18 19 47 46)
4(10 11 39 38)
4(31 32 60 59)
4(34 35 63 62)
4(9 10 38 37)
4(16 17 45 44)
4(32 33 61 60)
4(33 34 62 61)
4(12 13 41 40)
4(30 31 59 58)
4(19 20 48 47)
4(8 9 37 36)
4(15 16 44 43)
4(29 30 58 57)
4(0 8 36 4)
4(1 15 43 5)
4(35 0 4 63)
4(3 29 57 7)
4(21 2 6 49)
4(14 1 5 42)
4(27 28 56 55)
4(25 26 54 53)
4(23 24 52 51)
4(22 23 51 50)
4(28 3 7 56)
4(2 22 50 6)
4(24 25 53 52)
4(26 27 55 54)
)


// ************************************************************************* //
