/*--------------------------------*- C++ -*----------------------------------*\
| =========                 |                                                 |
| \\      /  F ield         | OpenFOAM: The Open Source CFD Toolbox           |
|  \\    /   O peration     | Version:  2412                                  |
|   \\  /    A nd           | Website:  www.openfoam.com                      |
|    \\/     M anipulation  |                                                 |
\*---------------------------------------------------------------------------*/
FoamFile
{
    version     2.0;
    format      ascii;
    arch        "LSB;label=32;scalar=64";
    note        "nPoints:2316  nCells:2064  nFaces:7349  nInternalFaces:2971";
    class       labelList;
    location    "constant/polyMesh";
    object      neighbour;
}
// * * * * * * * * * * * * * * * * * * * * * * * * * * * * * * * * * * * * * //


2971
(
5
289
635
6
290
636
113
1215
2013
114
1216
2014
267
382
959
1172
1842
1173
1843
208
211
525
209
212
524
120
917
119
918
25
1737
1823
47
906
56
907
92
646
1013
93
626
998
41
153
1625
40
154
1624
177
1028
54
830
55
829
60
832
59
831
239
747
1718
240
746
1717
1033
36
99
355
37
100
354
107
124
873
108
123
872
121
131
1490
122
132
1489
61
105
1011
62
106
1006
42
1038
1816
43
1037
1815
1134
1805
1133
1806
103
524
997
104
525
1009
711
710
311
798
313
799
66
759
65
758
288
369
1253
1736
2008
71
647
692
72
648
693
149
182
1747
150
181
1746
101
308
1532
102
307
1533
329
1565
330
1566
1726
1997
135
551
1014
136
552
1015
355
1602
354
1603
176
1548
183
1562
159
484
1748
160
483
1749
1096
1220
1095
1219
75
270
1231
76
271
1232
147
503
816
148
502
815
86
584
85
583
168
592
1023
169
591
1024
1248
1337
1247
1338
157
573
1016
158
574
1017
173
342
904
175
341
905
139
335
1753
140
336
1752
97
1261
96
1262
253
1542
254
1543
245
395
1791
246
394
1792
118
513
2000
223
1135
1655
224
1136
1656
512
513
172
991
1238
171
996
1237
1956
2022
1957
2023
117
512
1996
1874
1887
1875
1886
1254
1872
1255
1873
487
488
614
615
671
851
672
850
557
656
2016
558
655
2015
145
1375
1618
146
1374
1617
186
364
187
363
186
547
1193
187
546
1194
165
1563
180
1559
1450
1732
1435
1721
1556
1937
1555
1936
955
1243
956
1244
210
227
937
276
881
1763
277
882
1762
194
714
1019
195
715
995
217
228
938
1323
1424
1322
1423
215
568
1763
216
569
1762
639
638
196
989
1041
197
1001
1040
186
320
187
322
366
1359
365
1358
273
380
789
272
381
790
202
1036
201
1035
443
588
444
587
159
1720
160
1719
198
479
827
199
480
828
491
1420
492
1419
624
640
2027
625
641
2026
665
666
302
301
328
526
1744
327
527
1743
522
1961
523
1960
786
1207
285
1187
1883
284
1188
1882
1421
1943
1422
1942
174
1288
1400
699
698
222
1317
1304
1476
231
1344
499
1836
1034
1667
421
1951
422
1950
837
1206
204
891
205
890
528
1839
241
729
1002
242
728
990
280
667
1518
281
668
1517
251
1010
1398
252
1005
1399
939
1438
940
1439
704
705
724
725
214
514
213
515
274
347
581
220
957
221
958
1279
1458
927
1531
928
1530
1299
1464
275
356
582
1646
2026
1647
2027
801
1514
641
1690
640
1691
545
544
964
1819
965
1820
802
1520
289
1361
1862
290
1362
1863
309
616
310
617
762
1826
432
763
431
764
375
405
737
374
406
736
535
621
536
618
232
391
1431
233
390
1430
800
1827
1335
1917
1336
1916
268
414
1433
269
413
1432
283
386
2063
278
791
993
279
792
994
306
590
305
589
753
754
454
561
1679
455
562
1678
415
1062
416
1061
631
1544
632
1545
286
1020
1026
287
1021
1027
763
764
890
1747
891
1746
316
557
1867
315
558
1866
317
684
696
318
683
697
304
687
706
303
686
707
263
529
692
264
530
693
1600
1601
1370
1757
1371
1756
436
975
1828
1899
1829
1898
661
1550
662
1549
595
1446
596
1447
379
1384
383
1389
1797
1813
1798
1814
777
776
285
502
284
503
398
605
663
399
664
573
574
797
796
435
1425
870
871
309
321
622
310
319
623
846
964
986
847
965
985
592
1471
591
1470
501
983
1931
500
984
1930
361
871
1000
362
870
999
400
401
758
759
1920
1921
370
1007
371
992
1174
1175
713
410
710
712
409
711
831
832
829
830
544
364
545
363
395
1077
358
591
357
592
394
1078
1031
1469
1032
1468
448
1901
447
1902
396
1609
397
1610
529
879
530
878
1551
1552
805
1696
1701
806
1697
1702
504
643
1220
505
642
1219
1122
1105
427
906
428
907
435
1034
436
1823
1045
1710
468
1261
467
1262
512
1435
513
1450
488
1358
487
1359
445
446
1044
1722
649
972
650
973
785
911
1098
784
912
1097
835
836
976
977
1919
2010
1918
2011
577
727
731
578
726
730
1162
1993
842
843
407
540
718
408
541
719
593
861
594
860
386
1329
1666
527
1918
526
1919
2033
2059
1117
1579
1118
1580
1171
1992
2034
2060
420
608
760
419
609
761
1455
804
1361
1415
803
1362
1416
404
1328
1661
1557
1558
429
918
430
917
1085
1086
1042
1079
1043
1080
1956
1957
1029
1719
1030
1720
493
655
743
494
656
742
1461
2045
1230
1448
1229
1449
1033
1028
1106
1416
1107
1415
579
706
1423
580
707
1424
926
925
423
1077
424
1078
581
1369
582
1382
721
1131
720
1130
713
1596
712
1595
1628
1869
1627
1870
614
1726
615
1736
562
1128
561
1129
624
1876
625
1877
585
1438
586
1439
458
944
1008
459
945
1012
1164
1165
471
538
810
472
539
809
638
1110
639
1111
497
641
778
498
640
779
482
575
481
576
666
665
698
699
560
624
681
559
625
682
540
567
750
557
595
602
558
596
601
1456
1496
1457
1497
496
913
1355
495
914
1356
833
834
704
1960
705
1961
724
1218
725
1217
541
572
755
508
550
1137
511
549
1132
1186
1221
1205
1222
599
671
712
600
672
713
571
897
570
898
753
1096
764
1438
754
1095
763
1439
583
700
1192
584
701
1191
1235
1832
1234
1833
780
1185
781
1184
1557
1558
834
1601
833
1600
661
662
776
1951
777
1950
797
796
596
1112
595
1113
729
1402
728
1401
559
1245
560
1246
637
1364
847
1335
846
1336
856
857
1096
1402
1095
1401
850
920
1283
851
919
1282
748
1328
589
1146
1680
590
1147
1681
749
1329
843
842
836
1552
835
1551
542
733
814
543
732
813
769
920
1255
768
919
1254
1078
1734
1077
1735
1460
1459
1201
1202
677
1363
818
817
700
1126
1348
701
1127
1349
675
829
1593
676
830
1594
572
931
567
934
903
1186
1341
593
963
594
962
618
621
727
1669
726
1670
563
564
733
1643
732
1644
908
1205
1345
689
880
688
883
651
1278
652
1277
556
670
1093
555
669
1094
616
895
617
896
1189
1190
1771
1772
827
1651
828
1650
716
1547
1554
717
1546
1553
1212
844
1097
845
1098
766
1436
767
1437
1123
1811
1812
859
1686
858
1687
769
1054
768
1055
1108
1633
1109
1634
1286
1287
1780
1781
1453
1683
1454
1684
935
1087
936
1088
1954
1955
1052
1053
739
774
777
738
775
776
873
970
872
971
789
831
790
832
711
1293
1755
710
1294
1754
1974
2045
649
1116
1538
650
1115
1539
950
1657
949
1658
976
1846
977
1847
1030
1858
1029
1859
637
677
840
841
1583
1541
1866
1540
1867
1578
957
958
1953
2000
663
1013
1676
664
998
1682
972
1852
973
1853
846
1511
847
1510
673
1137
1213
674
1132
1211
804
1441
803
1440
1025
1267
1268
1355
1407
1356
1406
1106
1863
1107
1862
1952
1996
818
848
817
849
1023
1024
821
1803
822
1804
683
988
989
684
987
1001
1089
1090
686
1020
1694
687
1021
1695
1086
1865
1085
1864
1460
1459
1134
1133
815
1059
816
1060
787
1493
788
1492
1037
1038
748
941
749
942
819
1566
820
1565
1058
813
827
1794
814
828
1793
689
1114
1648
918
1626
917
1621
688
1121
1649
1795
1800
1163
1394
1666
1166
1395
1661
1605
1604
726
1173
1535
727
1172
1534
1787
1998
1788
1999
1180
1181
1266
1265
1079
1882
1080
1883
1063
1064
1807
1808
1647
1876
1646
1877
1484
1750
1483
1751
734
1445
735
1444
823
2058
824
2057
1075
1838
1074
1837
839
953
1342
838
954
1343
1352
1351
1688
1689
813
1235
814
1234
932
933
951
1064
952
1063
782
1789
783
1790
792
1140
791
1141
1201
1896
1202
1895
854
1561
855
1560
1128
1892
1129
1893
1527
1526
1069
1070
1033
1727
794
959
1156
795
1157
1253
1402
1401
894
1028
899
1141
1308
900
1140
1307
1109
1108
960
981
961
982
1548
1836
974
1488
1984
873
1149
872
1148
1629
1630
1142
1167
1196
1143
1168
1197
968
1066
1074
969
1065
1075
1072
1926
1073
1927
877
1674
876
1675
815
1143
816
1142
1323
1703
1322
1704
818
1485
817
1486
1435
1723
840
916
841
915
1602
1603
1708
1709
1039
1491
1979
931
937
934
938
1945
1944
1575
1576
1562
1839
1341
1365
1345
1368
1663
1662
1551
1753
1552
1752
884
1413
2053
885
1414
2054
1072
1203
1073
1204
1164
1908
1165
1909
1580
1641
1579
1642
1496
1893
1497
1892
1868
1871
1180
1777
1906
1181
1776
1907
1768
1767
1498
1499
1450
1730
1267
1390
1268
1391
1035
1036
1833
1832
927
986
928
985
891
912
890
911
1388
1387
1084
1103
1824
1083
1104
1825
1083
1224
1084
1223
1043
1187
1042
1188
935
1200
936
1199
1322
1385
1323
1386
880
902
1176
883
901
1177
966
1177
1363
967
1176
1364
979
1226
1396
978
1225
1397
1221
1922
1222
1923
1962
1963
1271
1339
1404
1270
1340
1403
1125
1240
1124
1239
925
1486
926
1485
1210
1097
2061
1098
2062
1214
923
1617
924
1618
1089
1274
1751
1090
1275
1750
1051
1124
1844
1050
1125
1845
1286
1928
1287
1929
1288
1667
1174
1182
1175
1183
1052
1428
1053
1429
1612
1708
1613
1709
1137
1155
1132
1154
1514
1525
1528
1529
1494
1495
1519
1520
1231
1442
1632
1232
1443
1631
928
927
1290
1834
1289
1835
1102
1242
1101
1241
1280
1281
1374
1859
1375
1858
1035
1241
1036
1242
2056
2055
1419
1448
1584
1420
1449
1585
1233
1183
1794
1182
1793
1482
1152
1153
1269
1276
1683
1921
1684
1920
1067
1671
1068
1665
1157
1162
1384
1265
1778
1266
1779
1156
1171
1389
1307
1490
1783
1308
1489
1782
1285
1411
1284
1412
1606
1760
1607
1761
1590
1693
1589
1692
1662
1754
1663
1755
1366
1367
1320
1115
1838
1116
1837
1385
1801
1386
1802
1809
1810
1155
1839
1154
1836
1409
1501
1410
1500
1436
1595
1437
1596
2036
2035
1742
1766
1383
1645
2048
2047
1351
1474
1352
1475
1123
1233
1611
1024
1412
1023
1411
1557
1749
1558
1748
1930
1931
1392
1787
1393
1788
1852
1896
1576
1526
1527
1541
1895
1647
1862
1863
1853
1908
1928
1909
1929
1864
1529
1575
1846
1646
1865
1528
1847
1893
1892
1882
1883
1871
1922
1540
1868
1923
1567
1949
1229
1789
1230
1790
2053
2054
1184
1686
1185
1687
1614
1282
1283
1745
1786
1100
1392
1099
1393
1088
1087
1048
1195
1049
1198
1326
1740
1758
1327
1741
1759
1119
1208
1120
1209
1376
1456
1377
1457
1449
1448
1172
1281
1173
1280
1081
1189
1745
1082
1190
1742
1577
1946
1250
1305
1249
1306
1131
1658
1130
1657
1484
1483
1130
1521
1131
1522
1119
1158
1120
1159
1158
1661
1159
1666
1092
1357
1559
1436
1437
1270
1271
1091
1360
1563
1188
1187
1245
1615
1246
1616
1354
1353
2051
2050
1850
1851
2018
2017
1207
1273
1206
1272
1193
1215
1194
1216
1352
1426
1351
1427
1191
1349
1192
1348
1481
1568
1480
1569
1279
1570
1362
1361
1848
1849
1370
1390
1371
1391
1223
1925
1224
1924
1210
1707
1289
1290
1508
1887
1509
1886
1716
1715
1214
1700
1299
1597
1288
1378
1379
1462
1779
1463
1778
1497
1496
1812
1811
1398
1500
1399
1501
1297
1598
1761
1298
1599
1760
1204
1203
1306
1305
1325
1407
1903
1324
1406
1904
1759
2039
1758
2040
1243
1428
1244
1429
1295
1421
1653
1296
1422
1654
1161
1586
1160
1587
1826
1827
1897
1894
1178
1179
1256
1619
1257
1620
2033
1685
2023
1993
1992
1677
2022
1472
1672
1473
1673
1249
1313
1874
1250
1314
1875
2034
1650
1651
1417
1418
1208
1395
1209
1394
1902
1901
1194
1193
1196
1197
1900
1608
1588
1543
1542
1333
1478
1581
1582
1334
1479
1256
1632
1257
1631
2038
2037
1801
1802
1905
1731
1733
1259
1260
1357
1317
1826
1350
1476
1344
1827
1360
1830
1831
1470
1474
1471
1475
1300
1301
1525
1519
1481
1480
1427
1660
1426
1659
1468
1711
2010
1469
1712
2011
1944
1945
1264
1263
1320
1630
1629
1465
1796
1984
1776
1977
1777
1976
1245
1377
1246
1376
1623
1622
1294
1293
1574
1738
1573
1739
1805
1806
1272
1488
1635
1273
1491
1640
1564
1884
1885
1264
1263
1487
1799
1979
1333
1466
1334
1467
1685
1677
1291
1292
1768
1767
1277
1278
1365
1897
1302
1303
1405
1408
1554
1560
1553
1561
1368
1894
1589
1590
1652
1440
1441
1884
1885
1296
1910
1295
1911
2059
2060
1339
1340
1338
1343
1337
1342
1624
1625
1298
1297
1316
1315
1664
1848
1903
1849
1904
1312
1409
1311
1410
1985
2032
1330
1331
1802
1801
1312
1325
1506
1311
1324
1507
1881
1880
1331
1728
1330
1729
1346
1396
1347
1397
1570
1325
1326
1861
1324
1327
1860
1383
1519
1923
2007
1591
1592
1795
1800
1473
1472
1525
1922
2004
1365
1368
1545
1544
1381
1380
1838
1837
1466
1619
1620
1597
1467
1372
1445
1373
1444
1492
1493
1477
1727
1372
1547
1373
1546
1403
1404
1417
1549
1550
1418
1572
1571
1374
1375
1458
1710
1856
1857
1659
1660
1679
1678
1380
1574
1381
1573
1692
1693
1464
1722
1775
1479
1489
1490
1440
1663
1441
1662
1478
2003
2002
1855
1854
1822
1821
1653
1654
1959
1958
1477
1611
1880
1881
1417
1571
1881
1880
1418
1572
1656
1655
1421
1422
1719
1769
1720
1770
1754
1755
1945
1944
1704
1703
1614
1985
1705
1706
1585
1584
1890
1891
1888
1889
1648
1682
2063
1550
2011
1549
2010
1761
1760
1641
1924
1642
1925
1639
1901
1932
1638
1902
1933
1506
1861
1507
1860
1957
2023
1803
1804
1636
1738
1739
1956
2022
1830
2013
1831
2014
1637
1495
1997
1821
1822
1919
1918
1942
1943
1907
1906
2029
2028
1482
2019
1897
1894
1773
1774
1564
1554
1553
2061
2062
1494
2008
1731
1733
1830
1831
1772
1771
1701
1963
1702
1962
1988
1989
1784
1828
1785
1829
1785
1797
1784
1798
1656
1655
1874
1914
1875
1915
1810
1809
1797
1817
1798
1818
2031
1809
1819
1810
1820
1805
1811
1806
1812
2030
1791
1988
1792
1989
1818
1820
1817
1819
1947
1948
1548
1562
1748
1930
1749
1931
1629
1832
1630
1833
1697
2024
1696
2025
1683
1879
2040
1684
1878
2039
1834
2036
1835
2035
1940
1941
1622
1623
1698
1699
1561
1560
1681
1782
1680
1783
1707
1700
1985
1639
1638
1571
1635
1854
1913
1855
1912
1665
1577
1675
1674
1873
1872
1640
2031
2057
1968
1969
1743
2021
1744
2020
2030
2058
1624
1625
1713
1850
1714
1851
1626
1766
1724
1725
1764
1903
1765
1904
1966
1998
1967
1999
1926
1927
1671
1628
1910
1627
1911
1605
1604
1887
1886
1780
1781
1734
1961
1735
1960
1621
1786
1756
1851
1757
1850
1775
1718
1955
1717
1954
2032
1678
1935
1679
1934
2042
2041
2002
2003
1721
1770
1769
1732
1734
1735
1711
1712
1764
1936
1765
1937
1965
1652
1715
1664
1716
1969
1968
1964
1966
1967
1669
1752
1670
1753
1668
1823
2012
2001
2009
1793
1794
1665
2028
2029
1869
1870
1824
1825
1671
2032
1737
2019
1697
1696
1776
2021
1777
2020
1690
1691
1952
1974
1900
1741
1740
1953
1905
1712
1711
1834
1981
1835
1980
1738
1739
1844
1845
1789
1808
1790
1807
1916
1917
1975
2025
2024
1808
1807
1824
1854
1825
1855
1982
1947
1948
1715
1757
1856
1756
1857
1722
1948
1947
1723
1973
1804
1844
1803
1845
1949
1737
1914
1932
1915
1933
1732
1972
1972
1973
1946
1936
1937
1796
2037
2038
1799
1769
1770
1940
1941
1879
1878
1818
1817
1848
1849
1972
1780
1781
1934
1935
1938
2005
1939
2006
2019
1991
1990
1955
1954
1814
1813
1973
1912
1913
2050
2051
2052
1934
1935
2063
1898
1899
1872
1884
1873
1885
1900
1905
1889
1888
1909
1971
1992
1908
1970
1993
1962
2024
1963
2025
1991
1990
1981
1980
2003
2002
2041
2042
1878
1879
1994
1995
2015
2016
2049
1910
1911
2046
2027
2026
1916
1917
1986
1987
2055
2056
1933
1932
2005
2006
1968
1969
2039
2040
1938
1939
1950
1951
2043
2044
1966
1967
2017
2018
2029
2028
1978
1983
2009
2012
1989
1994
1988
1995
1978
1979
1983
1984
2033
2043
2034
2044
2001
1996
2009
1987
2020
1986
2021
2008
2035
2036
2000
2012
1997
2037
2038
2047
2048
2051
2050
2005
2006
2052
2031
2046
2030
2049
2047
2048
2018
2017
2054
2053
2059
2060
2052
2057
2058
2061
2062
)


// ************************************************************************* //
