/*--------------------------------*- C++ -*----------------------------------*\
| =========                 |                                                 |
| \\      /  F ield         | OpenFOAM: The Open Source CFD Toolbox           |
|  \\    /   O peration     | Version:  2412                                  |
|   \\  /    A nd           | Website:  www.openfoam.com                      |
|    \\/     M anipulation  |                                                 |
\*---------------------------------------------------------------------------*/
FoamFile
{
    version     2.0;
    format      ascii;
    arch        "LSB;label=32;scalar=64";
    class       vectorField;
    location    "constant/polyMesh";
    object      points;
}
// * * * * * * * * * * * * * * * * * * * * * * * * * * * * * * * * * * * * * //


2632
(
(-0.2 0.1 0)
(0 0.1 0)
(0 0 0)
(0.2 0 0)
(0.2 0.2 0)
(-0.2 0.2 0)
(-0.2 0.1 0.001)
(0 0.1 0.001)
(0 0 0.001)
(0.2 0 0.001)
(0.2 0.2 0.001)
(-0.2 0.2 0.001)
(-0.1925010481 0.1 0)
(-0.1854106431 0.1 0)
(-0.1780507577 0.1 0)
(-0.1704581474 0.1 0)
(-0.1632746021 0.1 0)
(-0.1560602005 0.1 0)
(-0.1484587177 0.1 0)
(-0.1411289088 0.1 0)
(-0.1340266631 0.1 0)
(-0.126500964 0.1 0)
(-0.1190307086 0.1 0)
(-0.1119480263 0.1 0)
(-0.1045583959 0.1 0)
(-0.09697848126 0.1 0)
(-0.08982230839 0.1 0)
(-0.08257679095 0.1 0)
(-0.07497014482 0.1 0)
(-0.06767066387 0.1 0)
(-0.06055244898 0.1 0)
(-0.05300379123 0.1 0)
(-0.0455625694 0.1 0)
(-0.03848346676 0.1 0)
(-0.03106428808 0.1 0)
(-0.02397523874 0.1 0)
(-0.0176850446 0.1 0)
(-0.01225131626 0.1 0)
(-0.007557437864 0.1 0)
(-0.003502672864 0.1 0)
(0 0.09666666667 0)
(0 0.09333333333 0)
(0 0.09 0)
(0 0.08666666667 0)
(0 0.08333333333 0)
(0 0.08 0)
(0 0.07666666667 0)
(0 0.07333333333 0)
(0 0.07 0)
(0 0.06666666667 0)
(0 0.06333333333 0)
(0 0.06 0)
(0 0.05666666667 0)
(0 0.05333333333 0)
(0 0.05 0)
(0 0.04666666667 0)
(0 0.04333333333 0)
(0 0.04 0)
(0 0.03666666667 0)
(0 0.03333333333 0)
(0 0.03 0)
(0 0.02666666667 0)
(0 0.02333333333 0)
(0 0.02 0)
(0 0.01666666667 0)
(0 0.01333333333 0)
(0 0.01 0)
(0 0.006666666667 0)
(0 0.003333333333 0)
(0.003266568729 0 0)
(0.006533137459 0 0)
(0.009799706188 0 0)
(0.01306627492 0 0)
(0.01633284365 0 0)
(0.01959941238 0 0)
(0.02286598111 0 0)
(0.02613254983 0 0)
(0.02939911856 0 0)
(0.03306670552 0 0)
(0.03816774786 0 0)
(0.04488158427 0 0)
(0.05244008039 0 0)
(0.0599419268 0 0)
(0.06705883635 0 0)
(0.07446955723 0 0)
(0.08208631112 0 0)
(0.08929286034 0 0)
(0.09654636784 0 0)
(0.1041782097 0 0)
(0.1115429305 0 0)
(0.1186748277 0 0)
(0.1262202207 0 0)
(0.1337368128 0 0)
(0.1408576127 0 0)
(0.148253069 0 0)
(0.1558758523 0 0)
(0.1630974222 0 0)
(0.1703349692 0 0)
(0.1779628224 0 0)
(0.1853429736 0 0)
(0.1924687692 0 0)
(0.2 0.007725137542 0)
(0.2 0.01850852783 0)
(0.2 0.03356088169 0)
(0.2 0.05457193006 0)
(0.2 0.08372913793 0)
(0.2 0.1162708621 0)
(0.2 0.1454280699 0)
(0.2 0.1664391183 0)
(0.2 0.1814914722 0)
(0.2 0.1922748625 0)
(0.1920558765 0.2 0)
(0.1827901487 0.2 0)
(0.1755207527 0.2 0)
(0.1663369196 0.2 0)
(0.1582486529 0.2 0)
(0.1504396555 0.2 0)
(0.1411084121 0.2 0)
(0.1338240853 0.2 0)
(0.124738647 0.2 0)
(0.1165037052 0.2 0)
(0.1088148373 0.2 0)
(0.09943448983 0.2 0)
(0.09212025751 0.2 0)
(0.08314971573 0.2 0)
(0.07476539674 0.2 0)
(0.0671815269 0.2 0)
(0.05776842929 0.2 0)
(0.05040929689 0.2 0)
(0.04157016754 0.2 0)
(0.03303370378 0.2 0)
(0.02553974396 0.2 0)
(0.01611025921 0.2 0)
(0.008691217182 0.2 0)
(0 0.2 0)
(-0.008691217182 0.2 0)
(-0.01611025921 0.2 0)
(-0.02553974396 0.2 0)
(-0.03303370378 0.2 0)
(-0.04157016754 0.2 0)
(-0.05040929689 0.2 0)
(-0.05776842929 0.2 0)
(-0.0671815269 0.2 0)
(-0.07476539674 0.2 0)
(-0.08314971573 0.2 0)
(-0.09212025751 0.2 0)
(-0.09943448983 0.2 0)
(-0.1088148373 0.2 0)
(-0.1165037052 0.2 0)
(-0.124738647 0.2 0)
(-0.1338240853 0.2 0)
(-0.1411084121 0.2 0)
(-0.1504396555 0.2 0)
(-0.1582486529 0.2 0)
(-0.1663369196 0.2 0)
(-0.1755207527 0.2 0)
(-0.1827901487 0.2 0)
(-0.1920558765 0.2 0)
(-0.2 0.192705191 0)
(-0.2 0.1826833601 0)
(-0.2 0.1689150617 0)
(-0.2 0.15 0)
(-0.2 0.1310849383 0)
(-0.2 0.1173166399 0)
(-0.2 0.107294809 0)
(-0.1925010481 0.1 0.001)
(-0.1854106431 0.1 0.001)
(-0.1780507577 0.1 0.001)
(-0.1704581474 0.1 0.001)
(-0.1632746021 0.1 0.001)
(-0.1560602005 0.1 0.001)
(-0.1484587177 0.1 0.001)
(-0.1411289088 0.1 0.001)
(-0.1340266631 0.1 0.001)
(-0.126500964 0.1 0.001)
(-0.1190307086 0.1 0.001)
(-0.1119480263 0.1 0.001)
(-0.1045583959 0.1 0.001)
(-0.09697848126 0.1 0.001)
(-0.08982230839 0.1 0.001)
(-0.08257679095 0.1 0.001)
(-0.07497014482 0.1 0.001)
(-0.06767066387 0.1 0.001)
(-0.06055244898 0.1 0.001)
(-0.05300379123 0.1 0.001)
(-0.0455625694 0.1 0.001)
(-0.03848346676 0.1 0.001)
(-0.03106428808 0.1 0.001)
(-0.02397523874 0.1 0.001)
(-0.0176850446 0.1 0.001)
(-0.01225131626 0.1 0.001)
(-0.007557437864 0.1 0.001)
(-0.003502672864 0.1 0.001)
(0 0.09666666667 0.001)
(0 0.09333333333 0.001)
(0 0.09 0.001)
(0 0.08666666667 0.001)
(0 0.08333333333 0.001)
(0 0.08 0.001)
(0 0.07666666667 0.001)
(0 0.07333333333 0.001)
(0 0.07 0.001)
(0 0.06666666667 0.001)
(0 0.06333333333 0.001)
(0 0.06 0.001)
(0 0.05666666667 0.001)
(0 0.05333333333 0.001)
(0 0.05 0.001)
(0 0.04666666667 0.001)
(0 0.04333333333 0.001)
(0 0.04 0.001)
(0 0.03666666667 0.001)
(0 0.03333333333 0.001)
(0 0.03 0.001)
(0 0.02666666667 0.001)
(0 0.02333333333 0.001)
(0 0.02 0.001)
(0 0.01666666667 0.001)
(0 0.01333333333 0.001)
(0 0.01 0.001)
(0 0.006666666667 0.001)
(0 0.003333333333 0.001)
(0.003266568729 0 0.001)
(0.006533137459 0 0.001)
(0.009799706188 0 0.001)
(0.01306627492 0 0.001)
(0.01633284365 0 0.001)
(0.01959941238 0 0.001)
(0.02286598111 0 0.001)
(0.02613254983 0 0.001)
(0.02939911856 0 0.001)
(0.03306670552 0 0.001)
(0.03816774786 0 0.001)
(0.04488158427 0 0.001)
(0.05244008039 0 0.001)
(0.0599419268 0 0.001)
(0.06705883635 0 0.001)
(0.07446955723 0 0.001)
(0.08208631112 0 0.001)
(0.08929286034 0 0.001)
(0.09654636784 0 0.001)
(0.1041782097 0 0.001)
(0.1115429305 0 0.001)
(0.1186748277 0 0.001)
(0.1262202207 0 0.001)
(0.1337368128 0 0.001)
(0.1408576127 0 0.001)
(0.148253069 0 0.001)
(0.1558758523 0 0.001)
(0.1630974222 0 0.001)
(0.1703349692 0 0.001)
(0.1779628224 0 0.001)
(0.1853429736 0 0.001)
(0.1924687692 0 0.001)
(0.2 0.007725137542 0.001)
(0.2 0.01850852783 0.001)
(0.2 0.03356088169 0.001)
(0.2 0.05457193006 0.001)
(0.2 0.08372913793 0.001)
(0.2 0.1162708621 0.001)
(0.2 0.1454280699 0.001)
(0.2 0.1664391183 0.001)
(0.2 0.1814914722 0.001)
(0.2 0.1922748625 0.001)
(0.1920558765 0.2 0.001)
(0.1827901487 0.2 0.001)
(0.1755207527 0.2 0.001)
(0.1663369196 0.2 0.001)
(0.1582486529 0.2 0.001)
(0.1504396555 0.2 0.001)
(0.1411084121 0.2 0.001)
(0.1338240853 0.2 0.001)
(0.124738647 0.2 0.001)
(0.1165037052 0.2 0.001)
(0.1088148373 0.2 0.001)
(0.09943448983 0.2 0.001)
(0.09212025751 0.2 0.001)
(0.08314971573 0.2 0.001)
(0.07476539674 0.2 0.001)
(0.0671815269 0.2 0.001)
(0.05776842929 0.2 0.001)
(0.05040929689 0.2 0.001)
(0.04157016754 0.2 0.001)
(0.03303370378 0.2 0.001)
(0.02553974396 0.2 0.001)
(0.01611025921 0.2 0.001)
(0.008691217182 0.2 0.001)
(0 0.2 0.001)
(-0.008691217182 0.2 0.001)
(-0.01611025921 0.2 0.001)
(-0.02553974396 0.2 0.001)
(-0.03303370378 0.2 0.001)
(-0.04157016754 0.2 0.001)
(-0.05040929689 0.2 0.001)
(-0.05776842929 0.2 0.001)
(-0.0671815269 0.2 0.001)
(-0.07476539674 0.2 0.001)
(-0.08314971573 0.2 0.001)
(-0.09212025751 0.2 0.001)
(-0.09943448983 0.2 0.001)
(-0.1088148373 0.2 0.001)
(-0.1165037052 0.2 0.001)
(-0.124738647 0.2 0.001)
(-0.1338240853 0.2 0.001)
(-0.1411084121 0.2 0.001)
(-0.1504396555 0.2 0.001)
(-0.1582486529 0.2 0.001)
(-0.1663369196 0.2 0.001)
(-0.1755207527 0.2 0.001)
(-0.1827901487 0.2 0.001)
(-0.1920558765 0.2 0.001)
(-0.2 0.192705191 0.001)
(-0.2 0.1826833601 0.001)
(-0.2 0.1689150617 0.001)
(-0.2 0.15 0.001)
(-0.2 0.1310849383 0.001)
(-0.2 0.1173166399 0.001)
(-0.2 0.107294809 0.001)
(0.00286707724 0.09842556363 0)
(0.00336201916 0.07849109265 0)
(0.1003176927 0.00717261806 0)
(0.09540016649 0.1934613003 0)
(0.002764190946 0.06172344165 0)
(0.002936183112 0.1017588355 0)
(0.005927722985 0.09999922376 0)
(-0.01005085277 0.1036306281 0)
(0.07064547642 0.00490998652 0)
(0.005993220153 0.1035880004 0)
(0.009173050656 0.1017778084 0)
(0.009170828528 0.1055024269 0)
(0.01244751712 0.1036265862 0)
(0.002886751346 0.035 0)
(0.01254776149 0.1074738874 0)
(0.0158065012 0.1053335271 0)
(0.003312080878 0.04796606747 0)
(0.06264308326 0.1934728893 0)
(0.0159630632 0.1095824546 0)
(0.01948781007 0.1072599801 0)
(0.0195721155 0.1117874357 0)
(0.02341650815 0.1097182341 0)
(0.01587471326 0.1138809627 0)
(0.01957045905 0.1162275542 0)
(0.02325300654 0.1047937411 0)
(0.02751692825 0.1074632103 0)
(0.01564319396 0.1183668979 0)
(0.03095061167 0.003415609651 0)
(-0.02090631769 0.1940298393 0)
(0.01951052202 0.1208119511 0)
(0.01538406035 0.1230445264 0)
(-0.1370304639 0.105952611 0)
(-0.0942869032 0.1062730522 0)
(-0.04175544652 0.1056666004 0)
(0.01945998319 0.1256146235 0)
(0.0151809799 0.1279649082 0)
(-0.06195042152 0.1924603322 0)
(0.0194039823 0.1305826836 0)
(0.1203248915 0.1931247937 0)
(-0.1122941507 0.1934523988 0)
(-0.1377759407 0.1921840767 0)
(0.01493525688 0.133034127 0)
(-0.08763498662 0.1932023279 0)
(0.02357770108 0.1281231747 0)
(0.01933851459 0.1357636924 0)
(0.003221503086 0.02141882666 0)
(0.145336941 0.1934750884 0)
(0.01470760882 0.1382811637 0)
(0.01020327346 0.1354328356 0)
(-0.06414966205 0.1060330244 0)
(-0.1154589843 0.1058213743 0)
(0.04949088938 0.006477471314 0)
(0.01925016336 0.1411108112 0)
(0.1221970029 0.006401955457 0)
(0.009925003114 0.1408236101 0)
(0.005129715793 0.1375898103 0)
(0.1442047479 0.008324753213 0)
(0.02103184053 0.002672956391 0)
(0.01182654301 0.09950354992 0)
(0.004955323029 0.1434651754 0)
(-8.831190562e-06 0.1399289835 0)
(-0.0001821380941 0.1465242455 0)
(-0.005171311763 0.1430933742 0)
(0.005144916679 0.1496127218 0)
(0.03836019673 0.193934372 0)
(0.1762180128 0.09790285316 0)
(-0.005553596026 0.1499033532 0)
(-0.01071118744 0.1461005035 0)
(0.006234232983 0.1075322724 0)
(-0.01034936536 0.1395628058 0)
(-0.01596319781 0.1424891828 0)
(-0.01632955429 0.1489036878 0)
(-0.02173684489 0.1453028598 0)
(-0.02214238242 0.151923541 0)
(-0.02775732683 0.1481246662 0)
(-0.163077292 0.1929689408 0)
(0.01239642283 0.1937973867 0)
(-0.02808977642 0.1548537469 0)
(-0.03392012592 0.1510771511 0)
(-0.1596553711 0.1073202771 0)
(0.002956581252 0.01156520215 0)
(-0.01556921903 0.1362120731 0)
(-0.03428119671 0.1581625171 0)
(-0.04018651164 0.1542069091 0)
(-0.03968901943 0.1471469113 0)
(-0.04606143278 0.1502218047 0)
(0.1667310923 0.006294621062 0)
(-0.04552345724 0.1431522224 0)
(-0.05195488396 0.1462001909 0)
(-0.05247291054 0.153319834 0)
(-0.05841308383 0.1492784746 0)
(-0.05893937323 0.1564648395 0)
(-0.06489535948 0.152405705 0)
(-0.06434901946 0.1451984339 0)
(-0.07086605186 0.1483171983 0)
(-0.0702974661 0.1411018553 0)
(-0.07683016106 0.1442172673 0)
(-0.07741199213 0.1514414345 0)
(-0.08341221763 0.1473466827 0)
(-0.08400009615 0.1546172281 0)
(-0.09004523653 0.1504670094 0)
(-0.09062798285 0.1578206362 0)
(-0.09669739387 0.1536310773 0)
(-0.09611006555 0.1463080625 0)
(-0.1027372497 0.1494450325 0)
(0.002555806566 0.0885038745 0)
(-0.02267210014 0.1588802088 0)
(-0.1021526282 0.1421512677 0)
(-0.1087604239 0.1452834066 0)
(-0.1093595032 0.1525951754 0)
(-0.1154141932 0.1483825723 0)
(-0.116029412 0.1557653526 0)
(-0.1221629749 0.1515365599 0)
(-0.1215177254 0.1438800454 0)
(-0.1286595315 0.1468487117 0)
(-0.1293601995 0.1551039817 0)
(-0.0208350843 0.1048394322 0)
(-0.1363025482 0.1504739154 0)
(0.0788393067 0.1932896928 0)
(-0.004550868801 0.1940341844 0)
(-0.04563937295 0.19373912 0)
(-0.07632528177 0.1369871735 0)
(0.171327878 0.1919449731 0)
(0.01164344415 0.1201491393 0)
(-0.136884765 0.1590270206 0)
(-0.01006927067 0.1332347721 0)
(-0.1355621519 0.1416907478 0)
(-0.08456620035 0.1619578153 0)
(0.01101141082 0.002678427258 0)
(-0.0406244707 0.1613413378 0)
(0.08657636271 0.007117436108 0)
(-0.09122906967 0.1652400671 0)
(-0.1438089387 0.1456366762 0)
(-0.06370482614 0.1381131985 0)
(0.002886751346 0.02833333333 0)
(-0.03920598444 0.1400991762 0)
(-0.04497139342 0.1361368011 0)
(-0.03846156 0.1333594307 0)
(-0.03461449441 0.1653333727 0)
(0.002798114527 0.04207078163 0)
(0.003236280466 0.07174322053 0)
(0.002600837941 0.05522700158 0)
(-0.01518893915 0.1300405129 0)
(-0.00984458358 0.127235052 0)
(-0.0786274356 0.1057845891 0)
(-0.1791554507 0.1937045184 0)
(0.02397811236 0.1384957453 0)
(0.02393029676 0.1439878081 0)
(0.02880646352 0.1412880424 0)
(0.02873178014 0.1469467466 0)
(0.03373457593 0.1441840071 0)
(0.03364670863 0.1499784836 0)
(0.03875085045 0.1471412165 0)
(0.03877213815 0.1413620063 0)
(0.0439550772 0.1441221088 0)
(0.04406982034 0.1381702978 0)
(0.04957141352 0.1411362494 0)
(0.04972990858 0.1345453481 0)
(0.0556874195 0.1381347317 0)
(0.05577936585 0.1309535297 0)
(0.06207396701 0.1346890581 0)
(0.06213060684 0.1272537046 0)
(0.06875719565 0.1312569664 0)
(0.06923298173 0.1232007893 0)
(0.06245187965 0.1421045111 0)
(0.04446151287 0.1495929641 0)
(0.0765856057 0.1279936997 0)
(0.07671938309 0.1186105546 0)
(0.06762413231 0.1144817584 0)
(0.0763361507 0.1094398739 0)
(0.06801872116 0.104950903 0)
(0.07589585247 0.1005340219 0)
(0.06794318596 0.0963679243 0)
(0.07548275667 0.09195274141 0)
(0.06809189047 0.08809791033 0)
(0.07516192313 0.08358766629 0)
(0.06787253358 0.07997488497 0)
(0.07476717612 0.07547428995 0)
(0.06760859032 0.0718420621 0)
(0.02738850615 0.1023359795 0)
(0.07437273553 0.0674377615 0)
(0.06738924479 0.06380097901 0)
(0.06078353043 0.06805081534 0)
(0.06059977524 0.0603658398 0)
(0.05439222291 0.0641960152 0)
(0.05407406885 0.05721093096 0)
(0.04829749476 0.06072836178 0)
(0.04798134482 0.05419256609 0)
(0.04239153449 0.05758777504 0)
(0.04223139786 0.05135798563 0)
(0.07399651002 0.05946709662 0)
(0.08122642025 0.06316186966 0)
(0.08273617684 0.0874155281 0)
(0.04267620583 0.0639077937 0)
(0.02848450197 0.1527932763 0)
(0.04754953182 0.0478050558 0)
(0.04191914406 0.04512981396 0)
(0.03692737613 0.04850067691 0)
(0.03655072436 0.04266085545 0)
(0.08084003825 0.05491943121 0)
(0.08829119222 0.05875805217 0)
(0.08502489866 0.1234455436 0)
(0.08461930611 0.1336199737 0)
(0.03190444956 0.04567582488 0)
(0.03155078715 0.04031956548 0)
(0.047021901 0.04160081909 0)
(0.0318798162 0.1048872548 0)
(0.03173688196 0.09971464067 0)
(0.08793446927 0.05018289647 0)
(0.09564298854 0.05421157481 0)
(0.08065290838 0.04691967382 0)
(0.09422680743 0.1286117824 0)
(0.09382080841 0.1397657801 0)
(0.02721878717 0.04325524065 0)
(0.0274920648 0.04835998126 0)
(0.02688935668 0.03809927234 0)
(0.03106855427 0.03514703161 0)
(0.02650760669 0.03302195418 0)
(0.03056751137 0.03012376022 0)
(0.02614524852 0.02807313671 0)
(0.03009504267 0.02519804944 0)
(0.02572216735 0.02333034907 0)
(0.03186941216 0.1102461129 0)
(0.10379645 0.134470632 0)
(0.1043587473 0.1222310223 0)
(0.02717859673 0.09724998909 0)
(0.03156892216 0.09449603854 0)
(0.02698184885 0.09211787655 0)
(0.03136675588 0.08928890294 0)
(0.02677029759 0.08691974242 0)
(0.03609279648 0.09169451186 0)
(0.0952811774 0.04534059263 0)
(0.1034521527 0.04940827863 0)
(0.1035706004 0.05871052369 0)
(0.1121742606 0.05357767824 0)
(0.1120142647 0.06434688346 0)
(0.1215257048 0.05837012441 0)
(0.03463729342 0.02727025027 0)
(0.03664551682 0.1074714817 0)
(0.03405527817 0.02225376286 0)
(0.03868692348 0.02428152371 0)
(0.0220054914 0.02584890004 0)
(0.02174122959 0.02138353708 0)
(0.02300545255 0.04601502158 0)
(0.02321237199 0.05086691067 0)
(0.1031638297 0.1461005825 0)
(0.1152261573 0.139389252 0)
(0.09325210638 0.1509797675 0)
(0.02287327741 0.03576802245 0)
(0.1027785483 0.04041223703 0)
(0.05407206851 0.07120768504 0)
(-0.1297202676 0.1636879122 0)
(0.1848811707 0.04484304165 0)
(0.03167918124 0.08332295015 0)
(0.02648795144 0.08166463101 0)
(0.02232300153 0.08449062348 0)
(0.02207932753 0.07952198834 0)
(0.02608080712 0.07677113904 0)
(0.02177057477 0.07464014253 0)
(-0.1081678596 0.1380097697 0)
(-0.10158774 0.134861469 0)
(-0.1742544525 0.1062974902 0)
(0.1850217074 0.157691775 0)
(0.02521467796 0.01882616627 0)
(0.02120761792 0.01739197686 0)
(0.05286399315 0.04425645339 0)
(0.05235254184 0.03781739632 0)
(0.0366068462 0.1132473254 0)
(-0.1427944014 0.136461914 0)
(-0.1516623713 0.140437273 0)
(0.01819495908 0.01952232237 0)
(0.01800148088 0.01583165933 0)
(0.025796088 0.07189571783 0)
(0.02144752841 0.06979614721 0)
(0.03359075466 0.1559312218 0)
(0.0281505789 0.1589447703 0)
(0.03369024416 0.1622076215 0)
(0.02800801933 0.1653230823 0)
(0.01508882609 0.01770379637 0)
(0.01506533924 0.02114881208 0)
(0.1210515192 0.04757206704 0)
(0.04179685301 0.1102496645 0)
(0.09524219885 0.03646290688 0)
(0.1311873177 0.05271187101 0)
(0.1020368645 0.1572611331 0)
(0.1222533732 0.06987140031 0)
(0.02251321371 0.1619235332 0)
(0.02230491271 0.1683792046 0)
(0.01677630857 0.1649314587 0)
(-0.1348455602 0.1327911059 0)
(0.01903176083 0.0486660497 0)
(0.01919931782 0.05327467337 0)
(0.01813318715 0.08221565721 0)
(0.02532170387 0.067213443 0)
(0.09249141321 0.1619939028 0)
(-0.152543393 0.1503986056 0)
(0.01504370878 0.0142615852 0)
(-0.04438351602 0.129211738 0)
(-0.1075876515 0.1307312536 0)
(0.03359539331 0.1687704575 0)
(0.03941551529 0.1654628573 0)
(-0.04101936328 0.1685393103 0)
(0.05962437641 0.09189286422 0)
(-0.1372563552 0.1675947464 0)
(0.1307525108 0.04122322295 0)
(-0.03495495895 0.172505265 0)
(0.01757693613 0.0724768947 0)
(0.0172695141 0.06787993254 0)
(-0.03779705796 0.1269219067 0)
(0.1815767907 0.007284058921 0)
(0.01653257847 0.1714768206 0)
(0.01090561613 0.1679396931 0)
(-0.08512078934 0.1693638725 0)
(-0.1302729981 0.1721830626 0)
(0.02058991999 0.01395257669 0)
(-0.01480131972 0.1240572085 0)
(-0.009484168257 0.1215096902 0)
(0.1021308926 0.03158661489 0)
(0.02146013007 0.1752871927 0)
(0.01818579703 0.08680289478 0)
(0.01216274641 0.0160506784 0)
(0.1011979839 0.167816127 0)
(0.1105837443 0.1634985312 0)
(-0.09187488876 0.1726185686 0)
(-0.004810634648 0.1245702338 0)
(0.05838041644 0.04060487598 0)
(0.05779006103 0.03385951337 0)
(0.03112981613 0.07390369806 0)
(0.02744448441 0.05320563648 0)
(-0.004571457012 0.1190697387 0)
(-0.1010235619 0.127593619 0)
(-0.06545975683 0.1596383485 0)
(-0.05945928459 0.1637190573 0)
(0.03935231401 0.1722572979 0)
(0.04534428846 0.168848631 0)
(0.04527587118 0.1758277741 0)
(0.05137550449 0.1723952004 0)
(0.05140149102 0.165286635 0)
(0.05763320401 0.1689275097 0)
(-0.09796804412 0.1684507419 0)
(0.01524301592 0.05119397637 0)
(0.01526590027 0.04705249371 0)
(0.01223381956 0.01257206299 0)
(-0.06601620589 0.1669304597 0)
(-0.05996551971 0.1710576922 0)
(-0.06657046427 0.174281991 0)
(0.1116814689 0.07613232779 0)
(0.122844665 0.08243014832 0)
(0.1335406145 0.07400434338 0)
(0.01546251037 0.05552635348 0)
(0.0438183917 0.1314650482 0)
(0.01549961894 0.01074879314 0)
(0.08483335323 0.1555832283 0)
(0.08444057851 0.1652836324 0)
(0.0106783834 0.1746090971 0)
(0.004957060189 0.1710045056 0)
(0.141423862 0.0470964108 0)
(0.01433726249 0.08469447559 0)
(0.01894486696 0.1465603333 0)
(0.005887422112 0.09646429986 0)
(0.0838146629 0.1046121692 0)
(-0.09867424429 0.1758755977 0)
(-0.1048502292 0.1717035339 0)
(0.09477001362 0.02779843205 0)
(0.03820724469 0.01912026755 0)
(0.04304797362 0.02073048507 0)
(-0.1416127664 0.1274539341 0)
(-5.215715645e-05 0.1034228777 0)
(0.05577685835 0.1234563025 0)
(0.06395857047 0.03664017826 0)
(0.06356429001 0.02992221104 0)
(0.06982492991 0.03271587518 0)
(0.06942157684 0.0258103396 0)
(0.0629397817 0.02359111514 0)
(0.1115720905 0.08892205181 0)
(0.1231917658 0.09583059549 0)
(-0.1612890643 0.1448299356 0)
(-0.1617182865 0.1560244596 0)
(-0.1599734143 0.1330701057 0)
(0.04167472894 0.1042601306 0)
(0.04722234617 0.1071720514 0)
(0.02276122028 0.1186562145 0)
(-0.02026751811 0.1266659471 0)
(0.05764527762 0.1615708966 0)
(-0.1338761742 0.1240417304 0)
(0.08831059356 0.06738830607 0)
(-0.09502843227 0.1317077897 0)
(-0.09447527565 0.1244647011 0)
(0.01441386946 0.08894699914 0)
(0.1402667739 0.03420539499 0)
(-0.1070168648 0.1234607508 0)
(0.01358799168 0.07039366409 0)
(0.01326134176 0.06609675165 0)
(-0.1136165853 0.1266167217 0)
(-0.1901801422 0.1231302672 0)
(-0.01982836526 0.1205567406 0)
(0.1874954906 0.1932138705 0)
(-0.00897706909 0.1161624575 0)
(0.004722767433 0.1778063481 0)
(-0.001017374148 0.17415954 0)
(-0.0007600736197 0.1673587393 0)
(-0.006748259901 0.1704736362 0)
(-0.007109210309 0.1773500765 0)
(-0.01292238339 0.1735830885 0)
(0.0417515695 0.1162393125 0)
(0.0364103131 0.1191775213 0)
(0.04707469877 0.1006540019 0)
(0.05133359009 0.1795101088 0)
(-0.004236233625 0.1139601128 0)
(-0.0001187403605 0.1167211539 0)
(-0.04389412297 0.1224264231 0)
(-0.0502187773 0.1252535372 0)
(-0.04975087013 0.1183212699 0)
(-0.0561110267 0.1212514434 0)
(-0.04140248999 0.1758084033 0)
(-0.03532538652 0.1797992015 0)
(-0.1883676199 0.1765694209 0)
(0.01357265789 0.07444234751 0)
(0.06476582683 0.0427119095 0)
(0.005583900081 0.1322881137 0)
(0.03948519299 0.02881367555 0)
(0.1287813558 0.03001535172 0)
(0.03725218828 0.06103010543 0)
(-0.137631109 0.1760274029 0)
(-0.1446867097 0.1718121673 0)
(-0.1449139199 0.1798456168 0)
(-0.1524347128 0.1757993754 0)
(0.06413093003 0.1653327651 0)
(0.06407640912 0.1727791525 0)
(0.01923932991 0.05776635596 0)
(-0.006381443881 0.1637151211 0)
(0.0219673509 0.09459305709 0)
(0.07598258796 0.02893048928 0)
(0.07554421055 0.02167109092 0)
(-0.03759178407 0.1191926685 0)
(0.1512120503 0.03953565854 0)
(0.1539869995 0.05327603647 0)
(-0.1889558456 0.1061404708 0)
(-0.1307989858 0.1801311479 0)
(-0.1236025659 0.1757037115 0)
(-0.02900746598 0.1764337385 0)
(-0.08598678795 0.1763024367 0)
(0.1095600057 0.1738717177 0)
(0.1189340238 0.1698314608 0)
(0.01165877908 0.05358386883 0)
(0.0641522743 0.1577231539 0)
(0.002886751346 0.005 0)
(0.1015356806 0.02312924446 0)
(0.1092289273 0.02686883681 0)
(-0.1704315574 0.1379547059 0)
(-0.06045425185 0.1784318214 0)
(0.1494132189 0.02597538636 0)
(-0.03260495685 0.1376891562 0)
(0.01202976963 0.05772499347 0)
(0.03349439938 0.01716672568 0)
(0.0375364144 0.01402877402 0)
(-0.08846149574 0.1286239053 0)
(-0.08793590829 0.1213517378 0)
(-0.08193322838 0.1254997661 0)
(0.0102970946 0.1610574792 0)
(0.009248766092 0.01438107239 0)
(0.009344254299 0.01080121725 0)
(0.009295756443 0.01777196362 0)
(-0.1694907665 0.1284851528 0)
(0.1083312561 0.01872971916 0)
(0.0328925145 0.01225631959 0)
(-0.01329962446 0.1805604286 0)
(0.05152026594 0.03132168442 0)
(-0.1055194697 0.1791655429 0)
(0.05329914244 0.1040601027 0)
(0.01074807739 0.08694416886 0)
(0.01059178553 0.08284764032 0)
(0.02820140126 0.135741451 0)
(0.009828617765 0.06843854465 0)
(-0.09937118725 0.1827236723 0)
(0.09429569668 0.01948396037 0)
(-0.06697827405 0.1814600485 0)
(0.1006068234 0.177316633 0)
(0.00946796276 0.06434340154 0)
(-0.0007148158336 0.1610447827 0)
(-0.02545536269 0.1232096151 0)
(-0.0249715797 0.1169558461 0)
(0.03333129388 0.1755866103 0)
(0.006247124628 0.01615321186 0)
(0.01085796028 0.09103978799 0)
(0.01436933169 0.09309903073 0)
(0.05724934582 0.153962189 0)
(-0.1242374255 0.1832125253 0)
(0.05331627098 0.1109206533 0)
(-0.1130120985 0.1193608492 0)
(-0.1062187563 0.1166313074 0)
(0.03680210529 0.009067802183 0)
(0.1204756637 0.1590751239 0)
(0.1299310825 0.1660399305 0)
(0.1310665167 0.1537792128 0)
(0.1410761636 0.1610721664 0)
(0.1436160636 0.1465362221 0)
(0.1396970326 0.1734466751 0)
(0.1507633219 0.1688376177 0)
(-0.1198582893 0.1228863201 0)
(-0.1191907304 0.1298629139 0)
(0.1612328978 0.03235710013 0)
(0.1083204922 0.1846947662 0)
(0.03767813159 0.06692392584 0)
(0.04245383199 0.06994567647 0)
(-0.1403588321 0.1193263114 0)
(-0.148088126 0.1222706928 0)
(-0.1922675881 0.1874471417 0)
(-0.0294029815 0.1839653024 0)
(0.01041850107 0.1812458085 0)
(-0.08896008277 0.1359012675 0)
(-0.1465034216 0.1139273232 0)
(0.006192836674 0.06660789758 0)
(0.004371637002 0.1846648687 0)
(-0.08152111184 0.1183855193 0)
(-0.07545831756 0.122303368 0)
(-0.1099629858 0.1599277039 0)
(-0.1164505428 0.1634605839 0)
(0.0998397602 0.08259871415 0)
(0.1003433307 0.09477322027 0)
(-0.04703217076 0.1645343749 0)
(-0.05659406821 0.1282784103 0)
(-0.06259406655 0.1241062272 0)
(0.04530188819 0.1833971333 0)
(0.05125367908 0.1867596171 0)
(0.05681448473 0.1838077247 0)
(-0.07204029608 0.1627951765 0)
(-0.05391642688 0.175123173 0)
(-0.05455075122 0.1820513359 0)
(-0.05552504973 0.1141310304 0)
(-0.03560641057 0.1872024015 0)
(-0.1331968328 0.116499041 0)
(0.0001573003168 0.1118758754 0)
(0.004056729596 0.1145915737 0)
(-0.003889874428 0.1091959945 0)
(0.003955218416 0.1192993117 0)
(0.1162235239 0.02125482192 0)
(0.07083137482 0.1615855374 0)
(0.07090238101 0.1542468928 0)
(-0.07322111679 0.1774854633 0)
(-0.07254577575 0.1846339523 0)
(-0.01889015025 0.1148133398 0)
(0.08095318123 0.02482282695 0)
(0.08284208013 0.03246138511 0)
(0.08168252445 0.01793262081 0)
(-0.09376195412 0.117557921 0)
(-0.1890999941 0.1383203741 0)
(-0.1837853349 0.1522898575 0)
(-0.02581586389 0.1292897578 0)
(0.1834907314 0.02908673927 0)
(-0.111431346 0.1749033252 0)
(0.007404671241 0.08498176073 0)
(0.1879112037 0.1750050403 0)
(0.1725710324 0.1702774731 0)
(0.1688457181 0.1539448724 0)
(0.1182431473 0.02935405655 0)
(0.04126427238 0.1221630266 0)
(0.0360746173 0.1249751039 0)
(0.0315133181 0.1221052777 0)
(0.1934159345 0.01288780928 0)
(-0.1553117885 0.1161826725 0)
(-0.07503703269 0.115669302 0)
(0.1606453115 0.01998523432 0)
(0.1808927795 0.138503088 0)
(0.04143263062 0.01085112793 0)
(-0.112107979 0.182238948 0)
(0.05999757059 0.05315252321 0)
(0.008406678608 0.05574075486 0)
(0.008284469156 0.05162285768 0)
(0.1735292115 0.07529684896 0)
(0.03229365579 0.06416552353 0)
(0.1598754805 0.1387706986 0)
(0.01666773162 0.06365673239 0)
(0.04648332635 0.1194287595 0)
(-0.1515542462 0.1850394089 0)
(-0.1603737217 0.1795905255 0)
(-0.1195042632 0.1161376951 0)
(0.03163207917 0.127772434 0)
(0.03657297748 0.1311779612 0)
(-0.1594998745 0.1686526116 0)
(-0.1686973972 0.1744493675 0)
(-0.003675511271 0.1047039024 0)
(0.006362694176 0.08094618296 0)
(0.01019484694 0.07893922595 0)
(-0.01920131064 0.176737878 0)
(-0.0184954891 0.1697196402 0)
(-0.01922377328 0.1837204919 0)
(-0.01324972285 0.1869115417 0)
(0.0527538364 0.09701957432 0)
(0.04696512304 0.09391062537 0)
(0.05242689264 0.09023063421 0)
(0.04669568952 0.08713164066 0)
(0.05182762102 0.08377286705 0)
(0.04616233149 0.07970708227 0)
(0.04109510584 0.08397052391 0)
(0.03984773262 0.07845142236 0)
(0.03195755036 0.05897377303 0)
(0.1588658166 0.08693869724 0)
(0.1541648372 0.1070450449 0)
(0.02003079387 0.1938115766 0)
(0.02728587272 0.1927475447 0)
(0.02221523026 0.1869513121 0)
(0.02998365002 0.1855471627 0)
(-0.02945875045 0.1924747298 0)
(0.1037097639 0.1929517254 0)
(-0.104448525 0.1934640081 0)
(-0.09644418278 0.193344212 0)
(-0.005970766499 0.1569299636 0)
(-0.01191901161 0.1600506833 0)
(0.01084839808 0.0951455209 0)
(0.1302734157 0.1393245648 0)
(0.006435326008 0.01949121969 0)
(0.009344584338 0.02111828236 0)
(0.02828109481 0.01516507664 0)
(0.0284399559 0.01038820442 0)
(0.07086599919 0.193271391 0)
(0.07466574461 0.186907525 0)
(0.08256352166 0.1865970515 0)
(0.0773442065 0.1798906566 0)
(0.08611201601 0.1795695594 0)
(0.06727432576 0.1864172348 0)
(0.09083369212 0.1866688665 0)
(0.02788463463 0.06147866559 0)
(0.1495401843 0.1800167637 0)
(-0.1464229319 0.1928185585 0)
(0.1600566012 0.1759866748 0)
(0.1573506528 0.1859979259 0)
(0.006480877938 0.02282424198 0)
(0.009383670277 0.02446286445 0)
(0.006208941978 0.02635238938 0)
(0.009279529949 0.02792115765 0)
(0.01229939282 0.02607836702 0)
(0.01242870255 0.02957781501 0)
(0.009359512417 0.03153181601 0)
(0.0127380778 0.03327161649 0)
(0.009471360333 0.03539377773 0)
(0.01300322895 0.03716176228 0)
(0.009732373001 0.03929807914 0)
(0.01563028159 0.03099328511 0)
(0.01275525768 0.04136575516 0)
(0.009779854568 0.04280530767 0)
(0.01605650642 0.03989845019 0)
(0.08497519306 0.1446262604 0)
(0.07616543837 0.01457697567 0)
(0.0916787848 0.172095422 0)
(-0.05332226799 0.1933375497 0)
(0.1772860351 0.1812729395 0)
(0.1112307737 0.1925201675 0)
(0.05999646426 0.1004301945 0)
(-0.04962290457 0.1115247214 0)
(-0.079715992 0.1932942369 0)
(-0.08411192887 0.1869490982 0)
(0.008377747045 0.05995567277 0)
(0.04025143809 0.005208940261 0)
(0.03192423701 0.00772222823 0)
(0.02793054803 0.006323519422 0)
(0.02491643739 0.008692770502 0)
(0.02461377732 0.005405233084 0)
(0.02192238325 0.007494289087 0)
(-0.071658075 0.1922218593 0)
(0.00627170358 0.03709924636 0)
(0.1380345596 0.0231357241 0)
(0.1301876501 0.0183995466 0)
(-0.168186726 0.1849443748 0)
(-0.1307228046 0.1938922283 0)
(-0.06886540069 0.1193331888 0)
(-0.1524052117 0.1604885015 0)
(-0.1830504509 0.1865025433 0)
(0.02240948033 0.0895009027 0)
(0.02246920273 0.03052703385 0)
(0.1398188611 0.1848396377 0)
(0.1289944795 0.1782013357 0)
(0.1177520287 0.1800545798 0)
(0.0561358777 0.006322755529 0)
(0.05229143616 0.01204492122 0)
(0.05892098727 0.01236436021 0)
(0.0548861766 0.01780307834 0)
(0.06069589161 0.1084294113 0)
(0.05869415658 0.1157948626 0)
(0.01717318388 0.07733319921 0)
(0.0003786198412 0.1542080865 0)
(0.00712979254 0.1554565939 0)
(0.01072785626 0.151593442 0)
(0.1503456454 0.01578358407 0)
(0.004227272211 0.1925125466 0)
(0.02314554001 0.04091686981 0)
(0.009979785246 0.07218902017 0)
(0.00672071937 0.07724845873 0)
(0.04581508407 0.1919011571 0)
(0.02289623842 0.09977275264 0)
(0.01846275391 0.09818888823 0)
(-0.02321846668 0.1107026211 0)
(-0.03059784351 0.1123110365 0)
(0.0615587456 0.08400222346 0)
(0.06019107218 0.07617628831 0)
(-0.008192053279 0.1111919614 0)
(-0.01306929955 0.113031471 0)
(0.007797152161 0.08894532288 0)
(0.0988677768 0.1861777022 0)
(-0.004915036276 0.130279057 0)
(-0.000308879555 0.1271911709 0)
(0.003231357169 0.01802543377 0)
(-0.004996212543 0.1364044536 0)
(0.01882910192 0.04359447459 0)
(0.1287215278 0.1932002177 0)
(0.01163163716 0.04955326114 0)
(0.007538769089 0.04789826132 0)
(0.02378155921 0.01484118222 0)
(0.04122829622 0.0394173064 0)
(0.04616700002 0.03542976438 0)
(0.04571820176 0.02900543497 0)
(0.0514725495 0.02412247287 0)
(0.05755636114 0.02749779524 0)
(0.03196377369 0.116098417 0)
(0.03540119653 0.00393366479 0)
(0.003845547747 0.08333281734 0)
(0.06418238986 0.006873873758 0)
(0.06508987428 0.013385595 0)
(0.1116914312 0.1017882353 0)
(0.123707095 0.1095494947 0)
(0.09975164287 0.107725623 0)
(0.07578992294 0.1385607652 0)
(0.03630001499 0.05472837921 0)
(-0.1232129243 0.167374651 0)
(0.0487119274 0.01760287981 0)
(0.1146271378 0.01242201524 0)
(0.1023258891 0.0699591921 0)
(0.08752552818 0.04058040273 0)
(-0.1712940617 0.1932515561 0)
(0.02947711005 0.02032335499 0)
(-0.01482748173 0.1041887699 0)
(0.07348177546 0.05174503243 0)
(0.07289577266 0.04337465192 0)
(-0.128150041 0.1385245152 0)
(0.1797361536 0.1920672009 0)
(-0.02713630449 0.1416227005 0)
(0.01922272756 0.1028340085 0)
(0.01259530028 0.06188014984 0)
(-0.01107556752 0.1528137578 0)
(0.018393886 0.02332637821 0)
(0.07788255849 0.006504146986 0)
(0.1358132645 0.1025353502 0)
(0.1373238344 0.118153193 0)
(0.123141268 0.1252904082 0)
(0.04086090213 0.09720401341 0)
(0.02740046107 0.002902543215 0)
(0.1086969905 0.006338233403 0)
(0.004782962246 0.1646984394 0)
(-0.03463714198 0.1058977914 0)
(0.1372146295 0.01316507818 0)
(0.00650145408 0.07014813145 0)
(0.08754147423 0.1934392531 0)
(-0.07587886003 0.129675365 0)
(-0.09274662711 0.1866748846 0)
(-0.1011457665 0.1061872748 0)
(-0.1083551538 0.1058932663 0)
(0.05003345707 0.1278745183 0)
(0.01702187164 0.1587222244 0)
(0.0226957107 0.1555204 0)
(0.100739288 0.01538486569 0)
(0.0935483087 0.01146177469 0)
(0.0514004386 0.1582649101 0)
(0.05100191919 0.1509829911 0)
(-0.05613773943 0.1068342376 0)
(-0.07136524317 0.1056743111 0)
(-0.1195554911 0.193979446 0)
(-0.08667462863 0.1071305534 0)
(0.007473091191 0.09296866804 0)
(0.003759808129 0.09339172632 0)
(-0.130002178 0.1058642276 0)
(0.02184832613 0.01119139048 0)
(0.01889188345 0.00922089371 0)
(0.01915968951 0.005606496979 0)
(0.01603219569 0.007747063814 0)
(0.01275638712 0.008512012987 0)
(0.009293372815 0.00754194705 0)
(0.01631850794 0.004935118966 0)
(0.006279969085 0.00935660073 0)
(0.00630382496 0.005831888094 0)
(0.006158743939 0.01277496829 0)
(-0.03813721291 0.1121335882 0)
(0.06679339759 0.05641382122 0)
(0.04546465484 0.1621174016 0)
(-0.168813162 0.1644912688 0)
(-0.1779756436 0.1698388291 0)
(0.03372502097 0.1374201208 0)
(0.007910939614 0.1172627009 0)
(0.007993896791 0.112333503 0)
(-0.0169707392 0.1091230813 0)
(0.05516681353 0.1919466531 0)
(-0.08945398224 0.1431692144 0)
(-0.1227253918 0.1056796041 0)
(-0.02898240052 0.1691629443 0)
(-0.1439871914 0.1064780695 0)
(-0.06930738303 0.1266309181 0)
(-0.06205142204 0.1171511779 0)
(0.005296136491 0.05743781004 0)
(-0.05138191256 0.1391351187 0)
(-0.06972818267 0.1339491541 0)
(-0.1003821298 0.1204961295 0)
(0.003139571747 0.008333333333 0)
(-0.1378070556 0.1836951685 0)
(-0.09555987669 0.1390115779 0)
(-0.08236869242 0.1328761485 0)
(0.02092336624 0.06542148798 0)
(-0.03128395701 0.1259421122 0)
(0.1711414395 0.02573791068 0)
(0.002976496625 0.02493493631 0)
(-0.01235545272 0.166756065 0)
(0.04830776821 0.06729939586 0)
(0.04780142408 0.07330269473 0)
(0.01415968633 0.0803935748 0)
(-0.08731958078 0.1146900284 0)
(0.006335651708 0.04132357545 0)
(0.01811919655 0.09106728639 0)
(-0.09729854732 0.1610019754 0)
(0.008001461222 0.002712119899 0)
(-0.046562387 0.1573444049 0)
(-0.04162665752 0.1828678542 0)
(-0.05781592192 0.1421905426 0)
(-0.06110614914 0.1849811857 0)
(0.03589942618 0.03737006288 0)
(-0.07144336747 0.1555387804 0)
(0.03942321373 0.1591075082 0)
(0.006123767555 0.02985808426 0)
(0.006121118293 0.03334314249 0)
(-0.1263632329 0.1120760757 0)
(-0.007472888383 0.1838029511 0)
(-0.0725824119 0.1701231787 0)
(-0.0002595157241 0.1219516927 0)
(0.003666299709 0.1243767739 0)
(0.06346898961 0.1498334871 0)
(0.06999740995 0.1455297158 0)
(-0.1548736625 0.1929205697 0)
(-0.1033304797 0.1567890736 0)
(-0.03338561966 0.1442932936 0)
(0.03224959515 0.05098219362 0)
(-0.05299736497 0.1604744284 0)
(-0.1147584869 0.1410617732 0)
(-0.1139747556 0.1338703717 0)
(0.02318170316 0.05540793197 0)
(-0.028637078 0.1619826696 0)
(-0.05074405213 0.1321962402 0)
(0.003003064757 0.0316446489 0)
(-0.08285427824 0.1401134789 0)
(0.003048703527 0.03869337835 0)
(0.00506321179 0.04462635965 0)
(-0.01419827501 0.1184256246 0)
(0.00336724533 0.07517659072 0)
(0.002886751346 0.05166666667 0)
(0.0171388389 0.152408518 0)
(-0.126764475 0.1201062574 0)
(0.003136220428 0.06836098604 0)
(-0.001306722844 0.1808605989 0)
(-0.09901048013 0.1128475002 0)
(0.01130160141 0.1250755246 0)
(0.01219538387 0.01943470626 0)
(-0.04744845921 0.1718181131 0)
(0.003041693629 0.06495793713 0)
(0.05545893633 0.1456672767 0)
(-0.1228227202 0.1594881735 0)
(0.02766684566 0.112756447 0)
(0.1673753236 0.1837677283 0)
(0.01075283555 0.1302766066 0)
(-0.06821062834 0.1121512265 0)
(0.01221744211 0.02280294677 0)
(-0.1039717603 0.1641618069 0)
(-0.07799775196 0.1587229518 0)
(-0.02066854371 0.1327930212 0)
(0.03758533595 0.07304513563 0)
(0.03461921095 0.07795524051 0)
(0.1367045906 0.1929547782 0)
(-0.05346987102 0.1677878065 0)
(0.02736191966 0.1723408388 0)
(0.0006067632702 0.1332117272 0)
(-0.0001148225134 0.1074917617 0)
(0.01510092744 0.02448260528 0)
(0.07539027597 0.03608888236 0)
(0.130000547 0.007711008319 0)
(0.1439781998 0.1328647492 0)
(-0.0307570575 0.1188186903 0)
(0.01453751404 0.1435735625 0)
(0.02365996257 0.1332361519 0)
(-0.02115170183 0.1390262894 0)
(-0.0571567135 0.1351931832 0)
(0.07037703699 0.1697031719 0)
(0.07053056647 0.1766723919 0)
(-0.1105204816 0.1673994171 0)
(-0.1123122655 0.1121743155 0)
(-0.04786386235 0.1789659301 0)
(0.01612525296 0.1780575777 0)
(0.05759261476 0.176210272 0)
(0.01231391098 0.1113320858 0)
(0.01609679012 0.03544986542 0)
(-0.07855457932 0.1660395401 0)
(0.0393192351 0.1790860133 0)
(-0.1498026434 0.130870833 0)
(-0.1873604756 0.1936507617 0)
(0.01829924209 0.02768051727 0)
(0.1924785197 0.1869434638 0)
(-0.1516627818 0.107318057 0)
(-0.1643838859 0.1145595897 0)
(-0.162077633 0.1232390342 0)
(0.008999773302 0.09819650832 0)
(0.08448311243 0.1138490555 0)
(-0.1817954512 0.1065994847 0)
(-0.178070544 0.1136152609 0)
(-0.02751976341 0.1052241986 0)
(0.03927255016 0.1529509628 0)
(-0.01681338116 0.1558411439 0)
(0.1520644606 0.006329358006 0)
(-0.06318087335 0.1310451819 0)
(-0.01169396019 0.1079879339 0)
(0.05347518201 0.05062272946 0)
(0.02953825287 0.06866359816 0)
(0.0237973477 0.1495079769 0)
(-0.1885244258 0.1633941233 0)
(0.1741508611 0.006470046224 0)
(0.1779375106 0.01316764063 0)
(0.006156913726 0.06305529752 0)
(0.0364460195 0.08683217269 0)
(-0.1261732128 0.1293075201 0)
(0.1887712374 0.007166592589 0)
(-0.01757298909 0.1627918282 0)
(-0.07916510991 0.1733466892 0)
(0.004994090723 0.002716023286 0)
(0.1543526552 0.1556692429 0)
(-0.04861732605 0.1868327935 0)
(-0.007406252362 0.1066195014 0)
(0.0234313775 0.122941072 0)
(0.01599616817 0.1843260143 0)
(0.01805842759 0.01230431469 0)
(0.003098967831 0.01475313601 0)
(0.08194172366 0.07915658449 0)
(0.08919389781 0.08160575855 0)
(-0.1671916587 0.1067935812 0)
(0.1118180798 0.04414978745 0)
(0.0832673851 0.09584962832 0)
(0.03518112644 0.03220867117 0)
(0.02344754032 0.05962883094 0)
(0.04257834813 0.01585126689 0)
(0.08148315014 0.07105980603 0)
(0.09575185804 0.06272515963 0)
(0.1575668102 0.06852690146 0)
(0.1691912763 0.05540377749 0)
(0.009889027999 0.1462652491 0)
(0.0378835227 0.1865188309 0)
(-0.1205533214 0.1367171629 0)
(0.1594496098 0.006183067204 0)
(-0.1070633303 0.1866687669 0)
(0.110975308 0.03513992912 0)
(0.04720829891 0.1134701939 0)
(0.04165469906 0.0904818667 0)
(-0.1937388582 0.1122584742 0)
(0.03649071501 0.1017477262 0)
(-0.08020041093 0.1811756737 0)
(0.06866167024 0.01829673082 0)
(0.09314915226 0.1174420458 0)
(-0.1444337534 0.1636156138 0)
(-0.0374773161 0.194011983 0)
(0.1151477779 0.00503244082 0)
(-0.02642806998 0.1353373031 0)
(0.02694143561 0.1797661815 0)
(-0.01295611829 0.1933549495 0)
(0.03535004355 0.09697138613 0)
(0.003142310377 0.1057349781 0)
(0.01214653853 0.1157512259 0)
(0.08203296114 0.1730624291 0)
(0.1121678229 0.1523193324 0)
(0.0233881457 0.1143522426 0)
(0.02545347469 0.01205572485 0)
(0.1613178658 0.1649431762 0)
(0.05912974974 0.04688332463 0)
(-0.09272566311 0.1793878623 0)
(-0.144396435 0.1549400555 0)
(-0.04383740605 0.1157271051 0)
(0.06413949263 0.1808566738 0)
(0.03939166973 0.1359190869 0)
(0.05255351472 0.07737474775 0)
(0.1422767962 0.0621305157 0)
(0.09155491405 0.1001696924 0)
(0.170916556 0.1202857395 0)
(0.07767772322 0.1494358727 0)
(0.0682846257 0.1385309745 0)
(0.1346888978 0.08754943273 0)
(0.01774891389 0.002611527877 0)
(-0.001784565715 0.1874843108 0)
(0.04652838159 0.01240350075 0)
(0.01586424535 0.05958444167 0)
(-0.1858094548 0.1137658063 0)
(0.1724905155 0.03844126668 0)
(0.0242631032 0.002559591477 0)
(0.01001776592 0.1877115774 0)
(0.1372972128 0.006023334457 0)
(0.131295665 0.06334211704 0)
(0.1619284616 0.04467270887 0)
(0.09330341751 0.179925022 0)
(0.08803205098 0.01544916524 0)
(0.01175527758 0.005400709867 0)
(-0.1719227336 0.1512168769 0)
(0.04546045156 0.155723978 0)
(0.0147383572 0.09699668962 0)
(-0.02442016002 0.1879714738 0)
(0.0300722826 0.07882041229 0)
(-0.02331358472 0.1657966169 0)
(-0.1805931109 0.1298571351 0)
(-0.1386879787 0.1125448095 0)
(0.09363773839 0.07414387386 0)
(-0.1166536357 0.1874853953 0)
(-0.1170721089 0.1711942029 0)
(-0.08111129471 0.1119387217 0)
(0.1238927062 0.1863919419 0)
(0.03989864181 0.03445427925 0)
(0.0154174 0.1010805416 0)
(0.003784597632 0.1104366488 0)
(-0.1315566359 0.1871162825 0)
(0.09291961409 0.005174338027 0)
(0.05205732174 0.1176125252 0)
(-0.04880791764 0.105366002 0)
(0.1215206778 0.1485913718 0)
(0.006717141921 0.07365568109 0)
(-0.03206524428 0.1314232778 0)
(0.07780247428 0.1595425527 0)
(-0.02384393284 0.1729624736 0)
(0.06529550941 0.04995145626 0)
(-0.06121490032 0.1112601393 0)
(0.08743133386 0.02432781034 0)
(0.009652126153 0.1088348351 0)
(0.08202191822 0.01197258235 0)
(0.1126223903 0.1146354958 0)
(0.01424762083 0.148080221 0)
(0.0076595066 0.1222789153 0)
(0.005450159478 0.05035531235 0)
(0.1231138069 0.01414603557 0)
(-0.1436948189 0.1867165659 0)
(0.1624388414 0.1930409941 0)
(0.1703067527 0.0151324217 0)
(0.1855203317 0.06276894722 0)
(0.007386242364 0.1274248418 0)
(-0.1175175102 0.179123018 0)
(0.1839966163 0.1859714222 0)
(0.06287999018 0.12078426 0)
(0.1209471852 0.03818285175 0)
(0.1542680004 0.1939362584 0)
(0.005448530151 0.05357742895 0)
(0.002234681439 0.04493264175 0)
(0.09115591078 0.09040209029 0)
(0.02759447501 0.125111373 0)
(-0.02418327071 0.1802985597 0)
(0.002653806807 0.05861226761 0)
(0.02746006384 0.1307101646 0)
(-0.06684773909 0.1871514756 0)
(0.02731022976 0.05725211561 0)
(0.01236912301 0.1562822418 0)
(0.08956223093 0.03232618742 0)
(0.02690273656 0.1188601491 0)
(0.01925618161 0.03317052168 0)
(-0.04139067228 0.1891686198 0)
(0.06146363737 0.1876851836 0)
(-0.1821158876 0.1208508801 0)
(0.04059050129 0.12705517 0)
(0.06082630251 0.0176956758 0)
(0.02010424095 0.06158462155 0)
(0.009879266835 0.0757423991 0)
(0.1629169152 0.0123302906 0)
(0.0147517093 0.02776251794 0)
(0.07681928086 0.1671273418 0)
(-0.1759555742 0.1798098589 0)
(0.01162541527 0.04564539484 0)
(0.01433392073 0.003117920293 0)
(0.03392563398 0.1813291935 0)
(0.1917667793 0.02209438299 0)
(0.002353695924 0.0856771961 0)
(0.1938024205 0.1938488263 0)
(0.1236042809 0.02353831456 0)
(0.1161455934 0.1875569992 0)
(-0.09251163564 0.1117739977 0)
(0.03673745003 0.08210646192 0)
(0.1120792427 0.1276444499 0)
(0.002329565765 0.002328057255 0)
(0.002437266162 0.09109673246 0)
(0.03151830854 0.1325644263 0)
(0.06936707517 0.03830629944 0)
(0.08055719562 0.04011230524 0)
(-0.193777108 0.1939014177 0)
(-0.1714882878 0.1122962062 0)
(-0.1731990524 0.120287865 0)
(0.0568885221 0.08078159951 0)
(0.01752044468 0.09467441778 0)
(0.01976418205 0.0383639101 0)
(0.04868311692 0.1463855215 0)
(0.1458800999 0.07809337514 0)
(0.00496728495 0.09049209689 0)
(0.03377777001 0.06948724167 0)
(0.1064070933 0.01233187741 0)
(0.002475269273 0.09571270786 0)
(-0.1755284527 0.1876425703 0)
(-0.1511098609 0.1683774779 0)
(0.01530195639 0.04353744703 0)
(-0.1946240699 0.1053193745 0)
(0.1850836705 0.01655281247 0)
(0.002589695924 0.08107722416 0)
(0.0428920716 0.02492339174 0)
(0.02448323226 0.06344988034 0)
(-0.1549461667 0.1252422137 0)
(0.004914045107 0.08683436721 0)
(-0.1054084844 0.1107467328 0)
(0.0906932706 0.1087681546 0)
(-0.1595573258 0.1868986802 0)
(-0.008002832808 0.1891175875 0)
(0.1539486471 0.1232955036 0)
(0.1946717555 0.005385974717 0)
(-0.1791665462 0.1419277899 0)
(0.01423925781 0.005942565185 0)
(0.009304151008 0.004969565881 0)
(0.1567246778 0.01205778157 0)
(0.00793683309 0.04478677862 0)
(-0.1250668849 0.1905798897 0)
(0.1335255018 0.1288296561 0)
(0.1492629279 0.1876531348 0)
(0.02054764341 0.1808776557 0)
(0.0452222476 0.1254947099 0)
(0.131626433 0.1871175822 0)
(-0.17820426 0.1602461911 0)
(0.05630167716 0.0865365341 0)
(0.03107658229 0.05479816914 0)
(0.02857865455 0.06494880129 0)
(0.07122441018 0.182424757 0)
(-0.1008214878 0.1886624889 0)
(0.01293970362 0.07757107922 0)
(0.003762686581 0.1288005012 0)
(0.04451698479 0.006988208051 0)
(-0.006580464513 0.1029953155 0)
(0.05805121869 0.02216977463 0)
(0.07542081039 0.1732911983 0)
(-0.08770024333 0.1821320141 0)
(0.01610900718 0.1896744049 0)
(0.1458454514 0.09346479598 0)
(0.1432688311 0.01711690611 0)
(-0.1330561372 0.110587353 0)
(-0.05592769804 0.187699145 0)
(0.03330938919 0.1917495821 0)
(-0.03437692979 0.1155245295 0)
(0.005153554821 0.0603830797 0)
(0.02217371464 0.005022087297 0)
(-0.01815121843 0.1891976592 0)
(-0.119156259 0.110145848 0)
(-0.04413287171 0.1105868572 0)
(0.1781294595 0.02105285873 0)
(-0.07517849857 0.1099624349 0)
(0.05051867197 0.1226659624 0)
(0.04669812231 0.02285090618 0)
(0.04300959162 0.07459220409 0)
(-0.07764643651 0.1876549641 0)
(0.004144757417 0.1596060049 0)
(0.07059072615 0.01119314813 0)
(0.08691342071 0.0746708658 0)
(0.00286707724 0.09842556363 0.001)
(0.00336201916 0.07849109265 0.001)
(0.1003176927 0.00717261806 0.001)
(0.09540016649 0.1934613003 0.001)
(0.002764190946 0.06172344165 0.001)
(0.002936183112 0.1017588355 0.001)
(0.005927722985 0.09999922376 0.001)
(-0.01005085277 0.1036306281 0.001)
(0.07064547642 0.00490998652 0.001)
(0.005993220153 0.1035880004 0.001)
(0.009173050656 0.1017778084 0.001)
(0.009170828528 0.1055024269 0.001)
(0.01244751712 0.1036265862 0.001)
(0.002886751346 0.035 0.001)
(0.01254776149 0.1074738874 0.001)
(0.0158065012 0.1053335271 0.001)
(0.003312080878 0.04796606747 0.001)
(0.06264308326 0.1934728893 0.001)
(0.0159630632 0.1095824546 0.001)
(0.01948781007 0.1072599801 0.001)
(0.0195721155 0.1117874357 0.001)
(0.02341650815 0.1097182341 0.001)
(0.01587471326 0.1138809627 0.001)
(0.01957045905 0.1162275542 0.001)
(0.02325300654 0.1047937411 0.001)
(0.02751692825 0.1074632103 0.001)
(0.01564319396 0.1183668979 0.001)
(0.03095061167 0.003415609651 0.001)
(-0.02090631769 0.1940298393 0.001)
(0.01951052202 0.1208119511 0.001)
(0.01538406035 0.1230445264 0.001)
(-0.1370304639 0.105952611 0.001)
(-0.0942869032 0.1062730522 0.001)
(-0.04175544652 0.1056666004 0.001)
(0.01945998319 0.1256146235 0.001)
(0.0151809799 0.1279649082 0.001)
(-0.06195042152 0.1924603322 0.001)
(0.0194039823 0.1305826836 0.001)
(0.1203248915 0.1931247937 0.001)
(-0.1122941507 0.1934523988 0.001)
(-0.1377759407 0.1921840767 0.001)
(0.01493525688 0.133034127 0.001)
(-0.08763498662 0.1932023279 0.001)
(0.02357770108 0.1281231747 0.001)
(0.01933851459 0.1357636924 0.001)
(0.003221503086 0.02141882666 0.001)
(0.145336941 0.1934750884 0.001)
(0.01470760882 0.1382811637 0.001)
(0.01020327346 0.1354328356 0.001)
(-0.06414966205 0.1060330244 0.001)
(-0.1154589843 0.1058213743 0.001)
(0.04949088938 0.006477471314 0.001)
(0.01925016336 0.1411108112 0.001)
(0.1221970029 0.006401955457 0.001)
(0.009925003114 0.1408236101 0.001)
(0.005129715793 0.1375898103 0.001)
(0.1442047479 0.008324753213 0.001)
(0.02103184053 0.002672956391 0.001)
(0.01182654301 0.09950354992 0.001)
(0.004955323029 0.1434651754 0.001)
(-8.831190562e-06 0.1399289835 0.001)
(-0.0001821380941 0.1465242455 0.001)
(-0.005171311763 0.1430933742 0.001)
(0.005144916679 0.1496127218 0.001)
(0.03836019673 0.193934372 0.001)
(0.1762180128 0.09790285316 0.001)
(-0.005553596026 0.1499033532 0.001)
(-0.01071118744 0.1461005035 0.001)
(0.006234232983 0.1075322724 0.001)
(-0.01034936536 0.1395628058 0.001)
(-0.01596319781 0.1424891828 0.001)
(-0.01632955429 0.1489036878 0.001)
(-0.02173684489 0.1453028598 0.001)
(-0.02214238242 0.151923541 0.001)
(-0.02775732683 0.1481246662 0.001)
(-0.163077292 0.1929689408 0.001)
(0.01239642283 0.1937973867 0.001)
(-0.02808977642 0.1548537469 0.001)
(-0.03392012592 0.1510771511 0.001)
(-0.1596553711 0.1073202771 0.001)
(0.002956581252 0.01156520215 0.001)
(-0.01556921903 0.1362120731 0.001)
(-0.03428119671 0.1581625171 0.001)
(-0.04018651164 0.1542069091 0.001)
(-0.03968901943 0.1471469113 0.001)
(-0.04606143278 0.1502218047 0.001)
(0.1667310923 0.006294621062 0.001)
(-0.04552345724 0.1431522224 0.001)
(-0.05195488396 0.1462001909 0.001)
(-0.05247291054 0.153319834 0.001)
(-0.05841308383 0.1492784746 0.001)
(-0.05893937323 0.1564648395 0.001)
(-0.06489535948 0.152405705 0.001)
(-0.06434901946 0.1451984339 0.001)
(-0.07086605186 0.1483171983 0.001)
(-0.0702974661 0.1411018553 0.001)
(-0.07683016106 0.1442172673 0.001)
(-0.07741199213 0.1514414345 0.001)
(-0.08341221763 0.1473466827 0.001)
(-0.08400009615 0.1546172281 0.001)
(-0.09004523653 0.1504670094 0.001)
(-0.09062798285 0.1578206362 0.001)
(-0.09669739387 0.1536310773 0.001)
(-0.09611006555 0.1463080625 0.001)
(-0.1027372497 0.1494450325 0.001)
(0.002555806566 0.0885038745 0.001)
(-0.02267210014 0.1588802088 0.001)
(-0.1021526282 0.1421512677 0.001)
(-0.1087604239 0.1452834066 0.001)
(-0.1093595032 0.1525951754 0.001)
(-0.1154141932 0.1483825723 0.001)
(-0.116029412 0.1557653526 0.001)
(-0.1221629749 0.1515365599 0.001)
(-0.1215177254 0.1438800454 0.001)
(-0.1286595315 0.1468487117 0.001)
(-0.1293601995 0.1551039817 0.001)
(-0.0208350843 0.1048394322 0.001)
(-0.1363025482 0.1504739154 0.001)
(0.0788393067 0.1932896928 0.001)
(-0.004550868801 0.1940341844 0.001)
(-0.04563937295 0.19373912 0.001)
(-0.07632528177 0.1369871735 0.001)
(0.171327878 0.1919449731 0.001)
(0.01164344415 0.1201491393 0.001)
(-0.136884765 0.1590270206 0.001)
(-0.01006927067 0.1332347721 0.001)
(-0.1355621519 0.1416907478 0.001)
(-0.08456620035 0.1619578153 0.001)
(0.01101141082 0.002678427258 0.001)
(-0.0406244707 0.1613413378 0.001)
(0.08657636271 0.007117436108 0.001)
(-0.09122906967 0.1652400671 0.001)
(-0.1438089387 0.1456366762 0.001)
(-0.06370482614 0.1381131985 0.001)
(0.002886751346 0.02833333333 0.001)
(-0.03920598444 0.1400991762 0.001)
(-0.04497139342 0.1361368011 0.001)
(-0.03846156 0.1333594307 0.001)
(-0.03461449441 0.1653333727 0.001)
(0.002798114527 0.04207078163 0.001)
(0.003236280466 0.07174322053 0.001)
(0.002600837941 0.05522700158 0.001)
(-0.01518893915 0.1300405129 0.001)
(-0.00984458358 0.127235052 0.001)
(-0.0786274356 0.1057845891 0.001)
(-0.1791554507 0.1937045184 0.001)
(0.02397811236 0.1384957453 0.001)
(0.02393029676 0.1439878081 0.001)
(0.02880646352 0.1412880424 0.001)
(0.02873178014 0.1469467466 0.001)
(0.03373457593 0.1441840071 0.001)
(0.03364670863 0.1499784836 0.001)
(0.03875085045 0.1471412165 0.001)
(0.03877213815 0.1413620063 0.001)
(0.0439550772 0.1441221088 0.001)
(0.04406982034 0.1381702978 0.001)
(0.04957141352 0.1411362494 0.001)
(0.04972990858 0.1345453481 0.001)
(0.0556874195 0.1381347317 0.001)
(0.05577936585 0.1309535297 0.001)
(0.06207396701 0.1346890581 0.001)
(0.06213060684 0.1272537046 0.001)
(0.06875719565 0.1312569664 0.001)
(0.06923298173 0.1232007893 0.001)
(0.06245187965 0.1421045111 0.001)
(0.04446151287 0.1495929641 0.001)
(0.0765856057 0.1279936997 0.001)
(0.07671938309 0.1186105546 0.001)
(0.06762413231 0.1144817584 0.001)
(0.0763361507 0.1094398739 0.001)
(0.06801872116 0.104950903 0.001)
(0.07589585247 0.1005340219 0.001)
(0.06794318596 0.0963679243 0.001)
(0.07548275667 0.09195274141 0.001)
(0.06809189047 0.08809791033 0.001)
(0.07516192313 0.08358766629 0.001)
(0.06787253358 0.07997488497 0.001)
(0.07476717612 0.07547428995 0.001)
(0.06760859032 0.0718420621 0.001)
(0.02738850615 0.1023359795 0.001)
(0.07437273553 0.0674377615 0.001)
(0.06738924479 0.06380097901 0.001)
(0.06078353043 0.06805081534 0.001)
(0.06059977524 0.0603658398 0.001)
(0.05439222291 0.0641960152 0.001)
(0.05407406885 0.05721093096 0.001)
(0.04829749476 0.06072836178 0.001)
(0.04798134482 0.05419256609 0.001)
(0.04239153449 0.05758777504 0.001)
(0.04223139786 0.05135798563 0.001)
(0.07399651002 0.05946709662 0.001)
(0.08122642025 0.06316186966 0.001)
(0.08273617684 0.0874155281 0.001)
(0.04267620583 0.0639077937 0.001)
(0.02848450197 0.1527932763 0.001)
(0.04754953182 0.0478050558 0.001)
(0.04191914406 0.04512981396 0.001)
(0.03692737613 0.04850067691 0.001)
(0.03655072436 0.04266085545 0.001)
(0.08084003825 0.05491943121 0.001)
(0.08829119222 0.05875805217 0.001)
(0.08502489866 0.1234455436 0.001)
(0.08461930611 0.1336199737 0.001)
(0.03190444956 0.04567582488 0.001)
(0.03155078715 0.04031956548 0.001)
(0.047021901 0.04160081909 0.001)
(0.0318798162 0.1048872548 0.001)
(0.03173688196 0.09971464067 0.001)
(0.08793446927 0.05018289647 0.001)
(0.09564298854 0.05421157481 0.001)
(0.08065290838 0.04691967382 0.001)
(0.09422680743 0.1286117824 0.001)
(0.09382080841 0.1397657801 0.001)
(0.02721878717 0.04325524065 0.001)
(0.0274920648 0.04835998126 0.001)
(0.02688935668 0.03809927234 0.001)
(0.03106855427 0.03514703161 0.001)
(0.02650760669 0.03302195418 0.001)
(0.03056751137 0.03012376022 0.001)
(0.02614524852 0.02807313671 0.001)
(0.03009504267 0.02519804944 0.001)
(0.02572216735 0.02333034907 0.001)
(0.03186941216 0.1102461129 0.001)
(0.10379645 0.134470632 0.001)
(0.1043587473 0.1222310223 0.001)
(0.02717859673 0.09724998909 0.001)
(0.03156892216 0.09449603854 0.001)
(0.02698184885 0.09211787655 0.001)
(0.03136675588 0.08928890294 0.001)
(0.02677029759 0.08691974242 0.001)
(0.03609279648 0.09169451186 0.001)
(0.0952811774 0.04534059263 0.001)
(0.1034521527 0.04940827863 0.001)
(0.1035706004 0.05871052369 0.001)
(0.1121742606 0.05357767824 0.001)
(0.1120142647 0.06434688346 0.001)
(0.1215257048 0.05837012441 0.001)
(0.03463729342 0.02727025027 0.001)
(0.03664551682 0.1074714817 0.001)
(0.03405527817 0.02225376286 0.001)
(0.03868692348 0.02428152371 0.001)
(0.0220054914 0.02584890004 0.001)
(0.02174122959 0.02138353708 0.001)
(0.02300545255 0.04601502158 0.001)
(0.02321237199 0.05086691067 0.001)
(0.1031638297 0.1461005825 0.001)
(0.1152261573 0.139389252 0.001)
(0.09325210638 0.1509797675 0.001)
(0.02287327741 0.03576802245 0.001)
(0.1027785483 0.04041223703 0.001)
(0.05407206851 0.07120768504 0.001)
(-0.1297202676 0.1636879122 0.001)
(0.1848811707 0.04484304165 0.001)
(0.03167918124 0.08332295015 0.001)
(0.02648795144 0.08166463101 0.001)
(0.02232300153 0.08449062348 0.001)
(0.02207932753 0.07952198834 0.001)
(0.02608080712 0.07677113904 0.001)
(0.02177057477 0.07464014253 0.001)
(-0.1081678596 0.1380097697 0.001)
(-0.10158774 0.134861469 0.001)
(-0.1742544525 0.1062974902 0.001)
(0.1850217074 0.157691775 0.001)
(0.02521467796 0.01882616627 0.001)
(0.02120761792 0.01739197686 0.001)
(0.05286399315 0.04425645339 0.001)
(0.05235254184 0.03781739632 0.001)
(0.0366068462 0.1132473254 0.001)
(-0.1427944014 0.136461914 0.001)
(-0.1516623713 0.140437273 0.001)
(0.01819495908 0.01952232237 0.001)
(0.01800148088 0.01583165933 0.001)
(0.025796088 0.07189571783 0.001)
(0.02144752841 0.06979614721 0.001)
(0.03359075466 0.1559312218 0.001)
(0.0281505789 0.1589447703 0.001)
(0.03369024416 0.1622076215 0.001)
(0.02800801933 0.1653230823 0.001)
(0.01508882609 0.01770379637 0.001)
(0.01506533924 0.02114881208 0.001)
(0.1210515192 0.04757206704 0.001)
(0.04179685301 0.1102496645 0.001)
(0.09524219885 0.03646290688 0.001)
(0.1311873177 0.05271187101 0.001)
(0.1020368645 0.1572611331 0.001)
(0.1222533732 0.06987140031 0.001)
(0.02251321371 0.1619235332 0.001)
(0.02230491271 0.1683792046 0.001)
(0.01677630857 0.1649314587 0.001)
(-0.1348455602 0.1327911059 0.001)
(0.01903176083 0.0486660497 0.001)
(0.01919931782 0.05327467337 0.001)
(0.01813318715 0.08221565721 0.001)
(0.02532170387 0.067213443 0.001)
(0.09249141321 0.1619939028 0.001)
(-0.152543393 0.1503986056 0.001)
(0.01504370878 0.0142615852 0.001)
(-0.04438351602 0.129211738 0.001)
(-0.1075876515 0.1307312536 0.001)
(0.03359539331 0.1687704575 0.001)
(0.03941551529 0.1654628573 0.001)
(-0.04101936328 0.1685393103 0.001)
(0.05962437641 0.09189286422 0.001)
(-0.1372563552 0.1675947464 0.001)
(0.1307525108 0.04122322295 0.001)
(-0.03495495895 0.172505265 0.001)
(0.01757693613 0.0724768947 0.001)
(0.0172695141 0.06787993254 0.001)
(-0.03779705796 0.1269219067 0.001)
(0.1815767907 0.007284058921 0.001)
(0.01653257847 0.1714768206 0.001)
(0.01090561613 0.1679396931 0.001)
(-0.08512078934 0.1693638725 0.001)
(-0.1302729981 0.1721830626 0.001)
(0.02058991999 0.01395257669 0.001)
(-0.01480131972 0.1240572085 0.001)
(-0.009484168257 0.1215096902 0.001)
(0.1021308926 0.03158661489 0.001)
(0.02146013007 0.1752871927 0.001)
(0.01818579703 0.08680289478 0.001)
(0.01216274641 0.0160506784 0.001)
(0.1011979839 0.167816127 0.001)
(0.1105837443 0.1634985312 0.001)
(-0.09187488876 0.1726185686 0.001)
(-0.004810634648 0.1245702338 0.001)
(0.05838041644 0.04060487598 0.001)
(0.05779006103 0.03385951337 0.001)
(0.03112981613 0.07390369806 0.001)
(0.02744448441 0.05320563648 0.001)
(-0.004571457012 0.1190697387 0.001)
(-0.1010235619 0.127593619 0.001)
(-0.06545975683 0.1596383485 0.001)
(-0.05945928459 0.1637190573 0.001)
(0.03935231401 0.1722572979 0.001)
(0.04534428846 0.168848631 0.001)
(0.04527587118 0.1758277741 0.001)
(0.05137550449 0.1723952004 0.001)
(0.05140149102 0.165286635 0.001)
(0.05763320401 0.1689275097 0.001)
(-0.09796804412 0.1684507419 0.001)
(0.01524301592 0.05119397637 0.001)
(0.01526590027 0.04705249371 0.001)
(0.01223381956 0.01257206299 0.001)
(-0.06601620589 0.1669304597 0.001)
(-0.05996551971 0.1710576922 0.001)
(-0.06657046427 0.174281991 0.001)
(0.1116814689 0.07613232779 0.001)
(0.122844665 0.08243014832 0.001)
(0.1335406145 0.07400434338 0.001)
(0.01546251037 0.05552635348 0.001)
(0.0438183917 0.1314650482 0.001)
(0.01549961894 0.01074879314 0.001)
(0.08483335323 0.1555832283 0.001)
(0.08444057851 0.1652836324 0.001)
(0.0106783834 0.1746090971 0.001)
(0.004957060189 0.1710045056 0.001)
(0.141423862 0.0470964108 0.001)
(0.01433726249 0.08469447559 0.001)
(0.01894486696 0.1465603333 0.001)
(0.005887422112 0.09646429986 0.001)
(0.0838146629 0.1046121692 0.001)
(-0.09867424429 0.1758755977 0.001)
(-0.1048502292 0.1717035339 0.001)
(0.09477001362 0.02779843205 0.001)
(0.03820724469 0.01912026755 0.001)
(0.04304797362 0.02073048507 0.001)
(-0.1416127664 0.1274539341 0.001)
(-5.215715645e-05 0.1034228777 0.001)
(0.05577685835 0.1234563025 0.001)
(0.06395857047 0.03664017826 0.001)
(0.06356429001 0.02992221104 0.001)
(0.06982492991 0.03271587518 0.001)
(0.06942157684 0.0258103396 0.001)
(0.0629397817 0.02359111514 0.001)
(0.1115720905 0.08892205181 0.001)
(0.1231917658 0.09583059549 0.001)
(-0.1612890643 0.1448299356 0.001)
(-0.1617182865 0.1560244596 0.001)
(-0.1599734143 0.1330701057 0.001)
(0.04167472894 0.1042601306 0.001)
(0.04722234617 0.1071720514 0.001)
(0.02276122028 0.1186562145 0.001)
(-0.02026751811 0.1266659471 0.001)
(0.05764527762 0.1615708966 0.001)
(-0.1338761742 0.1240417304 0.001)
(0.08831059356 0.06738830607 0.001)
(-0.09502843227 0.1317077897 0.001)
(-0.09447527565 0.1244647011 0.001)
(0.01441386946 0.08894699914 0.001)
(0.1402667739 0.03420539499 0.001)
(-0.1070168648 0.1234607508 0.001)
(0.01358799168 0.07039366409 0.001)
(0.01326134176 0.06609675165 0.001)
(-0.1136165853 0.1266167217 0.001)
(-0.1901801422 0.1231302672 0.001)
(-0.01982836526 0.1205567406 0.001)
(0.1874954906 0.1932138705 0.001)
(-0.00897706909 0.1161624575 0.001)
(0.004722767433 0.1778063481 0.001)
(-0.001017374148 0.17415954 0.001)
(-0.0007600736197 0.1673587393 0.001)
(-0.006748259901 0.1704736362 0.001)
(-0.007109210309 0.1773500765 0.001)
(-0.01292238339 0.1735830885 0.001)
(0.0417515695 0.1162393125 0.001)
(0.0364103131 0.1191775213 0.001)
(0.04707469877 0.1006540019 0.001)
(0.05133359009 0.1795101088 0.001)
(-0.004236233625 0.1139601128 0.001)
(-0.0001187403605 0.1167211539 0.001)
(-0.04389412297 0.1224264231 0.001)
(-0.0502187773 0.1252535372 0.001)
(-0.04975087013 0.1183212699 0.001)
(-0.0561110267 0.1212514434 0.001)
(-0.04140248999 0.1758084033 0.001)
(-0.03532538652 0.1797992015 0.001)
(-0.1883676199 0.1765694209 0.001)
(0.01357265789 0.07444234751 0.001)
(0.06476582683 0.0427119095 0.001)
(0.005583900081 0.1322881137 0.001)
(0.03948519299 0.02881367555 0.001)
(0.1287813558 0.03001535172 0.001)
(0.03725218828 0.06103010543 0.001)
(-0.137631109 0.1760274029 0.001)
(-0.1446867097 0.1718121673 0.001)
(-0.1449139199 0.1798456168 0.001)
(-0.1524347128 0.1757993754 0.001)
(0.06413093003 0.1653327651 0.001)
(0.06407640912 0.1727791525 0.001)
(0.01923932991 0.05776635596 0.001)
(-0.006381443881 0.1637151211 0.001)
(0.0219673509 0.09459305709 0.001)
(0.07598258796 0.02893048928 0.001)
(0.07554421055 0.02167109092 0.001)
(-0.03759178407 0.1191926685 0.001)
(0.1512120503 0.03953565854 0.001)
(0.1539869995 0.05327603647 0.001)
(-0.1889558456 0.1061404708 0.001)
(-0.1307989858 0.1801311479 0.001)
(-0.1236025659 0.1757037115 0.001)
(-0.02900746598 0.1764337385 0.001)
(-0.08598678795 0.1763024367 0.001)
(0.1095600057 0.1738717177 0.001)
(0.1189340238 0.1698314608 0.001)
(0.01165877908 0.05358386883 0.001)
(0.0641522743 0.1577231539 0.001)
(0.002886751346 0.005 0.001)
(0.1015356806 0.02312924446 0.001)
(0.1092289273 0.02686883681 0.001)
(-0.1704315574 0.1379547059 0.001)
(-0.06045425185 0.1784318214 0.001)
(0.1494132189 0.02597538636 0.001)
(-0.03260495685 0.1376891562 0.001)
(0.01202976963 0.05772499347 0.001)
(0.03349439938 0.01716672568 0.001)
(0.0375364144 0.01402877402 0.001)
(-0.08846149574 0.1286239053 0.001)
(-0.08793590829 0.1213517378 0.001)
(-0.08193322838 0.1254997661 0.001)
(0.0102970946 0.1610574792 0.001)
(0.009248766092 0.01438107239 0.001)
(0.009344254299 0.01080121725 0.001)
(0.009295756443 0.01777196362 0.001)
(-0.1694907665 0.1284851528 0.001)
(0.1083312561 0.01872971916 0.001)
(0.0328925145 0.01225631959 0.001)
(-0.01329962446 0.1805604286 0.001)
(0.05152026594 0.03132168442 0.001)
(-0.1055194697 0.1791655429 0.001)
(0.05329914244 0.1040601027 0.001)
(0.01074807739 0.08694416886 0.001)
(0.01059178553 0.08284764032 0.001)
(0.02820140126 0.135741451 0.001)
(0.009828617765 0.06843854465 0.001)
(-0.09937118725 0.1827236723 0.001)
(0.09429569668 0.01948396037 0.001)
(-0.06697827405 0.1814600485 0.001)
(0.1006068234 0.177316633 0.001)
(0.00946796276 0.06434340154 0.001)
(-0.0007148158336 0.1610447827 0.001)
(-0.02545536269 0.1232096151 0.001)
(-0.0249715797 0.1169558461 0.001)
(0.03333129388 0.1755866103 0.001)
(0.006247124628 0.01615321186 0.001)
(0.01085796028 0.09103978799 0.001)
(0.01436933169 0.09309903073 0.001)
(0.05724934582 0.153962189 0.001)
(-0.1242374255 0.1832125253 0.001)
(0.05331627098 0.1109206533 0.001)
(-0.1130120985 0.1193608492 0.001)
(-0.1062187563 0.1166313074 0.001)
(0.03680210529 0.009067802183 0.001)
(0.1204756637 0.1590751239 0.001)
(0.1299310825 0.1660399305 0.001)
(0.1310665167 0.1537792128 0.001)
(0.1410761636 0.1610721664 0.001)
(0.1436160636 0.1465362221 0.001)
(0.1396970326 0.1734466751 0.001)
(0.1507633219 0.1688376177 0.001)
(-0.1198582893 0.1228863201 0.001)
(-0.1191907304 0.1298629139 0.001)
(0.1612328978 0.03235710013 0.001)
(0.1083204922 0.1846947662 0.001)
(0.03767813159 0.06692392584 0.001)
(0.04245383199 0.06994567647 0.001)
(-0.1403588321 0.1193263114 0.001)
(-0.148088126 0.1222706928 0.001)
(-0.1922675881 0.1874471417 0.001)
(-0.0294029815 0.1839653024 0.001)
(0.01041850107 0.1812458085 0.001)
(-0.08896008277 0.1359012675 0.001)
(-0.1465034216 0.1139273232 0.001)
(0.006192836674 0.06660789758 0.001)
(0.004371637002 0.1846648687 0.001)
(-0.08152111184 0.1183855193 0.001)
(-0.07545831756 0.122303368 0.001)
(-0.1099629858 0.1599277039 0.001)
(-0.1164505428 0.1634605839 0.001)
(0.0998397602 0.08259871415 0.001)
(0.1003433307 0.09477322027 0.001)
(-0.04703217076 0.1645343749 0.001)
(-0.05659406821 0.1282784103 0.001)
(-0.06259406655 0.1241062272 0.001)
(0.04530188819 0.1833971333 0.001)
(0.05125367908 0.1867596171 0.001)
(0.05681448473 0.1838077247 0.001)
(-0.07204029608 0.1627951765 0.001)
(-0.05391642688 0.175123173 0.001)
(-0.05455075122 0.1820513359 0.001)
(-0.05552504973 0.1141310304 0.001)
(-0.03560641057 0.1872024015 0.001)
(-0.1331968328 0.116499041 0.001)
(0.0001573003168 0.1118758754 0.001)
(0.004056729596 0.1145915737 0.001)
(-0.003889874428 0.1091959945 0.001)
(0.003955218416 0.1192993117 0.001)
(0.1162235239 0.02125482192 0.001)
(0.07083137482 0.1615855374 0.001)
(0.07090238101 0.1542468928 0.001)
(-0.07322111679 0.1774854633 0.001)
(-0.07254577575 0.1846339523 0.001)
(-0.01889015025 0.1148133398 0.001)
(0.08095318123 0.02482282695 0.001)
(0.08284208013 0.03246138511 0.001)
(0.08168252445 0.01793262081 0.001)
(-0.09376195412 0.117557921 0.001)
(-0.1890999941 0.1383203741 0.001)
(-0.1837853349 0.1522898575 0.001)
(-0.02581586389 0.1292897578 0.001)
(0.1834907314 0.02908673927 0.001)
(-0.111431346 0.1749033252 0.001)
(0.007404671241 0.08498176073 0.001)
(0.1879112037 0.1750050403 0.001)
(0.1725710324 0.1702774731 0.001)
(0.1688457181 0.1539448724 0.001)
(0.1182431473 0.02935405655 0.001)
(0.04126427238 0.1221630266 0.001)
(0.0360746173 0.1249751039 0.001)
(0.0315133181 0.1221052777 0.001)
(0.1934159345 0.01288780928 0.001)
(-0.1553117885 0.1161826725 0.001)
(-0.07503703269 0.115669302 0.001)
(0.1606453115 0.01998523432 0.001)
(0.1808927795 0.138503088 0.001)
(0.04143263062 0.01085112793 0.001)
(-0.112107979 0.182238948 0.001)
(0.05999757059 0.05315252321 0.001)
(0.008406678608 0.05574075486 0.001)
(0.008284469156 0.05162285768 0.001)
(0.1735292115 0.07529684896 0.001)
(0.03229365579 0.06416552353 0.001)
(0.1598754805 0.1387706986 0.001)
(0.01666773162 0.06365673239 0.001)
(0.04648332635 0.1194287595 0.001)
(-0.1515542462 0.1850394089 0.001)
(-0.1603737217 0.1795905255 0.001)
(-0.1195042632 0.1161376951 0.001)
(0.03163207917 0.127772434 0.001)
(0.03657297748 0.1311779612 0.001)
(-0.1594998745 0.1686526116 0.001)
(-0.1686973972 0.1744493675 0.001)
(-0.003675511271 0.1047039024 0.001)
(0.006362694176 0.08094618296 0.001)
(0.01019484694 0.07893922595 0.001)
(-0.01920131064 0.176737878 0.001)
(-0.0184954891 0.1697196402 0.001)
(-0.01922377328 0.1837204919 0.001)
(-0.01324972285 0.1869115417 0.001)
(0.0527538364 0.09701957432 0.001)
(0.04696512304 0.09391062537 0.001)
(0.05242689264 0.09023063421 0.001)
(0.04669568952 0.08713164066 0.001)
(0.05182762102 0.08377286705 0.001)
(0.04616233149 0.07970708227 0.001)
(0.04109510584 0.08397052391 0.001)
(0.03984773262 0.07845142236 0.001)
(0.03195755036 0.05897377303 0.001)
(0.1588658166 0.08693869724 0.001)
(0.1541648372 0.1070450449 0.001)
(0.02003079387 0.1938115766 0.001)
(0.02728587272 0.1927475447 0.001)
(0.02221523026 0.1869513121 0.001)
(0.02998365002 0.1855471627 0.001)
(-0.02945875045 0.1924747298 0.001)
(0.1037097639 0.1929517254 0.001)
(-0.104448525 0.1934640081 0.001)
(-0.09644418278 0.193344212 0.001)
(-0.005970766499 0.1569299636 0.001)
(-0.01191901161 0.1600506833 0.001)
(0.01084839808 0.0951455209 0.001)
(0.1302734157 0.1393245648 0.001)
(0.006435326008 0.01949121969 0.001)
(0.009344584338 0.02111828236 0.001)
(0.02828109481 0.01516507664 0.001)
(0.0284399559 0.01038820442 0.001)
(0.07086599919 0.193271391 0.001)
(0.07466574461 0.186907525 0.001)
(0.08256352166 0.1865970515 0.001)
(0.0773442065 0.1798906566 0.001)
(0.08611201601 0.1795695594 0.001)
(0.06727432576 0.1864172348 0.001)
(0.09083369212 0.1866688665 0.001)
(0.02788463463 0.06147866559 0.001)
(0.1495401843 0.1800167637 0.001)
(-0.1464229319 0.1928185585 0.001)
(0.1600566012 0.1759866748 0.001)
(0.1573506528 0.1859979259 0.001)
(0.006480877938 0.02282424198 0.001)
(0.009383670277 0.02446286445 0.001)
(0.006208941978 0.02635238938 0.001)
(0.009279529949 0.02792115765 0.001)
(0.01229939282 0.02607836702 0.001)
(0.01242870255 0.02957781501 0.001)
(0.009359512417 0.03153181601 0.001)
(0.0127380778 0.03327161649 0.001)
(0.009471360333 0.03539377773 0.001)
(0.01300322895 0.03716176228 0.001)
(0.009732373001 0.03929807914 0.001)
(0.01563028159 0.03099328511 0.001)
(0.01275525768 0.04136575516 0.001)
(0.009779854568 0.04280530767 0.001)
(0.01605650642 0.03989845019 0.001)
(0.08497519306 0.1446262604 0.001)
(0.07616543837 0.01457697567 0.001)
(0.0916787848 0.172095422 0.001)
(-0.05332226799 0.1933375497 0.001)
(0.1772860351 0.1812729395 0.001)
(0.1112307737 0.1925201675 0.001)
(0.05999646426 0.1004301945 0.001)
(-0.04962290457 0.1115247214 0.001)
(-0.079715992 0.1932942369 0.001)
(-0.08411192887 0.1869490982 0.001)
(0.008377747045 0.05995567277 0.001)
(0.04025143809 0.005208940261 0.001)
(0.03192423701 0.00772222823 0.001)
(0.02793054803 0.006323519422 0.001)
(0.02491643739 0.008692770502 0.001)
(0.02461377732 0.005405233084 0.001)
(0.02192238325 0.007494289087 0.001)
(-0.071658075 0.1922218593 0.001)
(0.00627170358 0.03709924636 0.001)
(0.1380345596 0.0231357241 0.001)
(0.1301876501 0.0183995466 0.001)
(-0.168186726 0.1849443748 0.001)
(-0.1307228046 0.1938922283 0.001)
(-0.06886540069 0.1193331888 0.001)
(-0.1524052117 0.1604885015 0.001)
(-0.1830504509 0.1865025433 0.001)
(0.02240948033 0.0895009027 0.001)
(0.02246920273 0.03052703385 0.001)
(0.1398188611 0.1848396377 0.001)
(0.1289944795 0.1782013357 0.001)
(0.1177520287 0.1800545798 0.001)
(0.0561358777 0.006322755529 0.001)
(0.05229143616 0.01204492122 0.001)
(0.05892098727 0.01236436021 0.001)
(0.0548861766 0.01780307834 0.001)
(0.06069589161 0.1084294113 0.001)
(0.05869415658 0.1157948626 0.001)
(0.01717318388 0.07733319921 0.001)
(0.0003786198412 0.1542080865 0.001)
(0.00712979254 0.1554565939 0.001)
(0.01072785626 0.151593442 0.001)
(0.1503456454 0.01578358407 0.001)
(0.004227272211 0.1925125466 0.001)
(0.02314554001 0.04091686981 0.001)
(0.009979785246 0.07218902017 0.001)
(0.00672071937 0.07724845873 0.001)
(0.04581508407 0.1919011571 0.001)
(0.02289623842 0.09977275264 0.001)
(0.01846275391 0.09818888823 0.001)
(-0.02321846668 0.1107026211 0.001)
(-0.03059784351 0.1123110365 0.001)
(0.0615587456 0.08400222346 0.001)
(0.06019107218 0.07617628831 0.001)
(-0.008192053279 0.1111919614 0.001)
(-0.01306929955 0.113031471 0.001)
(0.007797152161 0.08894532288 0.001)
(0.0988677768 0.1861777022 0.001)
(-0.004915036276 0.130279057 0.001)
(-0.000308879555 0.1271911709 0.001)
(0.003231357169 0.01802543377 0.001)
(-0.004996212543 0.1364044536 0.001)
(0.01882910192 0.04359447459 0.001)
(0.1287215278 0.1932002177 0.001)
(0.01163163716 0.04955326114 0.001)
(0.007538769089 0.04789826132 0.001)
(0.02378155921 0.01484118222 0.001)
(0.04122829622 0.0394173064 0.001)
(0.04616700002 0.03542976438 0.001)
(0.04571820176 0.02900543497 0.001)
(0.0514725495 0.02412247287 0.001)
(0.05755636114 0.02749779524 0.001)
(0.03196377369 0.116098417 0.001)
(0.03540119653 0.00393366479 0.001)
(0.003845547747 0.08333281734 0.001)
(0.06418238986 0.006873873758 0.001)
(0.06508987428 0.013385595 0.001)
(0.1116914312 0.1017882353 0.001)
(0.123707095 0.1095494947 0.001)
(0.09975164287 0.107725623 0.001)
(0.07578992294 0.1385607652 0.001)
(0.03630001499 0.05472837921 0.001)
(-0.1232129243 0.167374651 0.001)
(0.0487119274 0.01760287981 0.001)
(0.1146271378 0.01242201524 0.001)
(0.1023258891 0.0699591921 0.001)
(0.08752552818 0.04058040273 0.001)
(-0.1712940617 0.1932515561 0.001)
(0.02947711005 0.02032335499 0.001)
(-0.01482748173 0.1041887699 0.001)
(0.07348177546 0.05174503243 0.001)
(0.07289577266 0.04337465192 0.001)
(-0.128150041 0.1385245152 0.001)
(0.1797361536 0.1920672009 0.001)
(-0.02713630449 0.1416227005 0.001)
(0.01922272756 0.1028340085 0.001)
(0.01259530028 0.06188014984 0.001)
(-0.01107556752 0.1528137578 0.001)
(0.018393886 0.02332637821 0.001)
(0.07788255849 0.006504146986 0.001)
(0.1358132645 0.1025353502 0.001)
(0.1373238344 0.118153193 0.001)
(0.123141268 0.1252904082 0.001)
(0.04086090213 0.09720401341 0.001)
(0.02740046107 0.002902543215 0.001)
(0.1086969905 0.006338233403 0.001)
(0.004782962246 0.1646984394 0.001)
(-0.03463714198 0.1058977914 0.001)
(0.1372146295 0.01316507818 0.001)
(0.00650145408 0.07014813145 0.001)
(0.08754147423 0.1934392531 0.001)
(-0.07587886003 0.129675365 0.001)
(-0.09274662711 0.1866748846 0.001)
(-0.1011457665 0.1061872748 0.001)
(-0.1083551538 0.1058932663 0.001)
(0.05003345707 0.1278745183 0.001)
(0.01702187164 0.1587222244 0.001)
(0.0226957107 0.1555204 0.001)
(0.100739288 0.01538486569 0.001)
(0.0935483087 0.01146177469 0.001)
(0.0514004386 0.1582649101 0.001)
(0.05100191919 0.1509829911 0.001)
(-0.05613773943 0.1068342376 0.001)
(-0.07136524317 0.1056743111 0.001)
(-0.1195554911 0.193979446 0.001)
(-0.08667462863 0.1071305534 0.001)
(0.007473091191 0.09296866804 0.001)
(0.003759808129 0.09339172632 0.001)
(-0.130002178 0.1058642276 0.001)
(0.02184832613 0.01119139048 0.001)
(0.01889188345 0.00922089371 0.001)
(0.01915968951 0.005606496979 0.001)
(0.01603219569 0.007747063814 0.001)
(0.01275638712 0.008512012987 0.001)
(0.009293372815 0.00754194705 0.001)
(0.01631850794 0.004935118966 0.001)
(0.006279969085 0.00935660073 0.001)
(0.00630382496 0.005831888094 0.001)
(0.006158743939 0.01277496829 0.001)
(-0.03813721291 0.1121335882 0.001)
(0.06679339759 0.05641382122 0.001)
(0.04546465484 0.1621174016 0.001)
(-0.168813162 0.1644912688 0.001)
(-0.1779756436 0.1698388291 0.001)
(0.03372502097 0.1374201208 0.001)
(0.007910939614 0.1172627009 0.001)
(0.007993896791 0.112333503 0.001)
(-0.0169707392 0.1091230813 0.001)
(0.05516681353 0.1919466531 0.001)
(-0.08945398224 0.1431692144 0.001)
(-0.1227253918 0.1056796041 0.001)
(-0.02898240052 0.1691629443 0.001)
(-0.1439871914 0.1064780695 0.001)
(-0.06930738303 0.1266309181 0.001)
(-0.06205142204 0.1171511779 0.001)
(0.005296136491 0.05743781004 0.001)
(-0.05138191256 0.1391351187 0.001)
(-0.06972818267 0.1339491541 0.001)
(-0.1003821298 0.1204961295 0.001)
(0.003139571747 0.008333333333 0.001)
(-0.1378070556 0.1836951685 0.001)
(-0.09555987669 0.1390115779 0.001)
(-0.08236869242 0.1328761485 0.001)
(0.02092336624 0.06542148798 0.001)
(-0.03128395701 0.1259421122 0.001)
(0.1711414395 0.02573791068 0.001)
(0.002976496625 0.02493493631 0.001)
(-0.01235545272 0.166756065 0.001)
(0.04830776821 0.06729939586 0.001)
(0.04780142408 0.07330269473 0.001)
(0.01415968633 0.0803935748 0.001)
(-0.08731958078 0.1146900284 0.001)
(0.006335651708 0.04132357545 0.001)
(0.01811919655 0.09106728639 0.001)
(-0.09729854732 0.1610019754 0.001)
(0.008001461222 0.002712119899 0.001)
(-0.046562387 0.1573444049 0.001)
(-0.04162665752 0.1828678542 0.001)
(-0.05781592192 0.1421905426 0.001)
(-0.06110614914 0.1849811857 0.001)
(0.03589942618 0.03737006288 0.001)
(-0.07144336747 0.1555387804 0.001)
(0.03942321373 0.1591075082 0.001)
(0.006123767555 0.02985808426 0.001)
(0.006121118293 0.03334314249 0.001)
(-0.1263632329 0.1120760757 0.001)
(-0.007472888383 0.1838029511 0.001)
(-0.0725824119 0.1701231787 0.001)
(-0.0002595157241 0.1219516927 0.001)
(0.003666299709 0.1243767739 0.001)
(0.06346898961 0.1498334871 0.001)
(0.06999740995 0.1455297158 0.001)
(-0.1548736625 0.1929205697 0.001)
(-0.1033304797 0.1567890736 0.001)
(-0.03338561966 0.1442932936 0.001)
(0.03224959515 0.05098219362 0.001)
(-0.05299736497 0.1604744284 0.001)
(-0.1147584869 0.1410617732 0.001)
(-0.1139747556 0.1338703717 0.001)
(0.02318170316 0.05540793197 0.001)
(-0.028637078 0.1619826696 0.001)
(-0.05074405213 0.1321962402 0.001)
(0.003003064757 0.0316446489 0.001)
(-0.08285427824 0.1401134789 0.001)
(0.003048703527 0.03869337835 0.001)
(0.00506321179 0.04462635965 0.001)
(-0.01419827501 0.1184256246 0.001)
(0.00336724533 0.07517659072 0.001)
(0.002886751346 0.05166666667 0.001)
(0.0171388389 0.152408518 0.001)
(-0.126764475 0.1201062574 0.001)
(0.003136220428 0.06836098604 0.001)
(-0.001306722844 0.1808605989 0.001)
(-0.09901048013 0.1128475002 0.001)
(0.01130160141 0.1250755246 0.001)
(0.01219538387 0.01943470626 0.001)
(-0.04744845921 0.1718181131 0.001)
(0.003041693629 0.06495793713 0.001)
(0.05545893633 0.1456672767 0.001)
(-0.1228227202 0.1594881735 0.001)
(0.02766684566 0.112756447 0.001)
(0.1673753236 0.1837677283 0.001)
(0.01075283555 0.1302766066 0.001)
(-0.06821062834 0.1121512265 0.001)
(0.01221744211 0.02280294677 0.001)
(-0.1039717603 0.1641618069 0.001)
(-0.07799775196 0.1587229518 0.001)
(-0.02066854371 0.1327930212 0.001)
(0.03758533595 0.07304513563 0.001)
(0.03461921095 0.07795524051 0.001)
(0.1367045906 0.1929547782 0.001)
(-0.05346987102 0.1677878065 0.001)
(0.02736191966 0.1723408388 0.001)
(0.0006067632702 0.1332117272 0.001)
(-0.0001148225134 0.1074917617 0.001)
(0.01510092744 0.02448260528 0.001)
(0.07539027597 0.03608888236 0.001)
(0.130000547 0.007711008319 0.001)
(0.1439781998 0.1328647492 0.001)
(-0.0307570575 0.1188186903 0.001)
(0.01453751404 0.1435735625 0.001)
(0.02365996257 0.1332361519 0.001)
(-0.02115170183 0.1390262894 0.001)
(-0.0571567135 0.1351931832 0.001)
(0.07037703699 0.1697031719 0.001)
(0.07053056647 0.1766723919 0.001)
(-0.1105204816 0.1673994171 0.001)
(-0.1123122655 0.1121743155 0.001)
(-0.04786386235 0.1789659301 0.001)
(0.01612525296 0.1780575777 0.001)
(0.05759261476 0.176210272 0.001)
(0.01231391098 0.1113320858 0.001)
(0.01609679012 0.03544986542 0.001)
(-0.07855457932 0.1660395401 0.001)
(0.0393192351 0.1790860133 0.001)
(-0.1498026434 0.130870833 0.001)
(-0.1873604756 0.1936507617 0.001)
(0.01829924209 0.02768051727 0.001)
(0.1924785197 0.1869434638 0.001)
(-0.1516627818 0.107318057 0.001)
(-0.1643838859 0.1145595897 0.001)
(-0.162077633 0.1232390342 0.001)
(0.008999773302 0.09819650832 0.001)
(0.08448311243 0.1138490555 0.001)
(-0.1817954512 0.1065994847 0.001)
(-0.178070544 0.1136152609 0.001)
(-0.02751976341 0.1052241986 0.001)
(0.03927255016 0.1529509628 0.001)
(-0.01681338116 0.1558411439 0.001)
(0.1520644606 0.006329358006 0.001)
(-0.06318087335 0.1310451819 0.001)
(-0.01169396019 0.1079879339 0.001)
(0.05347518201 0.05062272946 0.001)
(0.02953825287 0.06866359816 0.001)
(0.0237973477 0.1495079769 0.001)
(-0.1885244258 0.1633941233 0.001)
(0.1741508611 0.006470046224 0.001)
(0.1779375106 0.01316764063 0.001)
(0.006156913726 0.06305529752 0.001)
(0.0364460195 0.08683217269 0.001)
(-0.1261732128 0.1293075201 0.001)
(0.1887712374 0.007166592589 0.001)
(-0.01757298909 0.1627918282 0.001)
(-0.07916510991 0.1733466892 0.001)
(0.004994090723 0.002716023286 0.001)
(0.1543526552 0.1556692429 0.001)
(-0.04861732605 0.1868327935 0.001)
(-0.007406252362 0.1066195014 0.001)
(0.0234313775 0.122941072 0.001)
(0.01599616817 0.1843260143 0.001)
(0.01805842759 0.01230431469 0.001)
(0.003098967831 0.01475313601 0.001)
(0.08194172366 0.07915658449 0.001)
(0.08919389781 0.08160575855 0.001)
(-0.1671916587 0.1067935812 0.001)
(0.1118180798 0.04414978745 0.001)
(0.0832673851 0.09584962832 0.001)
(0.03518112644 0.03220867117 0.001)
(0.02344754032 0.05962883094 0.001)
(0.04257834813 0.01585126689 0.001)
(0.08148315014 0.07105980603 0.001)
(0.09575185804 0.06272515963 0.001)
(0.1575668102 0.06852690146 0.001)
(0.1691912763 0.05540377749 0.001)
(0.009889027999 0.1462652491 0.001)
(0.0378835227 0.1865188309 0.001)
(-0.1205533214 0.1367171629 0.001)
(0.1594496098 0.006183067204 0.001)
(-0.1070633303 0.1866687669 0.001)
(0.110975308 0.03513992912 0.001)
(0.04720829891 0.1134701939 0.001)
(0.04165469906 0.0904818667 0.001)
(-0.1937388582 0.1122584742 0.001)
(0.03649071501 0.1017477262 0.001)
(-0.08020041093 0.1811756737 0.001)
(0.06866167024 0.01829673082 0.001)
(0.09314915226 0.1174420458 0.001)
(-0.1444337534 0.1636156138 0.001)
(-0.0374773161 0.194011983 0.001)
(0.1151477779 0.00503244082 0.001)
(-0.02642806998 0.1353373031 0.001)
(0.02694143561 0.1797661815 0.001)
(-0.01295611829 0.1933549495 0.001)
(0.03535004355 0.09697138613 0.001)
(0.003142310377 0.1057349781 0.001)
(0.01214653853 0.1157512259 0.001)
(0.08203296114 0.1730624291 0.001)
(0.1121678229 0.1523193324 0.001)
(0.0233881457 0.1143522426 0.001)
(0.02545347469 0.01205572485 0.001)
(0.1613178658 0.1649431762 0.001)
(0.05912974974 0.04688332463 0.001)
(-0.09272566311 0.1793878623 0.001)
(-0.144396435 0.1549400555 0.001)
(-0.04383740605 0.1157271051 0.001)
(0.06413949263 0.1808566738 0.001)
(0.03939166973 0.1359190869 0.001)
(0.05255351472 0.07737474775 0.001)
(0.1422767962 0.0621305157 0.001)
(0.09155491405 0.1001696924 0.001)
(0.170916556 0.1202857395 0.001)
(0.07767772322 0.1494358727 0.001)
(0.0682846257 0.1385309745 0.001)
(0.1346888978 0.08754943273 0.001)
(0.01774891389 0.002611527877 0.001)
(-0.001784565715 0.1874843108 0.001)
(0.04652838159 0.01240350075 0.001)
(0.01586424535 0.05958444167 0.001)
(-0.1858094548 0.1137658063 0.001)
(0.1724905155 0.03844126668 0.001)
(0.0242631032 0.002559591477 0.001)
(0.01001776592 0.1877115774 0.001)
(0.1372972128 0.006023334457 0.001)
(0.131295665 0.06334211704 0.001)
(0.1619284616 0.04467270887 0.001)
(0.09330341751 0.179925022 0.001)
(0.08803205098 0.01544916524 0.001)
(0.01175527758 0.005400709867 0.001)
(-0.1719227336 0.1512168769 0.001)
(0.04546045156 0.155723978 0.001)
(0.0147383572 0.09699668962 0.001)
(-0.02442016002 0.1879714738 0.001)
(0.0300722826 0.07882041229 0.001)
(-0.02331358472 0.1657966169 0.001)
(-0.1805931109 0.1298571351 0.001)
(-0.1386879787 0.1125448095 0.001)
(0.09363773839 0.07414387386 0.001)
(-0.1166536357 0.1874853953 0.001)
(-0.1170721089 0.1711942029 0.001)
(-0.08111129471 0.1119387217 0.001)
(0.1238927062 0.1863919419 0.001)
(0.03989864181 0.03445427925 0.001)
(0.0154174 0.1010805416 0.001)
(0.003784597632 0.1104366488 0.001)
(-0.1315566359 0.1871162825 0.001)
(0.09291961409 0.005174338027 0.001)
(0.05205732174 0.1176125252 0.001)
(-0.04880791764 0.105366002 0.001)
(0.1215206778 0.1485913718 0.001)
(0.006717141921 0.07365568109 0.001)
(-0.03206524428 0.1314232778 0.001)
(0.07780247428 0.1595425527 0.001)
(-0.02384393284 0.1729624736 0.001)
(0.06529550941 0.04995145626 0.001)
(-0.06121490032 0.1112601393 0.001)
(0.08743133386 0.02432781034 0.001)
(0.009652126153 0.1088348351 0.001)
(0.08202191822 0.01197258235 0.001)
(0.1126223903 0.1146354958 0.001)
(0.01424762083 0.148080221 0.001)
(0.0076595066 0.1222789153 0.001)
(0.005450159478 0.05035531235 0.001)
(0.1231138069 0.01414603557 0.001)
(-0.1436948189 0.1867165659 0.001)
(0.1624388414 0.1930409941 0.001)
(0.1703067527 0.0151324217 0.001)
(0.1855203317 0.06276894722 0.001)
(0.007386242364 0.1274248418 0.001)
(-0.1175175102 0.179123018 0.001)
(0.1839966163 0.1859714222 0.001)
(0.06287999018 0.12078426 0.001)
(0.1209471852 0.03818285175 0.001)
(0.1542680004 0.1939362584 0.001)
(0.005448530151 0.05357742895 0.001)
(0.002234681439 0.04493264175 0.001)
(0.09115591078 0.09040209029 0.001)
(0.02759447501 0.125111373 0.001)
(-0.02418327071 0.1802985597 0.001)
(0.002653806807 0.05861226761 0.001)
(0.02746006384 0.1307101646 0.001)
(-0.06684773909 0.1871514756 0.001)
(0.02731022976 0.05725211561 0.001)
(0.01236912301 0.1562822418 0.001)
(0.08956223093 0.03232618742 0.001)
(0.02690273656 0.1188601491 0.001)
(0.01925618161 0.03317052168 0.001)
(-0.04139067228 0.1891686198 0.001)
(0.06146363737 0.1876851836 0.001)
(-0.1821158876 0.1208508801 0.001)
(0.04059050129 0.12705517 0.001)
(0.06082630251 0.0176956758 0.001)
(0.02010424095 0.06158462155 0.001)
(0.009879266835 0.0757423991 0.001)
(0.1629169152 0.0123302906 0.001)
(0.0147517093 0.02776251794 0.001)
(0.07681928086 0.1671273418 0.001)
(-0.1759555742 0.1798098589 0.001)
(0.01162541527 0.04564539484 0.001)
(0.01433392073 0.003117920293 0.001)
(0.03392563398 0.1813291935 0.001)
(0.1917667793 0.02209438299 0.001)
(0.002353695924 0.0856771961 0.001)
(0.1938024205 0.1938488263 0.001)
(0.1236042809 0.02353831456 0.001)
(0.1161455934 0.1875569992 0.001)
(-0.09251163564 0.1117739977 0.001)
(0.03673745003 0.08210646192 0.001)
(0.1120792427 0.1276444499 0.001)
(0.002329565765 0.002328057255 0.001)
(0.002437266162 0.09109673246 0.001)
(0.03151830854 0.1325644263 0.001)
(0.06936707517 0.03830629944 0.001)
(0.08055719562 0.04011230524 0.001)
(-0.193777108 0.1939014177 0.001)
(-0.1714882878 0.1122962062 0.001)
(-0.1731990524 0.120287865 0.001)
(0.0568885221 0.08078159951 0.001)
(0.01752044468 0.09467441778 0.001)
(0.01976418205 0.0383639101 0.001)
(0.04868311692 0.1463855215 0.001)
(0.1458800999 0.07809337514 0.001)
(0.00496728495 0.09049209689 0.001)
(0.03377777001 0.06948724167 0.001)
(0.1064070933 0.01233187741 0.001)
(0.002475269273 0.09571270786 0.001)
(-0.1755284527 0.1876425703 0.001)
(-0.1511098609 0.1683774779 0.001)
(0.01530195639 0.04353744703 0.001)
(-0.1946240699 0.1053193745 0.001)
(0.1850836705 0.01655281247 0.001)
(0.002589695924 0.08107722416 0.001)
(0.0428920716 0.02492339174 0.001)
(0.02448323226 0.06344988034 0.001)
(-0.1549461667 0.1252422137 0.001)
(0.004914045107 0.08683436721 0.001)
(-0.1054084844 0.1107467328 0.001)
(0.0906932706 0.1087681546 0.001)
(-0.1595573258 0.1868986802 0.001)
(-0.008002832808 0.1891175875 0.001)
(0.1539486471 0.1232955036 0.001)
(0.1946717555 0.005385974717 0.001)
(-0.1791665462 0.1419277899 0.001)
(0.01423925781 0.005942565185 0.001)
(0.009304151008 0.004969565881 0.001)
(0.1567246778 0.01205778157 0.001)
(0.00793683309 0.04478677862 0.001)
(-0.1250668849 0.1905798897 0.001)
(0.1335255018 0.1288296561 0.001)
(0.1492629279 0.1876531348 0.001)
(0.02054764341 0.1808776557 0.001)
(0.0452222476 0.1254947099 0.001)
(0.131626433 0.1871175822 0.001)
(-0.17820426 0.1602461911 0.001)
(0.05630167716 0.0865365341 0.001)
(0.03107658229 0.05479816914 0.001)
(0.02857865455 0.06494880129 0.001)
(0.07122441018 0.182424757 0.001)
(-0.1008214878 0.1886624889 0.001)
(0.01293970362 0.07757107922 0.001)
(0.003762686581 0.1288005012 0.001)
(0.04451698479 0.006988208051 0.001)
(-0.006580464513 0.1029953155 0.001)
(0.05805121869 0.02216977463 0.001)
(0.07542081039 0.1732911983 0.001)
(-0.08770024333 0.1821320141 0.001)
(0.01610900718 0.1896744049 0.001)
(0.1458454514 0.09346479598 0.001)
(0.1432688311 0.01711690611 0.001)
(-0.1330561372 0.110587353 0.001)
(-0.05592769804 0.187699145 0.001)
(0.03330938919 0.1917495821 0.001)
(-0.03437692979 0.1155245295 0.001)
(0.005153554821 0.0603830797 0.001)
(0.02217371464 0.005022087297 0.001)
(-0.01815121843 0.1891976592 0.001)
(-0.119156259 0.110145848 0.001)
(-0.04413287171 0.1105868572 0.001)
(0.1781294595 0.02105285873 0.001)
(-0.07517849857 0.1099624349 0.001)
(0.05051867197 0.1226659624 0.001)
(0.04669812231 0.02285090618 0.001)
(0.04300959162 0.07459220409 0.001)
(-0.07764643651 0.1876549641 0.001)
(0.004144757417 0.1596060049 0.001)
(0.07059072615 0.01119314813 0.001)
(0.08691342071 0.0746708658 0.001)
)


// ************************************************************************* //
