/*--------------------------------*- C++ -*----------------------------------*\
| =========                 |                                                 |
| \\      /  F ield         | OpenFOAM: The Open Source CFD Toolbox           |
|  \\    /   O peration     | Version:  2412                                  |
|   \\  /    A nd           | Website:  www.openfoam.com                      |
|    \\/     M anipulation  |                                                 |
\*---------------------------------------------------------------------------*/
FoamFile
{
    version     2.0;
    format      ascii;
    arch        "LSB;label=32;scalar=64";
    note        "nPoints:3860  nCells:3698  nFaces:13023  nInternalFaces:5467";
    class       labelList;
    location    "constant/polyMesh";
    object      neighbour;
}
// * * * * * * * * * * * * * * * * * * * * * * * * * * * * * * * * * * * * * //


5467
(
26
27
1336
39
40
1093
11
247
2354
12
248
2782
22
234
3467
25
233
258
48
55
2595
36
238
2268
37
239
3190
45
119
2404
21
157
2936
267
3563
268
3564
50
140
1555
32
129
2398
57
128
2298
105
116
1634
106
117
2783
30
175
3413
31
176
1848
51
88
3487
227
1183
3522
3551
41
228
229
73
221
747
3539
3570
306
3619
3611
107
250
2458
108
251
879
751
3494
744
3495
1741
3514
81
218
2511
80
219
1465
111
185
1656
3502
3554
3503
3556
42
3394
3596
128
3523
3641
136
302
88
280
53
289
3593
171
243
1909
235
3635
89
137
3516
102
263
1668
3659
220
226
628
3545
3550
3488
3606
115
3634
3506
3572
232
249
2861
3528
3546
75
1095
3496
3540
3575
136
177
2291
60
170
61
2213
161
87
151
2109
64
164
66
1910
143
152
1858
167
153
163
1035
146
149
695
145
150
2142
166
168
147
155
2406
141
156
485
297
3557
85
174
252
3600
121
241
1161
212
242
1846
133
182
3334
134
183
2401
3608
3609
122
158
2761
172
173
1661
184
228
254
101
282
148
187
313
188
294
3379
231
262
190
191
199
213
189
201
192
193
194
195
196
197
2974
202
203
200
206
452
204
205
207
208
209
210
198
3580
211
215
1902
126
208
3492
3535
3597
3536
3598
264
3560
265
3562
160
264
2335
159
265
2502
211
3521
127
174
3505
124
297
2483
224
262
1089
3533
3583
3531
3604
3532
3605
222
3506
3513
3525
3613
165
253
256
260
3578
254
261
186
229
3499
237
3534
138
223
3529
283
3490
284
3489
3524
3528
3618
216
1164
3502
217
745
3503
240
3676
385
3490
3051
3489
144
214
3533
1973
185
3612
2619
3594
173
178
3542
3541
3622
198
269
162
200
291
202
270
189
274
205
272
207
3492
209
271
203
270
204
272
210
271
182
191
183
192
194
292
169
197
275
199
273
201
274
3519
3696
228
1973
2925
3522
259
3539
162
978
767
164
2214
1337
166
892
1472
278
1473
169
1471
892
279
2596
232
3567
224
1420
2293
1638
3543
3628
3544
3629
279
2213
278
1910
180
196
275
213
273
235
236
433
283
284
252
3593
2184
3496
3623
195
292
206
291
1671
283
1758
2752
1637
284
1638
1337
1392
684
1906
1670
1470
1616
1670
1637
1392
1468
1469
3141
1468
1758
1470
1469
1895
2190
3648
286
3491
3504
253
1984
267
3668
268
3669
3538
3630
3537
3631
3484
3610
3500
3695
3545
3682
230
379
3542
245
246
1096
3569
3636
3517
3697
252
246
266
301
3542
3568
3613
3621
3614
3622
477
3354
3662
257
2450
3616
3628
3617
3629
3582
3625
3565
3653
3566
3654
3574
3650
255
3575
3651
1092
3482
704
3604
3632
3605
3633
3547
3656
3597
3639
3598
3640
3521
289
3590
3626
287
3592
298
304
259
2333
1739
311
312
315
3515
2184
3615
3638
3559
3561
3482
3645
1876
1552
282
1379
1386
1333
1868
2295
1039
285
293
296
1286
294
295
301
302
306
3606
290
292
3480
3505
286
1471
288
1472
3510
3513
313
3479
295
1623
3479
2752
978
313
1386
3558
299
579
1207
3618
3623
3644
3509
3499
308
309
2093
3546
3680
307
3476
3527
734
315
3475
1195
3475
315
2761
311
575
3486
2740
314
3488
3619
3677
328
334
426
319
336
319
370
3232
324
325
534
322
362
3193
323
2692
324
2662
2460
345
2693
338
3530
341
401
338
381
335
462
971
332
341
332
344
2112
2148
335
337
2844
336
3080
2772
2146
342
1544
2146
352
395
2977
342
393
422
3461
1618
348
387
405
375
391
388
391
348
351
1546
352
360
840
957
350
353
2775
367
791
357
970
2885
364
1387
375
388
2102
360
372
2486
361
403
665
358
2773
365
967
383
445
3097
427
3184
370
746
367
368
2919
366
2509
374
3350
369
965
3082
406
2670
371
2774
2147
550
972
373
1629
2409
2931
399
3321
410
514
1017
3169
399
400
3280
384
397
1897
441
453
412
436
1505
1038
3500
423
441
2621
398
467
394
2477
427
1285
418
519
1290
467
2475
1777
392
402
3344
393
549
1519
396
1666
2504
516
1753
411
1017
423
453
412
574
405
821
422
2845
462
1542
430
2334
436
574
430
597
624
2506
411
514
451
500
547
446
449
1324
421
1513
2567
507
893
3027
1985
425
437
1102
764
3300
3425
566
579
710
559
576
3276
438
569
1899
429
3214
498
717
765
479
615
3208
468
1829
3321
2461
429
460
2306
504
766
569
790
3315
469
544
3021
829
3308
437
442
1957
682
1235
2216
621
2253
535
618
701
650
1389
3091
1894
1050
641
2553
702
1066
1427
675
1008
1014
704
2294
2403
606
2044
3407
584
902
1831
550
2507
474
2392
481
598
1042
482
707
2605
504
1997
469
880
2836
552
972
464
719
2619
593
784
3639
532
1350
2687
536
2720
3385
540
741
1658
530
604
671
551
677
3008
602
1206
499
581
801
3397
542
2989
3180
667
2182
586
609
625
517
587
599
500
957
970
3257
490
636
2771
533
655
1252
634
657
2760
833
2656
3428
587
2767
524
803
2877
939
2820
2858
510
1200
480
787
2592
612
3177
2484
2624
756
1630
1745
1976
539
1007
3136
652
1124
1125
521
774
513
1146
2438
572
1044
1407
528
727
2166
517
531
2767
660
1857
986
1016
1983
570
711
1006
888
2092
2902
546
2452
3647
558
682
1107
611
1011
2489
891
1334
1388
558
2325
530
2045
550
591
1345
2336
808
975
2735
564
716
2927
2625
3081
3128
3332
762
887
1493
540
991
738
915
1363
605
931
1714
609
2404
572
596
2038
1277
2837
2845
1065
1339
1076
1184
3017
3692
519
3247
1145
681
937
1821
1775
1520
2776
3395
1379
1416
663
1057
2094
672
1411
2745
1508
2643
527
825
1237
686
2481
3030
2597
3429
538
2770
740
951
3158
2132
1621
2591
1201
3328
668
1871
1455
1777
2106
2877
2744
3386
992
3119
3179
598
2167
1722
3020
2102
601
1746
2551
837
2987
730
801
2627
762
3050
593
640
2327
1010
2210
694
2475
820
855
961
3113
3321
1921
1923
553
1601
966
1073
659
947
1603
1006
1079
1204
731
1325
2317
622
1032
1456
2727
1513
1975
670
2062
2678
582
834
2499
595
3051
3376
599
1260
1709
703
3203
651
2080
2304
1207
1963
941
1262
2252
658
934
1148
2653
1952
1962
787
2559
2613
2923
711
1079
2929
673
639
2646
731
3362
590
718
2755
683
2639
2972
2973
592
653
3185
2473
2650
990
1073
1728
2134
2724
656
3152
2549
3379
3394
1176
2265
2350
703
1264
2320
949
971
2844
1129
1866
1121
3105
1410
2349
2458
645
1621
2137
2016
2401
649
1176
2402
2480
1693
750
1045
1201
1588
626
2454
726
1740
726
1050
2403
698
2661
875
2470
3144
3298
766
1997
2982
633
2616
2626
2545
643
1931
2423
828
1197
1234
3014
1642
1995
2924
750
1145
2172
657
3317
838
2455
3091
680
959
982
2657
2667
710
761
771
709
2010
2131
1770
3185
908
911
912
920
2811
685
1133
649
2070
706
2269
1628
1835
2571
653
1911
722
925
2848
661
1556
1823
669
2637
3060
1121
1695
3114
772
2610
1845
2071
785
3517
3519
888
2873
1063
1293
2024
647
832
1401
1447
1498
1536
2036
688
790
1012
1013
2918
1972
1986
718
789
837
1053
1976
894
1114
2503
2172
3047
1046
1316
1317
2658
1511
1512
891
2332
785
883
2891
1449
3043
3204
2199
2993
664
700
2007
2255
2266
944
1849
1605
3168
1854
2076
732
2457
3271
1914
2115
680
1620
674
1285
788
876
1537
1146
3297
714
1879
2246
2623
1406
1768
2962
3287
1719
2945
674
1966
1600
1005
1013
1028
1411
3136
1079
2041
914
2573
2756
1222
1435
1812
903
2210
2846
3373
2981
3124
2295
2628
1233
2606
1515
2602
1012
2910
3169
2450
2483
723
735
764
997
1991
2304
1203
1948
2448
910
1297
2815
809
973
1254
1601
2554
958
1778
1461
2095
2920
1194
2059
2285
2654
3235
1144
2111
3375
736
2275
887
1383
1663
2985
2386
895
810
1660
2547
1734
2954
712
3221
1084
1750
2143
780
1310
1226
2917
1278
3207
1351
1515
2580
1218
1261
996
2896
2995
1491
3138
1019
1334
3034
1531
3001
1347
2077
2934
2862
3520
3684
920
2864
1132
1280
844
1098
2359
2360
2388
2997
3137
1689
3432
2577
2812
2813
1486
1963
2068
2650
3167
2769
953
2733
1848
1863
2986
1783
3660
994
1215
902
1805
852
853
1257
1257
2707
1222
2716
2903
933
1816
880
1657
1706
1734
1735
1827
1846
1983
942
2452
1904
3190
3096
3232
1038
2483
851
1170
1881
1018
1922
1925
2372
3278
3319
795
994
1167
932
2236
2519
1925
2488
2489
1435
2202
2668
1754
2531
1949
1950
3085
1198
1305
1370
1001
1028
3351
1199
2908
3131
1767
1963
3274
2449
3045
3240
3465
1011
3049
1989
2213
3145
967
970
2567
1843
2114
3073
1087
1341
1705
1311
2033
2459
2585
1030
1891
1898
1039
3039
1075
3396
3434
846
2150
2151
1287
1760
2960
1255
1760
2994
1765
2246
2581
3155
3487
1114
1312
1967
890
1613
2181
833
956
3471
963
2100
1175
2730
2744
2847
3406
2479
2735
1866
2743
1038
1014
3089
1373
2353
3237
886
940
1862
1422
3112
3547
2195
2753
847
1831
2754
1024
1650
2313
1600
2206
3201
1887
2352
2376
801
2132
3109
1214
3016
2004
2637
1436
3028
3175
912
919
3061
917
922
2433
1655
2175
2286
2643
3173
1261
1852
1191
1756
933
1149
1817
2826
3159
3239
936
1819
2261
1124
1175
1412
946
948
1610
948
954
2557
1321
2766
3478
819
956
985
1502
3288
909
2838
950
967
969
1627
1866
840
2977
2195
2217
2597
2217
2218
889
1237
3302
1358
2160
2938
1929
2897
1763
2086
1395
2309
2430
998
2880
2907
1402
2059
1502
966
2886
1275
1345
1748
964
1511
1855
3346
3081
3381
1992
2072
3640
1182
2120
2356
3028
980
1239
1916
981
1099
2149
1099
2360
1100
2359
3034
1100
2153
1101
2153
1356
2019
2155
1357
2019
2157
981
3119
3359
1061
2304
1563
3320
1478
1564
1256
1644
2280
1479
1480
1291
1292
1648
1138
1364
1647
913
1651
2531
1040
1139
1648
998
1699
2607
1302
1954
2025
863
1003
1707
1725
2607
1888
2029
2611
867
1040
1292
867
1328
1645
1996
1003
2910
2918
985
2652
2909
1316
1323
3223
1373
1497
2375
987
1447
2328
1267
1499
3206
1046
1323
2916
1075
2078
877
975
1507
3107
1378
1383
1493
1992
2502
991
1064
1903
2742
1332
3160
3263
2688
3603
1178
3523
3681
991
2407
2446
894
2747
2476
3299
1216
2218
1663
2964
2079
1984
2112
2407
2485
1097
1132
1423
2047
3092
1057
1424
2412
1055
1056
1427
1429
2235
2894
1262
2236
2895
1393
2362
3210
2219
1560
2275
1432
1561
2422
1433
2422
2522
1580
2425
2426
1576
1577
2427
2431
2527
2525
2530
1459
2426
1582
2314
1437
931
2712
915
1864
2575
1025
1811
2317
2533
2817
2314
2534
2544
2535
2536
2535
1441
1654
2536
1442
2640
1441
1586
2538
1561
1874
2026
2315
2434
2669
3058
3313
1813
2317
3362
1026
1631
2538
1378
2640
2641
1442
1592
2439
1754
2824
3195
1148
1149
3324
1029
3159
3324
2260
3158
2257
3239
1445
1450
2645
2324
2447
941
2552
3041
1029
1151
1284
1728
2827
1530
1602
1413
2445
3230
947
2556
2874
1448
1450
1607
1451
2447
1152
2660
1034
1153
2260
1452
2560
1609
2561
1458
2561
2562
1615
2451
1111
3549
1034
3162
1153
1157
3004
1456
2527
1077
1272
2103
1331
1344
1389
2187
1665
2456
2456
1037
1158
2664
1113
2009
2863
2456
1083
2352
1246
2113
2270
2689
1080
1348
2814
1116
3567
1238
2958
3457
2694
3384
2672
1923
3074
1283
1936
2899
1223
1487
3398
2498
2035
2992
1123
3427
1110
1657
2648
1211
2839
2850
1993
2677
2720
3307
3558
3591
3425
1188
2301
2487
1188
1219
1881
1998
1707
1525
1724
2607
1225
2064
3085
1067
1198
1707
1717
3086
1718
1371
1719
2323
1724
1725
3132
2072
2337
2886
2912
1842
1843
3100
1846
1870
3025
1076
3089
1387
1388
1994
2326
1125
2688
3374
2079
2080
2079
3025
1217
1673
2789
1673
1674
2791
1794
2793
2795
1674
2867
2937
2164
2308
1296
1584
1529
2821
1505
1945
2370
3020
3294
1071
2037
2028
2376
2767
2642
2649
1379
2589
3548
1620
2212
3480
2847
3076
3279
1627
2831
3491
1988
1457
2812
2864
2770
3452
1335
3075
3094
1142
3198
1946
1947
1992
1659
2179
3347
1323
1327
3243
1343
1371
2945
1989
2745
2889
3633
1212
1409
2576
2005
3047
1242
1786
1787
2786
3225
1217
2787
1793
1245
1797
2234
1247
1798
2234
1249
2238
2249
1185
1920
2276
2897
3127
2248
2709
1698
1940
1404
3297
1217
2719
1950
2064
1305
2287
3329
1342
2093
3064
2034
2129
3001
1824
1832
2497
2498
2910
2830
1268
1270
1901
1156
2919
1756
1850
1837
2849
2859
1632
2807
1254
1884
2391
1298
1884
1938
1884
1885
2345
3000
1260
2718
3116
1575
2204
3309
2609
2614
1313
1898
1960
1385
1748
1214
2297
1092
2297
2777
2298
1095
2300
2018
1097
2297
2410
2149
3254
1516
2755
2151
2154
1303
1943
1141
1273
2173
1941
1970
2906
1306
1955
1956
1306
2322
2326
1969
1970
1334
2325
2326
1174
2291
3196
1890
2647
1532
3048
1535
1844
3628
2743
3281
2570
1116
1117
3574
1166
2595
1558
1559
2023
1692
2310
2312
1434
2526
2532
3007
2060
2174
3199
1498
3139
1266
2723
2559
3038
3498
1271
2559
2592
1538
2188
3650
1162
3197
2486
2931
2341
2936
2621
2579
2598
1785
2196
2220
1785
1805
2227
1288
1565
2242
1883
2318
2524
2675
3340
1272
1810
1339
1438
3084
1700
1701
1196
1259
2347
2494
2584
1223
3411
3272
3001
1815
1893
2255
1815
1150
1818
3159
1848
3189
2260
3162
2261
1611
1839
2557
1460
2940
2965
1729
3451
1620
3152
2261
3150
1840
3151
3291
1208
1286
2016
1859
2740
1627
3150
1630
2078
3434
2268
3154
1555
2516
3528
3642
2597
3468
1639
1805
1880
1227
1639
2227
1880
2875
1190
1359
1683
1359
1773
2128
1723
1893
2323
1342
1973
2588
2136
1230
1625
3399
1666
2619
1999
2337
3532
2396
2435
2852
2051
2617
3030
2486
1184
2341
3693
1919
2875
1681
1682
2736
2860
3417
3466
2302
1762
1930
1932
2363
3164
1690
2708
2089
2091
2430
1259
1581
2978
1265
2283
1524
2941
1721
2319
1948
3049
1953
1962
2323
1590
2253
1491
1305
3003
3326
1418
1972
1816
2660
1415
1979
2377
2612
3214
2398
1386
1858
2402
3249
3524
2049
2330
2746
1854
3146
2280
2691
1757
2771
3009
2410
2621
2753
1915
2631
1254
1882
1924
2685
1929
2056
2276
1930
2277
3044
2466
2144
1360
2493
2943
1952
2917
2553
2586
1998
2133
1853
2963
3507
1662
2186
2187
1286
1781
1232
1271
2501
2400
2952
2480
2501
1860
3563
1527
2294
1436
2666
3248
3472
1915
3245
2696
3385
1474
1475
3252
1784
1786
2411
2092
2893
1424
2000
2094
2792
2794
2869
1796
2415
1797
1798
1429
1799
1803
2003
2083
1802
2800
1803
2084
2085
1804
2198
2199
2198
2274
2703
2758
2806
2603
2637
1643
1934
3265
1653
1702
2366
2170
2350
2050
2824
1264
2285
2380
3099
2067
2380
1284
2724
1412
2724
1824
1833
1822
1861
2840
2482
2841
3526
1742
1344
1772
2737
2968
3248
1421
2015
2620
2914
2920
2858
3280
1871
2993
2936
3694
2410
3251
1879
1882
2121
1882
2243
2391
2243
2464
2723
1617
2163
2634
1566
1761
1563
1564
2808
1763
1764
1646
1647
2706
2547
2708
1367
2089
2309
1938
1939
2491
1325
2530
2817
3270
1481
1585
1941
2065
2491
1540
1939
1941
1808
1809
3284
1652
2539
2281
2625
1703
1944
2247
1526
1526
1961
2066
1527
1540
2058
1958
1959
2881
1490
2395
2586
3287
1716
2385
1971
2983
1528
2651
3165
1769
2442
2646
2288
1722
2072
1504
1899
3235
1730
3054
3256
1978
2588
2933
1415
3403
1531
2034
3315
2350
2378
2838
1734
2346
2454
2731
3446
2521
2615
1330
1851
1860
2913
3014
2478
3535
1495
3327
1514
1869
1505
2040
1783
2583
2618
2638
2990
2606
2624
2887
1812
2716
2761
1904
3669
1382
3186
1420
2138
3068
1908
3068
2482
3070
1350
1868
2142
3163
2526
2565
2092
2116
2873
2299
3017
2341
3017
1674
1675
2793
1675
2937
1676
2158
2600
2674
2523
1927
1928
1763
1933
2424
1764
2424
2898
2756
2809
1689
3341
1688
1690
1810
1764
1775
2429
2878
3094
2432
2435
2466
1399
1405
2204
1950
1951
1896
1961
1971
1982
2763
1873
2600
2725
1417
1977
2091
1896
1904
3077
1496
1744
2262
2728
1418
1986
2403
1742
1779
2263
1776
1851
2734
1977
1995
2738
1420
2015
1665
1990
3409
2670
3082
1669
3562
1806
2599
1929
1948
2996
2424
3222
1569
1571
2088
1571
1573
2125
1573
2201
2988
2201
2245
1581
1697
2311
1696
2005
1483
2283
1485
1889
2372
1524
2093
2061
2639
1488
2251
1721
2036
1409
1727
1900
3046
1770
2098
3355
2933
2726
2763
1736
1830
1900
3031
2012
2349
2449
3327
3213
1656
1907
3186
2264
2336
3568
1790
2785
2223
2230
2231
2792
1797
1808
2796
3322
1799
2239
2797
2519
1632
2240
2342
1806
2633
2805
1562
2633
2457
2808
2529
2582
2529
3255
1582
2534
2169
2900
1811
2816
2818
2534
2677
3061
2315
2537
1946
2130
3120
1712
2061
2972
1598
2822
1494
1727
1830
2740
1604
1605
3230
3290
3022
2567
2829
1608
2641
1501
2730
3386
1739
2038
2136
2655
2662
3098
1849
2848
1864
2865
2457
2560
2164
3258
1788
2259
1634
2193
1876
2354
1877
3554
2970
3565
3607
2408
3573
3511
2355
2696
2697
2959
2358
2672
2959
1677
2703
2748
1479
2707
2525
2463
2810
1885
1942
2536
2879
2901
1696
2998
2375
2468
2759
2285
2320
2469
3129
1712
3437
2006
3176
1768
2006
3298
2205
3117
2926
1895
2067
2284
1593
1500
1822
3326
3329
1825
1826
1501
2722
2442
2134
2737
2564
2839
2353
3182
2183
2766
3541
2653
3096
1702
2732
3006
2026
2733
2106
2735
2564
2568
2850
1908
2138
3005
1780
1622
2455
3390
2142
2687
2594
2388
3359
2930
3570
2460
2693
2118
2148
3016
1672
1759
2872
1559
1641
3126
1568
1569
3128
2990
1733
2901
1994
1957
2179
2205
2453
3036
2375
2555
3141
1600
1617
1854
2180
2563
1737
2842
2853
1845
2268
1739
2335
1608
2733
1741
3215
2465
3032
3283
2216
1634
2192
2772
1544
2772
2504
1546
2773
2506
2509
2774
2775
3082
1550
2781
2512
3617
1552
3555
2513
2515
2782
1669
2783
2054
2003
3146
1558
1918
2673
2419
2162
2875
3074
2805
2522
3267
2522
2425
2244
2622
2307
2961
2087
2524
2622
1883
2087
1570
1572
2278
2124
2124
2915
1574
1686
2126
2125
2201
2809
3059
2756
2813
2431
3059
3269
1644
1652
2310
2530
2815
2313
2528
2090
2175
2638
2815
2816
1939
2058
2434
2821
2396
2432
2436
2130
3138
2060
2203
3095
1713
2545
2070
2394
2545
1593
3274
2640
1723
2255
2884
1597
1818
2826
1597
1820
2831
2664
1607
2828
1601
2550
2830
2759
2848
2445
2555
2556
2834
2835
2854
2883
3212
3066
2728
1610
2865
2574
1840
3227
1839
1841
2964
1841
2842
2842
2843
2857
2652
3459
2182
3145
3508
2566
2845
1847
1852
2352
3272
2077
2399
1781
2383
1782
2135
3123
2016
2044
2854
3377
3392
2444
2859
2656
3456
3264
2871
2907
2870
3569
3601
2977
3027
3552
3561
1881
1641
1935
2023
2932
1932
2277
2126
2691
2127
1680
2706
1935
2675
2428
1688
1689
1937
2428
1692
2311
2367
2369
2713
1697
1700
1699
2880
2647
2657
1720
3257
2648
2683
2651
3338
1850
2330
2043
2138
1781
3375
3286
2265
2333
3613
2886
2890
2744
3279
3366
2145
3598
3689
2151
2152
2374
2197
2021
2159
2158
2599
2021
2362
2938
2022
2042
2802
1918
2023
2161
2200
1807
2343
2122
3171
2055
2489
2897
1762
1933
2086
1934
3103
2165
2363
2365
2428
1937
2152
2947
2997
2127
2168
2531
2279
2365
2368
2368
3104
2368
2170
2248
3042
2901
2027
2170
2319
2346
1968
2543
1714
1888
2712
1767
2033
2027
2173
1709
2372
2373
1710
2718
3233
2174
2393
3157
2006
2062
2251
2176
2063
3085
3174
1954
2440
2496
2907
2497
3086
2908
1895
1964
2327
1965
1896
2912
2918
1944
2269
2551
2177
3037
2071
2470
1954
2922
2613
2666
3242
1968
2290
3040
1993
2499
2913
3125
2075
2180
2181
3013
2135
2651
3122
1974
1989
2069
1988
1987
1988
1996
2330
3055
2137
3219
3040
3054
2076
2180
2851
1907
1750
1865
2382
2851
2189
2267
2999
1996
2615
2686
2207
2289
2078
1911
3615
3636
1810
2997
3043
2154
2892
2004
2272
2523
1931
2090
2583
2169
2250
2990
2469
2949
2131
3121
2097
1837
2099
2444
2100
2319
2272
3289
1977
2430
2924
2477
2173
2913
2684
1868
2013
1987
2849
2077
2185
2616
2739
3112
2196
2892
2219
2221
2116
2892
2082
2411
2221
2222
2893
2893
2902
2223
2224
3092
1793
2629
3056
2271
2002
2231
2002
2232
3093
3057
3093
2235
2236
2083
2238
2894
2113
2235
2238
2083
2084
1823
2161
2520
2703
2122
2601
2270
2233
2969
2316
2976
2316
2324
2032
2252
2895
2256
2256
2441
3158
2441
2441
2664
2008
2644
2035
2258
2030
2762
1892
2032
2099
2252
2552
2035
2210
1975
2832
3275
1975
2833
2563
3133
2351
2765
2765
2966
2002
2101
3071
2101
3093
2099
2103
2262
2263
2037
2339
2351
2561
2104
2562
2340
2765
2966
2071
3413
3317
2137
2591
2577
2262
2478
3219
3051
3431
2108
2186
2593
3143
3306
2104
3299
2401
2141
2328
3632
1967
2503
2110
2503
3244
3629
2569
2076
2762
2267
2572
3072
2406
2665
3538
3654
2050
2113
2114
2249
1874
3210
3107
2081
2340
2351
2117
2751
3616
2145
3525
3638
2274
2275
2278
1887
1887
2028
2281
1944
2059
2172
2175
3241
1892
2031
2881
3087
1945
3184
1966
2207
2474
2586
2292
2046
2881
2067
2329
2290
2543
2329
2380
2974
1984
2329
2184
2185
2188
2861
2214
3354
2178
2389
2464
2037
2115
2474
2590
2620
3383
2120
2355
2155
2197
2437
2521
2487
3170
2080
2939
2301
3170
2302
2939
2659
2301
3008
3025
2055
2305
3127
3127
3312
2305
3019
2056
2704
3172
3172
2308
2706
1938
2391
2166
2709
2711
2281
2492
1957
2492
2129
2174
2060
3328
2493
3019
2493
3003
3131
2287
3020
2065
2906
2066
2979
2031
2066
2389
2979
1961
2031
3087
2717
3090
2287
2288
2206
2096
2551
2322
2325
2216
1980
2996
2612
2982
3010
2613
3038
2250
3032
1981
2073
2331
2500
1994
2500
2190
2040
2477
3137
2189
2332
2500
2331
2332
2879
3250
2946
3110
2745
3136
2222
2784
2231
2232
2794
2237
2303
2279
2029
2208
2257
2826
2831
3065
2646
3493
2629
2788
3277
2098
2589
3048
3163
2075
2292
2296
3220
2300
3572
3688
2156
2156
2158
3305
2599
2160
2521
2167
2168
2310
3256
3271
2346
2392
2176
2096
2177
2548
2962
3184
2038
2565
2594
3231
2429
2659
2660
2191
2615
2107
2212
3376
2655
2661
2389
2888
3111
3282
2215
2295
2406
2747
3042
3221
2635
3126
3559
3571
2192
3560
2408
2896
2704
2088
2125
3389
2492
3398
2471
2904
3019
2321
2905
2069
2398
3218
2209
2914
2984
2943
3003
3053
3140
2868
3293
2221
2784
2799
2520
2587
2423
3332
2971
3035
2623
3045
3147
2784
3147
2440
2471
3304
2443
2327
2572
2211
2263
2835
2139
2209
2658
2734
3005
3483
2185
3052
3141
3334
2840
3041
2187
3363
3461
2866
2271
2872
3553
2693
2298
2780
3101
2390
2807
2123
2242
2523
2126
2308
2363
3325
2438
2718
2205
2609
2259
2921
2593
2626
2333
2140
3124
2273
3135
3537
3653
2344
2736
3134
3363
2948
2692
2358
2359
2699
2699
2764
2361
2701
2700
2701
2702
2702
2802
2673
2381
2632
2635
2303
2636
3103
2605
3010
2364
2364
2367
3370
2532
2541
2565
2760
2714
2899
2905
3121
2985
3196
3476
3550
2383
3368
2686
2862
2702
2749
3597
2750
3604
2516
3551
3229
2361
2795
2801
2200
2601
2582
2583
2206
3108
3426
3108
2721
3208
2981
2683
2684
2293
2293
2386
2927
2579
2598
2754
2411
2790
2785
2785
2412
2786
2518
2786
2787
2413
2787
2789
2790
2414
2789
2791
2413
2414
2911
2791
2793
2415
2794
2796
2797
2798
2894
2825
2895
2799
2800
2462
2960
3030
2343
2390
2344
2345
2940
3183
2603
2369
2712
2746
2819
2941
2394
2471
2396
2953
3200
3132
3118
2980
3118
2790
3187
3301
2404
2986
3189
2849
2611
2866
2339
3369
2965
3142
2417
3044
2578
3012
3010
2713
2371
2436
2715
2284
2717
2623
2667
3424
2991
3161
2741
3145
2576
3213
2318
3012
2779
3590
3600
2488
2643
2995
2423
3137
2622
3445
2898
2366
2366
3006
3258
2642
2535
2820
3000
2373
3131
3351
2906
2829
2379
3110
2402
2890
2458
3356
3536
2573
2574
2813
2868
3178
2417
2801
2344
2524
2371
3226
2395
2584
2610
3039
3382
2750
2695
2695
3255
2695
2967
3252
3253
2699
2754
2600
2708
3114
2709
2711
3075
3084
2542
3203
2719
2867
2591
3283
3352
2946
3116
3278
3646
2382
2587
2736
2951
2459
2616
3079
2741
2922
2628
2689
2725
3107
3343
2814
2625
2608
2991
3130
3234
2608
2612
3161
3209
3401
3497
3651
2861
3015
3400
3024
3545
3300
3395
3056
2788
2792
2796
2520
2799
2801
2807
2673
2674
2803
2632
2803
2421
2632
2634
2636
2804
3271
2525
2808
2812
3269
2490
2528
2676
2641
3270
2759
2903
3405
2999
3072
3084
2822
3062
2539
2679
2558
3304
2548
2556
2836
3022
3280
2727
3373
3263
2973
2475
2833
2846
2847
2871
2732
3357
3231
2956
2753
3344
2634
2635
2707
2809
3011
3035
3045
2710
2701
2749
2999
2722
2821
2716
2760
2883
3076
3391
2655
2684
2590
2657
3050
3531
2728
2734
2952
2739
3079
2888
3175
3224
2742
3042
2939
2896
2898
3094
2899
2549
3234
2496
2882
2883
2682
2909
3330
2912
2887
2916
2773
3350
2774
2509
2775
3566
3652
2781
3556
2782
2515
2783
3605
3622
2781
3544
3630
2788
3056
2798
2604
2810
2811
2710
2757
2537
2818
3273
2880
2714
2800
2819
2870
2715
3106
2585
3106
2711
2823
3202
2642
2823
3275
2746
2825
3360
2823
2832
3055
2973
2832
2833
2763
2835
2963
3393
3270
2843
2839
2840
2844
3066
2824
3041
2843
2856
2741
2742
2825
3057
2859
2865
2874
2856
3265
2729
2874
2928
3250
3308
2876
2994
2582
2604
2585
2762
3602
2963
2983
2887
3259
3079
3512
3083
3029
2960
2994
2876
2876
3164
3083
3211
2962
3117
2721
2976
3109
2739
3353
2668
2975
3147
3205
3165
2975
3314
3099
2868
3557
3690
3083
3205
2806
3173
3314
3183
3065
3148
2836
3021
3067
3167
2769
3276
2683
2855
3080
3096
3193
3097
2923
3162
2663
2663
3193
2926
2927
3406
3060
2976
3026
3191
2957
2970
3543
3631
3179
2681
2932
2715
2757
3202
3304
3365
3166
3443
3139
3422
3473
2690
2725
2871
3076
2904
2944
2749
2926
2862
3194
2804
3194
2915
2956
3101
3417
3102
3102
3179
2959
3033
3180
2937
3181
2996
2989
3033
3358
2757
3046
3046
2998
3378
3102
2954
3036
2992
3237
3290
3049
2915
3012
3036
2916
2925
3054
3306
3292
3327
2987
3055
2955
3305
2970
3216
2955
3313
3133
3216
3453
2853
2955
3078
3098
3318
3204
2931
3687
3579
3624
2780
3575
3071
3057
3156
2938
2804
3210
3058
3059
3018
3011
2817
3115
3073
3115
3063
2980
3002
3023
3062
3390
3202
3168
3230
3023
3066
3098
2966
3069
3294
3195
3140
3215
3218
3217
3339
3212
3392
3191
3191
3217
3310
3339
3345
3022
3024
3018
3100
3260
2911
2969
3070
2947
3009
3060
2900
3361
3061
3086
3088
2986
3077
3182
3374
3011
2945
3564
3620
3039
3484
3075
3111
3129
2995
2979
3355
3088
3277
2983
3174
3089
2921
2984
3040
3135
3222
3467
2943
3312
2944
3008
2948
3621
3337
3242
3187
3209
3122
3123
3303
2988
3031
2946
3157
3211
3174
3009
3144
3365
3007
3289
3325
3052
3481
3249
3215
3368
3125
3027
3101
3246
3369
3380
3227
3236
2968
3358
3255
3285
3128
3381
3176
3099
3109
3142
3198
2992
3130
3211
3110
3378
3421
3103
3143
3199
3029
3104
3140
3148
3149
3150
3153
3052
3256
3356
3078
3331
3349
3455
3656
3251
3269
3063
3310
3397
3265
3320
3246
3171
3477
3370
3252
3254
3361
3149
3259
3518
3343
3312
3272
3201
3067
3250
3292
3267
3273
3274
3196
3297
3295
3257
3220
3070
3073
3072
3170
3244
3261
3232
3364
3132
3212
3105
3186
3336
3225
3201
3372
3182
3284
3105
3231
3199
3151
3350
3325
3311
3120
3165
3148
3448
3157
3166
3228
3353
3236
3349
3371
3218
3176
3192
3408
3426
3198
3233
3443
3258
3421
3440
3156
3295
3299
3192
3192
3197
3177
3317
3234
3379
3195
3223
3424
3247
3372
3207
3342
3241
3204
3330
3207
3222
3194
3406
3668
3284
3285
3253
3260
3261
3236
3354
3220
3225
3282
3322
3324
3244
3216
3405
3423
3233
3245
3242
3248
3349
3323
3373
3247
3313
3221
3415
3245
3246
3360
3405
3262
3266
3338
3308
3344
3287
3387
3296
3359
3387
3294
3283
3414
3314
3316
3415
3540
3465
3346
3346
3348
3331
3305
3286
3291
3450
3416
3452
3340
3341
3320
3336
3381
3389
3311
3276
3293
3427
3463
3295
3348
3291
3293
3322
3330
3374
3418
3296
3326
3343
3437
3456
3323
3430
3383
3458
3337
3340
3358
3382
3386
3389
3408
3311
3334
3367
3436
3335
3432
3396
3451
3404
3372
3424
3378
3445
3342
3402
3474
3402
3433
3449
3371
3444
3391
3438
3347
3377
3435
3433
3421
3355
3367
3403
3371
3430
3364
3401
3464
3370
3390
3409
3419
3393
3384
3385
3414
3400
3410
3399
3440
3458
3419
3439
3448
3435
3466
3448
3429
3462
3468
3463
3454
3431
3455
3465
3473
3461
3426
3407
3423
3439
3452
3412
3410
3439
3411
3449
3449
3418
3437
3436
3453
3451
3450
3450
3422
3474
3457
3430
3445
3442
3453
3614
3434
3464
3441
3473
3447
3462
3469
3440
3438
3444
3457
3446
3444
3447
3468
3446
3467
3474
3456
3459
3460
3464
3460
3470
3472
3471
3466
3470
3472
3471
3477
3478
3478
3481
3483
3483
3625
3491
3510
3516
3592
3488
3493
3493
3507
3508
3549
3631
3646
3630
3647
3691
3526
3626
3526
3599
3512
3530
3530
3685
3553
3555
3610
3634
3548
3573
3548
3549
3511
3516
3576
3576
3595
3515
3642
3650
3527
3602
3602
3683
3603
3603
3672
3612
3552
3620
3620
3621
3682
3579
3645
3632
3633
3689
3591
3680
3639
3640
3646
3647
3571
3651
3614
3616
3617
3618
3660
3682
3661
3661
3663
3663
3664
3664
3665
3665
3666
3666
3667
3667
3668
3669
3670
3671
3673
3673
3674
3675
3675
3679
3679
3642
3589
3637
3672
3607
3677
3686
3636
3674
3588
3644
3587
3585
3586
3685
3689
3690
3687
3688
3694
3692
3678
3612
3600
3624
3681
3623
3656
3660
3627
3683
3610
3649
3619
3658
3653
3670
3654
3671
3658
3677
3662
3657
3687
3655
3655
3693
3649
3638
3662
3643
3684
3657
3681
3652
3691
3676
3652
3684
3692
3678
3680
3696
3686
3697
3695
3691
3695
3697
3696
)


// ************************************************************************* //
