/*--------------------------------*- C++ -*----------------------------------*\
| =========                 |                                                 |
| \\      /  F ield         | OpenFOAM: The Open Source CFD Toolbox           |
|  \\    /   O peration     | Version:  2412                                  |
|   \\  /    A nd           | Website:  www.openfoam.com                      |
|    \\/     M anipulation  |                                                 |
\*---------------------------------------------------------------------------*/
FoamFile
{
    version     2.0;
    format      ascii;
    arch        "LSB;label=32;scalar=64";
    note        "nPoints:386  nCells:334  nFaces:1194  nInternalFaces:476";
    class       labelList;
    location    "constant/polyMesh";
    object      neighbour;
}
// * * * * * * * * * * * * * * * * * * * * * * * * * * * * * * * * * * * * * //


476
(
5
80
115
3
20
301
17
23
72
70
245
8
70
260
147
281
12
145
280
13
31
198
28
104
22
54
60
34
46
219
18
49
194
101
279
115
274
21
29
106
25
30
176
78
85
139
108
206
31
239
26
316
94
241
75
145
37
216
202
211
36
38
198
73
147
53
303
68
110
162
32
207
53
54
67
143
258
61
138
275
134
271
41
220
254
60
71
64
71
62
67
44
45
136
48
87
187
74
242
74
88
118
58
322
53
87
187
223
119
285
50
62
98
296
318
55
95
55
102
128
322
123
316
58
67
57
120
149
69
126
328
72
91
113
176
244
262
76
69
83
129
152
178
66
94
252
81
293
188
294
151
109
76
183
321
116
319
93
79
174
267
196
307
143
305
176
198
291
330
90
107
131
100
102
89
104
231
235
261
97
140
284
106
120
151
109
185
112
181
135
150
93
98
121
152
289
118
154
99
132
133
107
175
100
114
150
117
106
240
154
122
137
235
226
108
119
184
133
113
209
235
286
112
137
203
175
125
117
129
265
290
308
135
254
189
295
125
135
175
188
257
299
126
129
132
204
153
142
143
146
259
304
142
144
179
132
141
197
199
276
298
303
139
140
148
212
197
153
180
207
149
153
320
149
278
325
183
211
205
154
204
159
165
163
167
177
202
248
165
191
171
305
162
173
168
308
170
201
251
263
195
172
244
173
169
297
174
172
174
294
286
193
261
199
219
180
210
181
214
196
230
272
205
204
219
218
221
190
212
307
266
284
206
283
221
234
192
245
241
196
217
254
263
258
260
205
216
201
246
217
222
214
236
248
226
221
231
236
215
301
226
243
262
236
283
285
243
218
223
328
302
266
263
270
228
265
292
246
264
241
289
252
298
288
293
287
296
243
264
280
265
281
266
318
281
323
280
324
251
274
296
300
308
313
260
317
288
326
306
289
293
285
310
314
301
311
327
268
321
269
319
273
305
277
286
270
279
278
297
323
324
313
310
315
300
302
326
292
284
294
282
329
327
295
312
304
315
306
307
318
330
295
297
298
332
314
326
333
312
317
331
327
310
311
315
317
331
320
324
325
329
325
329
333
332
333
)


// ************************************************************************* //
