/*--------------------------------*- C++ -*----------------------------------*\
| =========                 |                                                 |
| \\      /  F ield         | OpenFOAM: The Open Source CFD Toolbox           |
|  \\    /   O peration     | Version:  2412                                  |
|   \\  /    A nd           | Website:  www.openfoam.com                      |
|    \\/     M anipulation  |                                                 |
\*---------------------------------------------------------------------------*/
FoamFile
{
    version     2.0;
    format      ascii;
    arch        "LSB;label=32;scalar=64";
    class       vectorField;
    location    "constant/polyMesh";
    object      points;
}
// * * * * * * * * * * * * * * * * * * * * * * * * * * * * * * * * * * * * * //


386
(
(0 0 0)
(3 0 0)
(3 1.5 0)
(0 1.5 0)
(0 0 0.001)
(3 0 0.001)
(3 1.5 0.001)
(0 1.5 0.001)
(0.1578940295 0 0)
(0.315788462 0 0)
(0.4736832976 0 0)
(0.6315783695 0 0)
(0.7894740112 0 0)
(0.947369083 0 0)
(1.10526412 0 0)
(1.263158754 0 0)
(1.421052985 0 0)
(1.578947015 0 0)
(1.736841246 0 0)
(1.89473588 0 0)
(2.052630917 0 0)
(2.210525989 0 0)
(2.36842163 0 0)
(2.526316702 0 0)
(2.684211538 0 0)
(2.84210597 0 0)
(3 0.1769511401 0)
(3 0.4252269837 0)
(3 0.75 0)
(3 1.074773016 0)
(3 1.32304886 0)
(2.84210597 1.5 0)
(2.684211538 1.5 0)
(2.526316702 1.5 0)
(2.36842163 1.5 0)
(2.210525989 1.5 0)
(2.052630917 1.5 0)
(1.89473588 1.5 0)
(1.736841246 1.5 0)
(1.578947015 1.5 0)
(1.421052985 1.5 0)
(1.263158754 1.5 0)
(1.10526412 1.5 0)
(0.947369083 1.5 0)
(0.7894740112 1.5 0)
(0.6315783695 1.5 0)
(0.4736832976 1.5 0)
(0.315788462 1.5 0)
(0.1578940295 1.5 0)
(0 1.32304886 0)
(0 1.074773016 0)
(0 0.75 0)
(0 0.4252269837 0)
(0 0.1769511401 0)
(0.1578940295 0 0.001)
(0.315788462 0 0.001)
(0.4736832976 0 0.001)
(0.6315783695 0 0.001)
(0.7894740112 0 0.001)
(0.947369083 0 0.001)
(1.10526412 0 0.001)
(1.263158754 0 0.001)
(1.421052985 0 0.001)
(1.578947015 0 0.001)
(1.736841246 0 0.001)
(1.89473588 0 0.001)
(2.052630917 0 0.001)
(2.210525989 0 0.001)
(2.36842163 0 0.001)
(2.526316702 0 0.001)
(2.684211538 0 0.001)
(2.84210597 0 0.001)
(3 0.1769511401 0.001)
(3 0.4252269837 0.001)
(3 0.75 0.001)
(3 1.074773016 0.001)
(3 1.32304886 0.001)
(2.84210597 1.5 0.001)
(2.684211538 1.5 0.001)
(2.526316702 1.5 0.001)
(2.36842163 1.5 0.001)
(2.210525989 1.5 0.001)
(2.052630917 1.5 0.001)
(1.89473588 1.5 0.001)
(1.736841246 1.5 0.001)
(1.578947015 1.5 0.001)
(1.421052985 1.5 0.001)
(1.263158754 1.5 0.001)
(1.10526412 1.5 0.001)
(0.947369083 1.5 0.001)
(0.7894740112 1.5 0.001)
(0.6315783695 1.5 0.001)
(0.4736832976 1.5 0.001)
(0.315788462 1.5 0.001)
(0.1578940295 1.5 0.001)
(0 1.32304886 0.001)
(0 1.074773016 0.001)
(0 0.75 0.001)
(0 0.4252269837 0.001)
(0 0.1769511401 0.001)
(1.478827102 1.360795251 0)
(1.024218844 1.350835154 0)
(1.972525502 0.1360723758 0)
(1.352531563 0.1300831114 0)
(0.8532810888 0.1472651739 0)
(2.131321444 1.362954726 0)
(2.437774945 0.1428691541 0)
(0.5488690976 1.334593285 0)
(0.5652751198 0.1276791322 0)
(2.447369055 1.364500767 0)
(1.815788563 1.36325941 0)
(1.654995413 0.132554321 0)
(0.2440900951 0.6052742029 0)
(2.757922422 0.8963979518 0)
(0.1745186907 1.214355995 0)
(2.828965179 0.282348628 0)
(2.76800722 1.352553914 0)
(0.231710986 0.147303766 0)
(0.2814370788 0.8562695788 0)
(0.4672664432 0.724808958 0)
(0.4907365553 0.9442727056 0)
(0.656851553 0.8298585107 0)
(0.6457497841 0.6168345672 0)
(0.8186629759 0.7198284603 0)
(0.8329806294 0.909921376 0)
(0.9844136277 0.8076007128 0)
(0.9757747081 0.6226582277 0)
(1.132947767 0.7109828747 0)
(1.143927208 0.8904824571 0)
(1.288587284 0.7945511787 0)
(1.278870704 0.6199522728 0)
(1.431432251 0.7028421824 0)
(1.437969828 0.8738540121 0)
(1.579636672 0.7830170311 0)
(1.573297456 0.6142962618 0)
(1.720977176 0.6916838519 0)
(1.728919458 0.8616928 0)
(1.873549547 0.7664098213 0)
(1.881609078 0.9391860239 0)
(2.033907774 0.8446089663 0)
(2.02402441 0.6627938447 0)
(2.191763361 0.744102313 0)
(2.195144469 0.926651983 0)
(1.713143226 0.5253191633 0)
(2.177969495 0.5543840803 0)
(2.354504052 0.6443656487 0)
(1.568064033 0.4487805539 0)
(1.737069715 1.030979736 0)
(2.002045189 0.4521270429 0)
(2.160751169 0.3672476519 0)
(1.890103168 1.110279102 0)
(1.720669048 0.3675531843 0)
(2.715660172 0.6347048945 0)
(1.738845252 1.213042596 0)
(1.597378525 1.120017795 0)
(1.575239561 0.2763596206 0)
(1.424935315 0.3727719321 0)
(0.4643132439 0.5055622536 0)
(0.6597410903 0.4168087701 0)
(0.8156724501 0.5238858273 0)
(0.9771454007 0.4439111227 0)
(0.8333174051 0.3349481749 0)
(0.9835382298 0.271207206 0)
(1.128500682 0.3626410746 0)
(1.122711342 0.1939216407 0)
(0.2727868705 0.3614178782 0)
(0.687181332 0.2379459679 0)
(1.126861129 0.5344775643 0)
(1.27378896 0.4495643853 0)
(2.552736273 0.77546798 0)
(2.517963976 0.9904262128 0)
(2.72567389 1.138620686 0)
(1.587326117 0.9513510047 0)
(1.444411966 1.039657185 0)
(1.454386571 1.202857977 0)
(1.308109088 1.131039841 0)
(1.32342394 1.283041392 0)
(1.172903574 1.221423873 0)
(0.9977514929 0.9867342968 0)
(0.8525903429 1.091450415 0)
(0.6804800657 1.018125891 0)
(0.7013398307 1.201155087 0)
(0.8612911767 1.261001987 0)
(1.010650305 1.161604244 0)
(2.33187732 0.4507231549 0)
(2.516226511 0.5291065195 0)
(1.425064787 0.5347012647 0)
(1.154987522 1.060129111 0)
(2.289430916 1.36662532 0)
(2.228792298 1.232455882 0)
(2.047137295 1.203087293 0)
(1.973683121 1.36325928 0)
(2.146832055 0.1716061031 0)
(1.65789403 1.363259759 0)
(1.815112528 0.1297865588 0)
(1.877507411 0.2896447774 0)
(1.500636575 0.1299734089 0)
(2.036719891 1.017582234 0)
(1.27787002 0.2664282079 0)
(2.28947381 0.1367411434 0)
(1.296332149 0.9649522974 0)
(2.504151094 0.3146174369 0)
(0.5009470976 0.3127524022 0)
(1.839170381 0.4440069378 0)
(1.861476705 0.6016185482 0)
(2.612982562 1.344458468 0)
(2.506144347 1.199723687 0)
(2.355592556 1.12074364 0)
(0.3933653056 0.1581921964 0)
(0.5272407129 1.135511433 0)
(0.3818386325 1.255491183 0)
(2.358827334 0.8297314192 0)
(1.205179184 1.377627121 0)
(0.7334956721 1.365743114 0)
(2.599970788 0.1411527231 0)
(2.754612859 0.1323283956 0)
(0.2560939512 1.373703045 0)
(0.3365235356 1.072829799 0)
(2.038667302 0.2765465545 0)
(1.002432773 0.1224788041 0)
(2.657469035 0.3984820589 0)
(2.86760599 1.239612465 0)
(0.1321649766 0.2598127361 0)
(1.89311148 1.250585536 0)
(1.580644037 1.253834188 0)
(2.304180987 0.2775561594 0)
(1.426242607 0.2351232562 0)
(2.192500524 1.079442635 0)
(0.8684215471 1.397708329 0)
(1.736841098 0.23661088 0)
(0.3948709299 1.390829331 0)
(2.366310283 1.2546959 0)
(1.221569361 0.1151719105 0)
(1.34210587 1.410462307 0)
(2.809704781 0.4685707757 0)
(0.158495861 0.993645678 0)
(0.1117880125 0.1177796902 0)
(2.888211987 1.38222031 0)
(2.885136802 0.1183256327 0)
(0.7068346146 0.09847636893 0)
(0.1177013343 1.38222158 0)
(2.684211694 0.2526893321 0)
(2.331749434 0.9802722455 0)
(1.478827102 1.360795251 0.001)
(1.024218844 1.350835154 0.001)
(1.972525502 0.1360723758 0.001)
(1.352531563 0.1300831114 0.001)
(0.8532810888 0.1472651739 0.001)
(2.131321444 1.362954726 0.001)
(2.437774945 0.1428691541 0.001)
(0.5488690976 1.334593285 0.001)
(0.5652751198 0.1276791322 0.001)
(2.447369055 1.364500767 0.001)
(1.815788563 1.36325941 0.001)
(1.654995413 0.132554321 0.001)
(0.2440900951 0.6052742029 0.001)
(2.757922422 0.8963979518 0.001)
(0.1745186907 1.214355995 0.001)
(2.828965179 0.282348628 0.001)
(2.76800722 1.352553914 0.001)
(0.231710986 0.147303766 0.001)
(0.2814370788 0.8562695788 0.001)
(0.4672664432 0.724808958 0.001)
(0.4907365553 0.9442727056 0.001)
(0.656851553 0.8298585107 0.001)
(0.6457497841 0.6168345672 0.001)
(0.8186629759 0.7198284603 0.001)
(0.8329806294 0.909921376 0.001)
(0.9844136277 0.8076007128 0.001)
(0.9757747081 0.6226582277 0.001)
(1.132947767 0.7109828747 0.001)
(1.143927208 0.8904824571 0.001)
(1.288587284 0.7945511787 0.001)
(1.278870704 0.6199522728 0.001)
(1.431432251 0.7028421824 0.001)
(1.437969828 0.8738540121 0.001)
(1.579636672 0.7830170311 0.001)
(1.573297456 0.6142962618 0.001)
(1.720977176 0.6916838519 0.001)
(1.728919458 0.8616928 0.001)
(1.873549547 0.7664098213 0.001)
(1.881609078 0.9391860239 0.001)
(2.033907774 0.8446089663 0.001)
(2.02402441 0.6627938447 0.001)
(2.191763361 0.744102313 0.001)
(2.195144469 0.926651983 0.001)
(1.713143226 0.5253191633 0.001)
(2.177969495 0.5543840803 0.001)
(2.354504052 0.6443656487 0.001)
(1.568064033 0.4487805539 0.001)
(1.737069715 1.030979736 0.001)
(2.002045189 0.4521270429 0.001)
(2.160751169 0.3672476519 0.001)
(1.890103168 1.110279102 0.001)
(1.720669048 0.3675531843 0.001)
(2.715660172 0.6347048945 0.001)
(1.738845252 1.213042596 0.001)
(1.597378525 1.120017795 0.001)
(1.575239561 0.2763596206 0.001)
(1.424935315 0.3727719321 0.001)
(0.4643132439 0.5055622536 0.001)
(0.6597410903 0.4168087701 0.001)
(0.8156724501 0.5238858273 0.001)
(0.9771454007 0.4439111227 0.001)
(0.8333174051 0.3349481749 0.001)
(0.9835382298 0.271207206 0.001)
(1.128500682 0.3626410746 0.001)
(1.122711342 0.1939216407 0.001)
(0.2727868705 0.3614178782 0.001)
(0.687181332 0.2379459679 0.001)
(1.126861129 0.5344775643 0.001)
(1.27378896 0.4495643853 0.001)
(2.552736273 0.77546798 0.001)
(2.517963976 0.9904262128 0.001)
(2.72567389 1.138620686 0.001)
(1.587326117 0.9513510047 0.001)
(1.444411966 1.039657185 0.001)
(1.454386571 1.202857977 0.001)
(1.308109088 1.131039841 0.001)
(1.32342394 1.283041392 0.001)
(1.172903574 1.221423873 0.001)
(0.9977514929 0.9867342968 0.001)
(0.8525903429 1.091450415 0.001)
(0.6804800657 1.018125891 0.001)
(0.7013398307 1.201155087 0.001)
(0.8612911767 1.261001987 0.001)
(1.010650305 1.161604244 0.001)
(2.33187732 0.4507231549 0.001)
(2.516226511 0.5291065195 0.001)
(1.425064787 0.5347012647 0.001)
(1.154987522 1.060129111 0.001)
(2.289430916 1.36662532 0.001)
(2.228792298 1.232455882 0.001)
(2.047137295 1.203087293 0.001)
(1.973683121 1.36325928 0.001)
(2.146832055 0.1716061031 0.001)
(1.65789403 1.363259759 0.001)
(1.815112528 0.1297865588 0.001)
(1.877507411 0.2896447774 0.001)
(1.500636575 0.1299734089 0.001)
(2.036719891 1.017582234 0.001)
(1.27787002 0.2664282079 0.001)
(2.28947381 0.1367411434 0.001)
(1.296332149 0.9649522974 0.001)
(2.504151094 0.3146174369 0.001)
(0.5009470976 0.3127524022 0.001)
(1.839170381 0.4440069378 0.001)
(1.861476705 0.6016185482 0.001)
(2.612982562 1.344458468 0.001)
(2.506144347 1.199723687 0.001)
(2.355592556 1.12074364 0.001)
(0.3933653056 0.1581921964 0.001)
(0.5272407129 1.135511433 0.001)
(0.3818386325 1.255491183 0.001)
(2.358827334 0.8297314192 0.001)
(1.205179184 1.377627121 0.001)
(0.7334956721 1.365743114 0.001)
(2.599970788 0.1411527231 0.001)
(2.754612859 0.1323283956 0.001)
(0.2560939512 1.373703045 0.001)
(0.3365235356 1.072829799 0.001)
(2.038667302 0.2765465545 0.001)
(1.002432773 0.1224788041 0.001)
(2.657469035 0.3984820589 0.001)
(2.86760599 1.239612465 0.001)
(0.1321649766 0.2598127361 0.001)
(1.89311148 1.250585536 0.001)
(1.580644037 1.253834188 0.001)
(2.304180987 0.2775561594 0.001)
(1.426242607 0.2351232562 0.001)
(2.192500524 1.079442635 0.001)
(0.8684215471 1.397708329 0.001)
(1.736841098 0.23661088 0.001)
(0.3948709299 1.390829331 0.001)
(2.366310283 1.2546959 0.001)
(1.221569361 0.1151719105 0.001)
(1.34210587 1.410462307 0.001)
(2.809704781 0.4685707757 0.001)
(0.158495861 0.993645678 0.001)
(0.1117880125 0.1177796902 0.001)
(2.888211987 1.38222031 0.001)
(2.885136802 0.1183256327 0.001)
(0.7068346146 0.09847636893 0.001)
(0.1177013343 1.38222158 0.001)
(2.684211694 0.2526893321 0.001)
(2.331749434 0.9802722455 0.001)
)


// ************************************************************************* //
